  -0.801603E-001   0.100000E+001   0.688238E-001   0.112306E+000
   0.000000E+000   0.100000E+001   0.620262E-001  -0.216511E-001
   0.801603E-001   0.100000E+001   0.624984E-001   0.525499E-002
   0.160321E+000   0.100000E+001   0.606451E-001   0.318293E-001
   0.240481E+000   0.100000E+001   0.565380E-001   0.568101E-001
   0.320641E+000   0.100000E+001   0.506490E-001   0.790529E-001
   0.400802E+000   0.100000E+001   0.434186E-001   0.979484E-001
   0.480962E+000   0.100000E+001   0.354095E-001   0.113065E+000
   0.561122E+000   0.100000E+001   0.270974E-001   0.124326E+000
   0.641283E+000   0.100000E+001   0.188646E-001   0.131848E+000
   0.721443E+000   0.100000E+001   0.109931E-001   0.135872E+000
   0.801603E+000   0.100000E+001   0.366869E-002   0.136707E+000
   0.881764E+000   0.100000E+001  -0.300129E-002   0.134689E+000
   0.961924E+000   0.100000E+001  -0.896905E-002   0.130150E+000
   0.104208E+001   0.100000E+001  -0.142298E-001   0.123411E+000
   0.112224E+001   0.100000E+001  -0.188073E-001   0.114767E+000
   0.120240E+001   0.100000E+001  -0.227431E-001   0.104488E+000
   0.128257E+001   0.100000E+001  -0.260885E-001   0.928169E-001
   0.136273E+001   0.100000E+001  -0.288988E-001   0.799708E-001
   0.144289E+001   0.100000E+001  -0.312307E-001   0.661436E-001
   0.152305E+001   0.100000E+001  -0.331395E-001   0.515118E-001
   0.160321E+001   0.100000E+001  -0.346758E-001   0.362390E-001
   0.168337E+001   0.100000E+001  -0.358802E-001   0.204797E-001
   0.176353E+001   0.100000E+001  -0.367792E-001   0.437922E-002
   0.184369E+001   0.100000E+001  -0.373837E-001  -0.119291E-001
   0.192385E+001   0.100000E+001  -0.376926E-001  -0.283257E-001
   0.200401E+001   0.100000E+001  -0.376977E-001  -0.447035E-001
   0.208417E+001   0.100000E+001  -0.373878E-001  -0.609628E-001
   0.216433E+001   0.100000E+001  -0.367505E-001  -0.770042E-001
   0.224449E+001   0.100000E+001  -0.357722E-001  -0.927216E-001
   0.232465E+001   0.100000E+001  -0.344359E-001  -0.107995E+000
   0.240481E+001   0.100000E+001  -0.327179E-001  -0.122685E+000
   0.248497E+001   0.100000E+001  -0.305839E-001  -0.136635E+000
   0.256513E+001   0.100000E+001  -0.279881E-001  -0.149672E+000
   0.264529E+001   0.100000E+001  -0.248763E-001  -0.161605E+000
   0.272545E+001   0.100000E+001  -0.211917E-001  -0.172229E+000
   0.280561E+001   0.100000E+001  -0.168811E-001  -0.181315E+000
   0.288577E+001   0.100000E+001  -0.119005E-001  -0.188612E+000
   0.296593E+001   0.100000E+001  -0.622248E-002  -0.193838E+000
   0.304609E+001   0.100000E+001   0.156461E-003  -0.196683E+000
   0.312625E+001   0.100000E+001   0.720425E-002  -0.196814E+000
   0.320641E+001   0.100000E+001   0.148391E-001  -0.193890E+000
   0.328657E+001   0.100000E+001   0.229122E-001  -0.187584E+000
   0.336673E+001   0.100000E+001   0.311893E-001  -0.177620E+000
   0.344689E+001   0.100000E+001   0.393360E-001  -0.163826E+000
   0.352705E+001   0.100000E+001   0.469143E-001  -0.146201E+000
   0.360721E+001   0.100000E+001   0.534030E-001  -0.124989E+000
   0.368737E+001   0.100000E+001   0.582561E-001  -0.100753E+000
   0.376754E+001   0.100000E+001   0.609974E-001  -0.744049E-001
   0.384770E+001   0.100000E+001   0.613300E-001  -0.471482E-001
   0.392786E+001   0.100000E+001   0.592135E-001  -0.203366E-001
   0.400802E+001   0.100000E+001   0.548733E-001   0.473405E-002
   0.408818E+001   0.100000E+001   0.487380E-001   0.270128E-001
   0.416834E+001   0.100000E+001   0.413379E-001   0.457985E-001
   0.424850E+001   0.100000E+001   0.332081E-001   0.607444E-001
   0.432866E+001   0.100000E+001   0.248216E-001   0.717942E-001
   0.440882E+001   0.100000E+001   0.165564E-001   0.790927E-001
   0.448898E+001   0.100000E+001   0.868796E-002   0.829035E-001
   0.456914E+001   0.100000E+001   0.139787E-002   0.835486E-001
   0.464930E+001   0.100000E+001  -0.521054E-002   0.813685E-001
   0.472946E+001   0.100000E+001  -0.110947E-001   0.767001E-001
   0.480962E+001   0.100000E+001  -0.162560E-001   0.698647E-001
   0.488978E+001   0.100000E+001  -0.207258E-001   0.611624E-001
   0.496994E+001   0.100000E+001  -0.245529E-001   0.508699E-001
   0.505010E+001   0.100000E+001  -0.277941E-001   0.392389E-001
   0.513026E+001   0.100000E+001  -0.305065E-001   0.264958E-001
   0.521042E+001   0.100000E+001  -0.327427E-001   0.128409E-001
   0.529058E+001   0.100000E+001  -0.345486E-001  -0.155132E-002
   0.537074E+001   0.100000E+001  -0.359635E-001  -0.165298E-001
   0.545090E+001   0.100000E+001  -0.370218E-001  -0.319624E-001
   0.553106E+001   0.100000E+001  -0.377529E-001  -0.477306E-001
   0.561122E+001   0.100000E+001  -0.381801E-001  -0.637235E-001
   0.569138E+001   0.100000E+001  -0.383196E-001  -0.798341E-001
   0.577154E+001   0.100000E+001  -0.381791E-001  -0.959561E-001
   0.585170E+001   0.100000E+001  -0.377560E-001  -0.111983E+000
   0.593186E+001   0.100000E+001  -0.370365E-001  -0.127805E+000
   0.601202E+001   0.100000E+001  -0.359975E-001  -0.143311E+000
   0.609218E+001   0.100000E+001  -0.346086E-001  -0.158383E+000
   0.617234E+001   0.100000E+001  -0.328343E-001  -0.172891E+000
   0.625251E+001   0.100000E+001  -0.306337E-001  -0.186687E+000
   0.633267E+001   0.100000E+001  -0.279605E-001  -0.199600E+000
   0.641283E+001   0.100000E+001  -0.247663E-001  -0.211433E+000
   0.649299E+001   0.100000E+001  -0.210007E-001  -0.221957E+000
   0.657315E+001   0.100000E+001  -0.166145E-001  -0.230914E+000
   0.665331E+001   0.100000E+001  -0.115581E-001  -0.238017E+000
   0.673347E+001   0.100000E+001  -0.579875E-002  -0.242951E+000
   0.681363E+001   0.100000E+001   0.658790E-003  -0.245383E+000
   0.689379E+001   0.100000E+001   0.778665E-002  -0.244978E+000
   0.697395E+001   0.100000E+001   0.154837E-001  -0.241402E+000
   0.705411E+001   0.100000E+001   0.235586E-001  -0.234344E+000
   0.713427E+001   0.100000E+001   0.317482E-001  -0.223564E+000
   0.721443E+001   0.100000E+001   0.396835E-001  -0.208942E+000
   0.729459E+001   0.100000E+001   0.468817E-001  -0.190547E+000
   0.737475E+001   0.100000E+001   0.528594E-001  -0.168737E+000
   0.745491E+001   0.100000E+001   0.571666E-001  -0.144199E+000
   0.753507E+001   0.100000E+001   0.594384E-001  -0.117914E+000
   0.761523E+001   0.100000E+001   0.595128E-001  -0.910495E-001
   0.769539E+001   0.100000E+001   0.573464E-001  -0.648104E-001
   0.777555E+001   0.100000E+001   0.530849E-001  -0.403168E-001
   0.785571E+001   0.100000E+001   0.471367E-001  -0.184943E-001
   0.793587E+001   0.100000E+001   0.399935E-001   0.350041E-004
   0.801603E+001   0.100000E+001   0.321088E-001   0.149660E-001
   0.809619E+001   0.100000E+001   0.239451E-001   0.262340E-001
   0.817635E+001   0.100000E+001   0.158574E-001   0.339459E-001
   0.825651E+001   0.100000E+001   0.810583E-002   0.383099E-001
   0.833667E+001   0.100000E+001   0.872642E-003   0.395856E-001
   0.841683E+001   0.100000E+001  -0.575214E-002   0.380634E-001
   0.849699E+001   0.100000E+001  -0.117242E-001   0.340443E-001
   0.857715E+001   0.100000E+001  -0.170340E-001   0.278250E-001
   0.865731E+001   0.100000E+001  -0.216835E-001   0.196874E-001
   0.873747E+001   0.100000E+001  -0.256929E-001   0.989338E-002
   0.881764E+001   0.100000E+001  -0.291065E-001  -0.131563E-002
   0.889780E+001   0.100000E+001  -0.319837E-001  -0.137180E-001
   0.897796E+001   0.100000E+001  -0.343741E-001  -0.271116E-001
   0.905812E+001   0.100000E+001  -0.363086E-001  -0.413104E-001
   0.913828E+001   0.100000E+001  -0.378017E-001  -0.561383E-001
   0.921844E+001   0.100000E+001  -0.388613E-001  -0.714221E-001
   0.929860E+001   0.100000E+001  -0.394822E-001  -0.869865E-001
   0.937876E+001   0.100000E+001  -0.396653E-001  -0.102649E+000
   0.945892E+001   0.100000E+001  -0.394334E-001  -0.118224E+000
   0.953908E+001   0.100000E+001  -0.388345E-001  -0.133525E+000
   0.961924E+001   0.100000E+001  -0.379255E-001  -0.148386E+000
   0.969940E+001   0.100000E+001  -0.367517E-001  -0.162666E+000
   0.977956E+001   0.100000E+001  -0.353504E-001  -0.176254E+000
   0.985972E+001   0.100000E+001  -0.337164E-001  -0.189059E+000
   0.993988E+001   0.100000E+001  -0.318111E-001  -0.201000E+000
   0.100200E+002   0.100000E+001  -0.295813E-001  -0.211979E+000
   0.101002E+002   0.100000E+001  -0.269528E-001  -0.221874E+000
   0.101804E+002   0.100000E+001  -0.238679E-001  -0.230526E+000
   0.102605E+002   0.100000E+001  -0.202873E-001  -0.237741E+000
   0.103407E+002   0.100000E+001  -0.161705E-001  -0.243297E+000
   0.104208E+002   0.100000E+001  -0.114841E-001  -0.246951E+000
   0.105010E+002   0.100000E+001  -0.622662E-002  -0.248448E+000
   0.105812E+002   0.100000E+001  -0.431257E-003  -0.247529E+000
   0.106613E+002   0.100000E+001   0.586349E-002  -0.243936E+000
   0.107415E+002   0.100000E+001   0.126171E-001  -0.237420E+000
   0.108216E+002   0.100000E+001   0.197312E-001  -0.227745E+000
   0.109018E+002   0.100000E+001   0.270704E-001  -0.214705E+000
   0.109820E+002   0.100000E+001   0.344641E-001  -0.198155E+000
   0.110621E+002   0.100000E+001   0.416122E-001  -0.178056E+000
   0.111423E+002   0.100000E+001   0.480664E-001  -0.154549E+000
   0.112224E+002   0.100000E+001   0.532640E-001  -0.128033E+000
   0.113026E+002   0.100000E+001   0.566014E-001  -0.992297E-001
   0.113828E+002   0.100000E+001   0.575712E-001  -0.691952E-001
   0.114629E+002   0.100000E+001   0.559682E-001  -0.392481E-001
   0.115431E+002   0.100000E+001   0.519613E-001  -0.108030E-001
   0.116232E+002   0.100000E+001   0.459887E-001   0.148543E-001
   0.117034E+002   0.100000E+001   0.385908E-001   0.367745E-001
   0.117836E+002   0.100000E+001   0.303777E-001   0.544535E-001
   0.118637E+002   0.100000E+001   0.218582E-001   0.678245E-001
   0.119439E+002   0.100000E+001   0.134086E-001   0.771414E-001
   0.120240E+002   0.100000E+001   0.532793E-002   0.828189E-001
   0.121042E+002   0.100000E+001  -0.215025E-002   0.853047E-001
   0.121844E+002   0.100000E+001  -0.889370E-002   0.850156E-001
   0.122645E+002   0.100000E+001  -0.148141E-001   0.823242E-001
   0.123447E+002   0.100000E+001  -0.198779E-001   0.775782E-001
   0.124248E+002   0.100000E+001  -0.240974E-001   0.711121E-001
   0.125050E+002   0.100000E+001  -0.275714E-001   0.632482E-001
   0.125852E+002   0.100000E+001  -0.304008E-001   0.542761E-001
   0.126653E+002   0.100000E+001  -0.326727E-001   0.444366E-001
   0.127455E+002   0.100000E+001  -0.344685E-001   0.339190E-001
   0.128257E+002   0.100000E+001  -0.358559E-001   0.228675E-001
   0.129058E+002   0.100000E+001  -0.368864E-001   0.113974E-001
   0.129860E+002   0.100000E+001  -0.376056E-001  -0.390737E-003
   0.130661E+002   0.100000E+001  -0.380495E-001  -0.124028E-001
   0.131463E+002   0.100000E+001  -0.382472E-001  -0.245481E-001
   0.132265E+002   0.100000E+001  -0.382182E-001  -0.367410E-001
   0.133066E+002   0.100000E+001  -0.379848E-001  -0.488999E-001
   0.133868E+002   0.100000E+001  -0.375513E-001  -0.609458E-001
   0.134669E+002   0.100000E+001  -0.368926E-001  -0.727956E-001
   0.135471E+002   0.100000E+001  -0.359769E-001  -0.843527E-001
   0.136273E+002   0.100000E+001  -0.347757E-001  -0.955013E-001
   0.137074E+002   0.100000E+001  -0.332695E-001  -0.106105E+000
   0.137876E+002   0.100000E+001  -0.314328E-001  -0.116015E+000
   0.138677E+002   0.100000E+001  -0.292465E-001  -0.125075E+000
   0.139479E+002   0.100000E+001  -0.266780E-001  -0.133126E+000
   0.140281E+002   0.100000E+001  -0.236700E-001  -0.140006E+000
   0.141082E+002   0.100000E+001  -0.201705E-001  -0.145543E+000
   0.141884E+002   0.100000E+001  -0.161287E-001  -0.149540E+000
   0.142685E+002   0.100000E+001  -0.114999E-001  -0.151775E+000
   0.143487E+002   0.100000E+001  -0.624886E-002  -0.151996E+000
   0.144289E+002   0.100000E+001  -0.339830E-003  -0.149926E+000
   0.145090E+002   0.100000E+001   0.618810E-002  -0.145270E+000
   0.145892E+002   0.100000E+001   0.132917E-001  -0.137736E+000
   0.146693E+002   0.100000E+001   0.208529E-001  -0.127059E+000
   0.147495E+002   0.100000E+001   0.285877E-001  -0.113042E+000
   0.148297E+002   0.100000E+001   0.361149E-001  -0.956231E-001
   0.149098E+002   0.100000E+001   0.429417E-001  -0.749371E-001
   0.149900E+002   0.100000E+001   0.485451E-001  -0.513825E-001
   0.150701E+002   0.100000E+001   0.524123E-001  -0.256458E-001
   0.151503E+002   0.100000E+001   0.540923E-001   0.132161E-002
   0.152305E+002   0.100000E+001   0.533259E-001   0.283796E-001
   0.153106E+002   0.100000E+001   0.501226E-001   0.543303E-001
   0.153908E+002   0.100000E+001   0.447942E-001   0.780733E-001
   0.154709E+002   0.100000E+001   0.379229E-001   0.987474E-001
   0.155511E+002   0.100000E+001   0.301033E-001   0.115829E+000
   0.156313E+002   0.100000E+001   0.219104E-001   0.129134E+000
   0.157114E+002   0.100000E+001   0.137723E-001   0.138758E+000
   0.157916E+002   0.100000E+001   0.600894E-002   0.144970E+000
   0.158717E+002   0.100000E+001  -0.113877E-002   0.148116E+000
   0.159519E+002   0.100000E+001  -0.751739E-002   0.148562E+000
   0.160321E+002   0.100000E+001  -0.131014E-001   0.146665E+000
   0.161122E+002   0.100000E+001  -0.179306E-001   0.142762E+000
   0.161924E+002   0.100000E+001  -0.220998E-001   0.137158E+000
   0.162725E+002   0.100000E+001  -0.256648E-001   0.130118E+000
   0.163527E+002   0.100000E+001  -0.286741E-001   0.121867E+000
   0.164329E+002   0.100000E+001  -0.311516E-001   0.112593E+000
   0.165130E+002   0.100000E+001  -0.331524E-001   0.102468E+000
   0.165932E+002   0.100000E+001  -0.347634E-001   0.916501E-001
   0.166733E+002   0.100000E+001  -0.360782E-001   0.802878E-001
   0.167535E+002   0.100000E+001  -0.371378E-001   0.685112E-001
   0.168337E+002   0.100000E+001  -0.379201E-001   0.564350E-001
   0.169138E+002   0.100000E+001  -0.383650E-001   0.441682E-001
   0.169940E+002   0.100000E+001  -0.384474E-001   0.318279E-001
   0.170741E+002   0.100000E+001  -0.382429E-001   0.195437E-001
   0.171543E+002   0.100000E+001  -0.378639E-001   0.744300E-002
   0.172345E+002   0.100000E+001  -0.373484E-001  -0.437193E-002
   0.173146E+002   0.100000E+001  -0.366584E-001  -0.158308E-001
   0.173948E+002   0.100000E+001  -0.357059E-001  -0.268832E-001
   0.174749E+002   0.100000E+001  -0.343853E-001  -0.374710E-001
   0.175551E+002   0.100000E+001  -0.326490E-001  -0.475002E-001
   0.176353E+002   0.100000E+001  -0.305435E-001  -0.568321E-001
   0.177154E+002   0.100000E+001  -0.281487E-001  -0.653019E-001
   0.177956E+002   0.100000E+001  -0.254804E-001  -0.727514E-001
   0.178758E+002   0.100000E+001  -0.224704E-001  -0.790505E-001
   0.179559E+002   0.100000E+001  -0.190167E-001  -0.840972E-001
   0.180361E+002   0.100000E+001  -0.150083E-001  -0.878002E-001
   0.181162E+002   0.100000E+001  -0.104005E-001  -0.900501E-001
   0.181964E+002   0.100000E+001  -0.519150E-002  -0.907049E-001
   0.182766E+002   0.100000E+001   0.573196E-003  -0.895871E-001
   0.183567E+002   0.100000E+001   0.683653E-002  -0.864953E-001
   0.184369E+002   0.100000E+001   0.135746E-001  -0.812239E-001
   0.185170E+002   0.100000E+001   0.207216E-001  -0.735794E-001
   0.185972E+002   0.100000E+001   0.280372E-001  -0.634014E-001
   0.186774E+002   0.100000E+001   0.351675E-001  -0.506032E-001
   0.187575E+002   0.100000E+001   0.416970E-001  -0.352159E-001
   0.188377E+002   0.100000E+001   0.471818E-001  -0.174329E-001
   0.189178E+002   0.100000E+001   0.510949E-001   0.236572E-002
   0.189980E+002   0.100000E+001   0.529538E-001   0.236000E-001
   0.190782E+002   0.100000E+001   0.524515E-001   0.455062E-001
   0.191583E+002   0.100000E+001   0.495047E-001   0.671932E-001
   0.192385E+002   0.100000E+001   0.443356E-001   0.877257E-001
   0.193186E+002   0.100000E+001   0.374460E-001   0.106229E+000
   0.193988E+002   0.100000E+001   0.294593E-001   0.121990E+000
   0.194790E+002   0.100000E+001   0.210141E-001   0.134523E+000
   0.195591E+002   0.100000E+001   0.126715E-001   0.143599E+000
   0.196393E+002   0.100000E+001   0.488603E-002   0.149222E+000
   0.197194E+002   0.100000E+001  -0.206006E-002   0.151591E+000
   0.197996E+002   0.100000E+001  -0.811034E-002   0.151044E+000
   0.198798E+002   0.100000E+001  -0.133305E-001   0.147985E+000
   0.199599E+002   0.100000E+001  -0.178226E-001   0.142830E+000
   0.200401E+002   0.100000E+001  -0.216361E-001   0.135959E+000
   0.201202E+002   0.100000E+001  -0.247849E-001   0.127706E+000
   0.202004E+002   0.100000E+001  -0.273006E-001   0.118359E+000
   0.202806E+002   0.100000E+001  -0.292565E-001   0.108163E+000
   0.203607E+002   0.100000E+001  -0.307525E-001   0.973213E-001
   0.204409E+002   0.100000E+001  -0.318966E-001   0.859955E-001
   0.205210E+002   0.100000E+001  -0.327855E-001   0.742989E-001
   0.206012E+002   0.100000E+001  -0.335067E-001   0.623019E-001
   0.206814E+002   0.100000E+001  -0.341260E-001   0.500385E-001
   0.207615E+002   0.100000E+001  -0.346826E-001   0.375185E-001
   0.208417E+002   0.100000E+001  -0.351855E-001   0.247423E-001
   0.209218E+002   0.100000E+001  -0.356076E-001   0.117165E-001
   0.210020E+002   0.100000E+001  -0.358896E-001  -0.153206E-002
   0.210822E+002   0.100000E+001  -0.359580E-001  -0.149433E-001
   0.211623E+002   0.100000E+001  -0.357203E-001  -0.284179E-001
   0.212425E+002   0.100000E+001  -0.350928E-001  -0.418135E-001
   0.213226E+002   0.100000E+001  -0.340018E-001  -0.549471E-001
   0.214028E+002   0.100000E+001  -0.323755E-001  -0.676020E-001
   0.214830E+002   0.100000E+001  -0.301741E-001  -0.795321E-001
   0.215631E+002   0.100000E+001  -0.273455E-001  -0.904721E-001
   0.216433E+002   0.100000E+001  -0.238672E-001  -0.100140E+000
   0.217234E+002   0.100000E+001  -0.197297E-001  -0.108241E+000
   0.218036E+002   0.100000E+001  -0.149347E-001  -0.114479E+000
   0.218838E+002   0.100000E+001  -0.952856E-002  -0.118557E+000
   0.219639E+002   0.100000E+001  -0.357008E-002  -0.120193E+000
   0.220441E+002   0.100000E+001   0.284852E-002  -0.119132E+000
   0.221242E+002   0.100000E+001   0.958698E-002  -0.115159E+000
   0.222044E+002   0.100000E+001   0.164828E-001  -0.108124E+000
   0.222846E+002   0.100000E+001   0.232997E-001  -0.979553E-001
   0.223647E+002   0.100000E+001   0.297554E-001  -0.846879E-001
   0.224449E+002   0.100000E+001   0.355808E-001  -0.685002E-001
   0.225251E+002   0.100000E+001   0.404570E-001  -0.497262E-001
   0.226052E+002   0.100000E+001   0.441200E-001  -0.288708E-001
   0.226854E+002   0.100000E+001   0.463686E-001  -0.659442E-002
   0.227655E+002   0.100000E+001   0.470543E-001   0.163358E-001
   0.228457E+002   0.100000E+001   0.461407E-001   0.391109E-001
   0.229259E+002   0.100000E+001   0.437292E-001   0.609509E-001
   0.230060E+002   0.100000E+001   0.400027E-001   0.811828E-001
   0.230862E+002   0.100000E+001   0.352169E-001   0.992872E-001
   0.231663E+002   0.100000E+001   0.296567E-001   0.114888E+000
   0.232465E+002   0.100000E+001   0.235463E-001   0.127718E+000
   0.233267E+002   0.100000E+001   0.170868E-001   0.137611E+000
   0.234068E+002   0.100000E+001   0.105081E-001   0.144508E+000
   0.234870E+002   0.100000E+001   0.403479E-002   0.148457E+000
   0.235671E+002   0.100000E+001  -0.215399E-002   0.149596E+000
   0.236473E+002   0.100000E+001  -0.792321E-002   0.148124E+000
   0.237275E+002   0.100000E+001  -0.131710E-001   0.144279E+000
   0.238076E+002   0.100000E+001  -0.178303E-001   0.138326E+000
   0.238878E+002   0.100000E+001  -0.218719E-001   0.130543E+000
   0.239679E+002   0.100000E+001  -0.253013E-001   0.121205E+000
   0.240481E+002   0.100000E+001  -0.281497E-001   0.110566E+000
   0.241283E+002   0.100000E+001  -0.304614E-001   0.988603E-001
   0.242084E+002   0.100000E+001  -0.322803E-001   0.862949E-001
   0.242886E+002   0.100000E+001  -0.336437E-001   0.730609E-001
   0.243687E+002   0.100000E+001  -0.345839E-001   0.593380E-001
   0.244489E+002   0.100000E+001  -0.351332E-001   0.452959E-001
   0.245291E+002   0.100000E+001  -0.353249E-001   0.310922E-001
   0.246092E+002   0.100000E+001  -0.351928E-001   0.168707E-001
   0.246894E+002   0.100000E+001  -0.347681E-001   0.276089E-002
   0.247695E+002   0.100000E+001  -0.340779E-001  -0.111208E-001
   0.248497E+002   0.100000E+001  -0.331448E-001  -0.246698E-001
   0.249299E+002   0.100000E+001  -0.319856E-001  -0.377928E-001
   0.250100E+002   0.100000E+001  -0.306074E-001  -0.504059E-001
   0.250902E+002   0.100000E+001  -0.290019E-001  -0.624303E-001
   0.251703E+002   0.100000E+001  -0.271400E-001  -0.737821E-001
   0.252505E+002   0.100000E+001  -0.249716E-001  -0.843609E-001
   0.253307E+002   0.100000E+001  -0.224313E-001  -0.940386E-001
   0.254108E+002   0.100000E+001  -0.194474E-001  -0.102653E+000
   0.254910E+002   0.100000E+001  -0.159513E-001  -0.110007E+000
   0.255711E+002   0.100000E+001  -0.118854E-001  -0.115871E+000
   0.256513E+002   0.100000E+001  -0.720981E-002  -0.119985E+000
   0.257315E+002   0.100000E+001  -0.191032E-002  -0.122071E+000
   0.258116E+002   0.100000E+001   0.399159E-002  -0.121830E+000
   0.258918E+002   0.100000E+001   0.104270E-001  -0.118965E+000
   0.259719E+002   0.100000E+001   0.172682E-001  -0.113196E+000
   0.260521E+002   0.100000E+001   0.243173E-001  -0.104284E+000
   0.261323E+002   0.100000E+001   0.312956E-001  -0.920732E-001
   0.262124E+002   0.100000E+001   0.378345E-001  -0.765440E-001
   0.262926E+002   0.100000E+001   0.434856E-001  -0.578850E-001
   0.263727E+002   0.100000E+001   0.477655E-001  -0.365693E-001
   0.264529E+002   0.100000E+001   0.502467E-001  -0.133891E-001
   0.265331E+002   0.100000E+001   0.506653E-001   0.105979E-001
   0.266132E+002   0.100000E+001   0.489959E-001   0.342190E-001
   0.266934E+002   0.100000E+001   0.454520E-001   0.563796E-001
   0.267735E+002   0.100000E+001   0.404181E-001   0.762170E-001
   0.268537E+002   0.100000E+001   0.343535E-001   0.931683E-001
   0.269339E+002   0.100000E+001   0.277090E-001   0.106958E+000
   0.270140E+002   0.100000E+001   0.208695E-001   0.117537E+000
   0.270942E+002   0.100000E+001   0.141300E-001   0.125010E+000
   0.271743E+002   0.100000E+001   0.769768E-002   0.129571E+000
   0.272545E+002   0.100000E+001   0.170860E-002   0.131458E+000
   0.273347E+002   0.100000E+001  -0.375448E-002   0.130933E+000
   0.274148E+002   0.100000E+001  -0.865042E-002   0.128260E+000
   0.274950E+002   0.100000E+001  -0.129719E-001   0.123701E+000
   0.275752E+002   0.100000E+001  -0.167391E-001   0.117505E+000
   0.276553E+002   0.100000E+001  -0.199920E-001   0.109898E+000
   0.277355E+002   0.100000E+001  -0.227832E-001   0.101081E+000
   0.278156E+002   0.100000E+001  -0.251693E-001   0.912268E-001
   0.278958E+002   0.100000E+001  -0.272029E-001   0.804830E-001
   0.279760E+002   0.100000E+001  -0.289273E-001   0.689740E-001
   0.280561E+002   0.100000E+001  -0.303713E-001   0.568087E-001
   0.281363E+002   0.100000E+001  -0.315484E-001   0.440887E-001
   0.282164E+002   0.100000E+001  -0.324566E-001   0.309151E-001
   0.282966E+002   0.100000E+001  -0.330822E-001   0.173959E-001
   0.283768E+002   0.100000E+001  -0.334033E-001   0.364902E-002
   0.284569E+002   0.100000E+001  -0.333952E-001  -0.101952E-001
   0.285371E+002   0.100000E+001  -0.330330E-001  -0.239956E-001
   0.286172E+002   0.100000E+001  -0.322940E-001  -0.376022E-001
   0.286974E+002   0.100000E+001  -0.311575E-001  -0.508580E-001
   0.287776E+002   0.100000E+001  -0.296039E-001  -0.636010E-001
   0.288577E+002   0.100000E+001  -0.276134E-001  -0.756635E-001
   0.289379E+002   0.100000E+001  -0.251659E-001  -0.868714E-001
   0.290180E+002   0.100000E+001  -0.222422E-001  -0.970422E-001
   0.290982E+002   0.100000E+001  -0.188265E-001  -0.105984E+000
   0.291784E+002   0.100000E+001  -0.149112E-001  -0.113496E+000
   0.292585E+002   0.100000E+001  -0.105024E-001  -0.119368E+000
   0.293387E+002   0.100000E+001  -0.562733E-002  -0.123386E+000
   0.294188E+002   0.100000E+001  -0.342380E-003  -0.125340E+000
   0.294990E+002   0.100000E+001   0.525696E-002  -0.125032E+000
   0.295792E+002   0.100000E+001   0.110263E-001  -0.122299E+000
   0.296593E+002   0.100000E+001   0.167647E-001  -0.117036E+000
   0.297395E+002   0.100000E+001   0.222124E-001  -0.109236E+000
   0.298196E+002   0.100000E+001   0.270602E-001  -0.990290E-001
   0.298998E+002   0.100000E+001   0.309761E-001  -0.867252E-001
   0.299800E+002   0.100000E+001   0.336525E-001  -0.728362E-001
   0.300601E+002   0.100000E+001   0.348681E-001  -0.580566E-001
   0.301403E+002   0.100000E+001   0.345476E-001  -0.431917E-001
   0.302204E+002   0.100000E+001   0.327915E-001  -0.290401E-001
   0.303006E+002   0.100000E+001   0.298596E-001  -0.162705E-001
   0.303808E+002   0.100000E+001   0.261103E-001  -0.533739E-002
   0.304609E+002   0.100000E+001   0.219254E-001   0.354111E-002
   0.305411E+002   0.100000E+001   0.176479E-001   0.103512E-001
   0.306212E+002   0.100000E+001   0.135469E-001   0.152268E-001
   0.307014E+002   0.100000E+001   0.980907E-002   0.183912E-001
   0.307816E+002   0.100000E+001   0.654518E-002   0.201105E-001
   0.308617E+002   0.100000E+001   0.380426E-002   0.206601E-001
   0.309419E+002   0.100000E+001   0.158946E-002   0.203040E-001
   0.310220E+002   0.100000E+001  -0.127556E-003   0.192821E-001
   0.311022E+002   0.100000E+001  -0.139484E-002   0.178037E-001
   0.311824E+002   0.100000E+001  -0.227110E-002   0.160455E-001
   0.312625E+002   0.100000E+001  -0.281904E-002   0.141515E-001
   0.313427E+002   0.100000E+001  -0.310066E-002   0.122347E-001
   0.314228E+002   0.100000E+001  -0.317414E-002   0.103800E-001
   0.315030E+002   0.100000E+001  -0.309184E-002   0.864765E-002
   0.315832E+002   0.100000E+001  -0.289934E-002   0.707674E-002
   0.316633E+002   0.100000E+001  -0.263511E-002   0.568919E-002
   0.317435E+002   0.100000E+001  -0.233070E-002   0.449312E-002
   0.318236E+002   0.100000E+001  -0.201135E-002   0.348592E-002
   0.319038E+002   0.100000E+001  -0.169652E-002   0.265704E-002
   0.319840E+002   0.100000E+001  -0.140048E-002   0.199031E-002
   0.320641E+002   0.100000E+001  -0.113285E-002   0.146601E-002
   0.321443E+002   0.100000E+001  -0.899086E-003   0.106275E-002
   0.322244E+002   0.100000E+001  -0.701099E-003   0.759146E-003
   0.323046E+002   0.100000E+001  -0.538014E-003   0.535139E-003
   0.323848E+002   0.100000E+001  -0.406991E-003   0.372901E-003
   0.324649E+002   0.100000E+001  -0.304036E-003   0.257346E-003
   0.325451E+002   0.100000E+001  -0.224692E-003   0.176232E-003
   0.326253E+002   0.100000E+001  -0.164563E-003   0.119994E-003
   0.327054E+002   0.100000E+001  -0.119638E-003   0.813901E-004
   0.327856E+002   0.100000E+001  -0.864688E-004   0.550934E-004
   0.328657E+002   0.100000E+001  -0.622131E-004   0.372763E-004
   0.329459E+002   0.100000E+001  -0.446112E-004   0.252434E-004
   0.330261E+002   0.100000E+001  -0.319129E-004   0.171270E-004
   0.331062E+002   0.100000E+001  -0.227921E-004   0.116503E-004
   0.331864E+002   0.100000E+001  -0.162615E-004   0.794818E-005
   0.332665E+002   0.100000E+001  -0.115953E-004   0.543886E-005
   0.333467E+002   0.100000E+001  -0.826551E-005   0.373240E-005
   0.334269E+002   0.100000E+001  -0.589118E-005   0.256780E-005
   0.335070E+002   0.100000E+001  -0.419868E-005   0.177024E-005
   0.335872E+002   0.100000E+001  -0.299230E-005   0.122231E-005
   0.336673E+002   0.100000E+001  -0.213239E-005   0.844874E-006
   0.337475E+002   0.100000E+001  -0.151938E-005   0.584323E-006
   0.338277E+002   0.100000E+001  -0.108237E-005   0.404184E-006
   0.339078E+002   0.100000E+001  -0.770825E-006   0.279518E-006
   0.339880E+002   0.100000E+001  -0.548750E-006   0.193204E-006
   0.340681E+002   0.100000E+001  -0.390484E-006   0.133441E-006
   0.341483E+002   0.100000E+001  -0.277726E-006   0.920779E-007
   0.342285E+002   0.100000E+001  -0.197421E-006   0.634680E-007
   0.343086E+002   0.100000E+001  -0.140256E-006   0.436968E-007
   0.343888E+002   0.100000E+001  -0.995836E-007   0.300481E-007
   0.344689E+002   0.100000E+001  -0.706624E-007   0.206369E-007
   0.345491E+002   0.100000E+001  -0.501095E-007   0.141556E-007
   0.346293E+002   0.100000E+001  -0.355126E-007   0.969789E-008
   0.347094E+002   0.100000E+001  -0.251524E-007   0.663585E-008
   0.347896E+002   0.100000E+001  -0.178039E-007   0.453524E-008
   0.348697E+002   0.100000E+001  -0.125949E-007   0.309601E-008
   0.349499E+002   0.100000E+001  -0.890476E-008   0.211115E-008
   0.350301E+002   0.100000E+001  -0.629227E-008   0.143802E-008
   0.351102E+002   0.100000E+001  -0.444381E-008   0.978494E-009
   0.351904E+002   0.100000E+001  -0.313671E-008   0.665137E-009
   0.352705E+002   0.100000E+001  -0.221295E-008   0.451688E-009
   0.353507E+002   0.100000E+001  -0.156045E-008   0.306445E-009
   0.354309E+002   0.100000E+001  -0.109981E-008   0.207713E-009
   0.355110E+002   0.100000E+001  -0.774786E-009   0.140663E-009
   0.355912E+002   0.100000E+001  -0.545562E-009   0.951728E-010
   0.356713E+002   0.100000E+001  -0.383980E-009   0.643374E-010
   0.357515E+002   0.100000E+001  -0.270134E-009   0.434548E-010
   0.358317E+002   0.100000E+001  -0.189958E-009   0.293250E-010
   0.359118E+002   0.100000E+001  -0.133520E-009   0.197727E-010
   0.359920E+002   0.100000E+001  -0.938094E-010   0.133204E-010
   0.360721E+002   0.100000E+001  -0.658804E-010   0.896580E-011
   0.361523E+002   0.100000E+001  -0.462461E-010   0.602946E-011
   0.362325E+002   0.100000E+001  -0.324491E-010   0.405114E-011
   0.363126E+002   0.100000E+001  -0.227580E-010   0.271943E-011
   0.363928E+002   0.100000E+001  -0.159539E-010   0.182377E-011
   0.364729E+002   0.100000E+001  -0.111788E-010   0.122191E-011
   0.365531E+002   0.100000E+001  -0.782918E-011   0.817850E-012
   0.366333E+002   0.100000E+001  -0.548051E-011   0.546834E-012
   0.367134E+002   0.100000E+001  -0.383444E-011   0.365231E-012
   0.367936E+002   0.100000E+001  -0.268134E-011   0.243662E-012
   0.368737E+002   0.100000E+001  -0.187395E-011   0.162365E-012
   0.369539E+002   0.100000E+001  -0.130891E-011   0.108058E-012
   0.370341E+002   0.100000E+001  -0.913689E-012   0.718216E-013
   0.371142E+002   0.100000E+001  -0.637389E-012   0.476708E-013
   0.371944E+002   0.100000E+001  -0.444340E-012   0.315949E-013
   0.372745E+002   0.100000E+001  -0.309536E-012   0.209078E-013
   0.373547E+002   0.100000E+001  -0.215464E-012   0.138130E-013
   0.374349E+002   0.100000E+001  -0.149859E-012   0.910979E-014
   0.375150E+002   0.100000E+001  -0.104139E-012   0.599680E-014
   0.375952E+002   0.100000E+001  -0.722998E-013   0.393972E-014
   0.376754E+002   0.100000E+001  -0.501449E-013   0.258276E-014
   0.377555E+002   0.100000E+001  -0.347415E-013   0.168931E-014
   0.378357E+002   0.100000E+001  -0.240418E-013   0.110221E-014
   0.379158E+002   0.100000E+001  -0.166165E-013   0.717239E-015
   0.379960E+002   0.100000E+001  -0.114688E-013   0.465388E-015
   0.380762E+002   0.100000E+001  -0.790418E-014   0.301031E-015
   0.381563E+002   0.100000E+001  -0.543867E-014   0.194058E-015
   0.382365E+002   0.100000E+001  -0.373560E-014   0.124636E-015
   0.383166E+002   0.100000E+001  -0.256085E-014   0.797248E-016
   0.383968E+002   0.100000E+001  -0.175176E-014   0.507694E-016
   0.384770E+002   0.100000E+001  -0.119546E-014   0.321713E-016
   0.385571E+002   0.100000E+001  -0.813669E-015   0.202747E-016
   0.386373E+002   0.100000E+001  -0.552173E-015   0.126995E-016
   0.387174E+002   0.100000E+001  -0.373470E-015   0.790026E-017
   0.387976E+002   0.100000E+001  -0.251653E-015   0.487673E-017
   0.388778E+002   0.100000E+001  -0.168843E-015   0.298391E-017
   0.389579E+002   0.100000E+001  -0.112726E-015   0.180738E-017
   0.390381E+002   0.100000E+001  -0.748336E-016   0.108201E-017
   0.391182E+002   0.100000E+001  -0.493506E-016   0.638966E-018
   0.391984E+002   0.100000E+001  -0.322935E-016   0.371287E-018
   0.392786E+002   0.100000E+001  -0.209391E-016   0.211621E-018
   0.393587E+002   0.100000E+001  -0.134300E-016   0.117828E-018
   0.394389E+002   0.100000E+001  -0.850255E-017   0.637404E-019
   0.395190E+002   0.100000E+001  -0.529956E-017   0.332507E-019
   0.395992E+002   0.100000E+001  -0.324062E-017   0.165428E-019
   0.396794E+002   0.100000E+001  -0.193336E-017   0.770774E-020
   0.397595E+002   0.100000E+001  -0.111213E-017   0.324699E-020
   0.398397E+002   0.100000E+001  -0.595602E-018   0.113638E-020
   0.399198E+002   0.100000E+001  -0.255985E-018   0.237810E-021
   0.400000E+002   0.100000E+001  -0.000000E+000   0.000000E+000
   0.400802E+002   0.100000E+001  -0.119251E-017   0.185271E-021

