  -0.801603E-001   0.100000E+001   0.895763E-002   0.686454E-001
   0.000000E+000   0.100000E+001   0.207954E-001   0.261179E-001
   0.801603E-001   0.100000E+001   0.182627E-001   0.341071E-001
   0.160321E+000   0.100000E+001   0.153603E-001   0.407348E-001
   0.240481E+000   0.100000E+001   0.122345E-001   0.459037E-001
   0.320641E+000   0.100000E+001   0.908595E-002   0.496050E-001
   0.400802E+000   0.100000E+001   0.600662E-002   0.519196E-001
   0.480962E+000   0.100000E+001   0.310370E-002   0.529473E-001
   0.561122E+000   0.100000E+001   0.433208E-003   0.528141E-001
   0.641283E+000   0.100000E+001  -0.197534E-002   0.516503E-001
   0.721443E+000   0.100000E+001  -0.411104E-002   0.495831E-001
   0.801603E+000   0.100000E+001  -0.597853E-002   0.467335E-001
   0.881764E+000   0.100000E+001  -0.759217E-002   0.432143E-001
   0.961924E+000   0.100000E+001  -0.897228E-002   0.391296E-001
   0.104208E+001   0.100000E+001  -0.101428E-001   0.345766E-001
   0.112224E+001   0.100000E+001  -0.111293E-001   0.296468E-001
   0.120240E+001   0.100000E+001  -0.119570E-001   0.244287E-001
   0.128257E+001   0.100000E+001  -0.126484E-001   0.190104E-001
   0.136273E+001   0.100000E+001  -0.132200E-001   0.134803E-001
   0.144289E+001   0.100000E+001  -0.136782E-001   0.792544E-002
   0.152305E+001   0.100000E+001  -0.140173E-001   0.242792E-002
   0.160321E+001   0.100000E+001  -0.142199E-001  -0.294161E-002
   0.168337E+001   0.100000E+001  -0.142611E-001  -0.812892E-002
   0.176353E+001   0.100000E+001  -0.141157E-001  -0.130986E-001
   0.184369E+001   0.100000E+001  -0.137658E-001  -0.178322E-001
   0.192385E+001   0.100000E+001  -0.132074E-001  -0.223229E-001
   0.200401E+001   0.100000E+001  -0.124537E-001  -0.265688E-001
   0.208417E+001   0.100000E+001  -0.115329E-001  -0.305698E-001
   0.216433E+001   0.100000E+001  -0.104768E-001  -0.343260E-001
   0.224449E+001   0.100000E+001  -0.929850E-002  -0.378336E-001
   0.232465E+001   0.100000E+001  -0.797021E-002  -0.410658E-001
   0.240481E+001   0.100000E+001  -0.642079E-002  -0.439438E-001
   0.248497E+001   0.100000E+001  -0.456651E-002  -0.463129E-001
   0.256513E+001   0.100000E+001  -0.236593E-002  -0.479496E-001
   0.264529E+001   0.100000E+001   0.131884E-003  -0.486070E-001
   0.272545E+001   0.100000E+001   0.277466E-002  -0.480863E-001
   0.280561E+001   0.100000E+001   0.533855E-002  -0.463039E-001
   0.288577E+001   0.100000E+001   0.759107E-002  -0.433281E-001
   0.296593E+001   0.100000E+001   0.935581E-002  -0.393668E-001
   0.304609E+001   0.100000E+001   0.105467E-001  -0.347143E-001
   0.312625E+001   0.100000E+001   0.111609E-001  -0.296860E-001
   0.320641E+001   0.100000E+001   0.112503E-001  -0.245702E-001
   0.328657E+001   0.100000E+001   0.108967E-001  -0.196045E-001
   0.336673E+001   0.100000E+001   0.101961E-001  -0.149701E-001
   0.344689E+001   0.100000E+001   0.924790E-002  -0.107933E-001
   0.352705E+001   0.100000E+001   0.814724E-002  -0.714864E-002
   0.360721E+001   0.100000E+001   0.697861E-002  -0.406566E-002
   0.368737E+001   0.100000E+001   0.581181E-002  -0.153793E-002
   0.376754E+001   0.100000E+001   0.469995E-002   0.467429E-003
   0.384770E+001   0.100000E+001   0.367962E-002   0.200068E-002
   0.392786E+001   0.100000E+001   0.277260E-002   0.312140E-002
   0.400802E+001   0.100000E+001   0.198840E-002   0.389206E-002
   0.408818E+001   0.100000E+001   0.132743E-002   0.437351E-002
   0.416834E+001   0.100000E+001   0.783828E-003   0.462213E-002
   0.424850E+001   0.100000E+001   0.347877E-003   0.468832E-002
   0.432866E+001   0.100000E+001   0.773297E-005   0.461589E-002
   0.440882E+001   0.100000E+001  -0.249283E-003   0.444206E-002
   0.448898E+001   0.100000E+001  -0.435796E-003   0.419769E-002
   0.456914E+001   0.100000E+001  -0.563783E-003   0.390788E-002
   0.464930E+001   0.100000E+001  -0.644204E-003   0.359258E-002
   0.472946E+001   0.100000E+001  -0.686812E-003   0.326725E-002
   0.480962E+001   0.100000E+001  -0.700090E-003   0.294357E-002
   0.488978E+001   0.100000E+001  -0.691263E-003   0.263005E-002
   0.496994E+001   0.100000E+001  -0.666366E-003   0.233261E-002
   0.505010E+001   0.100000E+001  -0.630343E-003   0.205509E-002
   0.513026E+001   0.100000E+001  -0.587169E-003   0.179970E-002
   0.521042E+001   0.100000E+001  -0.539975E-003   0.156740E-002
   0.529058E+001   0.100000E+001  -0.491172E-003   0.135820E-002
   0.537074E+001   0.100000E+001  -0.442566E-003   0.117145E-002
   0.545090E+001   0.100000E+001  -0.395465E-003   0.100603E-002
   0.553106E+001   0.100000E+001  -0.350775E-003   0.860492E-003
   0.561122E+001   0.100000E+001  -0.309079E-003   0.733253E-003
   0.569138E+001   0.100000E+001  -0.270712E-003   0.622635E-003
   0.577154E+001   0.100000E+001  -0.235817E-003   0.526959E-003
   0.585170E+001   0.100000E+001  -0.204394E-003   0.444599E-003
   0.593186E+001   0.100000E+001  -0.176344E-003   0.374009E-003
   0.601202E+001   0.100000E+001  -0.151495E-003   0.313752E-003
   0.609218E+001   0.100000E+001  -0.129633E-003   0.262509E-003
   0.617234E+001   0.100000E+001  -0.110515E-003   0.219084E-003
   0.625251E+001   0.100000E+001  -0.938910E-004   0.182407E-003
   0.633267E+001   0.100000E+001  -0.795079E-004   0.151523E-003
   0.641283E+001   0.100000E+001  -0.671220E-004   0.125595E-003
   0.649299E+001   0.100000E+001  -0.565016E-004   0.103888E-003
   0.657315E+001   0.100000E+001  -0.474313E-004   0.857606E-004
   0.665331E+001   0.100000E+001  -0.397137E-004   0.706613E-004
   0.673347E+001   0.100000E+001  -0.331696E-004   0.581136E-004
   0.681363E+001   0.100000E+001  -0.276388E-004   0.477098E-004
   0.689379E+001   0.100000E+001  -0.229785E-004   0.391021E-004
   0.697395E+001   0.100000E+001  -0.190631E-004   0.319950E-004
   0.705411E+001   0.100000E+001  -0.157824E-004   0.261385E-004
   0.713427E+001   0.100000E+001  -0.130406E-004   0.213215E-004
   0.721443E+001   0.100000E+001  -0.107549E-004   0.173667E-004
   0.729459E+001   0.100000E+001  -0.885370E-005   0.141253E-004
   0.737475E+001   0.100000E+001  -0.727593E-005   0.114732E-004
   0.745491E+001   0.100000E+001  -0.596931E-005   0.930663E-005
   0.753507E+001   0.100000E+001  -0.488943E-005   0.753948E-005
   0.761523E+001   0.100000E+001  -0.399867E-005   0.610026E-005
   0.769539E+001   0.100000E+001  -0.326528E-005   0.492980E-005
   0.777555E+001   0.100000E+001  -0.266253E-005   0.397923E-005
   0.785571E+001   0.100000E+001  -0.216799E-005   0.320829E-005
   0.793587E+001   0.100000E+001  -0.176292E-005   0.258385E-005
   0.801603E+001   0.100000E+001  -0.143164E-005   0.207870E-005
   0.809619E+001   0.100000E+001  -0.116113E-005   0.167055E-005
   0.817635E+001   0.100000E+001  -0.940573E-006   0.134118E-005
   0.825651E+001   0.100000E+001  -0.760996E-006   0.107567E-005
   0.833667E+001   0.100000E+001  -0.614987E-006   0.861894E-006
   0.841683E+001   0.100000E+001  -0.496430E-006   0.689949E-006
   0.849699E+001   0.100000E+001  -0.400288E-006   0.551799E-006
   0.857715E+001   0.100000E+001  -0.322420E-006   0.440915E-006
   0.865731E+001   0.100000E+001  -0.259430E-006   0.352005E-006
   0.873747E+001   0.100000E+001  -0.208534E-006   0.280783E-006
   0.881764E+001   0.100000E+001  -0.167457E-006   0.223785E-006
   0.889780E+001   0.100000E+001  -0.134343E-006   0.178211E-006
   0.897796E+001   0.100000E+001  -0.107676E-006   0.141806E-006
   0.905812E+001   0.100000E+001  -0.862228E-007   0.112749E-006
   0.913828E+001   0.100000E+001  -0.689825E-007   0.895785E-007
   0.921844E+001   0.100000E+001  -0.551414E-007   0.711162E-007
   0.929860E+001   0.100000E+001  -0.440399E-007   0.564179E-007
   0.937876E+001   0.100000E+001  -0.351442E-007   0.447254E-007
   0.945892E+001   0.100000E+001  -0.280226E-007   0.354314E-007
   0.953908E+001   0.100000E+001  -0.223264E-007   0.280494E-007
   0.961924E+001   0.100000E+001  -0.177742E-007   0.221905E-007
   0.969940E+001   0.100000E+001  -0.141394E-007   0.175439E-007
   0.977956E+001   0.100000E+001  -0.112396E-007   0.138613E-007
   0.985972E+001   0.100000E+001  -0.892795E-008   0.109448E-007
   0.993988E+001   0.100000E+001  -0.708670E-008   0.863655E-008
   0.100200E+002   0.100000E+001  -0.562125E-008   0.681098E-008
   0.101002E+002   0.100000E+001  -0.445579E-008   0.536808E-008
   0.101804E+002   0.100000E+001  -0.352959E-008   0.422838E-008
   0.102605E+002   0.100000E+001  -0.279408E-008   0.332873E-008
   0.103407E+002   0.100000E+001  -0.221041E-008   0.261901E-008
   0.104208E+002   0.100000E+001  -0.174756E-008   0.205946E-008
   0.105010E+002   0.100000E+001  -0.138077E-008   0.161858E-008
   0.105812E+002   0.100000E+001  -0.109030E-008   0.127140E-008
   0.106613E+002   0.100000E+001  -0.860426E-009   0.998161E-009
   0.107415E+002   0.100000E+001  -0.678616E-009   0.783239E-009
   0.108216E+002   0.100000E+001  -0.534914E-009   0.614280E-009
   0.109018E+002   0.100000E+001  -0.421404E-009   0.481527E-009
   0.109820E+002   0.100000E+001  -0.331796E-009   0.377277E-009
   0.110621E+002   0.100000E+001  -0.261100E-009   0.295454E-009
   0.111423E+002   0.100000E+001  -0.205356E-009   0.231267E-009
   0.112224E+002   0.100000E+001  -0.161429E-009   0.180939E-009
   0.113026E+002   0.100000E+001  -0.126831E-009   0.141497E-009
   0.113828E+002   0.100000E+001  -0.995983E-010   0.110603E-009
   0.114629E+002   0.100000E+001  -0.781733E-010   0.864159E-010
   0.115431E+002   0.100000E+001  -0.613268E-010   0.674881E-010
   0.116232E+002   0.100000E+001  -0.480873E-010   0.526831E-010
   0.117034E+002   0.100000E+001  -0.376880E-010   0.411084E-010
   0.117836E+002   0.100000E+001  -0.295237E-010   0.320631E-010
   0.118637E+002   0.100000E+001  -0.231173E-010   0.249977E-010
   0.119439E+002   0.100000E+001  -0.180928E-010   0.194812E-010
   0.120240E+002   0.100000E+001  -0.141539E-010   0.151760E-010
   0.121042E+002   0.100000E+001  -0.110677E-010   0.118175E-010
   0.121844E+002   0.100000E+001  -0.865062E-011   0.919861E-011
   0.122645E+002   0.100000E+001  -0.675850E-011   0.715733E-011
   0.123447E+002   0.100000E+001  -0.527800E-011   0.556691E-011
   0.124248E+002   0.100000E+001  -0.412009E-011   0.432826E-011
   0.125050E+002   0.100000E+001  -0.321489E-011   0.336396E-011
   0.125852E+002   0.100000E+001  -0.250754E-011   0.261354E-011
   0.126653E+002   0.100000E+001  -0.195504E-011   0.202979E-011
   0.127455E+002   0.100000E+001  -0.152368E-011   0.157586E-011
   0.128257E+002   0.100000E+001  -0.118703E-011   0.122301E-011
   0.129058E+002   0.100000E+001  -0.924401E-012   0.948834E-012
   0.129860E+002   0.100000E+001  -0.719608E-012   0.735872E-012
   0.130661E+002   0.100000E+001  -0.559976E-012   0.570514E-012
   0.131463E+002   0.100000E+001  -0.435595E-012   0.442166E-012
   0.132265E+002   0.100000E+001  -0.338717E-012   0.342579E-012
   0.133066E+002   0.100000E+001  -0.263291E-012   0.265334E-012
   0.133868E+002   0.100000E+001  -0.204588E-012   0.205440E-012
   0.134669E+002   0.100000E+001  -0.158917E-012   0.159015E-012
   0.135471E+002   0.100000E+001  -0.123399E-012   0.123043E-012
   0.136273E+002   0.100000E+001  -0.957870E-013   0.951782E-013
   0.137074E+002   0.100000E+001  -0.743281E-013   0.736012E-013
   0.137876E+002   0.100000E+001  -0.576573E-013   0.568984E-013
   0.138677E+002   0.100000E+001  -0.447108E-013   0.439728E-013
   0.139479E+002   0.100000E+001  -0.346601E-013   0.339734E-013
   0.140281E+002   0.100000E+001  -0.268601E-013   0.262402E-013
   0.141082E+002   0.100000E+001  -0.208088E-013   0.202613E-013
   0.141884E+002   0.100000E+001  -0.161157E-013   0.156402E-013
   0.142685E+002   0.100000E+001  -0.124772E-013   0.120697E-013
   0.143487E+002   0.100000E+001  -0.965723E-014   0.931162E-014
   0.144289E+002   0.100000E+001  -0.747232E-014   0.718181E-014
   0.145090E+002   0.100000E+001  -0.578001E-014   0.553762E-014
   0.145892E+002   0.100000E+001  -0.446964E-014   0.426869E-014
   0.146693E+002   0.100000E+001  -0.345532E-014   0.328964E-014
   0.147495E+002   0.100000E+001  -0.267042E-014   0.253446E-014
   0.148297E+002   0.100000E+001  -0.206322E-014   0.195213E-014
   0.149098E+002   0.100000E+001  -0.159363E-014   0.150320E-014
   0.149900E+002   0.100000E+001  -0.123058E-014   0.115722E-014
   0.150701E+002   0.100000E+001  -0.949966E-015   0.890637E-015
   0.151503E+002   0.100000E+001  -0.733143E-015   0.685293E-015
   0.152305E+002   0.100000E+001  -0.565654E-015   0.527160E-015
   0.153106E+002   0.100000E+001  -0.436312E-015   0.405416E-015
   0.153908E+002   0.100000E+001  -0.336455E-015   0.311712E-015
   0.154709E+002   0.100000E+001  -0.259383E-015   0.239606E-015
   0.155511E+002   0.100000E+001  -0.199914E-015   0.184136E-015
   0.156313E+002   0.100000E+001  -0.154040E-015   0.141474E-015
   0.157114E+002   0.100000E+001  -0.118662E-015   0.108670E-015
   0.157916E+002   0.100000E+001  -0.913863E-016   0.834530E-016
   0.158717E+002   0.100000E+001  -0.703625E-016   0.640727E-016
   0.159519E+002   0.100000E+001  -0.541618E-016   0.491818E-016
   0.160321E+002   0.100000E+001  -0.416810E-016   0.377430E-016
   0.161122E+002   0.100000E+001  -0.320684E-016   0.289581E-016
   0.161924E+002   0.100000E+001  -0.246668E-016   0.222129E-016
   0.162725E+002   0.100000E+001  -0.189689E-016   0.170351E-016
   0.163527E+002   0.100000E+001  -0.145838E-016   0.130614E-016
   0.164329E+002   0.100000E+001  -0.112098E-016   0.100124E-016
   0.165130E+002   0.100000E+001  -0.861434E-017   0.767350E-017
   0.165932E+002   0.100000E+001  -0.661831E-017   0.587970E-017
   0.166733E+002   0.100000E+001  -0.508362E-017   0.450427E-017
   0.167535E+002   0.100000E+001  -0.390392E-017   0.344987E-017
   0.168337E+002   0.100000E+001  -0.299731E-017   0.264174E-017
   0.169138E+002   0.100000E+001  -0.230073E-017   0.202249E-017
   0.169940E+002   0.100000E+001  -0.176565E-017   0.154808E-017
   0.170741E+002   0.100000E+001  -0.135471E-017   0.118471E-017
   0.171543E+002   0.100000E+001  -0.103919E-017   0.906452E-018
   0.172345E+002   0.100000E+001  -0.796991E-018   0.693408E-018
   0.173146E+002   0.100000E+001  -0.611107E-018   0.530330E-018
   0.173948E+002   0.100000E+001  -0.468478E-018   0.405525E-018
   0.174749E+002   0.100000E+001  -0.359063E-018   0.310031E-018
   0.175551E+002   0.100000E+001  -0.275146E-018   0.236977E-018
   0.176353E+002   0.100000E+001  -0.210797E-018   0.181103E-018
   0.177154E+002   0.100000E+001  -0.161465E-018   0.138376E-018
   0.177956E+002   0.100000E+001  -0.123653E-018   0.105709E-018
   0.178758E+002   0.100000E+001  -0.946765E-019   0.807390E-019
   0.179559E+002   0.100000E+001  -0.724760E-019   0.616556E-019
   0.180361E+002   0.100000E+001  -0.554702E-019   0.470740E-019
   0.181162E+002   0.100000E+001  -0.424464E-019   0.359344E-019
   0.181964E+002   0.100000E+001  -0.324741E-019   0.274258E-019
   0.182766E+002   0.100000E+001  -0.248399E-019   0.209281E-019
   0.183567E+002   0.100000E+001  -0.189968E-019   0.159669E-019
   0.184369E+002   0.100000E+001  -0.145253E-019   0.121797E-019
   0.185170E+002   0.100000E+001  -0.111043E-019   0.928905E-020
   0.185972E+002   0.100000E+001  -0.848740E-020   0.708323E-020
   0.186774E+002   0.100000E+001  -0.648601E-020   0.540026E-020
   0.187575E+002   0.100000E+001  -0.495565E-020   0.411645E-020
   0.188377E+002   0.100000E+001  -0.378568E-020   0.313730E-020
   0.189178E+002   0.100000E+001  -0.289140E-020   0.239064E-020
   0.189980E+002   0.100000E+001  -0.220797E-020   0.182137E-020
   0.190782E+002   0.100000E+001  -0.168578E-020   0.138742E-020
   0.191583E+002   0.100000E+001  -0.128686E-020   0.105668E-020
   0.192385E+002   0.100000E+001  -0.982170E-021   0.804653E-021
   0.193186E+002   0.100000E+001  -0.749488E-021   0.612633E-021
   0.193988E+002   0.100000E+001  -0.571829E-021   0.466359E-021
   0.194790E+002   0.100000E+001  -0.436208E-021   0.354952E-021
   0.195591E+002   0.100000E+001  -0.332695E-021   0.270114E-021
   0.196393E+002   0.100000E+001  -0.253702E-021   0.205520E-021
   0.197194E+002   0.100000E+001  -0.193432E-021   0.156348E-021
   0.197996E+002   0.100000E+001  -0.147455E-021   0.118921E-021
   0.198798E+002   0.100000E+001  -0.112387E-021   0.904394E-022
   0.199599E+002   0.100000E+001  -0.856454E-022   0.687682E-022
   0.200401E+002   0.100000E+001  -0.652557E-022   0.522816E-022
   0.201202E+002   0.100000E+001  -0.497120E-022   0.397413E-022
   0.202004E+002   0.100000E+001  -0.378646E-022   0.302042E-022
   0.202806E+002   0.100000E+001  -0.288360E-022   0.229523E-022
   0.203607E+002   0.100000E+001  -0.219567E-022   0.174388E-022
   0.204409E+002   0.100000E+001  -0.167159E-022   0.132477E-022
   0.205210E+002   0.100000E+001  -0.127240E-022   0.100624E-022
   0.206012E+002   0.100000E+001  -0.968381E-023   0.764176E-023
   0.206814E+002   0.100000E+001  -0.736890E-023   0.580258E-023
   0.207615E+002   0.100000E+001  -0.560648E-023   0.440538E-023
   0.208417E+002   0.100000E+001  -0.426492E-023   0.334411E-023
   0.209218E+002   0.100000E+001  -0.324388E-023   0.253813E-023
   0.210020E+002   0.100000E+001  -0.246690E-023   0.192612E-023
   0.210822E+002   0.100000E+001  -0.187573E-023   0.146147E-023
   0.211623E+002   0.100000E+001  -0.142602E-023   0.110874E-023
   0.212425E+002   0.100000E+001  -0.108396E-023   0.841027E-024
   0.213226E+002   0.100000E+001  -0.823829E-024   0.637861E-024
   0.214028E+002   0.100000E+001  -0.626030E-024   0.483704E-024
   0.214830E+002   0.100000E+001  -0.475652E-024   0.366751E-024
   0.215631E+002   0.100000E+001  -0.361342E-024   0.278036E-024
   0.216433E+002   0.100000E+001  -0.274463E-024   0.210750E-024
   0.217234E+002   0.100000E+001  -0.208443E-024   0.159726E-024
   0.218036E+002   0.100000E+001  -0.158280E-024   0.121038E-024
   0.218838E+002   0.100000E+001  -0.120171E-024   0.917075E-025
   0.219639E+002   0.100000E+001  -0.912251E-025   0.694750E-025
   0.220441E+002   0.100000E+001  -0.692413E-025   0.526250E-025
   0.221242E+002   0.100000E+001  -0.525478E-025   0.398562E-025
   0.222044E+002   0.100000E+001  -0.398733E-025   0.301814E-025
   0.222846E+002   0.100000E+001  -0.302516E-025   0.228520E-025
   0.223647E+002   0.100000E+001  -0.229484E-025   0.173001E-025
   0.224449E+002   0.100000E+001  -0.174059E-025   0.130953E-025
   0.225251E+002   0.100000E+001  -0.132002E-025   0.991110E-026
   0.226052E+002   0.100000E+001  -0.100093E-025   0.750016E-026
   0.226854E+002   0.100000E+001  -0.758869E-026   0.567493E-026
   0.227655E+002   0.100000E+001  -0.575268E-026   0.429331E-026
   0.228457E+002   0.100000E+001  -0.436028E-026   0.324762E-026
   0.229259E+002   0.100000E+001  -0.330445E-026   0.245630E-026
   0.230060E+002   0.100000E+001  -0.250395E-026   0.185755E-026
   0.230862E+002   0.100000E+001  -0.189711E-026   0.140456E-026
   0.231663E+002   0.100000E+001  -0.143715E-026   0.106190E-026
   0.232465E+002   0.100000E+001  -0.108856E-026   0.802735E-027
   0.233267E+002   0.100000E+001  -0.824413E-027   0.606739E-027
   0.234068E+002   0.100000E+001  -0.624281E-027   0.458538E-027
   0.234870E+002   0.100000E+001  -0.472669E-027   0.346491E-027
   0.235671E+002   0.100000E+001  -0.357831E-027   0.261790E-027
   0.236473E+002   0.100000E+001  -0.270857E-027   0.197769E-027
   0.237275E+002   0.100000E+001  -0.204997E-027   0.149385E-027
   0.238076E+002   0.100000E+001  -0.155130E-027   0.112823E-027
   0.238878E+002   0.100000E+001  -0.117379E-027   0.851992E-028
   0.239679E+002   0.100000E+001  -0.888026E-028   0.643305E-028
   0.240481E+002   0.100000E+001  -0.671748E-028   0.485672E-028
   0.241283E+002   0.100000E+001  -0.508078E-028   0.366618E-028
   0.242084E+002   0.100000E+001  -0.384238E-028   0.276713E-028
   0.242886E+002   0.100000E+001  -0.290545E-028   0.208828E-028
   0.243687E+002   0.100000E+001  -0.219670E-028   0.157578E-028
   0.244489E+002   0.100000E+001  -0.166064E-028   0.118890E-028
   0.245291E+002   0.100000E+001  -0.125523E-028   0.896897E-029
   0.246092E+002   0.100000E+001  -0.948670E-029   0.676525E-029
   0.246894E+002   0.100000E+001  -0.716892E-029   0.510236E-029
   0.247695E+002   0.100000E+001  -0.541673E-029   0.384772E-029
   0.248497E+002   0.100000E+001  -0.409230E-029   0.290123E-029
   0.249299E+002   0.100000E+001  -0.309131E-029   0.218729E-029
   0.250100E+002   0.100000E+001  -0.233487E-029   0.164883E-029
   0.250902E+002   0.100000E+001  -0.176332E-029   0.124278E-029
   0.251703E+002   0.100000E+001  -0.133151E-029   0.936602E-030
   0.252505E+002   0.100000E+001  -0.100532E-029   0.705771E-030
   0.253307E+002   0.100000E+001  -0.758944E-030   0.531763E-030
   0.254108E+002   0.100000E+001  -0.572878E-030   0.400607E-030
   0.254910E+002   0.100000E+001  -0.432376E-030   0.301763E-030
   0.255711E+002   0.100000E+001  -0.326293E-030   0.227279E-030
   0.256513E+002   0.100000E+001  -0.246207E-030   0.171159E-030
   0.257315E+002   0.100000E+001  -0.185755E-030   0.128880E-030
   0.258116E+002   0.100000E+001  -0.140129E-030   0.970325E-031
   0.258918E+002   0.100000E+001  -0.105697E-030   0.730460E-031
   0.259719E+002   0.100000E+001  -0.797156E-031   0.549822E-031
   0.260521E+002   0.100000E+001  -0.601136E-031   0.413803E-031
   0.261323E+002   0.100000E+001  -0.453261E-031   0.311395E-031
   0.262124E+002   0.100000E+001  -0.341722E-031   0.234303E-031
   0.262926E+002   0.100000E+001  -0.257599E-031   0.176274E-031
   0.263727E+002   0.100000E+001  -0.194161E-031   0.132601E-031
   0.264529E+002   0.100000E+001  -0.146329E-031   0.997357E-032
   0.265331E+002   0.100000E+001  -0.110267E-031   0.750070E-032
   0.266132E+002   0.100000E+001  -0.830820E-032   0.564026E-032
   0.266934E+002   0.100000E+001  -0.625917E-032   0.424075E-032
   0.267735E+002   0.100000E+001  -0.471493E-032   0.318811E-032
   0.268537E+002   0.100000E+001  -0.355125E-032   0.239645E-032
   0.269339E+002   0.100000E+001  -0.267446E-032   0.180116E-032
   0.270140E+002   0.100000E+001  -0.201390E-032   0.135357E-032
   0.270942E+002   0.100000E+001  -0.151631E-032   0.101708E-032
   0.271743E+002   0.100000E+001  -0.114152E-032   0.764143E-033
   0.272545E+002   0.100000E+001  -0.859267E-033   0.574033E-033
   0.273347E+002   0.100000E+001  -0.646722E-033   0.431162E-033
   0.274148E+002   0.100000E+001  -0.486690E-033   0.323805E-033
   0.274950E+002   0.100000E+001  -0.366210E-033   0.243142E-033
   0.275752E+002   0.100000E+001  -0.275518E-033   0.182545E-033
   0.276553E+002   0.100000E+001  -0.207257E-033   0.137027E-033
   0.277355E+002   0.100000E+001  -0.155886E-033   0.102841E-033
   0.278156E+002   0.100000E+001  -0.117230E-033   0.771699E-034
   0.278958E+002   0.100000E+001  -0.881462E-034   0.578951E-034
   0.279760E+002   0.100000E+001  -0.662672E-034   0.434256E-034
   0.280561E+002   0.100000E+001  -0.498105E-034   0.325651E-034
   0.281363E+002   0.100000E+001  -0.374340E-034   0.244151E-034
   0.282164E+002   0.100000E+001  -0.281276E-034   0.183002E-034
   0.282966E+002   0.100000E+001  -0.211308E-034   0.137132E-034
   0.283768E+002   0.100000E+001  -0.158713E-034   0.102731E-034
   0.284569E+002   0.100000E+001  -0.119184E-034   0.769372E-035
   0.285371E+002   0.100000E+001  -0.894803E-035   0.576019E-035
   0.286172E+002   0.100000E+001  -0.671643E-035   0.431118E-035
   0.286974E+002   0.100000E+001  -0.504017E-035   0.322557E-035
   0.287776E+002   0.100000E+001  -0.378132E-035   0.241246E-035
   0.288577E+002   0.100000E+001  -0.283614E-035   0.180364E-035
   0.289379E+002   0.100000E+001  -0.212664E-035   0.134793E-035
   0.290180E+002   0.100000E+001  -0.159418E-035   0.100694E-035
   0.290982E+002   0.100000E+001  -0.119468E-035   0.751888E-036
   0.291784E+002   0.100000E+001  -0.895013E-036   0.561184E-036
   0.292585E+002   0.100000E+001  -0.670298E-036   0.418650E-036
   0.293387E+002   0.100000E+001  -0.501835E-036   0.312164E-036
   0.294188E+002   0.100000E+001  -0.375579E-036   0.232645E-036
   0.294990E+002   0.100000E+001  -0.280986E-036   0.173289E-036
   0.295792E+002   0.100000E+001  -0.210138E-036   0.129005E-036
   0.296593E+002   0.100000E+001  -0.157092E-036   0.959833E-037
   0.297395E+002   0.100000E+001  -0.117389E-036   0.713715E-037
   0.298196E+002   0.100000E+001  -0.876832E-037   0.530380E-037
   0.298998E+002   0.100000E+001  -0.654663E-037   0.393888E-037
   0.299800E+002   0.100000E+001  -0.488567E-037   0.292329E-037
   0.300601E+002   0.100000E+001  -0.364442E-037   0.216809E-037
   0.301403E+002   0.100000E+001  -0.271722E-037   0.160686E-037
   0.302204E+002   0.100000E+001  -0.202492E-037   0.119006E-037
   0.303006E+002   0.100000E+001  -0.150824E-037   0.880717E-038
   0.303808E+002   0.100000E+001  -0.112280E-037   0.651290E-038
   0.304609E+002   0.100000E+001  -0.835418E-038   0.481252E-038
   0.305411E+002   0.100000E+001  -0.621247E-038   0.355324E-038
   0.306212E+002   0.100000E+001  -0.461720E-038   0.262132E-038
   0.307014E+002   0.100000E+001  -0.342958E-038   0.193219E-038
   0.307816E+002   0.100000E+001  -0.254593E-038   0.142301E-038
   0.308617E+002   0.100000E+001  -0.188880E-038   0.104710E-038
   0.309419E+002   0.100000E+001  -0.140041E-038   0.769797E-039
   0.310220E+002   0.100000E+001  -0.103765E-038   0.565418E-039
   0.311022E+002   0.100000E+001  -0.768360E-039   0.414914E-039
   0.311824E+002   0.100000E+001  -0.568581E-039   0.304184E-039
   0.312625E+002   0.100000E+001  -0.420463E-039   0.222790E-039
   0.313427E+002   0.100000E+001  -0.310719E-039   0.163016E-039
   0.314228E+002   0.100000E+001  -0.229459E-039   0.119161E-039
   0.315030E+002   0.100000E+001  -0.169331E-039   0.870154E-040
   0.315832E+002   0.100000E+001  -0.124870E-039   0.634768E-040
   0.316633E+002   0.100000E+001  -0.920166E-040   0.462576E-040
   0.317435E+002   0.100000E+001  -0.677571E-040   0.336739E-040
   0.318236E+002   0.100000E+001  -0.498565E-040   0.244874E-040
   0.319038E+002   0.100000E+001  -0.366575E-040   0.177879E-040
   0.319840E+002   0.100000E+001  -0.269324E-040   0.129073E-040
   0.320641E+002   0.100000E+001  -0.197722E-040   0.935547E-041
   0.321443E+002   0.100000E+001  -0.145045E-040   0.677355E-041
   0.322244E+002   0.100000E+001  -0.106319E-040   0.489870E-041
   0.323046E+002   0.100000E+001  -0.778721E-041   0.353880E-041
   0.323848E+002   0.100000E+001  -0.569916E-041   0.255351E-041
   0.324649E+002   0.100000E+001  -0.416772E-041   0.184044E-041
   0.325451E+002   0.100000E+001  -0.304538E-041   0.132497E-041
   0.326253E+002   0.100000E+001  -0.222351E-041   0.952774E-042
   0.327054E+002   0.100000E+001  -0.162215E-041   0.684334E-042
   0.327856E+002   0.100000E+001  -0.118249E-041   0.490953E-042
   0.328657E+002   0.100000E+001  -0.861309E-042   0.351806E-042
   0.329459E+002   0.100000E+001  -0.626863E-042   0.251800E-042
   0.330261E+002   0.100000E+001  -0.455869E-042   0.180010E-042
   0.331062E+002   0.100000E+001  -0.331255E-042   0.128537E-042
   0.331864E+002   0.100000E+001  -0.240514E-042   0.916737E-043
   0.332665E+002   0.100000E+001  -0.174492E-042   0.653055E-043
   0.333467E+002   0.100000E+001  -0.126493E-042   0.464667E-043
   0.334269E+002   0.100000E+001  -0.916259E-043   0.330233E-043
   0.335070E+002   0.100000E+001  -0.663180E-043   0.234417E-043
   0.335872E+002   0.100000E+001  -0.479632E-043   0.166206E-043
   0.336673E+002   0.100000E+001  -0.346617E-043   0.117704E-043
   0.337475E+002   0.100000E+001  -0.250299E-043   0.832591E-044
   0.338277E+002   0.100000E+001  -0.180609E-043   0.588252E-044
   0.339078E+002   0.100000E+001  -0.130225E-043   0.415136E-044
   0.339880E+002   0.100000E+001  -0.938263E-044   0.292627E-044
   0.340681E+002   0.100000E+001  -0.675514E-044   0.206033E-044
   0.341483E+002   0.100000E+001  -0.485990E-044   0.144897E-044
   0.342285E+002   0.100000E+001  -0.349386E-044   0.101785E-044
   0.343086E+002   0.100000E+001  -0.250999E-044   0.714196E-045
   0.343888E+002   0.100000E+001  -0.180191E-044   0.500561E-045
   0.344689E+002   0.100000E+001  -0.129267E-044   0.350434E-045
   0.345491E+002   0.100000E+001  -0.926707E-045   0.245058E-045
   0.346293E+002   0.100000E+001  -0.663896E-045   0.171177E-045
   0.347094E+002   0.100000E+001  -0.475295E-045   0.119436E-045
   0.347896E+002   0.100000E+001  -0.340044E-045   0.832430E-046
   0.348697E+002   0.100000E+001  -0.243120E-045   0.579533E-046
   0.349499E+002   0.100000E+001  -0.173708E-045   0.403023E-046
   0.350301E+002   0.100000E+001  -0.124033E-045   0.279965E-046
   0.351102E+002   0.100000E+001  -0.885069E-046   0.194268E-046
   0.351904E+002   0.100000E+001  -0.631160E-046   0.134655E-046
   0.352705E+002   0.100000E+001  -0.449808E-046   0.932326E-047
   0.353507E+002   0.100000E+001  -0.320363E-046   0.644816E-047
   0.354309E+002   0.100000E+001  -0.228028E-046   0.445478E-047
   0.355110E+002   0.100000E+001  -0.162205E-046   0.307424E-047
   0.355912E+002   0.100000E+001  -0.115311E-046   0.211918E-047
   0.356713E+002   0.100000E+001  -0.819243E-047   0.145919E-047
   0.357515E+002   0.100000E+001  -0.581683E-047   0.100363E-047
   0.358317E+002   0.100000E+001  -0.412756E-047   0.689507E-048
   0.359118E+002   0.100000E+001  -0.292708E-047   0.473161E-048
   0.359920E+002   0.100000E+001  -0.207446E-047   0.324322E-048
   0.360721E+002   0.100000E+001  -0.146929E-047   0.222042E-048
   0.361523E+002   0.100000E+001  -0.104001E-047   0.151837E-048
   0.362325E+002   0.100000E+001  -0.735689E-048   0.103703E-048
   0.363126E+002   0.100000E+001  -0.520084E-048   0.707408E-049
   0.363928E+002   0.100000E+001  -0.367427E-048   0.481949E-049
   0.364729E+002   0.100000E+001  -0.259407E-048   0.327923E-049
   0.365531E+002   0.100000E+001  -0.183021E-048   0.222827E-049
   0.366333E+002   0.100000E+001  -0.129040E-048   0.151207E-049
   0.367134E+002   0.100000E+001  -0.909163E-049   0.102463E-049
   0.367936E+002   0.100000E+001  -0.640098E-049   0.693326E-050
   0.368737E+002   0.100000E+001  -0.450328E-049   0.468443E-050
   0.369539E+002   0.100000E+001  -0.316576E-049   0.316012E-050
   0.370341E+002   0.100000E+001  -0.222374E-049   0.212839E-050
   0.371142E+002   0.100000E+001  -0.156075E-049   0.143110E-050
   0.371944E+002   0.100000E+001  -0.109448E-049   0.960565E-051
   0.372745E+002   0.100000E+001  -0.766827E-050   0.643560E-051
   0.373547E+002   0.100000E+001  -0.536760E-050   0.430345E-051
   0.374349E+002   0.100000E+001  -0.375349E-050   0.287188E-051
   0.375150E+002   0.100000E+001  -0.262206E-050   0.191245E-051
   0.375952E+002   0.100000E+001  -0.182968E-050   0.127068E-051
   0.376754E+002   0.100000E+001  -0.127528E-050   0.842259E-052
   0.377555E+002   0.100000E+001  -0.887773E-051   0.556867E-052
   0.378357E+002   0.100000E+001  -0.617205E-051   0.367182E-052
   0.379158E+002   0.100000E+001  -0.428497E-051   0.241410E-052
   0.379960E+002   0.100000E+001  -0.297039E-051   0.158226E-052
   0.380762E+002   0.100000E+001  -0.205577E-051   0.103359E-052
   0.381563E+002   0.100000E+001  -0.142028E-051   0.672746E-053
   0.382365E+002   0.100000E+001  -0.979372E-052   0.436165E-053
   0.383166E+002   0.100000E+001  -0.673938E-052   0.281576E-053
   0.383968E+002   0.100000E+001  -0.462705E-052   0.180931E-053
   0.384770E+002   0.100000E+001  -0.316886E-052   0.115664E-053
   0.385571E+002   0.100000E+001  -0.216421E-052   0.735227E-054
   0.386373E+002   0.100000E+001  -0.147352E-052   0.464414E-054
   0.387174E+002   0.100000E+001  -0.999809E-053   0.291291E-054
   0.387976E+002   0.100000E+001  -0.675756E-053   0.181260E-054
   0.388778E+002   0.100000E+001  -0.454724E-053   0.111780E-054
   0.389579E+002   0.100000E+001  -0.304451E-053   0.682270E-055
   0.390381E+002   0.100000E+001  -0.202658E-053   0.411513E-055
   0.391182E+002   0.100000E+001  -0.133994E-053   0.244788E-055
   0.391984E+002   0.100000E+001  -0.878981E-054   0.143252E-055
   0.392786E+002   0.100000E+001  -0.571264E-054   0.822127E-056
   0.393587E+002   0.100000E+001  -0.367202E-054   0.460809E-056
   0.394389E+002   0.100000E+001  -0.232946E-054   0.250884E-056
   0.395190E+002   0.100000E+001  -0.145455E-054   0.131679E-056
   0.395992E+002   0.100000E+001  -0.890807E-055   0.658914E-057
   0.396794E+002   0.100000E+001  -0.532087E-055   0.308650E-057
   0.397595E+002   0.100000E+001  -0.306310E-055   0.130648E-057
   0.398397E+002   0.100000E+001  -0.164104E-055   0.459155E-058
   0.399198E+002   0.100000E+001  -0.705460E-056   0.964886E-059
   0.400000E+002   0.100000E+001  -0.000000E+000   0.000000E+000
   0.400802E+002   0.100000E+001  -0.328729E-055   0.762779E-059

