  -0.801603E-001   0.100000E+001   0.867312E-002  -0.178510E+000
   0.000000E+000   0.100000E+001  -0.156809E-001  -0.137698E+000
   0.801603E-001   0.100000E+001  -0.105673E-001  -0.145084E+000
   0.160321E+000   0.100000E+001  -0.479122E-002  -0.150378E+000
   0.240481E+000   0.100000E+001   0.169107E-002  -0.153268E+000
   0.320641E+000   0.100000E+001   0.882595E-002  -0.153423E+000
   0.400802E+000   0.100000E+001   0.165554E-001  -0.150501E+000
   0.480962E+000   0.100000E+001   0.247110E-001  -0.144182E+000
   0.561122E+000   0.100000E+001   0.330449E-001  -0.134194E+000
   0.641283E+000   0.100000E+001   0.412070E-001  -0.120368E+000
   0.721443E+000   0.100000E+001   0.487453E-001  -0.102715E+000
   0.801603E+000   0.100000E+001   0.551359E-001  -0.815077E-001
   0.881764E+000   0.100000E+001   0.598433E-001  -0.573497E-001
   0.961924E+000   0.100000E+001   0.624136E-001  -0.311979E-001
   0.104208E+001   0.100000E+001   0.625765E-001  -0.429005E-002
   0.112224E+001   0.100000E+001   0.603162E-001   0.220185E-001
   0.120240E+001   0.100000E+001   0.558756E-001   0.464625E-001
   0.128257E+001   0.100000E+001   0.496942E-001   0.680389E-001
   0.136273E+001   0.100000E+001   0.423076E-001   0.860895E-001
   0.144289E+001   0.100000E+001   0.342506E-001   0.100290E+000
   0.152305E+001   0.100000E+001   0.259883E-001   0.110581E+000
   0.160321E+001   0.100000E+001   0.178803E-001   0.117086E+000
   0.168337E+001   0.100000E+001   0.101729E-001   0.120042E+000
   0.176353E+001   0.100000E+001   0.301002E-002   0.119756E+000
   0.184369E+001   0.100000E+001  -0.354175E-002   0.116572E+000
   0.192385E+001   0.100000E+001  -0.946506E-002   0.110852E+000
   0.200401E+001   0.100000E+001  -0.147665E-001   0.102959E+000
   0.208417E+001   0.100000E+001  -0.194610E-001   0.932325E-001
   0.216433E+001   0.100000E+001  -0.235663E-001   0.819744E-001
   0.224449E+001   0.100000E+001  -0.271044E-001   0.694447E-001
   0.232465E+001   0.100000E+001  -0.301037E-001   0.558635E-001
   0.240481E+001   0.100000E+001  -0.325983E-001   0.414196E-001
   0.248497E+001   0.100000E+001  -0.346242E-001   0.262788E-001
   0.256513E+001   0.100000E+001  -0.362159E-001   0.105899E-001
   0.264529E+001   0.100000E+001  -0.374046E-001  -0.551230E-002
   0.272545E+001   0.100000E+001  -0.382178E-001  -0.219047E-001
   0.280561E+001   0.100000E+001  -0.386794E-001  -0.384730E-001
   0.288577E+001   0.100000E+001  -0.388094E-001  -0.551087E-001
   0.296593E+001   0.100000E+001  -0.386227E-001  -0.717058E-001
   0.304609E+001   0.100000E+001  -0.381267E-001  -0.881582E-001
   0.312625E+001   0.100000E+001  -0.373180E-001  -0.104356E+000
   0.320641E+001   0.100000E+001  -0.361814E-001  -0.120182E+000
   0.328657E+001   0.100000E+001  -0.346911E-001  -0.135512E+000
   0.336673E+001   0.100000E+001  -0.328118E-001  -0.150210E+000
   0.344689E+001   0.100000E+001  -0.304998E-001  -0.164127E+000
   0.352705E+001   0.100000E+001  -0.277047E-001  -0.177098E+000
   0.360721E+001   0.100000E+001  -0.243726E-001  -0.188939E+000
   0.368737E+001   0.100000E+001  -0.204490E-001  -0.199442E+000
   0.376754E+001   0.100000E+001  -0.158822E-001  -0.208373E+000
   0.384770E+001   0.100000E+001  -0.106281E-001  -0.215467E+000
   0.392786E+001   0.100000E+001  -0.465683E-002  -0.220432E+000
   0.400802E+001   0.100000E+001   0.203714E-002  -0.222948E+000
   0.408818E+001   0.100000E+001   0.942078E-002  -0.222680E+000
   0.416834E+001   0.100000E+001   0.174032E-001  -0.219290E+000
   0.424850E+001   0.100000E+001   0.258133E-001  -0.212458E+000
   0.432866E+001   0.100000E+001   0.343769E-001  -0.201926E+000
   0.440882E+001   0.100000E+001   0.427024E-001  -0.187546E+000
   0.448898E+001   0.100000E+001   0.502854E-001  -0.169363E+000
   0.456914E+001   0.100000E+001   0.565497E-001  -0.147706E+000
   0.464930E+001   0.100000E+001   0.609297E-001  -0.123262E+000
   0.472946E+001   0.100000E+001   0.629816E-001  -0.970844E-001
   0.480962E+001   0.100000E+001   0.624876E-001  -0.704986E-001
   0.488978E+001   0.100000E+001   0.595101E-001  -0.449032E-001
   0.496994E+001   0.100000E+001   0.543732E-001  -0.215450E-001
   0.505010E+001   0.100000E+001   0.475801E-001  -0.135064E-002
   0.513026E+001   0.100000E+001   0.397055E-001   0.151340E-001
   0.521042E+001   0.100000E+001   0.312983E-001   0.277074E-001
   0.529058E+001   0.100000E+001   0.228201E-001   0.364256E-001
   0.537074E+001   0.100000E+001   0.146172E-001   0.415079E-001
   0.545090E+001   0.100000E+001   0.692190E-002   0.432598E-001
   0.553106E+001   0.100000E+001  -0.131311E-003   0.420214E-001
   0.561122E+001   0.100000E+001  -0.648239E-002   0.381375E-001
   0.569138E+001   0.100000E+001  -0.121225E-001   0.319417E-001
   0.577154E+001   0.100000E+001  -0.170740E-001   0.237486E-001
   0.585170E+001   0.100000E+001  -0.213765E-001   0.138501E-001
   0.593186E+001   0.100000E+001  -0.250775E-001   0.251158E-002
   0.601202E+001   0.100000E+001  -0.282270E-001  -0.100291E-001
   0.609218E+001   0.100000E+001  -0.308752E-001  -0.235624E-001
   0.617234E+001   0.100000E+001  -0.330690E-001  -0.379060E-001
   0.625251E+001   0.100000E+001  -0.348514E-001  -0.529033E-001
   0.633267E+001   0.100000E+001  -0.362612E-001  -0.684197E-001
   0.641283E+001   0.100000E+001  -0.373319E-001  -0.843374E-001
   0.649299E+001   0.100000E+001  -0.380883E-001  -0.100547E+000
   0.657315E+001   0.100000E+001  -0.385432E-001  -0.116943E+000
   0.665331E+001   0.100000E+001  -0.386982E-001  -0.133420E+000
   0.673347E+001   0.100000E+001  -0.385445E-001  -0.149876E+000
   0.681363E+001   0.100000E+001  -0.380653E-001  -0.166201E+000
   0.689379E+001   0.100000E+001  -0.372347E-001  -0.182279E+000
   0.697395E+001   0.100000E+001  -0.360253E-001  -0.197983E+000
   0.705411E+001   0.100000E+001  -0.344110E-001  -0.213178E+000
   0.713427E+001   0.100000E+001  -0.323572E-001  -0.227715E+000
   0.721443E+001   0.100000E+001  -0.298207E-001  -0.241425E+000
   0.729459E+001   0.100000E+001  -0.267591E-001  -0.254114E+000
   0.737475E+001   0.100000E+001  -0.231305E-001  -0.265568E+000
   0.745491E+001   0.100000E+001  -0.188859E-001  -0.275555E+000
   0.753507E+001   0.100000E+001  -0.139792E-001  -0.283814E+000
   0.761523E+001   0.100000E+001  -0.839794E-002  -0.290061E+000
   0.769539E+001   0.100000E+001  -0.213811E-002  -0.293997E+000
   0.777555E+001   0.100000E+001   0.474621E-002  -0.295319E+000
   0.785571E+001   0.100000E+001   0.121568E-001  -0.293731E+000
   0.793587E+001   0.100000E+001   0.199372E-001  -0.288968E+000
   0.801603E+001   0.100000E+001   0.278454E-001  -0.280825E+000
   0.809619E+001   0.100000E+001   0.355675E-001  -0.269196E+000
   0.817635E+001   0.100000E+001   0.428008E-001  -0.254132E+000
   0.825651E+001   0.100000E+001   0.492092E-001  -0.235850E+000
   0.833667E+001   0.100000E+001   0.544639E-001  -0.214761E+000
   0.841683E+001   0.100000E+001   0.582591E-001  -0.191464E+000
   0.849699E+001   0.100000E+001   0.602743E-001  -0.166744E+000
   0.857715E+001   0.100000E+001   0.602755E-001  -0.141545E+000
   0.865731E+001   0.100000E+001   0.581108E-001  -0.116926E+000
   0.873747E+001   0.100000E+001   0.537948E-001  -0.939586E-001
   0.881764E+001   0.100000E+001   0.476360E-001  -0.736216E-001
   0.889780E+001   0.100000E+001   0.402114E-001  -0.566542E-001
   0.897796E+001   0.100000E+001   0.320955E-001  -0.434500E-001
   0.905812E+001   0.100000E+001   0.237626E-001  -0.340658E-001
   0.913828E+001   0.100000E+001   0.155252E-001  -0.283138E-001
   0.921844E+001   0.100000E+001   0.761989E-002  -0.258900E-001
   0.929860E+001   0.100000E+001   0.214690E-003  -0.264633E-001
   0.937876E+001   0.100000E+001  -0.657817E-002  -0.297163E-001
   0.945892E+001   0.100000E+001  -0.126849E-001  -0.353503E-001
   0.953908E+001   0.100000E+001  -0.180737E-001  -0.430742E-001
   0.961924E+001   0.100000E+001  -0.227376E-001  -0.525953E-001
   0.969940E+001   0.100000E+001  -0.266670E-001  -0.636185E-001
   0.977956E+001   0.100000E+001  -0.298625E-001  -0.758459E-001
   0.985972E+001   0.100000E+001  -0.323429E-001  -0.889837E-001
   0.993988E+001   0.100000E+001  -0.341555E-001  -0.102752E+000
   0.100200E+002   0.100000E+001  -0.354065E-001  -0.116899E+000
   0.101002E+002   0.100000E+001  -0.362220E-001  -0.131213E+000
   0.101804E+002   0.100000E+001  -0.367044E-001  -0.145538E+000
   0.102605E+002   0.100000E+001  -0.369174E-001  -0.159766E+000
   0.103407E+002   0.100000E+001  -0.368925E-001  -0.173826E+000
   0.104208E+002   0.100000E+001  -0.366282E-001  -0.187661E+000
   0.105010E+002   0.100000E+001  -0.361066E-001  -0.201207E+000
   0.105812E+002   0.100000E+001  -0.353240E-001  -0.214380E+000
   0.106613E+002   0.100000E+001  -0.342699E-001  -0.227072E+000
   0.107415E+002   0.100000E+001  -0.329132E-001  -0.239163E+000
   0.108216E+002   0.100000E+001  -0.312257E-001  -0.250521E+000
   0.109018E+002   0.100000E+001  -0.291858E-001  -0.261013E+000
   0.109820E+002   0.100000E+001  -0.267710E-001  -0.270506E+000
   0.110621E+002   0.100000E+001  -0.239591E-001  -0.278869E+000
   0.111423E+002   0.100000E+001  -0.207309E-001  -0.285968E+000
   0.112224E+002   0.100000E+001  -0.170537E-001  -0.291656E+000
   0.113026E+002   0.100000E+001  -0.128799E-001  -0.295771E+000
   0.113828E+002   0.100000E+001  -0.815374E-002  -0.298119E+000
   0.114629E+002   0.100000E+001  -0.281607E-002  -0.298470E+000
   0.115431E+002   0.100000E+001   0.317906E-002  -0.296554E+000
   0.116232E+002   0.100000E+001   0.981755E-002  -0.292061E+000
   0.117034E+002   0.100000E+001   0.170512E-001  -0.284667E+000
   0.117836E+002   0.100000E+001   0.246936E-001  -0.274048E+000
   0.118637E+002   0.100000E+001   0.325495E-001  -0.259940E+000
   0.119439E+002   0.100000E+001   0.403184E-001  -0.242181E+000
   0.120240E+002   0.100000E+001   0.475270E-001  -0.220782E+000
   0.121042E+002   0.100000E+001   0.536245E-001  -0.196003E+000
   0.121844E+002   0.100000E+001   0.580875E-001  -0.168417E+000
   0.122645E+002   0.100000E+001   0.604133E-001  -0.138920E+000
   0.123447E+002   0.100000E+001   0.603559E-001  -0.108701E+000
   0.124248E+002   0.100000E+001   0.579050E-001  -0.791033E-001
   0.125050E+002   0.100000E+001   0.533226E-001  -0.514545E-001
   0.125852E+002   0.100000E+001   0.469631E-001  -0.268662E-001
   0.126653E+002   0.100000E+001   0.393220E-001  -0.609870E-002
   0.127455E+002   0.100000E+001   0.310114E-001   0.104906E-001
   0.128257E+002   0.100000E+001   0.225627E-001   0.229216E-001
   0.129058E+002   0.100000E+001   0.143525E-001   0.314888E-001
   0.129860E+002   0.100000E+001   0.670142E-002   0.366267E-001
   0.130661E+002   0.100000E+001  -0.240641E-003   0.388096E-001
   0.131463E+002   0.100000E+001  -0.639803E-002   0.384776E-001
   0.132265E+002   0.100000E+001  -0.117510E-001   0.360127E-001
   0.133066E+002   0.100000E+001  -0.163132E-001   0.317412E-001
   0.133868E+002   0.100000E+001  -0.201456E-001   0.259431E-001
   0.134669E+002   0.100000E+001  -0.233821E-001   0.188631E-001
   0.135471E+002   0.100000E+001  -0.261238E-001   0.107071E-001
   0.136273E+002   0.100000E+001  -0.284016E-001   0.164346E-002
   0.137074E+002   0.100000E+001  -0.302578E-001  -0.818284E-002
   0.137876E+002   0.100000E+001  -0.317219E-001  -0.186416E-001
   0.138677E+002   0.100000E+001  -0.328094E-001  -0.296079E-001
   0.139479E+002   0.100000E+001  -0.335664E-001  -0.409561E-001
   0.140281E+002   0.100000E+001  -0.340380E-001  -0.525621E-001
   0.141082E+002   0.100000E+001  -0.342335E-001  -0.643067E-001
   0.141884E+002   0.100000E+001  -0.341533E-001  -0.760751E-001
   0.142685E+002   0.100000E+001  -0.338281E-001  -0.877555E-001
   0.143487E+002   0.100000E+001  -0.333013E-001  -0.992432E-001
   0.144289E+002   0.100000E+001  -0.325811E-001  -0.110445E+000
   0.145090E+002   0.100000E+001  -0.316248E-001  -0.121282E+000
   0.145892E+002   0.100000E+001  -0.303699E-001  -0.131676E+000
   0.146693E+002   0.100000E+001  -0.287758E-001  -0.141542E+000
   0.147495E+002   0.100000E+001  -0.268298E-001  -0.150783E+000
   0.148297E+002   0.100000E+001  -0.245323E-001  -0.159284E+000
   0.149098E+002   0.100000E+001  -0.218638E-001  -0.166922E+000
   0.149900E+002   0.100000E+001  -0.187596E-001  -0.173564E+000
   0.150701E+002   0.100000E+001  -0.151286E-001  -0.179061E+000
   0.151503E+002   0.100000E+001  -0.109242E-001  -0.183233E+000
   0.152305E+002   0.100000E+001  -0.611979E-002  -0.185868E+000
   0.153106E+002   0.100000E+001  -0.737617E-003  -0.186720E+000
   0.153908E+002   0.100000E+001   0.522512E-002  -0.185529E+000
   0.154709E+002   0.100000E+001   0.116972E-001  -0.182030E+000
   0.155511E+002   0.100000E+001   0.185889E-001  -0.175970E+000
   0.156313E+002   0.100000E+001   0.258067E-001  -0.167129E+000
   0.157114E+002   0.100000E+001   0.331606E-001  -0.155315E+000
   0.157916E+002   0.100000E+001   0.404437E-001  -0.140406E+000
   0.158717E+002   0.100000E+001   0.471833E-001  -0.122375E+000
   0.159519E+002   0.100000E+001   0.527547E-001  -0.101372E+000
   0.160321E+002   0.100000E+001   0.566459E-001  -0.778250E-001
   0.161122E+002   0.100000E+001   0.584214E-001  -0.524713E-001
   0.161924E+002   0.100000E+001   0.578614E-001  -0.263424E-001
   0.162725E+002   0.100000E+001   0.551537E-001  -0.656478E-003
   0.163527E+002   0.100000E+001   0.505183E-001   0.233821E-001
   0.164329E+002   0.100000E+001   0.443160E-001   0.447539E-001
   0.165130E+002   0.100000E+001   0.369614E-001   0.627649E-001
   0.165932E+002   0.100000E+001   0.290861E-001   0.770780E-001
   0.166733E+002   0.100000E+001   0.212136E-001   0.876907E-001
   0.167535E+002   0.100000E+001   0.136813E-001   0.948435E-001
   0.168337E+002   0.100000E+001   0.671580E-002   0.988971E-001
   0.169138E+002   0.100000E+001   0.412089E-003   0.100241E+000
   0.169940E+002   0.100000E+001  -0.532546E-002   0.992482E-001
   0.170741E+002   0.100000E+001  -0.104039E-001   0.962404E-001
   0.171543E+002   0.100000E+001  -0.147909E-001   0.915252E-001
   0.172345E+002   0.100000E+001  -0.185061E-001   0.854054E-001
   0.173146E+002   0.100000E+001  -0.216526E-001   0.781762E-001
   0.173948E+002   0.100000E+001  -0.243183E-001   0.700981E-001
   0.174749E+002   0.100000E+001  -0.265377E-001   0.613694E-001
   0.175551E+002   0.100000E+001  -0.283066E-001   0.521194E-001
   0.176353E+002   0.100000E+001  -0.296478E-001   0.424201E-001
   0.177154E+002   0.100000E+001  -0.306132E-001   0.323007E-001
   0.177956E+002   0.100000E+001  -0.312924E-001   0.217592E-001
   0.178758E+002   0.100000E+001  -0.317568E-001   0.107641E-001
   0.179559E+002   0.100000E+001  -0.320167E-001  -0.741963E-003
   0.180361E+002   0.100000E+001  -0.320322E-001  -0.128267E-001
   0.181162E+002   0.100000E+001  -0.317698E-001  -0.255399E-001
   0.181964E+002   0.100000E+001  -0.312382E-001  -0.388847E-001
   0.182766E+002   0.100000E+001  -0.304744E-001  -0.528013E-001
   0.183567E+002   0.100000E+001  -0.295154E-001  -0.671649E-001
   0.184369E+002   0.100000E+001  -0.283675E-001  -0.817961E-001
   0.185170E+002   0.100000E+001  -0.269825E-001  -0.964771E-001
   0.185972E+002   0.100000E+001  -0.253104E-001  -0.110964E+000
   0.186774E+002   0.100000E+001  -0.233361E-001  -0.125001E+000
   0.187575E+002   0.100000E+001  -0.210488E-001  -0.138336E+000
   0.188377E+002   0.100000E+001  -0.184170E-001  -0.150730E+000
   0.189178E+002   0.100000E+001  -0.154115E-001  -0.161962E+000
   0.189980E+002   0.100000E+001  -0.120196E-001  -0.171824E+000
   0.190782E+002   0.100000E+001  -0.822167E-002  -0.180115E+000
   0.191583E+002   0.100000E+001  -0.398854E-002  -0.186631E+000
   0.192385E+002   0.100000E+001   0.717932E-003  -0.191151E+000
   0.193186E+002   0.100000E+001   0.599105E-002  -0.193431E+000
   0.193988E+002   0.100000E+001   0.119089E-001  -0.193185E+000
   0.194790E+002   0.100000E+001   0.184424E-001  -0.190092E+000
   0.195591E+002   0.100000E+001   0.254628E-001  -0.183813E+000
   0.196393E+002   0.100000E+001   0.327579E-001  -0.174048E+000
   0.197194E+002   0.100000E+001   0.400305E-001  -0.160602E+000
   0.197996E+002   0.100000E+001   0.468411E-001  -0.143469E+000
   0.198798E+002   0.100000E+001   0.526170E-001  -0.122922E+000
   0.199599E+002   0.100000E+001   0.567171E-001  -0.995870E-001
   0.200401E+002   0.100000E+001   0.585432E-001  -0.744628E-001
   0.201202E+002   0.100000E+001   0.577935E-001  -0.488598E-001
   0.202004E+002   0.100000E+001   0.545862E-001  -0.242293E-001
   0.202806E+002   0.100000E+001   0.493581E-001  -0.191334E-002
   0.203607E+002   0.100000E+001   0.427436E-001   0.170924E-001
   0.204409E+002   0.100000E+001   0.353857E-001   0.322811E-001
   0.205210E+002   0.100000E+001   0.278040E-001   0.436226E-001
   0.206012E+002   0.100000E+001   0.203747E-001   0.514189E-001
   0.206814E+002   0.100000E+001   0.133429E-001   0.561132E-001
   0.207615E+002   0.100000E+001   0.688428E-002   0.581369E-001
   0.208417E+002   0.100000E+001   0.110577E-002   0.578472E-001
   0.209218E+002   0.100000E+001  -0.397178E-002   0.555389E-001
   0.210020E+002   0.100000E+001  -0.834501E-002   0.514777E-001
   0.210822E+002   0.100000E+001  -0.120573E-001   0.459288E-001
   0.211623E+002   0.100000E+001  -0.151952E-001   0.391527E-001
   0.212425E+002   0.100000E+001  -0.178709E-001   0.313803E-001
   0.213226E+002   0.100000E+001  -0.202027E-001   0.227860E-001
   0.214028E+002   0.100000E+001  -0.222924E-001   0.134765E-001
   0.214830E+002   0.100000E+001  -0.242064E-001   0.349927E-002
   0.215631E+002   0.100000E+001  -0.259765E-001  -0.713283E-002
   0.216433E+002   0.100000E+001  -0.276082E-001  -0.184140E-001
   0.217234E+002   0.100000E+001  -0.290919E-001  -0.303246E-001
   0.218036E+002   0.100000E+001  -0.304014E-001  -0.428215E-001
   0.218838E+002   0.100000E+001  -0.314972E-001  -0.558356E-001
   0.219639E+002   0.100000E+001  -0.323250E-001  -0.692736E-001
   0.220441E+002   0.100000E+001  -0.328304E-001  -0.830185E-001
   0.221242E+002   0.100000E+001  -0.329696E-001  -0.969299E-001
   0.222044E+002   0.100000E+001  -0.327070E-001  -0.110848E+000
   0.222846E+002   0.100000E+001  -0.320237E-001  -0.124600E+000
   0.223647E+002   0.100000E+001  -0.309037E-001  -0.138002E+000
   0.224449E+002   0.100000E+001  -0.293375E-001  -0.150871E+000
   0.225251E+002   0.100000E+001  -0.273222E-001  -0.163021E+000
   0.226052E+002   0.100000E+001  -0.248510E-001  -0.174267E+000
   0.226854E+002   0.100000E+001  -0.219246E-001  -0.184423E+000
   0.227655E+002   0.100000E+001  -0.185429E-001  -0.193309E+000
   0.228457E+002   0.100000E+001  -0.147009E-001  -0.200745E+000
   0.229259E+002   0.100000E+001  -0.104081E-001  -0.206559E+000
   0.230060E+002   0.100000E+001  -0.566644E-002  -0.210582E+000
   0.230862E+002   0.100000E+001  -0.498269E-003  -0.212647E+000
   0.231663E+002   0.100000E+001   0.504106E-002  -0.212574E+000
   0.232465E+002   0.100000E+001   0.108901E-001  -0.210184E+000
   0.233267E+002   0.100000E+001   0.169678E-001  -0.205319E+000
   0.234068E+002   0.100000E+001   0.231454E-001  -0.197861E+000
   0.234870E+002   0.100000E+001   0.292487E-001  -0.187753E+000
   0.235671E+002   0.100000E+001   0.350902E-001  -0.175020E+000
   0.236473E+002   0.100000E+001   0.404914E-001  -0.159768E+000
   0.237275E+002   0.100000E+001   0.452728E-001  -0.142170E+000
   0.238076E+002   0.100000E+001   0.492226E-001  -0.122480E+000
   0.238878E+002   0.100000E+001   0.520843E-001  -0.101066E+000
   0.239679E+002   0.100000E+001   0.535839E-001  -0.784597E-001
   0.240481E+002   0.100000E+001   0.534883E-001  -0.553757E-001
   0.241283E+002   0.100000E+001   0.516705E-001  -0.326675E-001
   0.242084E+002   0.100000E+001   0.481598E-001  -0.112357E-001
   0.242886E+002   0.100000E+001   0.431561E-001   0.809643E-002
   0.243687E+002   0.100000E+001   0.369929E-001   0.246935E-001
   0.244489E+002   0.100000E+001   0.300628E-001   0.381606E-001
   0.245291E+002   0.100000E+001   0.227467E-001   0.483287E-001
   0.246092E+002   0.100000E+001   0.153765E-001   0.552060E-001
   0.246894E+002   0.100000E+001   0.822761E-002   0.589312E-001
   0.247695E+002   0.100000E+001   0.151711E-002   0.597371E-001
   0.248497E+002   0.100000E+001  -0.459899E-002   0.579193E-001
   0.249299E+002   0.100000E+001  -0.100241E-001   0.538076E-001
   0.250100E+002   0.100000E+001  -0.147143E-001   0.477430E-001
   0.250902E+002   0.100000E+001  -0.186703E-001   0.400600E-001
   0.251703E+002   0.100000E+001  -0.219295E-001   0.310730E-001
   0.252505E+002   0.100000E+001  -0.245565E-001   0.210641E-001
   0.253307E+002   0.100000E+001  -0.266327E-001   0.102756E-001
   0.254108E+002   0.100000E+001  -0.282446E-001  -0.109327E-002
   0.254910E+002   0.100000E+001  -0.294738E-001  -0.128845E-001
   0.255711E+002   0.100000E+001  -0.303896E-001  -0.249752E-001
   0.256513E+002   0.100000E+001  -0.310461E-001  -0.372701E-001
   0.257315E+002   0.100000E+001  -0.314821E-001  -0.496927E-001
   0.258116E+002   0.100000E+001  -0.317234E-001  -0.621796E-001
   0.258918E+002   0.100000E+001  -0.317845E-001  -0.746756E-001
   0.259719E+002   0.100000E+001  -0.316701E-001  -0.871305E-001
   0.260521E+002   0.100000E+001  -0.313743E-001  -0.994956E-001
   0.261323E+002   0.100000E+001  -0.308780E-001  -0.111720E+000
   0.262124E+002   0.100000E+001  -0.301464E-001  -0.123744E+000
   0.262926E+002   0.100000E+001  -0.291263E-001  -0.135492E+000
   0.263727E+002   0.100000E+001  -0.277461E-001  -0.146859E+000
   0.264529E+002   0.100000E+001  -0.259192E-001  -0.157705E+000
   0.265331E+002   0.100000E+001  -0.235511E-001  -0.167847E+000
   0.266132E+002   0.100000E+001  -0.205488E-001  -0.177053E+000
   0.266934E+002   0.100000E+001  -0.168319E-001  -0.185048E+000
   0.267735E+002   0.100000E+001  -0.123437E-001  -0.191517E+000
   0.268537E+002   0.100000E+001  -0.706076E-002  -0.196114E+000
   0.269339E+002   0.100000E+001  -0.100110E-002  -0.198477E+000
   0.270140E+002   0.100000E+001   0.576827E-002  -0.198243E+000
   0.270942E+002   0.100000E+001   0.131240E-001  -0.195063E+000
   0.271743E+002   0.100000E+001   0.208768E-001  -0.188625E+000
   0.272545E+002   0.100000E+001   0.287598E-001  -0.178686E+000
   0.273347E+002   0.100000E+001   0.364182E-001  -0.165123E+000
   0.274148E+002   0.100000E+001   0.434132E-001  -0.147998E+000
   0.274950E+002   0.100000E+001   0.492562E-001  -0.127635E+000
   0.275752E+002   0.100000E+001   0.534863E-001  -0.104669E+000
   0.276553E+002   0.100000E+001   0.557723E-001  -0.800248E-001
   0.277355E+002   0.100000E+001   0.559955E-001  -0.547984E-001
   0.278156E+002   0.100000E+001   0.542649E-001  -0.300776E-001
   0.278958E+002   0.100000E+001   0.508571E-001  -0.678785E-002
   0.279760E+002   0.100000E+001   0.461235E-001   0.143817E-001
   0.280561E+002   0.100000E+001   0.404159E-001   0.329717E-001
   0.281363E+002   0.100000E+001   0.340523E-001   0.487098E-001
   0.282164E+002   0.100000E+001   0.273109E-001   0.614675E-001
   0.282966E+002   0.100000E+001   0.204322E-001   0.712286E-001
   0.283768E+002   0.100000E+001   0.136193E-001   0.780646E-001
   0.284569E+002   0.100000E+001   0.703620E-002   0.821137E-001
   0.285371E+002   0.100000E+001   0.806684E-003   0.835599E-001
   0.286172E+002   0.100000E+001  -0.498218E-002   0.826138E-001
   0.286974E+002   0.100000E+001  -0.102720E-001   0.794993E-001
   0.287776E+002   0.100000E+001  -0.150236E-001   0.744458E-001
   0.288577E+002   0.100000E+001  -0.192080E-001   0.676866E-001
   0.289379E+002   0.100000E+001  -0.228020E-001   0.594594E-001
   0.290180E+002   0.100000E+001  -0.257867E-001   0.500078E-001
   0.290982E+002   0.100000E+001  -0.281486E-001   0.395821E-001
   0.291784E+002   0.100000E+001  -0.298830E-001   0.284365E-001
   0.292585E+002   0.100000E+001  -0.309961E-001   0.168252E-001
   0.293387E+002   0.100000E+001  -0.315061E-001   0.499643E-002
   0.294188E+002   0.100000E+001  -0.314423E-001  -0.681332E-002
   0.294990E+002   0.100000E+001  -0.308427E-001  -0.183846E-001
   0.295792E+002   0.100000E+001  -0.297503E-001  -0.295183E-001
   0.296593E+002   0.100000E+001  -0.282093E-001  -0.400370E-001
   0.297395E+002   0.100000E+001  -0.262619E-001  -0.497838E-001
   0.298196E+002   0.100000E+001  -0.239468E-001  -0.586205E-001
   0.298998E+002   0.100000E+001  -0.212992E-001  -0.664238E-001
   0.299800E+002   0.100000E+001  -0.183523E-001  -0.730835E-001
   0.300601E+002   0.100000E+001  -0.151389E-001  -0.785006E-001
   0.301403E+002   0.100000E+001  -0.116928E-001  -0.825863E-001
   0.302204E+002   0.100000E+001  -0.804967E-002  -0.852606E-001
   0.303006E+002   0.100000E+001  -0.424923E-002  -0.864498E-001
   0.303808E+002   0.100000E+001  -0.342675E-003  -0.860846E-001
   0.304609E+002   0.100000E+001   0.359259E-002  -0.841044E-001
   0.305411E+002   0.100000E+001   0.743267E-002  -0.804747E-001
   0.306212E+002   0.100000E+001   0.109919E-001  -0.752238E-001
   0.307014E+002   0.100000E+001   0.140300E-001  -0.684940E-001
   0.307816E+002   0.100000E+001   0.162956E-001  -0.605833E-001
   0.308617E+002   0.100000E+001   0.175986E-001  -0.519456E-001
   0.309419E+002   0.100000E+001   0.178787E-001  -0.431279E-001
   0.310220E+002   0.100000E+001   0.172278E-001  -0.346627E-001
   0.311022E+002   0.100000E+001   0.158557E-001  -0.269683E-001
   0.311824E+002   0.100000E+001   0.140214E-001  -0.203000E-001
   0.312625E+002   0.100000E+001   0.119712E-001  -0.147557E-001
   0.313427E+002   0.100000E+001   0.990372E-002  -0.103135E-001
   0.314228E+002   0.100000E+001   0.795892E-002  -0.687539E-002
   0.315030E+002   0.100000E+001   0.622207E-002  -0.430344E-002
   0.315832E+002   0.100000E+001   0.473368E-002  -0.244719E-002
   0.316633E+002   0.100000E+001   0.350199E-002  -0.116087E-002
   0.317435E+002   0.100000E+001   0.251409E-002  -0.313083E-003
   0.318236E+002   0.100000E+001   0.174463E-002   0.208732E-003
   0.319038E+002   0.100000E+001   0.116244E-002   0.497064E-003
   0.319840E+002   0.100000E+001   0.735022E-003   0.625247E-003
   0.320641E+002   0.100000E+001   0.431461E-003   0.649501E-003
   0.321443E+002   0.100000E+001   0.223956E-003   0.611433E-003
   0.322244E+002   0.100000E+001   0.886055E-004   0.540602E-003
   0.323046E+002   0.100000E+001   0.562197E-005   0.456991E-003
   0.323848E+002   0.100000E+001  -0.408036E-004   0.373222E-003
   0.324649E+002   0.100000E+001  -0.628473E-004   0.296505E-003
   0.325451E+002   0.100000E+001  -0.695245E-004   0.230267E-003
   0.326253E+002   0.100000E+001  -0.672309E-004   0.175463E-003
   0.327054E+002   0.100000E+001  -0.602937E-004   0.131578E-003
   0.327856E+002   0.100000E+001  -0.514838E-004   0.973350E-004
   0.328657E+002   0.100000E+001  -0.424572E-004   0.711714E-004
   0.329459E+002   0.100000E+001  -0.341114E-004   0.515235E-004
   0.330261E+002   0.100000E+001  -0.268551E-004   0.369794E-004
   0.331062E+002   0.100000E+001  -0.208016E-004   0.263425E-004
   0.331864E+002   0.100000E+001  -0.158999E-004   0.186422E-004
   0.332665E+002   0.100000E+001  -0.120197E-004   0.131163E-004
   0.333467E+002   0.100000E+001  -0.900206E-005   0.918079E-005
   0.334269E+002   0.100000E+001  -0.668845E-005   0.639631E-005
   0.335070E+002   0.100000E+001  -0.493533E-005   0.443768E-005
   0.335872E+002   0.100000E+001  -0.361991E-005   0.306708E-005
   0.336673E+002   0.100000E+001  -0.264111E-005   0.211244E-005
   0.337475E+002   0.100000E+001  -0.191801E-005   0.145031E-005
   0.338277E+002   0.100000E+001  -0.138712E-005   0.992823E-006
   0.339078E+002   0.100000E+001  -0.999480E-006   0.677831E-006
   0.339880E+002   0.100000E+001  -0.717796E-006   0.461642E-006
   0.340681E+002   0.100000E+001  -0.513977E-006   0.313700E-006
   0.341483E+002   0.100000E+001  -0.367060E-006   0.212731E-006
   0.342285E+002   0.100000E+001  -0.261515E-006   0.143989E-006
   0.343086E+002   0.100000E+001  -0.185922E-006   0.972937E-007
   0.343888E+002   0.100000E+001  -0.131927E-006   0.656387E-007
   0.344689E+002   0.100000E+001  -0.934519E-007   0.442199E-007
   0.345491E+002   0.100000E+001  -0.660959E-007   0.297518E-007
   0.346293E+002   0.100000E+001  -0.466832E-007   0.199940E-007
   0.347094E+002   0.100000E+001  -0.329313E-007   0.134222E-007
   0.347896E+002   0.100000E+001  -0.232046E-007   0.900178E-008
   0.348697E+002   0.100000E+001  -0.163346E-007   0.603188E-008
   0.349499E+002   0.100000E+001  -0.114882E-007   0.403861E-008
   0.350301E+002   0.100000E+001  -0.807329E-008   0.270208E-008
   0.351102E+002   0.100000E+001  -0.566938E-008   0.180667E-008
   0.351904E+002   0.100000E+001  -0.397868E-008   0.120725E-008
   0.352705E+002   0.100000E+001  -0.279055E-008   0.806259E-009
   0.353507E+002   0.100000E+001  -0.195619E-008   0.538183E-009
   0.354309E+002   0.100000E+001  -0.137064E-008   0.359068E-009
   0.355110E+002   0.100000E+001  -0.959943E-009   0.239457E-009
   0.355912E+002   0.100000E+001  -0.672037E-009   0.159622E-009
   0.356713E+002   0.100000E+001  -0.470304E-009   0.106359E-009
   0.357515E+002   0.100000E+001  -0.329013E-009   0.708407E-010
   0.358317E+002   0.100000E+001  -0.230094E-009   0.471644E-010
   0.359118E+002   0.100000E+001  -0.160865E-009   0.313883E-010
   0.359920E+002   0.100000E+001  -0.112431E-009   0.208805E-010
   0.360721E+002   0.100000E+001  -0.785567E-010   0.138845E-010
   0.361523E+002   0.100000E+001  -0.548722E-010   0.922831E-011
   0.362325E+002   0.100000E+001  -0.383173E-010   0.613071E-011
   0.363126E+002   0.100000E+001  -0.267490E-010   0.407083E-011
   0.363928E+002   0.100000E+001  -0.186676E-010   0.270161E-011
   0.364729E+002   0.100000E+001  -0.130237E-010   0.179191E-011
   0.365531E+002   0.100000E+001  -0.908313E-011   0.118779E-011
   0.366333E+002   0.100000E+001  -0.633269E-011   0.786826E-012
   0.367134E+002   0.100000E+001  -0.441350E-011   0.520842E-012
   0.367936E+002   0.100000E+001  -0.307475E-011   0.344506E-012
   0.368737E+002   0.100000E+001  -0.214120E-011   0.227679E-012
   0.369539E+002   0.100000E+001  -0.149044E-011   0.150334E-012
   0.370341E+002   0.100000E+001  -0.103697E-011   0.991659E-013
   0.371142E+002   0.100000E+001  -0.721098E-012   0.653439E-013
   0.371944E+002   0.100000E+001  -0.501169E-012   0.430077E-013
   0.372745E+002   0.100000E+001  -0.348110E-012   0.282711E-013
   0.373547E+002   0.100000E+001  -0.241640E-012   0.185588E-013
   0.374349E+002   0.100000E+001  -0.167618E-012   0.121651E-013
   0.375150E+002   0.100000E+001  -0.116183E-012   0.796139E-014
   0.375952E+002   0.100000E+001  -0.804652E-013   0.520124E-014
   0.376754E+002   0.100000E+001  -0.556783E-013   0.339160E-014
   0.377555E+002   0.100000E+001  -0.384894E-013   0.220705E-014
   0.378357E+002   0.100000E+001  -0.265787E-013   0.143300E-014
   0.379158E+002   0.100000E+001  -0.183326E-013   0.928158E-015
   0.379960E+002   0.100000E+001  -0.126288E-013   0.599570E-015
   0.380762E+002   0.100000E+001  -0.868748E-014   0.386181E-015
   0.381563E+002   0.100000E+001  -0.596705E-014   0.247943E-015
   0.382365E+002   0.100000E+001  -0.409158E-014   0.158629E-015
   0.383166E+002   0.100000E+001  -0.280034E-014   0.101095E-015
   0.383968E+002   0.100000E+001  -0.191262E-014   0.641514E-016
   0.384770E+002   0.100000E+001  -0.130330E-014   0.405146E-016
   0.385571E+002   0.100000E+001  -0.885802E-015   0.254509E-016
   0.386373E+002   0.100000E+001  -0.600301E-015   0.158929E-016
   0.387174E+002   0.100000E+001  -0.405489E-015   0.985779E-017
   0.387976E+002   0.100000E+001  -0.272882E-015   0.606800E-017
   0.388778E+002   0.100000E+001  -0.182863E-015   0.370281E-017
   0.389579E+002   0.100000E+001  -0.121943E-015   0.223703E-017
   0.390381E+002   0.100000E+001  -0.808600E-016   0.133590E-017
   0.391182E+002   0.100000E+001  -0.532660E-016   0.786998E-018
   0.391984E+002   0.100000E+001  -0.348184E-016   0.456243E-018
   0.392786E+002   0.100000E+001  -0.225529E-016   0.259459E-018
   0.393587E+002   0.100000E+001  -0.144506E-016   0.144148E-018
   0.394389E+002   0.100000E+001  -0.913993E-017   0.778134E-019
   0.395190E+002   0.100000E+001  -0.569164E-017   0.405085E-019
   0.395992E+002   0.100000E+001  -0.347743E-017   0.201135E-019
   0.396794E+002   0.100000E+001  -0.207306E-017   0.935351E-020
   0.397595E+002   0.100000E+001  -0.119170E-017   0.393313E-020
   0.398397E+002   0.100000E+001  -0.637855E-018   0.137416E-020
   0.399198E+002   0.100000E+001  -0.273994E-018   0.287048E-021
   0.400000E+002   0.100000E+001  -0.000000E+000   0.000000E+000
   0.400802E+002   0.100000E+001  -0.127577E-017   0.222216E-021

