  -0.801603E-001   0.100000E+001   0.418327E-001  -0.147298E+000
   0.000000E+000   0.100000E+001   0.569942E-002  -0.149165E+000
   0.801603E-001   0.100000E+001   0.131733E-001  -0.147553E+000
   0.160321E+000   0.100000E+001   0.211702E-001  -0.142678E+000
   0.240481E+000   0.100000E+001   0.294653E-001  -0.134238E+000
   0.320641E+000   0.100000E+001   0.377527E-001  -0.122016E+000
   0.400802E+000   0.100000E+001   0.456159E-001  -0.105935E+000
   0.480962E+000   0.100000E+001   0.525540E-001  -0.861478E-001
   0.561122E+000   0.100000E+001   0.580266E-001  -0.631146E-001
   0.641283E+000   0.100000E+001   0.615319E-001  -0.376471E-001
   0.721443E+000   0.100000E+001   0.627111E-001  -0.108805E-001
   0.801603E+000   0.100000E+001   0.614366E-001   0.158558E-001
   0.881764E+000   0.100000E+001   0.578462E-001   0.412362E-001
   0.961924E+000   0.100000E+001   0.523057E-001   0.641360E-001
   0.104208E+001   0.100000E+001   0.453189E-001   0.837558E-001
   0.112224E+001   0.100000E+001   0.374252E-001   0.996483E-001
   0.120240E+001   0.100000E+001   0.291184E-001   0.111671E+000
   0.128257E+001   0.100000E+001   0.208010E-001   0.119904E+000
   0.136273E+001   0.100000E+001   0.127684E-001   0.124575E+000
   0.144289E+001   0.100000E+001   0.521465E-002   0.125997E+000
   0.152305E+001   0.100000E+001  -0.174665E-002   0.124528E+000
   0.160321E+001   0.100000E+001  -0.805545E-002   0.120543E+000
   0.168337E+001   0.100000E+001  -0.136796E-001   0.114403E+000
   0.176353E+001   0.100000E+001  -0.186009E-001   0.106434E+000
   0.184369E+001   0.100000E+001  -0.228158E-001   0.969086E-001
   0.192385E+001   0.100000E+001  -0.263420E-001   0.860422E-001
   0.200401E+001   0.100000E+001  -0.292233E-001   0.740092E-001
   0.208417E+001   0.100000E+001  -0.315246E-001   0.609596E-001
   0.216433E+001   0.100000E+001  -0.333219E-001   0.470344E-001
   0.224449E+001   0.100000E+001  -0.346903E-001   0.323736E-001
   0.232465E+001   0.100000E+001  -0.356954E-001   0.171174E-001
   0.240481E+001   0.100000E+001  -0.363890E-001   0.140390E-002
   0.248497E+001   0.100000E+001  -0.368076E-001  -0.146326E-001
   0.256513E+001   0.100000E+001  -0.369737E-001  -0.308631E-001
   0.264529E+001   0.100000E+001  -0.368969E-001  -0.471635E-001
   0.272545E+001   0.100000E+001  -0.365755E-001  -0.634124E-001
   0.280561E+001   0.100000E+001  -0.359977E-001  -0.794881E-001
   0.288577E+001   0.100000E+001  -0.351420E-001  -0.952658E-001
   0.296593E+001   0.100000E+001  -0.339782E-001  -0.110614E+000
   0.304609E+001   0.100000E+001  -0.324680E-001  -0.125390E+000
   0.312625E+001   0.100000E+001  -0.305664E-001  -0.139441E+000
   0.320641E+001   0.100000E+001  -0.282223E-001  -0.152598E+000
   0.328657E+001   0.100000E+001  -0.253796E-001  -0.164676E+000
   0.336673E+001   0.100000E+001  -0.219790E-001  -0.175468E+000
   0.344689E+001   0.100000E+001  -0.179617E-001  -0.184748E+000
   0.352705E+001   0.100000E+001  -0.132745E-001  -0.192266E+000
   0.360721E+001   0.100000E+001  -0.787762E-002  -0.197746E+000
   0.368737E+001   0.100000E+001  -0.175364E-002  -0.200892E+000
   0.376754E+001   0.100000E+001   0.507993E-002  -0.201386E+000
   0.384770E+001   0.100000E+001   0.125555E-001  -0.198904E+000
   0.392786E+001   0.100000E+001   0.205376E-001  -0.193124E+000
   0.400802E+001   0.100000E+001   0.288041E-001  -0.183765E+000
   0.408818E+001   0.100000E+001   0.370310E-001  -0.170624E+000
   0.416834E+001   0.100000E+001   0.447886E-001  -0.153649E+000
   0.424850E+001   0.100000E+001   0.515599E-001  -0.133017E+000
   0.432866E+001   0.100000E+001   0.567941E-001  -0.109222E+000
   0.440882E+001   0.100000E+001   0.599942E-001  -0.831119E-001
   0.448898E+001   0.100000E+001   0.608212E-001  -0.558501E-001
   0.456914E+001   0.100000E+001   0.591785E-001  -0.287723E-001
   0.464930E+001   0.100000E+001   0.552385E-001  -0.317918E-002
   0.472946E+001   0.100000E+001   0.493990E-001   0.198553E-001
   0.480962E+001   0.100000E+001   0.421874E-001   0.395914E-001
   0.488978E+001   0.100000E+001   0.341568E-001   0.556313E-001
   0.496994E+001   0.100000E+001   0.258052E-001   0.678621E-001
   0.505010E+001   0.100000E+001   0.175338E-001   0.763756E-001
   0.513026E+001   0.100000E+001   0.963642E-002   0.813931E-001
   0.521042E+001   0.100000E+001   0.230853E-002   0.832072E-001
   0.529058E+001   0.100000E+001  -0.433506E-002   0.821402E-001
   0.537074E+001   0.100000E+001  -0.102415E-001   0.785160E-001
   0.545090E+001   0.100000E+001  -0.154032E-001   0.726426E-001
   0.553106E+001   0.100000E+001  -0.198456E-001   0.648040E-001
   0.561122E+001   0.100000E+001  -0.236163E-001   0.552571E-001
   0.569138E+001   0.100000E+001  -0.267768E-001   0.442347E-001
   0.577154E+001   0.100000E+001  -0.293945E-001   0.319487E-001
   0.585170E+001   0.100000E+001  -0.315369E-001   0.185944E-001
   0.593186E+001   0.100000E+001  -0.332667E-001   0.435426E-002
   0.601202E+001   0.100000E+001  -0.346374E-001  -0.106014E-001
   0.609218E+001   0.100000E+001  -0.356905E-001  -0.261134E-001
   0.617234E+001   0.100000E+001  -0.364549E-001  -0.420343E-001
   0.625251E+001   0.100000E+001  -0.369490E-001  -0.582289E-001
   0.633267E+001   0.100000E+001  -0.371824E-001  -0.745735E-001
   0.641283E+001   0.100000E+001  -0.371567E-001  -0.909542E-001
   0.649299E+001   0.100000E+001  -0.368658E-001  -0.107260E+000
   0.657315E+001   0.100000E+001  -0.362962E-001  -0.123379E+000
   0.665331E+001   0.100000E+001  -0.354251E-001  -0.139192E+000
   0.673347E+001   0.100000E+001  -0.342233E-001  -0.154573E+000
   0.681363E+001   0.100000E+001  -0.326573E-001  -0.169381E+000
   0.689379E+001   0.100000E+001  -0.306822E-001  -0.183459E+000
   0.697395E+001   0.100000E+001  -0.282462E-001  -0.196628E+000
   0.705411E+001   0.100000E+001  -0.252942E-001  -0.208698E+000
   0.713427E+001   0.100000E+001  -0.217668E-001  -0.219459E+000
   0.721443E+001   0.100000E+001  -0.176077E-001  -0.228674E+000
   0.729459E+001   0.100000E+001  -0.127645E-001  -0.236069E+000
   0.737475E+001   0.100000E+001  -0.723444E-002  -0.241334E+000
   0.745491E+001   0.100000E+001  -0.102619E-002  -0.244150E+000
   0.753507E+001   0.100000E+001   0.583045E-002  -0.244195E+000
   0.761523E+001   0.100000E+001   0.132248E-001  -0.241148E+000
   0.769539E+001   0.100000E+001   0.209804E-001  -0.234739E+000
   0.777555E+001   0.100000E+001   0.288919E-001  -0.224795E+000
   0.785571E+001   0.100000E+001   0.366501E-001  -0.211254E+000
   0.793587E+001   0.100000E+001   0.438418E-001  -0.194198E+000
   0.801603E+001   0.100000E+001   0.500585E-001  -0.173916E+000
   0.809619E+001   0.100000E+001   0.549058E-001  -0.150923E+000
   0.817635E+001   0.100000E+001   0.580694E-001  -0.125951E+000
   0.825651E+001   0.100000E+001   0.592978E-001  -0.999010E-001
   0.833667E+001   0.100000E+001   0.584082E-001  -0.737922E-001
   0.841683E+001   0.100000E+001   0.553882E-001  -0.486936E-001
   0.849699E+001   0.100000E+001   0.504374E-001  -0.256152E-001
   0.857715E+001   0.100000E+001   0.439032E-001  -0.538266E-002
   0.865731E+001   0.100000E+001   0.362655E-001   0.114346E-001
   0.873747E+001   0.100000E+001   0.280597E-001   0.245506E-001
   0.881764E+001   0.100000E+001   0.197586E-001   0.339385E-001
   0.889780E+001   0.100000E+001   0.117104E-001   0.397584E-001
   0.897796E+001   0.100000E+001   0.409828E-002   0.422776E-001
   0.905812E+001   0.100000E+001  -0.293452E-002   0.417888E-001
   0.913828E+001   0.100000E+001  -0.930138E-002   0.385816E-001
   0.921844E+001   0.100000E+001  -0.149634E-001   0.329367E-001
   0.929860E+001   0.100000E+001  -0.199034E-001   0.251254E-001
   0.937876E+001   0.100000E+001  -0.241321E-001   0.154152E-001
   0.945892E+001   0.100000E+001  -0.276851E-001   0.406957E-002
   0.953908E+001   0.100000E+001  -0.305898E-001  -0.865735E-002
   0.961924E+001   0.100000E+001  -0.328683E-001  -0.225179E-001
   0.969940E+001   0.100000E+001  -0.345333E-001  -0.372677E-001
   0.977956E+001   0.100000E+001  -0.356130E-001  -0.526628E-001
   0.985972E+001   0.100000E+001  -0.361857E-001  -0.684623E-001
   0.993988E+001   0.100000E+001  -0.363641E-001  -0.844458E-001
   0.100200E+002   0.100000E+001  -0.362766E-001  -0.100432E+000
   0.101002E+002   0.100000E+001  -0.360129E-001  -0.116290E+000
   0.101804E+002   0.100000E+001  -0.356083E-001  -0.131941E+000
   0.102605E+002   0.100000E+001  -0.350615E-001  -0.147336E+000
   0.103407E+002   0.100000E+001  -0.343435E-001  -0.162432E+000
   0.104208E+002   0.100000E+001  -0.334037E-001  -0.177175E+000
   0.105010E+002   0.100000E+001  -0.321850E-001  -0.191481E+000
   0.105812E+002   0.100000E+001  -0.306340E-001  -0.205233E+000
   0.106613E+002   0.100000E+001  -0.286979E-001  -0.218288E+000
   0.107415E+002   0.100000E+001  -0.263463E-001  -0.230480E+000
   0.108216E+002   0.100000E+001  -0.235730E-001  -0.241634E+000
   0.109018E+002   0.100000E+001  -0.203698E-001  -0.251572E+000
   0.109820E+002   0.100000E+001  -0.167069E-001  -0.260116E+000
   0.110621E+002   0.100000E+001  -0.125193E-001  -0.267081E+000
   0.111423E+002   0.100000E+001  -0.770817E-002  -0.272260E+000
   0.112224E+002   0.100000E+001  -0.219117E-002  -0.275407E+000
   0.113026E+002   0.100000E+001   0.408872E-002  -0.276227E+000
   0.113828E+002   0.100000E+001   0.111144E-001  -0.274375E+000
   0.114629E+002   0.100000E+001   0.187798E-001  -0.269485E+000
   0.115431E+002   0.100000E+001   0.268795E-001  -0.261210E+000
   0.116232E+002   0.100000E+001   0.350877E-001  -0.249286E+000
   0.117034E+002   0.100000E+001   0.429362E-001  -0.233609E+000
   0.117836E+002   0.100000E+001   0.498472E-001  -0.214321E+000
   0.118637E+002   0.100000E+001   0.552550E-001  -0.191874E+000
   0.119439E+002   0.100000E+001   0.586978E-001  -0.167054E+000
   0.120240E+002   0.100000E+001   0.598148E-001  -0.140938E+000
   0.121042E+002   0.100000E+001   0.584815E-001  -0.114784E+000
   0.121844E+002   0.100000E+001   0.548796E-001  -0.898731E-001
   0.122645E+002   0.100000E+001   0.493902E-001  -0.673306E-001
   0.123447E+002   0.100000E+001   0.425176E-001  -0.479823E-001
   0.124248E+002   0.100000E+001   0.347971E-001  -0.322933E-001
   0.125050E+002   0.100000E+001   0.266748E-001  -0.203935E-001
   0.125852E+002   0.100000E+001   0.184698E-001  -0.121751E-001
   0.126653E+002   0.100000E+001   0.104452E-001  -0.740803E-002
   0.127455E+002   0.100000E+001   0.287440E-002  -0.582269E-002
   0.128257E+002   0.100000E+001  -0.402600E-002  -0.713431E-002
   0.129058E+002   0.100000E+001  -0.101413E-001  -0.110372E-001
   0.129860E+002   0.100000E+001  -0.154196E-001  -0.172035E-001
   0.130661E+002   0.100000E+001  -0.198790E-001  -0.252914E-001
   0.131463E+002   0.100000E+001  -0.235791E-001  -0.349700E-001
   0.132265E+002   0.100000E+001  -0.265979E-001  -0.459441E-001
   0.133066E+002   0.100000E+001  -0.290324E-001  -0.579658E-001
   0.133868E+002   0.100000E+001  -0.309743E-001  -0.708366E-001
   0.134669E+002   0.100000E+001  -0.325128E-001  -0.843977E-001
   0.135471E+002   0.100000E+001  -0.337229E-001  -0.985184E-001
   0.136273E+002   0.100000E+001  -0.346458E-001  -0.113086E+000
   0.137074E+002   0.100000E+001  -0.353109E-001  -0.127995E+000
   0.137876E+002   0.100000E+001  -0.357455E-001  -0.143143E+000
   0.138677E+002   0.100000E+001  -0.359563E-001  -0.158428E+000
   0.139479E+002   0.100000E+001  -0.359291E-001  -0.173746E+000
   0.140281E+002   0.100000E+001  -0.356496E-001  -0.188991E+000
   0.141082E+002   0.100000E+001  -0.350990E-001  -0.204051E+000
   0.141884E+002   0.100000E+001  -0.342396E-001  -0.218811E+000
   0.142685E+002   0.100000E+001  -0.330372E-001  -0.233146E+000
   0.143487E+002   0.100000E+001  -0.314656E-001  -0.246923E+000
   0.144289E+002   0.100000E+001  -0.294827E-001  -0.259995E+000
   0.145090E+002   0.100000E+001  -0.270399E-001  -0.272201E+000
   0.145892E+002   0.100000E+001  -0.241032E-001  -0.283357E+000
   0.146693E+002   0.100000E+001  -0.206362E-001  -0.293260E+000
   0.147495E+002   0.100000E+001  -0.165922E-001  -0.301689E+000
   0.148297E+002   0.100000E+001  -0.119421E-001  -0.308404E+000
   0.149098E+002   0.100000E+001  -0.668607E-002  -0.313153E+000
   0.149900E+002   0.100000E+001  -0.817056E-003  -0.315679E+000
   0.150701E+002   0.100000E+001   0.564874E-002  -0.315716E+000
   0.151503E+002   0.100000E+001   0.126478E-001  -0.313001E+000
   0.152305E+002   0.100000E+001   0.201213E-001  -0.307281E+000
   0.153106E+002   0.100000E+001   0.278860E-001  -0.298327E+000
   0.153908E+002   0.100000E+001   0.356900E-001  -0.285976E+000
   0.154709E+002   0.100000E+001   0.431816E-001  -0.270184E+000
   0.155511E+002   0.100000E+001   0.498891E-001  -0.251083E+000
   0.156313E+002   0.100000E+001   0.552617E-001  -0.229054E+000
   0.157114E+002   0.100000E+001   0.587830E-001  -0.204772E+000
   0.157916E+002   0.100000E+001   0.600098E-001  -0.179206E+000
   0.158717E+002   0.100000E+001   0.587349E-001  -0.153563E+000
   0.159519E+002   0.100000E+001   0.549752E-001  -0.129151E+000
   0.160321E+002   0.100000E+001   0.490950E-001  -0.107204E+000
   0.161122E+002   0.100000E+001   0.416309E-001  -0.886893E-001
   0.161924E+002   0.100000E+001   0.332094E-001  -0.741824E-001
   0.162725E+002   0.100000E+001   0.244636E-001  -0.638346E-001
   0.163527E+002   0.100000E+001   0.159189E-001  -0.574419E-001
   0.164329E+002   0.100000E+001   0.792497E-002  -0.545771E-001
   0.165130E+002   0.100000E+001   0.728012E-003  -0.547359E-001
   0.165932E+002   0.100000E+001  -0.557452E-002  -0.574286E-001
   0.166733E+002   0.100000E+001  -0.109600E-001  -0.622319E-001
   0.167535E+002   0.100000E+001  -0.154973E-001  -0.687895E-001
   0.168337E+002   0.100000E+001  -0.192970E-001  -0.768047E-001
   0.169138E+002   0.100000E+001  -0.224767E-001  -0.860321E-001
   0.169940E+002   0.100000E+001  -0.251701E-001  -0.962726E-001
   0.170741E+002   0.100000E+001  -0.274900E-001  -0.107374E+000
   0.171543E+002   0.100000E+001  -0.295210E-001  -0.119229E+000
   0.172345E+002   0.100000E+001  -0.313201E-001  -0.131764E+000
   0.173146E+002   0.100000E+001  -0.328986E-001  -0.144926E+000
   0.173948E+002   0.100000E+001  -0.342322E-001  -0.158662E+000
   0.174749E+002   0.100000E+001  -0.353108E-001  -0.172908E+000
   0.175551E+002   0.100000E+001  -0.361380E-001  -0.187573E+000
   0.176353E+002   0.100000E+001  -0.366960E-001  -0.202552E+000
   0.177154E+002   0.100000E+001  -0.369468E-001  -0.217721E+000
   0.177956E+002   0.100000E+001  -0.368645E-001  -0.232950E+000
   0.178758E+002   0.100000E+001  -0.364048E-001  -0.248096E+000
   0.179559E+002   0.100000E+001  -0.354983E-001  -0.263006E+000
   0.180361E+002   0.100000E+001  -0.340912E-001  -0.277506E+000
   0.181162E+002   0.100000E+001  -0.321468E-001  -0.291405E+000
   0.181964E+002   0.100000E+001  -0.296429E-001  -0.304491E+000
   0.182766E+002   0.100000E+001  -0.265694E-001  -0.316541E+000
   0.183567E+002   0.100000E+001  -0.229252E-001  -0.327327E+000
   0.184369E+002   0.100000E+001  -0.187069E-001  -0.336617E+000
   0.185170E+002   0.100000E+001  -0.138918E-001  -0.344175E+000
   0.185972E+002   0.100000E+001  -0.846322E-002  -0.349756E+000
   0.186774E+002   0.100000E+001  -0.247442E-002  -0.353103E+000
   0.187575E+002   0.100000E+001   0.396409E-002  -0.353964E+000
   0.188377E+002   0.100000E+001   0.107168E-001  -0.352109E+000
   0.189178E+002   0.100000E+001   0.176780E-001  -0.347355E+000
   0.189980E+002   0.100000E+001   0.247089E-001  -0.339573E+000
   0.190782E+002   0.100000E+001   0.316243E-001  -0.328702E+000
   0.191583E+002   0.100000E+001   0.382065E-001  -0.314765E+000
   0.192385E+002   0.100000E+001   0.441466E-001  -0.297890E+000
   0.193186E+002   0.100000E+001   0.491098E-001  -0.278345E+000
   0.193988E+002   0.100000E+001   0.528420E-001  -0.256563E+000
   0.194790E+002   0.100000E+001   0.551413E-001  -0.233150E+000
   0.195591E+002   0.100000E+001   0.558180E-001  -0.208859E+000
   0.196393E+002   0.100000E+001   0.546815E-001  -0.184557E+000
   0.197194E+002   0.100000E+001   0.516349E-001  -0.161175E+000
   0.197996E+002   0.100000E+001   0.467705E-001  -0.139642E+000
   0.198798E+002   0.100000E+001   0.403643E-001  -0.120789E+000
   0.199599E+002   0.100000E+001   0.328816E-001  -0.105259E+000
   0.200401E+002   0.100000E+001   0.248330E-001  -0.934251E-001
   0.201202E+002   0.100000E+001   0.166454E-001  -0.853751E-001
   0.202004E+002   0.100000E+001   0.865464E-002  -0.809567E-001
   0.202806E+002   0.100000E+001   0.110152E-002  -0.798660E-001
   0.203607E+002   0.100000E+001  -0.584891E-002  -0.817379E-001
   0.204409E+002   0.100000E+001  -0.120874E-001  -0.862070E-001
   0.205210E+002   0.100000E+001  -0.175809E-001  -0.929288E-001
   0.206012E+002   0.100000E+001  -0.223063E-001  -0.101585E+000
   0.206814E+002   0.100000E+001  -0.262737E-001  -0.111873E+000
   0.207615E+002   0.100000E+001  -0.295226E-001  -0.123501E+000
   0.208417E+002   0.100000E+001  -0.321059E-001  -0.136191E+000
   0.209218E+002   0.100000E+001  -0.340905E-001  -0.149690E+000
   0.210020E+002   0.100000E+001  -0.355483E-001  -0.163769E+000
   0.210822E+002   0.100000E+001  -0.365499E-001  -0.178238E+000
   0.211623E+002   0.100000E+001  -0.371643E-001  -0.192935E+000
   0.212425E+002   0.100000E+001  -0.374493E-001  -0.207727E+000
   0.213226E+002   0.100000E+001  -0.374510E-001  -0.222505E+000
   0.214028E+002   0.100000E+001  -0.372009E-001  -0.237177E+000
   0.214830E+002   0.100000E+001  -0.367154E-001  -0.251658E+000
   0.215631E+002   0.100000E+001  -0.359923E-001  -0.265872E+000
   0.216433E+002   0.100000E+001  -0.350218E-001  -0.279735E+000
   0.217234E+002   0.100000E+001  -0.337871E-001  -0.293158E+000
   0.218036E+002   0.100000E+001  -0.322624E-001  -0.306040E+000
   0.218838E+002   0.100000E+001  -0.304232E-001  -0.318265E+000
   0.219639E+002   0.100000E+001  -0.282242E-001  -0.329703E+000
   0.220441E+002   0.100000E+001  -0.256167E-001  -0.340206E+000
   0.221242E+002   0.100000E+001  -0.225595E-001  -0.349604E+000
   0.222044E+002   0.100000E+001  -0.190079E-001  -0.357710E+000
   0.222846E+002   0.100000E+001  -0.149349E-001  -0.364318E+000
   0.223647E+002   0.100000E+001  -0.103057E-001  -0.369208E+000
   0.224449E+002   0.100000E+001  -0.509761E-002  -0.372149E+000
   0.225251E+002   0.100000E+001   0.677451E-003  -0.372897E+000
   0.226052E+002   0.100000E+001   0.699589E-002  -0.371199E+000
   0.226854E+002   0.100000E+001   0.138002E-001  -0.366802E+000
   0.227655E+002   0.100000E+001   0.209693E-001  -0.359455E+000
   0.228457E+002   0.100000E+001   0.283258E-001  -0.348928E+000
   0.229259E+002   0.100000E+001   0.355845E-001  -0.335042E+000
   0.230060E+002   0.100000E+001   0.423858E-001  -0.317713E+000
   0.230862E+002   0.100000E+001   0.483124E-001  -0.297026E+000
   0.231663E+002   0.100000E+001   0.528370E-001  -0.273377E+000
   0.232465E+002   0.100000E+001   0.553216E-001  -0.247613E+000
   0.233267E+002   0.100000E+001   0.552869E-001  -0.221024E+000
   0.234068E+002   0.100000E+001   0.526951E-001  -0.195100E+000
   0.234870E+002   0.100000E+001   0.479053E-001  -0.171182E+000
   0.235671E+002   0.100000E+001   0.414457E-001  -0.150242E+000
   0.236473E+002   0.100000E+001   0.338777E-001  -0.132861E+000
   0.237275E+002   0.100000E+001   0.257516E-001  -0.119279E+000
   0.238076E+002   0.100000E+001   0.175453E-001  -0.109461E+000
   0.238878E+002   0.100000E+001   0.960968E-002  -0.103192E+000
   0.239679E+002   0.100000E+001   0.218016E-002  -0.100165E+000
   0.240481E+002   0.100000E+001  -0.458396E-002  -0.100033E+000
   0.241283E+002   0.100000E+001  -0.105847E-001  -0.102421E+000
   0.242084E+002   0.100000E+001  -0.157851E-001  -0.106952E+000
   0.242886E+002   0.100000E+001  -0.202011E-001  -0.113265E+000
   0.243687E+002   0.100000E+001  -0.238867E-001  -0.121034E+000
   0.244489E+002   0.100000E+001  -0.269193E-001  -0.129971E+000
   0.245291E+002   0.100000E+001  -0.293852E-001  -0.139836E+000
   0.246092E+002   0.100000E+001  -0.313681E-001  -0.150427E+000
   0.246894E+002   0.100000E+001  -0.329437E-001  -0.161580E+000
   0.247695E+002   0.100000E+001  -0.341762E-001  -0.173161E+000
   0.248497E+002   0.100000E+001  -0.351162E-001  -0.185057E+000
   0.249299E+002   0.100000E+001  -0.357999E-001  -0.197175E+000
   0.250100E+002   0.100000E+001  -0.362509E-001  -0.209431E+000
   0.250902E+002   0.100000E+001  -0.364826E-001  -0.221744E+000
   0.251703E+002   0.100000E+001  -0.365011E-001  -0.234037E+000
   0.252505E+002   0.100000E+001  -0.363071E-001  -0.246235E+000
   0.253307E+002   0.100000E+001  -0.358946E-001  -0.258259E+000
   0.254108E+002   0.100000E+001  -0.352489E-001  -0.270032E+000
   0.254910E+002   0.100000E+001  -0.343443E-001  -0.281465E+000
   0.255711E+002   0.100000E+001  -0.331441E-001  -0.292460E+000
   0.256513E+002   0.100000E+001  -0.316018E-001  -0.302898E+000
   0.257315E+002   0.100000E+001  -0.296652E-001  -0.312638E+000
   0.258116E+002   0.100000E+001  -0.272808E-001  -0.321515E+000
   0.258918E+002   0.100000E+001  -0.243981E-001  -0.329337E+000
   0.259719E+002   0.100000E+001  -0.209736E-001  -0.335892E+000
   0.260521E+002   0.100000E+001  -0.169752E-001  -0.340946E+000
   0.261323E+002   0.100000E+001  -0.123869E-001  -0.344247E+000
   0.262124E+002   0.100000E+001  -0.721481E-002  -0.345535E+000
   0.262926E+002   0.100000E+001  -0.149464E-002  -0.344542E+000
   0.263727E+002   0.100000E+001   0.469943E-002  -0.341006E+000
   0.264529E+002   0.100000E+001   0.112456E-001  -0.334690E+000
   0.265331E+002   0.100000E+001   0.179664E-001  -0.325400E+000
   0.266132E+002   0.100000E+001   0.246244E-001  -0.313019E+000
   0.266934E+002   0.100000E+001   0.309254E-001  -0.297546E+000
   0.267735E+002   0.100000E+001   0.365325E-001  -0.279135E+000
   0.268537E+002   0.100000E+001   0.410959E-001  -0.258134E+000
   0.269339E+002   0.100000E+001   0.442954E-001  -0.235099E+000
   0.270140E+002   0.100000E+001   0.458908E-001  -0.210772E+000
   0.270942E+002   0.100000E+001   0.457660E-001  -0.186023E+000
   0.271743E+002   0.100000E+001   0.439511E-001  -0.161754E+000
   0.272545E+002   0.100000E+001   0.406161E-001  -0.138793E+000
   0.273347E+002   0.100000E+001   0.360359E-001  -0.117816E+000
   0.274148E+002   0.100000E+001   0.305419E-001  -0.992995E-001
   0.274950E+002   0.100000E+001   0.244744E-001  -0.835209E-001
   0.275752E+002   0.100000E+001   0.181455E-001  -0.705819E-001
   0.276553E+002   0.100000E+001   0.118182E-001  -0.604483E-001
   0.277355E+002   0.100000E+001   0.569770E-002  -0.529905E-001
   0.278156E+002   0.100000E+001  -0.671935E-004  -0.480183E-001
   0.278958E+002   0.100000E+001  -0.537755E-002  -0.453075E-001
   0.279760E+002   0.100000E+001  -0.101751E-001  -0.446190E-001
   0.280561E+002   0.100000E+001  -0.144329E-001  -0.457119E-001
   0.281363E+002   0.100000E+001  -0.181465E-001  -0.483509E-001
   0.282164E+002   0.100000E+001  -0.213266E-001  -0.523118E-001
   0.282966E+002   0.100000E+001  -0.239936E-001  -0.573830E-001
   0.283768E+002   0.100000E+001  -0.261725E-001  -0.633665E-001
   0.284569E+002   0.100000E+001  -0.278904E-001  -0.700779E-001
   0.285371E+002   0.100000E+001  -0.291736E-001  -0.773453E-001
   0.286172E+002   0.100000E+001  -0.300470E-001  -0.850084E-001
   0.286974E+002   0.100000E+001  -0.305329E-001  -0.929168E-001
   0.287776E+002   0.100000E+001  -0.306507E-001  -0.100929E+000
   0.288577E+002   0.100000E+001  -0.304176E-001  -0.108911E+000
   0.289379E+002   0.100000E+001  -0.298480E-001  -0.116737E+000
   0.290180E+002   0.100000E+001  -0.289545E-001  -0.124284E+000
   0.290982E+002   0.100000E+001  -0.277483E-001  -0.131437E+000
   0.291784E+002   0.100000E+001  -0.262396E-001  -0.138083E+000
   0.292585E+002   0.100000E+001  -0.244385E-001  -0.144116E+000
   0.293387E+002   0.100000E+001  -0.223553E-001  -0.149431E+000
   0.294188E+002   0.100000E+001  -0.200015E-001  -0.153931E+000
   0.294990E+002   0.100000E+001  -0.173906E-001  -0.157518E+000
   0.295792E+002   0.100000E+001  -0.145394E-001  -0.160103E+000
   0.296593E+002   0.100000E+001  -0.114696E-001  -0.161601E+000
   0.297395E+002   0.100000E+001  -0.820914E-002  -0.161933E+000
   0.298196E+002   0.100000E+001  -0.479469E-002  -0.161031E+000
   0.298998E+002   0.100000E+001  -0.127387E-002  -0.158838E+000
   0.299800E+002   0.100000E+001   0.229242E-002  -0.155317E+000
   0.300601E+002   0.100000E+001   0.582817E-002  -0.150455E+000
   0.301403E+002   0.100000E+001   0.924173E-002  -0.144270E+000
   0.302204E+002   0.100000E+001   0.124275E-001  -0.136827E+000
   0.303006E+002   0.100000E+001   0.152710E-001  -0.128238E+000
   0.303808E+002   0.100000E+001   0.176581E-001  -0.118678E+000
   0.304609E+002   0.100000E+001   0.194882E-001  -0.108378E+000
   0.305411E+002   0.100000E+001   0.206890E-001  -0.976180E-001
   0.306212E+002   0.100000E+001   0.212296E-001  -0.867102E-001
   0.307014E+002   0.100000E+001   0.211282E-001  -0.759676E-001
   0.307816E+002   0.100000E+001   0.204502E-001  -0.656766E-001
   0.308617E+002   0.100000E+001   0.192983E-001  -0.560710E-001
   0.309419E+002   0.100000E+001   0.177965E-001  -0.473175E-001
   0.310220E+002   0.100000E+001   0.160732E-001  -0.395119E-001
   0.311022E+002   0.100000E+001   0.142476E-001  -0.326857E-001
   0.311824E+002   0.100000E+001   0.124196E-001  -0.268179E-001
   0.312625E+002   0.100000E+001   0.106664E-001  -0.218497E-001
   0.313427E+002   0.100000E+001   0.904130E-002  -0.176985E-001
   0.314228E+002   0.100000E+001   0.757673E-002  -0.142691E-001
   0.315030E+002   0.100000E+001   0.628749E-002  -0.114631E-001
   0.315832E+002   0.100000E+001   0.517502E-002  -0.918496E-002
   0.316633E+002   0.100000E+001   0.423125E-002  -0.734668E-002
   0.317435E+002   0.100000E+001   0.344199E-002  -0.586967E-002
   0.318236E+002   0.100000E+001   0.278974E-002  -0.468599E-002
   0.319038E+002   0.100000E+001   0.225576E-002  -0.373834E-002
   0.319840E+002   0.100000E+001   0.182161E-002  -0.297945E-002
   0.320641E+002   0.100000E+001   0.147020E-002  -0.237102E-002
   0.321443E+002   0.100000E+001   0.118636E-002  -0.188251E-002
   0.322244E+002   0.100000E+001   0.957085E-003  -0.148983E-002
   0.323046E+002   0.100000E+001   0.771614E-003  -0.117408E-002
   0.323848E+002   0.100000E+001   0.621224E-003  -0.920423E-003
   0.324649E+002   0.100000E+001   0.498991E-003  -0.717166E-003
   0.325451E+002   0.100000E+001   0.399481E-003  -0.554961E-003
   0.326253E+002   0.100000E+001   0.318443E-003  -0.426244E-003
   0.327054E+002   0.100000E+001   0.252533E-003  -0.324809E-003
   0.327856E+002   0.100000E+001   0.199087E-003  -0.245510E-003
   0.328657E+002   0.100000E+001   0.155947E-003  -0.184054E-003
   0.329459E+002   0.100000E+001   0.121331E-003  -0.136862E-003
   0.330261E+002   0.100000E+001   0.937461E-004  -0.100963E-003
   0.331062E+002   0.100000E+001   0.719306E-004  -0.739094E-004
   0.331864E+002   0.100000E+001   0.548152E-004  -0.537087E-004
   0.332665E+002   0.100000E+001   0.414961E-004  -0.387587E-004
   0.333467E+002   0.100000E+001   0.312145E-004  -0.277883E-004
   0.334269E+002   0.100000E+001   0.233397E-004  -0.198023E-004
   0.335070E+002   0.100000E+001   0.173534E-004  -0.140324E-004
   0.335872E+002   0.100000E+001   0.128350E-004  -0.989250E-005
   0.336673E+002   0.100000E+001   0.944710E-005  -0.694111E-005
   0.337475E+002   0.100000E+001   0.692246E-005  -0.484936E-005
   0.338277E+002   0.100000E+001   0.505180E-005  -0.337477E-005
   0.339078E+002   0.100000E+001   0.367291E-005  -0.234030E-005
   0.339880E+002   0.100000E+001   0.266132E-005  -0.161775E-005
   0.340681E+002   0.100000E+001   0.192241E-005  -0.111508E-005
   0.341483E+002   0.100000E+001   0.138477E-005  -0.766610E-006
   0.342285E+002   0.100000E+001   0.994970E-006  -0.525811E-006
   0.343086E+002   0.100000E+001   0.713254E-006  -0.359893E-006
   0.343888E+002   0.100000E+001   0.510242E-006  -0.245863E-006
   0.344689E+002   0.100000E+001   0.364326E-006  -0.167675E-006
   0.345491E+002   0.100000E+001   0.259695E-006  -0.114175E-006
   0.346293E+002   0.100000E+001   0.184826E-006  -0.776358E-007
   0.347094E+002   0.100000E+001   0.131357E-006  -0.527224E-007
   0.347896E+002   0.100000E+001   0.932362E-007  -0.357618E-007
   0.348697E+002   0.100000E+001   0.661012E-007  -0.242312E-007
   0.349499E+002   0.100000E+001   0.468134E-007  -0.164021E-007
   0.350301E+002   0.100000E+001   0.331212E-007  -0.110923E-007
   0.351102E+002   0.100000E+001   0.234127E-007  -0.749500E-008
   0.351904E+002   0.100000E+001   0.165363E-007  -0.506022E-008
   0.352705E+002   0.100000E+001   0.116705E-007  -0.341378E-008
   0.353507E+002   0.100000E+001   0.823068E-008  -0.230137E-008
   0.354309E+002   0.100000E+001   0.580086E-008  -0.155036E-008
   0.355110E+002   0.100000E+001   0.408582E-008  -0.104372E-008
   0.355912E+002   0.100000E+001   0.287616E-008  -0.702186E-009
   0.356713E+002   0.100000E+001   0.202351E-008  -0.472104E-009
   0.357515E+002   0.100000E+001   0.142289E-008  -0.317209E-009
   0.358317E+002   0.100000E+001   0.100004E-008  -0.212998E-009
   0.359118E+002   0.100000E+001   0.702505E-009  -0.142930E-009
   0.359920E+002   0.100000E+001   0.493263E-009  -0.958498E-010
   0.360721E+002   0.100000E+001   0.346183E-009  -0.642347E-010
   0.361523E+002   0.100000E+001   0.242848E-009  -0.430182E-010
   0.362325E+002   0.100000E+001   0.170282E-009  -0.287892E-010
   0.363126E+002   0.100000E+001   0.119345E-009  -0.192527E-010
   0.363928E+002   0.100000E+001   0.836073E-010  -0.128654E-010
   0.364729E+002   0.100000E+001   0.585441E-010  -0.859038E-011
   0.365531E+002   0.100000E+001   0.409749E-010  -0.573114E-011
   0.366333E+002   0.100000E+001   0.286644E-010  -0.382024E-011
   0.367134E+002   0.100000E+001   0.200425E-010  -0.254414E-011
   0.367936E+002   0.100000E+001   0.140068E-010  -0.169265E-011
   0.368737E+002   0.100000E+001   0.978342E-011  -0.112499E-011
   0.369539E+002   0.100000E+001   0.682966E-011  -0.746883E-012
   0.370341E+002   0.100000E+001   0.476488E-011  -0.495281E-012
   0.371142E+002   0.100000E+001   0.332227E-011  -0.328029E-012
   0.371944E+002   0.100000E+001   0.231490E-011  -0.216970E-012
   0.372745E+002   0.100000E+001   0.161186E-011  -0.143308E-012
   0.373547E+002   0.100000E+001   0.112150E-011  -0.945120E-013
   0.374349E+002   0.100000E+001   0.779700E-012  -0.622297E-013
   0.375150E+002   0.100000E+001   0.541612E-012  -0.409027E-013
   0.375952E+002   0.100000E+001   0.375885E-012  -0.268344E-013
   0.376754E+002   0.100000E+001   0.260614E-012  -0.175693E-013
   0.377555E+002   0.100000E+001   0.180502E-012  -0.114782E-013
   0.378357E+002   0.100000E+001   0.124874E-012  -0.748109E-014
   0.379158E+002   0.100000E+001   0.862836E-013  -0.486350E-014
   0.379960E+002   0.100000E+001   0.595391E-013  -0.315302E-014
   0.380762E+002   0.100000E+001   0.410243E-013  -0.203794E-014
   0.381563E+002   0.100000E+001   0.282220E-013  -0.131287E-014
   0.382365E+002   0.100000E+001   0.193809E-013  -0.842718E-015
   0.383166E+002   0.100000E+001   0.132839E-013  -0.538785E-015
   0.383968E+002   0.100000E+001   0.908553E-014  -0.342961E-015
   0.384770E+002   0.100000E+001   0.619942E-014  -0.217252E-015
   0.385571E+002   0.100000E+001   0.421900E-014  -0.136878E-015
   0.386373E+002   0.100000E+001   0.286279E-014  -0.857194E-016
   0.387174E+002   0.100000E+001   0.193610E-014  -0.533177E-016
   0.387976E+002   0.100000E+001   0.130447E-014  -0.329095E-016
   0.388778E+002   0.100000E+001   0.875146E-015  -0.201356E-016
   0.389579E+002   0.100000E+001   0.584240E-015  -0.121964E-016
   0.390381E+002   0.100000E+001   0.387823E-015  -0.730191E-017
   0.391182E+002   0.100000E+001   0.255741E-015  -0.431237E-017
   0.391984E+002   0.100000E+001   0.167339E-015  -0.250607E-017
   0.392786E+002   0.100000E+001   0.108496E-015  -0.142855E-017
   0.393587E+002   0.100000E+001   0.695836E-016  -0.795506E-018
   0.394389E+002   0.100000E+001   0.440513E-016  -0.430401E-018
   0.395190E+002   0.100000E+001   0.274556E-016  -0.224556E-018
   0.395992E+002   0.100000E+001   0.167883E-016  -0.111737E-018
   0.396794E+002   0.100000E+001   0.100158E-016  -0.520699E-019
   0.397595E+002   0.100000E+001   0.576155E-017  -0.219387E-019
   0.398397E+002   0.100000E+001   0.308573E-017  -0.767919E-020
   0.399198E+002   0.100000E+001   0.132627E-017  -0.160718E-020
   0.400000E+002   0.100000E+001   0.000000E+000  -0.000000E+000
   0.400802E+002   0.100000E+001   0.617840E-017  -0.125201E-020

