  -0.801603E-001   0.100000E+001   0.143652E-001   0.186310E+000
   0.000000E+000   0.100000E+001   0.503895E-001   0.860695E-001
   0.801603E-001   0.100000E+001   0.428736E-001   0.104629E+000
   0.160321E+000   0.100000E+001   0.347271E-001   0.119402E+000
   0.240481E+000   0.100000E+001   0.263274E-001   0.130331E+000
   0.320641E+000   0.100000E+001   0.181039E-001   0.137511E+000
   0.400802E+000   0.100000E+001   0.102493E-001   0.141245E+000
   0.480962E+000   0.100000E+001   0.297002E-002   0.141818E+000
   0.561122E+000   0.100000E+001  -0.364062E-002   0.139571E+000
   0.641283E+000   0.100000E+001  -0.954354E-002   0.134838E+000
   0.721443E+000   0.100000E+001  -0.147375E-001   0.127934E+000
   0.801603E+000   0.100000E+001  -0.192501E-001   0.119155E+000
   0.881764E+000   0.100000E+001  -0.231252E-001   0.108768E+000
   0.961924E+000   0.100000E+001  -0.264142E-001   0.970161E-001
   0.104208E+001   0.100000E+001  -0.291713E-001   0.841143E-001
   0.112224E+001   0.100000E+001  -0.314496E-001   0.702551E-001
   0.120240E+001   0.100000E+001  -0.332988E-001   0.556101E-001
   0.128257E+001   0.100000E+001  -0.347645E-001   0.403333E-001
   0.136273E+001   0.100000E+001  -0.358880E-001   0.245660E-001
   0.144289E+001   0.100000E+001  -0.367052E-001   0.844248E-002
   0.152305E+001   0.100000E+001  -0.372437E-001  -0.790575E-002
   0.160321E+001   0.100000E+001  -0.375192E-001  -0.243471E-001
   0.168337E+001   0.100000E+001  -0.375319E-001  -0.407511E-001
   0.176353E+001   0.100000E+001  -0.372663E-001  -0.569911E-001
   0.184369E+001   0.100000E+001  -0.366946E-001  -0.729462E-001
   0.192385E+001   0.100000E+001  -0.357819E-001  -0.885005E-001
   0.200401E+001   0.100000E+001  -0.344903E-001  -0.103538E+000
   0.208417E+001   0.100000E+001  -0.327813E-001  -0.117936E+000
   0.216433E+001   0.100000E+001  -0.306159E-001  -0.131560E+000
   0.224449E+001   0.100000E+001  -0.279531E-001  -0.144254E+000
   0.232465E+001   0.100000E+001  -0.247502E-001  -0.155843E+000
   0.240481E+001   0.100000E+001  -0.209627E-001  -0.166124E+000
   0.248497E+001   0.100000E+001  -0.165463E-001  -0.174870E+000
   0.256513E+001   0.100000E+001  -0.114621E-001  -0.181823E+000
   0.264529E+001   0.100000E+001  -0.568353E-002  -0.186700E+000
   0.272545E+001   0.100000E+001   0.793679E-003  -0.189194E+000
   0.280561E+001   0.100000E+001   0.793775E-002  -0.188977E+000
   0.288577E+001   0.100000E+001   0.156648E-001  -0.185715E+000
   0.296593E+001   0.100000E+001   0.238204E-001  -0.179088E+000
   0.304609E+001   0.100000E+001   0.321606E-001  -0.168827E+000
   0.312625E+001   0.100000E+001   0.403392E-001  -0.154763E+000
   0.320641E+001   0.100000E+001   0.479086E-001  -0.136903E+000
   0.328657E+001   0.100000E+001   0.543478E-001  -0.115513E+000
   0.336673E+001   0.100000E+001   0.591225E-001  -0.911853E-001
   0.344689E+001   0.100000E+001   0.617762E-001  -0.648639E-001
   0.352705E+001   0.100000E+001   0.620289E-001  -0.377727E-001
   0.360721E+001   0.100000E+001   0.598493E-001  -0.112600E-001
   0.368737E+001   0.100000E+001   0.554649E-001   0.134071E-001
   0.376754E+001   0.100000E+001   0.493039E-001   0.352197E-001
   0.384770E+001   0.100000E+001   0.418965E-001   0.535171E-001
   0.392786E+001   0.100000E+001   0.337773E-001   0.679821E-001
   0.400802E+001   0.100000E+001   0.254160E-001   0.785759E-001
   0.408818E+001   0.100000E+001   0.171840E-001   0.854533E-001
   0.416834E+001   0.100000E+001   0.934752E-002   0.888852E-001
   0.424850E+001   0.100000E+001   0.207830E-002   0.892002E-001
   0.432866E+001   0.100000E+001  -0.452836E-002   0.867460E-001
   0.440882E+001   0.100000E+001  -0.104345E-001   0.818657E-001
   0.448898E+001   0.100000E+001  -0.156425E-001   0.748854E-001
   0.456914E+001   0.100000E+001  -0.201807E-001   0.661072E-001
   0.464930E+001   0.100000E+001  -0.240930E-001   0.558068E-001
   0.472946E+001   0.100000E+001  -0.274308E-001   0.442327E-001
   0.480962E+001   0.100000E+001  -0.302473E-001   0.316069E-001
   0.488978E+001   0.100000E+001  -0.325938E-001   0.181270E-001
   0.496994E+001   0.100000E+001  -0.345169E-001   0.396766E-002
   0.505010E+001   0.100000E+001  -0.360570E-001  -0.107167E-001
   0.513026E+001   0.100000E+001  -0.372469E-001  -0.257895E-001
   0.521042E+001   0.100000E+001  -0.381110E-001  -0.411290E-001
   0.529058E+001   0.100000E+001  -0.386657E-001  -0.566251E-001
   0.537074E+001   0.100000E+001  -0.389187E-001  -0.721763E-001
   0.545090E+001   0.100000E+001  -0.388692E-001  -0.876857E-001
   0.553106E+001   0.100000E+001  -0.385079E-001  -0.103059E+000
   0.561122E+001   0.100000E+001  -0.378178E-001  -0.118202E+000
   0.569138E+001   0.100000E+001  -0.367762E-001  -0.133016E+000
   0.577154E+001   0.100000E+001  -0.353554E-001  -0.147394E+000
   0.585170E+001   0.100000E+001  -0.335232E-001  -0.161216E+000
   0.593186E+001   0.100000E+001  -0.312417E-001  -0.174346E+000
   0.601202E+001   0.100000E+001  -0.284674E-001  -0.186626E+000
   0.609218E+001   0.100000E+001  -0.251508E-001  -0.197877E+000
   0.617234E+001   0.100000E+001  -0.212386E-001  -0.207892E+000
   0.625251E+001   0.100000E+001  -0.166792E-001  -0.216438E+000
   0.633267E+001   0.100000E+001  -0.114296E-001  -0.223251E+000
   0.641283E+001   0.100000E+001  -0.546711E-002  -0.228038E+000
   0.649299E+001   0.100000E+001   0.120458E-002  -0.230478E+000
   0.657315E+001   0.100000E+001   0.853753E-002  -0.230222E+000
   0.665331E+001   0.100000E+001   0.164308E-001  -0.226915E+000
   0.673347E+001   0.100000E+001   0.247079E-001  -0.220212E+000
   0.681363E+001   0.100000E+001   0.330910E-001  -0.209829E+000
   0.689379E+001   0.100000E+001   0.412031E-001  -0.195609E+000
   0.697395E+001   0.100000E+001   0.485916E-001  -0.177604E+000
   0.705411E+001   0.100000E+001   0.547428E-001  -0.156139E+000
   0.713427E+001   0.100000E+001   0.591502E-001  -0.131869E+000
   0.721443E+001   0.100000E+001   0.614476E-001  -0.105769E+000
   0.729459E+001   0.100000E+001   0.614138E-001  -0.790197E-001
   0.737475E+001   0.100000E+001   0.590521E-001  -0.528800E-001
   0.745491E+001   0.100000E+001   0.546541E-001  -0.285567E-001
   0.753507E+001   0.100000E+001   0.486407E-001  -0.701498E-002
   0.761523E+001   0.100000E+001   0.414550E-001   0.111266E-001
   0.769539E+001   0.100000E+001   0.335815E-001   0.255602E-001
   0.777555E+001   0.100000E+001   0.254586E-001   0.362300E-001
   0.785571E+001   0.100000E+001   0.174358E-001   0.432714E-001
   0.793587E+001   0.100000E+001   0.976957E-002   0.469343E-001
   0.801603E+001   0.100000E+001   0.260806E-002   0.475247E-001
   0.809619E+001   0.100000E+001  -0.396091E-002   0.453646E-001
   0.817635E+001   0.100000E+001  -0.990539E-002   0.407730E-001
   0.825651E+001   0.100000E+001  -0.152176E-001   0.340540E-001
   0.833667E+001   0.100000E+001  -0.199082E-001   0.254931E-001
   0.841683E+001   0.100000E+001  -0.240172E-001   0.153546E-001
   0.849699E+001   0.100000E+001  -0.275904E-001   0.387337E-002
   0.857715E+001   0.100000E+001  -0.306641E-001  -0.874832E-002
   0.865731E+001   0.100000E+001  -0.332613E-001  -0.223356E-001
   0.873747E+001   0.100000E+001  -0.353944E-001  -0.367299E-001
   0.881764E+001   0.100000E+001  -0.370774E-001  -0.517765E-001
   0.889780E+001   0.100000E+001  -0.383225E-001  -0.673188E-001
   0.897796E+001   0.100000E+001  -0.391431E-001  -0.831970E-001
   0.905812E+001   0.100000E+001  -0.395434E-001  -0.992475E-001
   0.913828E+001   0.100000E+001  -0.395199E-001  -0.115302E+000
   0.921844E+001   0.100000E+001  -0.390824E-001  -0.131186E+000
   0.929860E+001   0.100000E+001  -0.382417E-001  -0.146729E+000
   0.937876E+001   0.100000E+001  -0.370330E-001  -0.161775E+000
   0.945892E+001   0.100000E+001  -0.355397E-001  -0.176200E+000
   0.953908E+001   0.100000E+001  -0.338310E-001  -0.189921E+000
   0.961924E+001   0.100000E+001  -0.319021E-001  -0.202890E+000
   0.969940E+001   0.100000E+001  -0.296744E-001  -0.215068E+000
   0.977956E+001   0.100000E+001  -0.270417E-001  -0.226388E+000
   0.985972E+001   0.100000E+001  -0.239086E-001  -0.236725E+000
   0.993988E+001   0.100000E+001  -0.202021E-001  -0.245892E+000
   0.100200E+002   0.100000E+001  -0.158593E-001  -0.253648E+000
   0.101002E+002   0.100000E+001  -0.108290E-001  -0.259714E+000
   0.101804E+002   0.100000E+001  -0.510682E-002  -0.263784E+000
   0.102605E+002   0.100000E+001   0.127665E-002  -0.265551E+000
   0.103407E+002   0.100000E+001   0.827224E-002  -0.264708E+000
   0.104208E+002   0.100000E+001   0.157647E-001  -0.260967E+000
   0.105010E+002   0.100000E+001   0.236039E-001  -0.254075E+000
   0.105812E+002   0.100000E+001   0.315877E-001  -0.243837E+000
   0.106613E+002   0.100000E+001   0.393741E-001  -0.230151E+000
   0.107415E+002   0.100000E+001   0.464770E-001  -0.213066E+000
   0.108216E+002   0.100000E+001   0.523865E-001  -0.192848E+000
   0.109018E+002   0.100000E+001   0.566987E-001  -0.170015E+000
   0.109820E+002   0.100000E+001   0.591507E-001  -0.145340E+000
   0.110621E+002   0.100000E+001   0.595770E-001  -0.119790E+000
   0.111423E+002   0.100000E+001   0.579340E-001  -0.944391E-001
   0.112224E+002   0.100000E+001   0.542856E-001  -0.703661E-001
   0.113026E+002   0.100000E+001   0.488026E-001  -0.485564E-001
   0.113828E+002   0.100000E+001   0.418299E-001  -0.298241E-001
   0.114629E+002   0.100000E+001   0.338654E-001  -0.147479E-001
   0.115431E+002   0.100000E+001   0.254435E-001  -0.363130E-002
   0.116232E+002   0.100000E+001   0.170128E-001   0.349829E-002
   0.117034E+002   0.100000E+001   0.890712E-002   0.684635E-002
   0.117836E+002   0.100000E+001   0.139498E-002   0.677413E-002
   0.118637E+002   0.100000E+001  -0.535656E-002   0.372346E-002
   0.119439E+002   0.100000E+001  -0.113149E-001  -0.184634E-002
   0.120240E+002   0.100000E+001  -0.165032E-001  -0.951092E-002
   0.121042E+002   0.100000E+001  -0.209838E-001  -0.189069E-001
   0.121844E+002   0.100000E+001  -0.248363E-001  -0.297406E-001
   0.122645E+002   0.100000E+001  -0.281207E-001  -0.417810E-001
   0.123447E+002   0.100000E+001  -0.308702E-001  -0.548403E-001
   0.124248E+002   0.100000E+001  -0.331250E-001  -0.687499E-001
   0.125050E+002   0.100000E+001  -0.349397E-001  -0.833441E-001
   0.125852E+002   0.100000E+001  -0.363580E-001  -0.984578E-001
   0.126653E+002   0.100000E+001  -0.374161E-001  -0.113930E+000
   0.127455E+002   0.100000E+001  -0.381480E-001  -0.129611E+000
   0.128257E+002   0.100000E+001  -0.385545E-001  -0.145369E+000
   0.129058E+002   0.100000E+001  -0.386212E-001  -0.161084E+000
   0.129860E+002   0.100000E+001  -0.383343E-001  -0.176639E+000
   0.130661E+002   0.100000E+001  -0.376789E-001  -0.191914E+000
   0.131463E+002   0.100000E+001  -0.366407E-001  -0.206783E+000
   0.132265E+002   0.100000E+001  -0.352034E-001  -0.221113E+000
   0.133066E+002   0.100000E+001  -0.333358E-001  -0.234767E+000
   0.133868E+002   0.100000E+001  -0.309918E-001  -0.247602E+000
   0.134669E+002   0.100000E+001  -0.281457E-001  -0.259464E+000
   0.135471E+002   0.100000E+001  -0.248093E-001  -0.270188E+000
   0.136273E+002   0.100000E+001  -0.210023E-001  -0.279600E+000
   0.137074E+002   0.100000E+001  -0.167450E-001  -0.287522E+000
   0.137876E+002   0.100000E+001  -0.120309E-001  -0.293776E+000
   0.138677E+002   0.100000E+001  -0.683461E-002  -0.298184E+000
   0.139479E+002   0.100000E+001  -0.115646E-002  -0.300557E+000
   0.140281E+002   0.100000E+001   0.497922E-002  -0.300696E+000
   0.141082E+002   0.100000E+001   0.115327E-001  -0.298394E+000
   0.141884E+002   0.100000E+001   0.184420E-001  -0.293438E+000
   0.142685E+002   0.100000E+001   0.256130E-001  -0.285620E+000
   0.143487E+002   0.100000E+001   0.329085E-001  -0.274752E+000
   0.144289E+002   0.100000E+001   0.401627E-001  -0.260695E+000
   0.145090E+002   0.100000E+001   0.470571E-001  -0.243404E+000
   0.145892E+002   0.100000E+001   0.531233E-001  -0.222994E+000
   0.146693E+002   0.100000E+001   0.578137E-001  -0.199827E+000
   0.147495E+002   0.100000E+001   0.605587E-001  -0.174582E+000
   0.148297E+002   0.100000E+001   0.608809E-001  -0.148272E+000
   0.149098E+002   0.100000E+001   0.585895E-001  -0.122186E+000
   0.149900E+002   0.100000E+001   0.538158E-001  -0.977317E-001
   0.150701E+002   0.100000E+001   0.469911E-001  -0.762191E-001
   0.151503E+002   0.100000E+001   0.387226E-001  -0.586414E-001
   0.152305E+002   0.100000E+001   0.297118E-001  -0.455359E-001
   0.153106E+002   0.100000E+001   0.206094E-001  -0.369624E-001
   0.153908E+002   0.100000E+001   0.119226E-001  -0.325987E-001
   0.154709E+002   0.100000E+001   0.399236E-002  -0.319027E-001
   0.155511E+002   0.100000E+001  -0.299381E-002  -0.342701E-001
   0.156313E+002   0.100000E+001  -0.900560E-002  -0.391377E-001
   0.157114E+002   0.100000E+001  -0.141028E-001  -0.460318E-001
   0.157916E+002   0.100000E+001  -0.183913E-001  -0.545690E-001
   0.158717E+002   0.100000E+001  -0.219766E-001  -0.644419E-001
   0.159519E+002   0.100000E+001  -0.249503E-001  -0.753998E-001
   0.160321E+002   0.100000E+001  -0.274086E-001  -0.872358E-001
   0.161122E+002   0.100000E+001  -0.294473E-001  -0.997805E-001
   0.161924E+002   0.100000E+001  -0.311564E-001  -0.112901E+000
   0.162725E+002   0.100000E+001  -0.326175E-001  -0.126497E+000
   0.163527E+002   0.100000E+001  -0.338945E-001  -0.140498E+000
   0.164329E+002   0.100000E+001  -0.350085E-001  -0.154852E+000
   0.165130E+002   0.100000E+001  -0.359490E-001  -0.169514E+000
   0.165932E+002   0.100000E+001  -0.366876E-001  -0.184431E+000
   0.166733E+002   0.100000E+001  -0.371905E-001  -0.199532E+000
   0.167535E+002   0.100000E+001  -0.374164E-001  -0.214731E+000
   0.168337E+002   0.100000E+001  -0.373230E-001  -0.229920E+000
   0.169138E+002   0.100000E+001  -0.368740E-001  -0.244980E+000
   0.169940E+002   0.100000E+001  -0.360284E-001  -0.259781E+000
   0.170741E+002   0.100000E+001  -0.347115E-001  -0.274176E+000
   0.171543E+002   0.100000E+001  -0.328510E-001  -0.287997E+000
   0.172345E+002   0.100000E+001  -0.304068E-001  -0.301047E+000
   0.173146E+002   0.100000E+001  -0.273474E-001  -0.313104E+000
   0.173948E+002   0.100000E+001  -0.236411E-001  -0.323923E+000
   0.174749E+002   0.100000E+001  -0.192703E-001  -0.333243E+000
   0.175551E+002   0.100000E+001  -0.142144E-001  -0.340794E+000
   0.176353E+002   0.100000E+001  -0.843978E-002  -0.346292E+000
   0.177154E+002   0.100000E+001  -0.194189E-002  -0.349439E+000
   0.177956E+002   0.100000E+001   0.521390E-002  -0.349925E+000
   0.178758E+002   0.100000E+001   0.128830E-001  -0.347441E+000
   0.179559E+002   0.100000E+001   0.208769E-001  -0.341713E+000
   0.180361E+002   0.100000E+001   0.289257E-001  -0.332534E+000
   0.181162E+002   0.100000E+001   0.367355E-001  -0.319812E+000
   0.181964E+002   0.100000E+001   0.439502E-001  -0.303608E+000
   0.182766E+002   0.100000E+001   0.501254E-001  -0.284177E+000
   0.183567E+002   0.100000E+001   0.548003E-001  -0.262000E+000
   0.184369E+002   0.100000E+001   0.576646E-001  -0.237796E+000
   0.185170E+002   0.100000E+001   0.585452E-001  -0.212482E+000
   0.185972E+002   0.100000E+001   0.574406E-001  -0.187096E+000
   0.186774E+002   0.100000E+001   0.544689E-001  -0.162686E+000
   0.187575E+002   0.100000E+001   0.498546E-001  -0.140201E+000
   0.188377E+002   0.100000E+001   0.438652E-001  -0.120406E+000
   0.189178E+002   0.100000E+001   0.368420E-001  -0.103842E+000
   0.189980E+002   0.100000E+001   0.291703E-001  -0.908204E-001
   0.190782E+002   0.100000E+001   0.212210E-001  -0.814420E-001
   0.191583E+002   0.100000E+001   0.132868E-001  -0.756377E-001
   0.192385E+002   0.100000E+001   0.563358E-002  -0.732177E-001
   0.193186E+002   0.100000E+001  -0.153375E-002  -0.739116E-001
   0.193988E+002   0.100000E+001  -0.806687E-002  -0.774029E-001
   0.194790E+002   0.100000E+001  -0.138836E-001  -0.833548E-001
   0.195591E+002   0.100000E+001  -0.189703E-001  -0.914291E-001
   0.196393E+002   0.100000E+001  -0.233374E-001  -0.101305E+000
   0.197194E+002   0.100000E+001  -0.270110E-001  -0.112686E+000
   0.197996E+002   0.100000E+001  -0.300461E-001  -0.125307E+000
   0.198798E+002   0.100000E+001  -0.325113E-001  -0.138934E+000
   0.199599E+002   0.100000E+001  -0.344687E-001  -0.153361E+000
   0.200401E+002   0.100000E+001  -0.359639E-001  -0.168413E+000
   0.201202E+002   0.100000E+001  -0.370246E-001  -0.183928E+000
   0.202004E+002   0.100000E+001  -0.376713E-001  -0.199756E+000
   0.202806E+002   0.100000E+001  -0.379204E-001  -0.215749E+000
   0.203607E+002   0.100000E+001  -0.377967E-001  -0.231757E+000
   0.204409E+002   0.100000E+001  -0.373241E-001  -0.247631E+000
   0.205210E+002   0.100000E+001  -0.365224E-001  -0.263228E+000
   0.206012E+002   0.100000E+001  -0.354097E-001  -0.278414E+000
   0.206814E+002   0.100000E+001  -0.339892E-001  -0.293065E+000
   0.207615E+002   0.100000E+001  -0.322488E-001  -0.307063E+000
   0.208417E+002   0.100000E+001  -0.301761E-001  -0.320294E+000
   0.209218E+002   0.100000E+001  -0.277466E-001  -0.332634E+000
   0.210020E+002   0.100000E+001  -0.249346E-001  -0.343950E+000
   0.210822E+002   0.100000E+001  -0.217312E-001  -0.354089E+000
   0.211623E+002   0.100000E+001  -0.181046E-001  -0.362885E+000
   0.212425E+002   0.100000E+001  -0.140370E-001  -0.370157E+000
   0.213226E+002   0.100000E+001  -0.950431E-002  -0.375707E+000
   0.214028E+002   0.100000E+001  -0.446798E-002  -0.379329E+000
   0.214830E+002   0.100000E+001   0.104344E-002  -0.380802E+000
   0.215631E+002   0.100000E+001   0.699273E-002  -0.379905E+000
   0.216433E+002   0.100000E+001   0.133004E-001  -0.376429E+000
   0.217234E+002   0.100000E+001   0.198203E-001  -0.370192E+000
   0.218036E+002   0.100000E+001   0.264028E-001  -0.361066E+000
   0.218838E+002   0.100000E+001   0.328350E-001  -0.348999E+000
   0.219639E+002   0.100000E+001   0.388210E-001  -0.334041E+000
   0.220441E+002   0.100000E+001   0.440813E-001  -0.316392E+000
   0.221242E+002   0.100000E+001   0.482890E-001  -0.296419E+000
   0.222044E+002   0.100000E+001   0.511478E-001  -0.274674E+000
   0.222846E+002   0.100000E+001   0.524643E-001  -0.251880E+000
   0.223647E+002   0.100000E+001   0.520708E-001  -0.228873E+000
   0.224449E+002   0.100000E+001   0.499347E-001  -0.206536E+000
   0.225251E+002   0.100000E+001   0.461972E-001  -0.185715E+000
   0.226052E+002   0.100000E+001   0.411109E-001  -0.167120E+000
   0.226854E+002   0.100000E+001   0.350294E-001  -0.151269E+000
   0.227655E+002   0.100000E+001   0.283613E-001  -0.138461E+000
   0.228457E+002   0.100000E+001   0.214400E-001  -0.128780E+000
   0.229259E+002   0.100000E+001   0.145656E-001  -0.122160E+000
   0.230060E+002   0.100000E+001   0.797587E-002  -0.118445E+000
   0.230862E+002   0.100000E+001   0.182018E-002  -0.117413E+000
   0.231663E+002   0.100000E+001  -0.379961E-002  -0.118792E+000
   0.232465E+002   0.100000E+001  -0.881876E-002  -0.122298E+000
   0.233267E+002   0.100000E+001  -0.132150E-001  -0.127649E+000
   0.234068E+002   0.100000E+001  -0.169974E-001  -0.134579E+000
   0.234870E+002   0.100000E+001  -0.201893E-001  -0.142832E+000
   0.235671E+002   0.100000E+001  -0.228233E-001  -0.152174E+000
   0.236473E+002   0.100000E+001  -0.249379E-001  -0.162391E+000
   0.237275E+002   0.100000E+001  -0.265733E-001  -0.173282E+000
   0.238076E+002   0.100000E+001  -0.277722E-001  -0.184665E+000
   0.238878E+002   0.100000E+001  -0.285813E-001  -0.196375E+000
   0.239679E+002   0.100000E+001  -0.290480E-001  -0.208272E+000
   0.240481E+002   0.100000E+001  -0.292150E-001  -0.220234E+000
   0.241283E+002   0.100000E+001  -0.291148E-001  -0.232161E+000
   0.242084E+002   0.100000E+001  -0.287672E-001  -0.243961E+000
   0.242886E+002   0.100000E+001  -0.281795E-001  -0.255549E+000
   0.243687E+002   0.100000E+001  -0.273495E-001  -0.266838E+000
   0.244489E+002   0.100000E+001  -0.262687E-001  -0.277736E+000
   0.245291E+002   0.100000E+001  -0.249247E-001  -0.288146E+000
   0.246092E+002   0.100000E+001  -0.233024E-001  -0.297962E+000
   0.246894E+002   0.100000E+001  -0.213854E-001  -0.307074E+000
   0.247695E+002   0.100000E+001  -0.191569E-001  -0.315359E+000
   0.248497E+002   0.100000E+001  -0.166012E-001  -0.322691E+000
   0.249299E+002   0.100000E+001  -0.137063E-001  -0.328930E+000
   0.250100E+002   0.100000E+001  -0.104663E-001  -0.333935E+000
   0.250902E+002   0.100000E+001  -0.688423E-002  -0.337554E+000
   0.251703E+002   0.100000E+001  -0.297556E-002  -0.339640E+000
   0.252505E+002   0.100000E+001   0.122828E-002  -0.340045E+000
   0.253307E+002   0.100000E+001   0.567625E-002  -0.338634E+000
   0.254108E+002   0.100000E+001   0.102944E-001  -0.335290E+000
   0.254910E+002   0.100000E+001   0.149835E-001  -0.329928E+000
   0.255711E+002   0.100000E+001   0.196193E-001  -0.322507E+000
   0.256513E+002   0.100000E+001   0.240547E-001  -0.313045E+000
   0.257315E+002   0.100000E+001   0.281261E-001  -0.301632E+000
   0.258116E+002   0.100000E+001   0.316647E-001  -0.288444E+000
   0.258918E+002   0.100000E+001   0.345107E-001  -0.273747E+000
   0.259719E+002   0.100000E+001   0.365301E-001  -0.257889E+000
   0.260521E+002   0.100000E+001   0.376312E-001  -0.241287E+000
   0.261323E+002   0.100000E+001   0.377762E-001  -0.224398E+000
   0.262124E+002   0.100000E+001   0.369864E-001  -0.207683E+000
   0.262926E+002   0.100000E+001   0.353390E-001  -0.191574E+000
   0.263727E+002   0.100000E+001   0.329558E-001  -0.176441E+000
   0.264529E+002   0.100000E+001   0.299884E-001  -0.162578E+000
   0.265331E+002   0.100000E+001   0.266011E-001  -0.150188E+000
   0.266132E+002   0.100000E+001   0.229565E-001  -0.139391E+000
   0.266934E+002   0.100000E+001   0.192035E-001  -0.130231E+000
   0.267735E+002   0.100000E+001   0.154710E-001  -0.122690E+000
   0.268537E+002   0.100000E+001   0.118638E-001  -0.116701E+000
   0.269339E+002   0.100000E+001   0.846271E-002  -0.112163E+000
   0.270140E+002   0.100000E+001   0.532617E-002  -0.108952E+000
   0.270942E+002   0.100000E+001   0.249292E-002  -0.106929E+000
   0.271743E+002   0.100000E+001  -0.144144E-004  -0.105949E+000
   0.272545E+002   0.100000E+001  -0.218598E-002  -0.105866E+000
   0.273347E+002   0.100000E+001  -0.402163E-002  -0.106534E+000
   0.274148E+002   0.100000E+001  -0.552825E-002  -0.107815E+000
   0.274950E+002   0.100000E+001  -0.671753E-002  -0.109575E+000
   0.275752E+002   0.100000E+001  -0.760425E-002  -0.111689E+000
   0.276553E+002   0.100000E+001  -0.820498E-002  -0.114039E+000
   0.277355E+002   0.100000E+001  -0.853717E-002  -0.116515E+000
   0.278156E+002   0.100000E+001  -0.861863E-002  -0.119014E+000
   0.278958E+002   0.100000E+001  -0.846716E-002  -0.121441E+000
   0.279760E+002   0.100000E+001  -0.810050E-002  -0.123710E+000
   0.280561E+002   0.100000E+001  -0.753637E-002  -0.125740E+000
   0.281363E+002   0.100000E+001  -0.679260E-002  -0.127458E+000
   0.282164E+002   0.100000E+001  -0.588743E-002  -0.128799E+000
   0.282966E+002   0.100000E+001  -0.483973E-002  -0.129706E+000
   0.283768E+002   0.100000E+001  -0.366925E-002  -0.130126E+000
   0.284569E+002   0.100000E+001  -0.239690E-002  -0.130020E+000
   0.285371E+002   0.100000E+001  -0.104487E-002  -0.129353E+000
   0.286172E+002   0.100000E+001   0.363294E-003  -0.128101E+000
   0.286974E+002   0.100000E+001   0.180269E-002  -0.126252E+000
   0.287776E+002   0.100000E+001   0.324728E-002  -0.123801E+000
   0.288577E+002   0.100000E+001   0.467019E-002  -0.120758E+000
   0.289379E+002   0.100000E+001   0.604421E-002  -0.117142E+000
   0.290180E+002   0.100000E+001   0.734240E-002  -0.112985E+000
   0.290982E+002   0.100000E+001   0.853890E-002  -0.108330E+000
   0.291784E+002   0.100000E+001   0.960972E-002  -0.103230E+000
   0.292585E+002   0.100000E+001   0.105338E-001  -0.977497E-001
   0.293387E+002   0.100000E+001   0.112936E-001  -0.919618E-001
   0.294188E+002   0.100000E+001   0.118764E-001  -0.859451E-001
   0.294990E+002   0.100000E+001   0.122746E-001  -0.797828E-001
   0.295792E+002   0.100000E+001   0.124860E-001  -0.735595E-001
   0.296593E+002   0.100000E+001   0.125144E-001  -0.673589E-001
   0.297395E+002   0.100000E+001   0.123690E-001  -0.612606E-001
   0.298196E+002   0.100000E+001   0.120641E-001  -0.553381E-001
   0.298998E+002   0.100000E+001   0.116184E-001  -0.496559E-001
   0.299800E+002   0.100000E+001   0.110535E-001  -0.442685E-001
   0.300601E+002   0.100000E+001   0.103935E-001  -0.392187E-001
   0.301403E+002   0.100000E+001   0.966317E-002  -0.345379E-001
   0.302204E+002   0.100000E+001   0.888716E-002  -0.302453E-001
   0.303006E+002   0.100000E+001   0.808885E-002  -0.263491E-001
   0.303808E+002   0.100000E+001   0.728948E-002  -0.228473E-001
   0.304609E+002   0.100000E+001   0.650758E-002  -0.197293E-001
   0.305411E+002   0.100000E+001   0.575851E-002  -0.169772E-001
   0.306212E+002   0.100000E+001   0.505426E-002  -0.145677E-001
   0.307014E+002   0.100000E+001   0.440349E-002  -0.124734E-001
   0.307816E+002   0.100000E+001   0.381168E-002  -0.106647E-001
   0.308617E+002   0.100000E+001   0.328141E-002  -0.911084E-002
   0.309419E+002   0.100000E+001   0.281276E-002  -0.778150E-002
   0.310220E+002   0.100000E+001   0.240375E-002  -0.664734E-002
   0.311022E+002   0.100000E+001   0.205082E-002  -0.568099E-002
   0.311824E+002   0.100000E+001   0.174922E-002  -0.485751E-002
   0.312625E+002   0.100000E+001   0.149353E-002  -0.415474E-002
   0.313427E+002   0.100000E+001   0.127799E-002  -0.355340E-002
   0.314228E+002   0.100000E+001   0.109683E-002  -0.303706E-002
   0.315030E+002   0.100000E+001   0.944557E-003  -0.259204E-002
   0.315832E+002   0.100000E+001   0.816157E-003  -0.220710E-002
   0.316633E+002   0.100000E+001   0.707199E-003  -0.187319E-002
   0.317435E+002   0.100000E+001   0.613928E-003  -0.158306E-002
   0.318236E+002   0.100000E+001   0.533267E-003  -0.133092E-002
   0.319038E+002   0.100000E+001   0.462789E-003  -0.111215E-002
   0.319840E+002   0.100000E+001   0.400648E-003  -0.922954E-003
   0.320641E+002   0.100000E+001   0.345490E-003  -0.760148E-003
   0.321443E+002   0.100000E+001   0.296349E-003  -0.620961E-003
   0.322244E+002   0.100000E+001   0.252554E-003  -0.502892E-003
   0.323046E+002   0.100000E+001   0.213629E-003  -0.403624E-003
   0.323848E+002   0.100000E+001   0.179221E-003  -0.320971E-003
   0.324649E+002   0.100000E+001   0.149038E-003  -0.252860E-003
   0.325451E+002   0.100000E+001   0.122806E-003  -0.197335E-003
   0.326253E+002   0.100000E+001   0.100247E-003  -0.152565E-003
   0.327054E+002   0.100000E+001   0.810626E-004  -0.116866E-003
   0.327856E+002   0.100000E+001   0.649376E-004  -0.887120E-004
   0.328657E+002   0.100000E+001   0.515427E-004  -0.667496E-004
   0.329459E+002   0.100000E+001   0.405453E-004  -0.497986E-004
   0.330261E+002   0.100000E+001   0.316194E-004  -0.368497E-004
   0.331062E+002   0.100000E+001   0.244547E-004  -0.270561E-004
   0.331864E+002   0.100000E+001   0.187647E-004  -0.197188E-004
   0.332665E+002   0.100000E+001   0.142916E-004  -0.142713E-004
   0.333467E+002   0.100000E+001   0.108086E-004  -0.102612E-004
   0.334269E+002   0.100000E+001   0.812102E-005  -0.733288E-005
   0.335070E+002   0.100000E+001   0.606451E-005  -0.521045E-005
   0.335872E+002   0.100000E+001   0.450318E-005  -0.368285E-005
   0.336673E+002   0.100000E+001   0.332637E-005  -0.259046E-005
   0.337475E+002   0.100000E+001   0.244529E-005  -0.181395E-005
   0.338277E+002   0.100000E+001   0.178966E-005  -0.126500E-005
   0.339078E+002   0.100000E+001   0.130453E-005  -0.878864E-006
   0.339880E+002   0.100000E+001   0.947401E-006  -0.608507E-006
   0.340681E+002   0.100000E+001   0.685727E-006  -0.420003E-006
   0.341483E+002   0.100000E+001   0.494809E-006  -0.289072E-006
   0.342285E+002   0.100000E+001   0.356052E-006  -0.198443E-006
   0.343086E+002   0.100000E+001   0.255559E-006  -0.135908E-006
   0.343888E+002   0.100000E+001   0.183008E-006  -0.928814E-007
   0.344689E+002   0.100000E+001   0.130780E-006  -0.633531E-007
   0.345491E+002   0.100000E+001   0.932805E-007  -0.431360E-007
   0.346293E+002   0.100000E+001   0.664190E-007  -0.293232E-007
   0.347094E+002   0.100000E+001   0.472187E-007  -0.199042E-007
   0.347896E+002   0.100000E+001   0.335211E-007  -0.134925E-007
   0.348697E+002   0.100000E+001   0.237662E-007  -0.913488E-008
   0.349499E+002   0.100000E+001   0.168302E-007  -0.617759E-008
   0.350301E+002   0.100000E+001   0.119055E-007  -0.417328E-008
   0.351102E+002   0.100000E+001   0.841356E-008  -0.281651E-008
   0.351904E+002   0.100000E+001   0.594043E-008  -0.189911E-008
   0.352705E+002   0.100000E+001   0.419077E-008  -0.127943E-008
   0.353507E+002   0.100000E+001   0.295418E-008  -0.861252E-009
   0.354309E+002   0.100000E+001   0.208099E-008  -0.579310E-009
   0.355110E+002   0.100000E+001   0.146493E-008  -0.389380E-009
   0.355912E+002   0.100000E+001   0.103061E-008  -0.261533E-009
   0.356713E+002   0.100000E+001   0.724639E-009  -0.175543E-009
   0.357515E+002   0.100000E+001   0.509226E-009  -0.117746E-009
   0.358317E+002   0.100000E+001   0.357663E-009  -0.789259E-010
   0.359118E+002   0.100000E+001   0.251086E-009  -0.528697E-010
   0.359920E+002   0.100000E+001   0.176182E-009  -0.353921E-010
   0.360721E+002   0.100000E+001   0.123566E-009  -0.236765E-010
   0.361523E+002   0.100000E+001   0.866247E-010  -0.158282E-010
   0.362325E+002   0.100000E+001   0.607001E-010  -0.105742E-010
   0.363126E+002   0.100000E+001   0.425151E-010  -0.705913E-011
   0.363928E+002   0.100000E+001   0.297650E-010  -0.470908E-011
   0.364729E+002   0.100000E+001   0.208292E-010  -0.313897E-011
   0.365531E+002   0.100000E+001   0.145694E-010  -0.209070E-011
   0.366333E+002   0.100000E+001   0.101861E-010  -0.139133E-011
   0.367134E+002   0.100000E+001   0.711818E-011  -0.925094E-012
   0.367936E+002   0.100000E+001   0.497179E-011  -0.614521E-012
   0.368737E+002   0.100000E+001   0.347082E-011  -0.407810E-012
   0.369539E+002   0.100000E+001   0.242168E-011  -0.270349E-012
   0.370341E+002   0.100000E+001   0.168871E-011  -0.179022E-012
   0.371142E+002   0.100000E+001   0.117688E-011  -0.118406E-012
   0.371944E+002   0.100000E+001   0.819660E-012  -0.782142E-013
   0.372745E+002   0.100000E+001   0.570482E-012  -0.515950E-013
   0.373547E+002   0.100000E+001   0.396768E-012  -0.339856E-013
   0.374349E+002   0.100000E+001   0.275738E-012  -0.223512E-013
   0.375150E+002   0.100000E+001   0.191469E-012  -0.146749E-013
   0.375952E+002   0.100000E+001   0.132836E-012  -0.961737E-014
   0.376754E+002   0.100000E+001   0.920692E-013  -0.629048E-014
   0.377555E+002   0.100000E+001   0.637478E-013  -0.410570E-014
   0.378357E+002   0.100000E+001   0.440889E-013  -0.267355E-014
   0.379158E+002   0.100000E+001   0.304555E-013  -0.173660E-014
   0.379960E+002   0.100000E+001   0.210100E-013  -0.112493E-014
   0.380762E+002   0.100000E+001   0.144731E-013  -0.726537E-015
   0.381563E+002   0.100000E+001   0.995421E-014  -0.467707E-015
   0.382365E+002   0.100000E+001   0.683438E-014  -0.300010E-015
   0.383166E+002   0.100000E+001   0.468338E-014  -0.191684E-015
   0.383968E+002   0.100000E+001   0.320259E-014  -0.121940E-015
   0.384770E+002   0.100000E+001   0.218485E-014  -0.771989E-016
   0.385571E+002   0.100000E+001   0.148663E-014  -0.486115E-016
   0.386373E+002   0.100000E+001   0.100858E-014  -0.304265E-016
   0.387174E+002   0.100000E+001   0.681991E-015  -0.189157E-016
   0.387976E+002   0.100000E+001   0.459429E-015  -0.116697E-016
   0.388778E+002   0.100000E+001   0.308176E-015  -0.713671E-017
   0.389579E+002   0.100000E+001   0.205706E-015  -0.432085E-017
   0.390381E+002   0.100000E+001   0.136530E-015  -0.258571E-017
   0.391182E+002   0.100000E+001   0.900195E-016  -0.152641E-017
   0.391984E+002   0.100000E+001   0.588945E-016  -0.886681E-018
   0.392786E+002   0.100000E+001   0.381800E-016  -0.505233E-018
   0.393587E+002   0.100000E+001   0.244834E-016  -0.281232E-018
   0.394389E+002   0.100000E+001   0.154978E-016  -0.152098E-018
   0.395190E+002   0.100000E+001   0.965801E-017  -0.793240E-019
   0.395992E+002   0.100000E+001   0.590489E-017  -0.394558E-019
   0.396794E+002   0.100000E+001   0.352244E-017  -0.183795E-019
   0.397595E+002   0.100000E+001   0.202605E-017  -0.774094E-020
   0.398397E+002   0.100000E+001   0.108499E-017  -0.270857E-020
   0.399198E+002   0.100000E+001   0.466289E-018  -0.566663E-021
   0.400000E+002   0.100000E+001   0.000000E+000  -0.000000E+000
   0.400802E+002   0.100000E+001   0.217203E-017  -0.440913E-021

