  -0.801603E-001   0.100000E+001   0.602663E-001   0.135412E+000
   0.000000E+000   0.100000E+001   0.627558E-001   0.430881E-012
   0.801603E-001   0.100000E+001   0.613630E-001   0.267790E-001
   0.160321E+000   0.100000E+001   0.577522E-001   0.522183E-001
   0.240481E+000   0.100000E+001   0.521865E-001   0.752160E-001
   0.320641E+000   0.100000E+001   0.452259E-001   0.949017E-001
   0.400802E+000   0.100000E+001   0.373421E-001   0.110913E+000
   0.480962E+000   0.100000E+001   0.290559E-001   0.123059E+000
   0.561122E+000   0.100000E+001   0.207718E-001   0.131425E+000
   0.641283E+000   0.100000E+001   0.127924E-001   0.136232E+000
   0.721443E+000   0.100000E+001   0.532522E-002   0.137776E+000
   0.801603E+000   0.100000E+001  -0.150598E-002   0.136389E+000
   0.881764E+000   0.100000E+001  -0.764154E-002   0.132409E+000
   0.961924E+000   0.100000E+001  -0.130681E-001   0.126158E+000
   0.104208E+001   0.100000E+001  -0.178042E-001   0.117939E+000
   0.112224E+001   0.100000E+001  -0.218881E-001   0.108028E+000
   0.120240E+001   0.100000E+001  -0.253690E-001   0.966757E-001
   0.128257E+001   0.100000E+001  -0.283014E-001   0.841045E-001
   0.136273E+001   0.100000E+001  -0.307405E-001   0.705138E-001
   0.144289E+001   0.100000E+001  -0.327406E-001   0.560823E-001
   0.152305E+001   0.100000E+001  -0.343536E-001   0.409736E-001
   0.160321E+001   0.100000E+001  -0.356256E-001   0.253417E-001
   0.168337E+001   0.100000E+001  -0.365923E-001   0.933491E-002
   0.176353E+001   0.100000E+001  -0.372733E-001  -0.690445E-002
   0.184369E+001   0.100000E+001  -0.376707E-001  -0.232444E-001
   0.192385E+001   0.100000E+001  -0.377732E-001  -0.395670E-001
   0.200401E+001   0.100000E+001  -0.375643E-001  -0.557675E-001
   0.208417E+001   0.100000E+001  -0.370285E-001  -0.717465E-001
   0.216433E+001   0.100000E+001  -0.361507E-001  -0.873999E-001
   0.224449E+001   0.100000E+001  -0.349113E-001  -0.102613E+000
   0.232465E+001   0.100000E+001  -0.332822E-001  -0.117259E+000
   0.240481E+001   0.100000E+001  -0.312286E-001  -0.131196E+000
   0.248497E+001   0.100000E+001  -0.287120E-001  -0.144270E+000
   0.256513E+001   0.100000E+001  -0.256917E-001  -0.156304E+000
   0.264529E+001   0.100000E+001  -0.221237E-001  -0.167094E+000
   0.272545E+001   0.100000E+001  -0.179599E-001  -0.176412E+000
   0.280561E+001   0.100000E+001  -0.131516E-001  -0.184003E+000
   0.288577E+001   0.100000E+001  -0.765803E-002  -0.189590E+000
   0.296593E+001   0.100000E+001  -0.145858E-002  -0.192875E+000
   0.304609E+001   0.100000E+001   0.543142E-002  -0.193539E+000
   0.312625E+001   0.100000E+001   0.129434E-001  -0.191254E+000
   0.320641E+001   0.100000E+001   0.209390E-001  -0.185691E+000
   0.328657E+001   0.100000E+001   0.291958E-001  -0.176554E+000
   0.336673E+001   0.100000E+001   0.373991E-001  -0.163629E+000
   0.344689E+001   0.100000E+001   0.451414E-001  -0.146857E+000
   0.352705E+001   0.100000E+001   0.519367E-001  -0.126412E+000
   0.360721E+001   0.100000E+001   0.572588E-001  -0.102779E+000
   0.368737E+001   0.100000E+001   0.606134E-001  -0.767959E-001
   0.376754E+001   0.100000E+001   0.616402E-001  -0.496097E-001
   0.384770E+001   0.100000E+001   0.602093E-001  -0.225511E-001
   0.392786E+001   0.100000E+001   0.564665E-001   0.306467E-002
   0.400802E+001   0.100000E+001   0.507956E-001   0.261301E-001
   0.408818E+001   0.100000E+001   0.437202E-001   0.458662E-001
   0.416834E+001   0.100000E+001   0.357911E-001   0.618479E-001
   0.424850E+001   0.100000E+001   0.275019E-001   0.739548E-001
   0.432866E+001   0.100000E+001   0.192473E-001   0.822892E-001
   0.440882E+001   0.100000E+001   0.113164E-001   0.870923E-001
   0.448898E+001   0.100000E+001   0.390590E-002   0.886773E-001
   0.456914E+001   0.100000E+001  -0.286165E-002   0.873841E-001
   0.464930E+001   0.100000E+001  -0.892265E-002   0.835521E-001
   0.472946E+001   0.100000E+001  -0.142600E-001   0.775053E-001
   0.480962E+001   0.100000E+001  -0.188914E-001   0.695449E-001
   0.488978E+001   0.100000E+001  -0.228580E-001   0.599478E-001
   0.496994E+001   0.100000E+001  -0.262143E-001   0.489654E-001
   0.505010E+001   0.100000E+001  -0.290205E-001   0.368237E-001
   0.513026E+001   0.100000E+001  -0.313359E-001   0.237228E-001
   0.521042E+001   0.100000E+001  -0.332157E-001   0.983714E-002
   0.529058E+001   0.100000E+001  -0.347076E-001  -0.468284E-002
   0.537074E+001   0.100000E+001  -0.358504E-001  -0.197073E-001
   0.545090E+001   0.100000E+001  -0.366741E-001  -0.351210E-001
   0.553106E+001   0.100000E+001  -0.371993E-001  -0.508161E-001
   0.561122E+001   0.100000E+001  -0.374380E-001  -0.666857E-001
   0.569138E+001   0.100000E+001  -0.373947E-001  -0.826198E-001
   0.577154E+001   0.100000E+001  -0.370679E-001  -0.985031E-001
   0.585170E+001   0.100000E+001  -0.364500E-001  -0.114216E+000
   0.593186E+001   0.100000E+001  -0.355255E-001  -0.129636E+000
   0.601202E+001   0.100000E+001  -0.342721E-001  -0.144637E+000
   0.609218E+001   0.100000E+001  -0.326602E-001  -0.159089E+000
   0.617234E+001   0.100000E+001  -0.306503E-001  -0.172850E+000
   0.625251E+001   0.100000E+001  -0.281924E-001  -0.185767E+000
   0.633267E+001   0.100000E+001  -0.252303E-001  -0.197664E+000
   0.641283E+001   0.100000E+001  -0.217093E-001  -0.208335E+000
   0.649299E+001   0.100000E+001  -0.175770E-001  -0.217546E+000
   0.657315E+001   0.100000E+001  -0.127873E-001  -0.225032E+000
   0.665331E+001   0.100000E+001  -0.730557E-002  -0.230498E+000
   0.673347E+001   0.100000E+001  -0.112897E-002  -0.233627E+000
   0.681363E+001   0.100000E+001   0.569645E-002  -0.234091E+000
   0.689379E+001   0.100000E+001   0.130962E-001  -0.231580E+000
   0.697395E+001   0.100000E+001   0.209254E-001  -0.225806E+000
   0.705411E+001   0.100000E+001   0.289483E-001  -0.216530E+000
   0.713427E+001   0.100000E+001   0.368603E-001  -0.203606E+000
   0.721443E+001   0.100000E+001   0.442728E-001  -0.187035E+000
   0.729459E+001   0.100000E+001   0.507091E-001  -0.167027E+000
   0.737475E+001   0.100000E+001   0.557268E-001  -0.144077E+000
   0.745491E+001   0.100000E+001   0.589779E-001  -0.118978E+000
   0.753507E+001   0.100000E+001   0.602070E-001  -0.927502E-001
   0.761523E+001   0.100000E+001   0.593318E-001  -0.665280E-001
   0.769539E+001   0.100000E+001   0.564080E-001  -0.414246E-001
   0.777555E+001   0.100000E+001   0.516716E-001  -0.184179E-001
   0.785571E+001   0.100000E+001   0.455374E-001   0.174170E-002
   0.793587E+001   0.100000E+001   0.384562E-001   0.185935E-001
   0.801603E+001   0.100000E+001   0.308316E-001   0.319486E-001
   0.809619E+001   0.100000E+001   0.230560E-001   0.418150E-001
   0.817635E+001   0.100000E+001   0.154155E-001   0.483359E-001
   0.825651E+001   0.100000E+001   0.812526E-002   0.517327E-001
   0.833667E+001   0.100000E+001   0.133581E-002   0.522651E-001
   0.841683E+001   0.100000E+001  -0.487768E-002   0.502113E-001
   0.849699E+001   0.100000E+001  -0.104668E-001   0.458491E-001
   0.857715E+001   0.100000E+001  -0.154182E-001   0.394491E-001
   0.865731E+001   0.100000E+001  -0.197358E-001   0.312701E-001
   0.873747E+001   0.100000E+001  -0.234450E-001   0.215568E-001
   0.881764E+001   0.100000E+001  -0.266011E-001   0.105378E-001
   0.889780E+001   0.100000E+001  -0.292513E-001  -0.158011E-002
   0.897796E+001   0.100000E+001  -0.314194E-001  -0.146102E-001
   0.905812E+001   0.100000E+001  -0.331272E-001  -0.283769E-001
   0.913828E+001   0.100000E+001  -0.343960E-001  -0.427084E-001
   0.921844E+001   0.100000E+001  -0.352606E-001  -0.574334E-001
   0.929860E+001   0.100000E+001  -0.357476E-001  -0.723841E-001
   0.937876E+001   0.100000E+001  -0.358608E-001  -0.873992E-001
   0.945892E+001   0.100000E+001  -0.355999E-001  -0.102323E+000
   0.953908E+001   0.100000E+001  -0.349867E-001  -0.117003E+000
   0.961924E+001   0.100000E+001  -0.340489E-001  -0.131292E+000
   0.969940E+001   0.100000E+001  -0.328163E-001  -0.145051E+000
   0.977956E+001   0.100000E+001  -0.313292E-001  -0.158152E+000
   0.985972E+001   0.100000E+001  -0.296186E-001  -0.170482E+000
   0.993988E+001   0.100000E+001  -0.276768E-001  -0.181944E+000
   0.100200E+002   0.100000E+001  -0.254688E-001  -0.192445E+000
   0.101002E+002   0.100000E+001  -0.229338E-001  -0.201888E+000
   0.101804E+002   0.100000E+001  -0.200151E-001  -0.210156E+000
   0.102605E+002   0.100000E+001  -0.166666E-001  -0.217109E+000
   0.103407E+002   0.100000E+001  -0.128741E-001  -0.222577E+000
   0.104208E+002   0.100000E+001  -0.863120E-002  -0.226371E+000
   0.105010E+002   0.100000E+001  -0.391618E-002  -0.228293E+000
   0.105812E+002   0.100000E+001   0.127803E-002  -0.228139E+000
   0.106613E+002   0.100000E+001   0.693223E-002  -0.225708E+000
   0.107415E+002   0.100000E+001   0.130190E-001  -0.220806E+000
   0.108216E+002   0.100000E+001   0.194510E-001  -0.213253E+000
   0.109018E+002   0.100000E+001   0.261273E-001  -0.202896E+000
   0.109820E+002   0.100000E+001   0.329048E-001  -0.189627E+000
   0.110621E+002   0.100000E+001   0.396033E-001  -0.173405E+000
   0.111423E+002   0.100000E+001   0.459833E-001  -0.154287E+000
   0.112224E+002   0.100000E+001   0.516715E-001  -0.132472E+000
   0.113026E+002   0.100000E+001   0.561993E-001  -0.108341E+000
   0.113828E+002   0.100000E+001   0.591246E-001  -0.824983E-001
   0.114629E+002   0.100000E+001   0.600653E-001  -0.557728E-001
   0.115431E+002   0.100000E+001   0.588351E-001  -0.291705E-001
   0.116232E+002   0.100000E+001   0.555039E-001  -0.377240E-002
   0.117034E+002   0.100000E+001   0.503852E-001   0.194070E-001
   0.117836E+002   0.100000E+001   0.439387E-001   0.395610E-001
   0.118637E+002   0.100000E+001   0.366373E-001   0.561887E-001
   0.119439E+002   0.100000E+001   0.289355E-001   0.691121E-001
   0.120240E+002   0.100000E+001   0.211903E-001   0.784229E-001
   0.121042E+002   0.100000E+001   0.136415E-001   0.843833E-001
   0.121844E+002   0.100000E+001   0.651756E-002   0.873219E-001
   0.122645E+002   0.100000E+001   0.110408E-004   0.875695E-001
   0.123447E+002   0.100000E+001  -0.576420E-002   0.854373E-001
   0.124248E+002   0.100000E+001  -0.107468E-001   0.812200E-001
   0.125050E+002   0.100000E+001  -0.149539E-001   0.752093E-001
   0.125852E+002   0.100000E+001  -0.184368E-001   0.676959E-001
   0.126653E+002   0.100000E+001  -0.212675E-001   0.589621E-001
   0.127455E+002   0.100000E+001  -0.235356E-001   0.492682E-001
   0.128257E+002   0.100000E+001  -0.253266E-001   0.388396E-001
   0.129058E+002   0.100000E+001  -0.267193E-001   0.278600E-001
   0.129860E+002   0.100000E+001  -0.277767E-001   0.164733E-001
   0.130661E+002   0.100000E+001  -0.285399E-001   0.478926E-002
   0.131463E+002   0.100000E+001  -0.290386E-001  -0.710472E-002
   0.132265E+002   0.100000E+001  -0.292973E-001  -0.191343E-001
   0.133066E+002   0.100000E+001  -0.293461E-001  -0.312307E-001
   0.133868E+002   0.100000E+001  -0.292257E-001  -0.433271E-001
   0.134669E+002   0.100000E+001  -0.289626E-001  -0.553588E-001
   0.135471E+002   0.100000E+001  -0.285627E-001  -0.672626E-001
   0.136273E+002   0.100000E+001  -0.280018E-001  -0.789737E-001
   0.137074E+002   0.100000E+001  -0.272402E-001  -0.904208E-001
   0.137876E+002   0.100000E+001  -0.262576E-001  -0.101521E+000
   0.138677E+002   0.100000E+001  -0.250465E-001  -0.112179E+000
   0.139479E+002   0.100000E+001  -0.235830E-001  -0.122293E+000
   0.140281E+002   0.100000E+001  -0.218457E-001  -0.131755E+000
   0.141082E+002   0.100000E+001  -0.198086E-001  -0.140453E+000
   0.141884E+002   0.100000E+001  -0.174146E-001  -0.148272E+000
   0.142685E+002   0.100000E+001  -0.145903E-001  -0.155081E+000
   0.143487E+002   0.100000E+001  -0.112785E-001  -0.160729E+000
   0.144289E+002   0.100000E+001  -0.744896E-002  -0.165036E+000
   0.145090E+002   0.100000E+001  -0.305486E-002  -0.167794E+000
   0.145892E+002   0.100000E+001   0.196865E-002  -0.168772E+000
   0.146693E+002   0.100000E+001   0.765044E-002  -0.167709E+000
   0.147495E+002   0.100000E+001   0.139903E-001  -0.164323E+000
   0.148297E+002   0.100000E+001   0.209820E-001  -0.158326E+000
   0.149098E+002   0.100000E+001   0.284681E-001  -0.149437E+000
   0.149900E+002   0.100000E+001   0.361865E-001  -0.137419E+000
   0.150701E+002   0.100000E+001   0.438511E-001  -0.122138E+000
   0.151503E+002   0.100000E+001   0.510545E-001  -0.103606E+000
   0.152305E+002   0.100000E+001   0.572834E-001  -0.820396E-001
   0.153106E+002   0.100000E+001   0.620153E-001  -0.579012E-001
   0.153908E+002   0.100000E+001   0.647508E-001  -0.319122E-001
   0.154709E+002   0.100000E+001   0.650933E-001  -0.503191E-002
   0.155511E+002   0.100000E+001   0.628572E-001   0.216119E-001
   0.156313E+002   0.100000E+001   0.582133E-001   0.468344E-001
   0.157114E+002   0.100000E+001   0.516402E-001   0.695407E-001
   0.157916E+002   0.100000E+001   0.437752E-001   0.888750E-001
   0.158717E+002   0.100000E+001   0.353564E-001   0.104320E+000
   0.159519E+002   0.100000E+001   0.269723E-001   0.115735E+000
   0.160321E+002   0.100000E+001   0.189740E-001   0.123305E+000
   0.161122E+002   0.100000E+001   0.115798E-001   0.127430E+000
   0.161924E+002   0.100000E+001   0.489156E-002   0.128595E+000
   0.162725E+002   0.100000E+001  -0.105737E-002   0.127278E+000
   0.163527E+002   0.100000E+001  -0.626059E-002   0.123886E+000
   0.164329E+002   0.100000E+001  -0.107701E-001   0.118752E+000
   0.165130E+002   0.100000E+001  -0.146417E-001   0.112136E+000
   0.165932E+002   0.100000E+001  -0.179469E-001   0.104256E+000
   0.166733E+002   0.100000E+001  -0.207436E-001   0.953013E-001
   0.167535E+002   0.100000E+001  -0.230842E-001   0.854433E-001
   0.168337E+002   0.100000E+001  -0.250363E-001   0.748425E-001
   0.169138E+002   0.100000E+001  -0.266534E-001   0.636438E-001
   0.169940E+002   0.100000E+001  -0.279608E-001   0.519743E-001
   0.170741E+002   0.100000E+001  -0.289556E-001   0.399440E-001
   0.171543E+002   0.100000E+001  -0.296317E-001   0.276514E-001
   0.172345E+002   0.100000E+001  -0.300099E-001   0.151896E-001
   0.173146E+002   0.100000E+001  -0.301367E-001   0.264986E-002
   0.173948E+002   0.100000E+001  -0.300566E-001  -0.987967E-002
   0.174749E+002   0.100000E+001  -0.297770E-001  -0.223140E-001
   0.175551E+002   0.100000E+001  -0.292522E-001  -0.345681E-001
   0.176353E+002   0.100000E+001  -0.284225E-001  -0.465479E-001
   0.177154E+002   0.100000E+001  -0.272438E-001  -0.581419E-001
   0.177956E+002   0.100000E+001  -0.256851E-001  -0.692196E-001
   0.178758E+002   0.100000E+001  -0.237287E-001  -0.796348E-001
   0.179559E+002   0.100000E+001  -0.213583E-001  -0.892340E-001
   0.180361E+002   0.100000E+001  -0.185309E-001  -0.978631E-001
   0.181162E+002   0.100000E+001  -0.151765E-001  -0.105369E+000
   0.181964E+002   0.100000E+001  -0.112399E-001  -0.111595E+000
   0.182766E+002   0.100000E+001  -0.668638E-002  -0.116371E+000
   0.183567E+002   0.100000E+001  -0.147873E-002  -0.119511E+000
   0.184369E+002   0.100000E+001   0.437794E-002  -0.120808E+000
   0.185170E+002   0.100000E+001   0.108629E-001  -0.120033E+000
   0.185972E+002   0.100000E+001   0.179291E-001  -0.116944E+000
   0.186774E+002   0.100000E+001   0.254569E-001  -0.111289E+000
   0.187575E+002   0.100000E+001   0.332413E-001  -0.102831E+000
   0.188377E+002   0.100000E+001   0.410014E-001  -0.913754E-001
   0.189178E+002   0.100000E+001   0.483405E-001  -0.768111E-001
   0.189980E+002   0.100000E+001   0.547940E-001  -0.591680E-001
   0.190782E+002   0.100000E+001   0.598711E-001  -0.386702E-001
   0.191583E+002   0.100000E+001   0.630827E-001  -0.157817E-001
   0.192385E+002   0.100000E+001   0.639755E-001   0.877178E-002
   0.193186E+002   0.100000E+001   0.622784E-001   0.340148E-001
   0.193988E+002   0.100000E+001   0.579969E-001   0.587851E-001
   0.194790E+002   0.100000E+001   0.514421E-001   0.818544E-001
   0.195591E+002   0.100000E+001   0.432533E-001   0.102087E+000
   0.196393E+002   0.100000E+001   0.342908E-001   0.118610E+000
   0.197194E+002   0.100000E+001   0.253268E-001   0.130947E+000
   0.197996E+002   0.100000E+001   0.168718E-001   0.139056E+000
   0.198798E+002   0.100000E+001   0.917190E-002   0.143258E+000
   0.199599E+002   0.100000E+001   0.227342E-002   0.144090E+000
   0.200401E+002   0.100000E+001  -0.384853E-002   0.142145E+000
   0.201202E+002   0.100000E+001  -0.919252E-002   0.137960E+000
   0.202004E+002   0.100000E+001  -0.137446E-001   0.131968E+000
   0.202806E+002   0.100000E+001  -0.175441E-001   0.124505E+000
   0.203607E+002   0.100000E+001  -0.206849E-001   0.115836E+000
   0.204409E+002   0.100000E+001  -0.232766E-001   0.106171E+000
   0.205210E+002   0.100000E+001  -0.254268E-001   0.956810E-001
   0.206012E+002   0.100000E+001  -0.272297E-001   0.844985E-001
   0.206814E+002   0.100000E+001  -0.287579E-001   0.727224E-001
   0.207615E+002   0.100000E+001  -0.300637E-001   0.604254E-001
   0.208417E+002   0.100000E+001  -0.311697E-001   0.476640E-001
   0.209218E+002   0.100000E+001  -0.320696E-001   0.344917E-001
   0.210020E+002   0.100000E+001  -0.327256E-001   0.209717E-001
   0.210822E+002   0.100000E+001  -0.330852E-001   0.718817E-002
   0.211623E+002   0.100000E+001  -0.330886E-001  -0.674606E-002
   0.212425E+002   0.100000E+001  -0.326770E-001  -0.206865E-001
   0.213226E+002   0.100000E+001  -0.318004E-001  -0.344572E-001
   0.214028E+002   0.100000E+001  -0.304052E-001  -0.478551E-001
   0.214830E+002   0.100000E+001  -0.284475E-001  -0.606531E-001
   0.215631E+002   0.100000E+001  -0.258833E-001  -0.726054E-001
   0.216433E+002   0.100000E+001  -0.226927E-001  -0.834496E-001
   0.217234E+002   0.100000E+001  -0.188574E-001  -0.929123E-001
   0.218036E+002   0.100000E+001  -0.143849E-001  -0.100713E+000
   0.218838E+002   0.100000E+001  -0.930101E-002  -0.106570E+000
   0.219639E+002   0.100000E+001  -0.363774E-002  -0.110209E+000
   0.220441E+002   0.100000E+001   0.252406E-002  -0.111370E+000
   0.221242E+002   0.100000E+001   0.909665E-002  -0.109819E+000
   0.222044E+002   0.100000E+001   0.159676E-001  -0.105360E+000
   0.222846E+002   0.100000E+001   0.229420E-001  -0.978478E-001
   0.223647E+002   0.100000E+001   0.298009E-001  -0.872146E-001
   0.224449E+002   0.100000E+001   0.362998E-001  -0.734989E-001
   0.225251E+002   0.100000E+001   0.421264E-001  -0.568695E-001
   0.226052E+002   0.100000E+001   0.470031E-001  -0.376559E-001
   0.226854E+002   0.100000E+001   0.506494E-001  -0.163544E-001
   0.227655E+002   0.100000E+001   0.528034E-001   0.638204E-002
   0.228457E+002   0.100000E+001   0.532936E-001   0.297744E-001
   0.229259E+002   0.100000E+001   0.520422E-001   0.529723E-001
   0.230060E+002   0.100000E+001   0.490765E-001   0.751231E-001
   0.230862E+002   0.100000E+001   0.445835E-001   0.954457E-001
   0.231663E+002   0.100000E+001   0.389036E-001   0.113299E+000
   0.232465E+002   0.100000E+001   0.323867E-001   0.128234E+000
   0.233267E+002   0.100000E+001   0.253464E-001   0.139996E+000
   0.234068E+002   0.100000E+001   0.180971E-001   0.148502E+000
   0.234870E+002   0.100000E+001   0.109332E-001   0.153813E+000
   0.235671E+002   0.100000E+001   0.408379E-002   0.156096E+000
   0.236473E+002   0.100000E+001  -0.229032E-002   0.155591E+000
   0.237275E+002   0.100000E+001  -0.807804E-002   0.152573E+000
   0.238076E+002   0.100000E+001  -0.132093E-001   0.147338E+000
   0.238878E+002   0.100000E+001  -0.176542E-001   0.140189E+000
   0.239679E+002   0.100000E+001  -0.214204E-001   0.131424E+000
   0.240481E+002   0.100000E+001  -0.245460E-001   0.121322E+000
   0.241283E+002   0.100000E+001  -0.270871E-001   0.110128E+000
   0.242084E+002   0.100000E+001  -0.291045E-001   0.980581E-001
   0.242886E+002   0.100000E+001  -0.306542E-001   0.853013E-001
   0.243687E+002   0.100000E+001  -0.317840E-001   0.720246E-001
   0.244489E+002   0.100000E+001  -0.325348E-001   0.583787E-001
   0.245291E+002   0.100000E+001  -0.329408E-001   0.445007E-001
   0.246092E+002   0.100000E+001  -0.330292E-001   0.305166E-001
   0.246894E+002   0.100000E+001  -0.328205E-001   0.165437E-001
   0.247695E+002   0.100000E+001  -0.323288E-001   0.269346E-002
   0.248497E+002   0.100000E+001  -0.315632E-001  -0.109276E-001
   0.249299E+002   0.100000E+001  -0.305262E-001  -0.242170E-001
   0.250100E+002   0.100000E+001  -0.292106E-001  -0.370743E-001
   0.250902E+002   0.100000E+001  -0.275952E-001  -0.493962E-001
   0.251703E+002   0.100000E+001  -0.256420E-001  -0.610686E-001
   0.252505E+002   0.100000E+001  -0.232968E-001  -0.719571E-001
   0.253307E+002   0.100000E+001  -0.204946E-001  -0.818986E-001
   0.254108E+002   0.100000E+001  -0.171676E-001  -0.906963E-001
   0.254910E+002   0.100000E+001  -0.132550E-001  -0.981189E-001
   0.255711E+002   0.100000E+001  -0.871209E-002  -0.103903E+000
   0.256513E+002   0.100000E+001  -0.351948E-002  -0.107761E+000
   0.257315E+002   0.100000E+001   0.230789E-002  -0.109388E+000
   0.258116E+002   0.100000E+001   0.871178E-002  -0.108473E+000
   0.258918E+002   0.100000E+001   0.155809E-001  -0.104722E+000
   0.259719E+002   0.100000E+001   0.227397E-001  -0.978698E-001
   0.260521E+002   0.100000E+001   0.299367E-001  -0.877227E-001
   0.261323E+002   0.100000E+001   0.368359E-001  -0.742007E-001
   0.262124E+002   0.100000E+001   0.430229E-001  -0.574048E-001
   0.262926E+002   0.100000E+001   0.480382E-001  -0.376855E-001
   0.263727E+002   0.100000E+001   0.514466E-001  -0.156882E-001
   0.264529E+002   0.100000E+001   0.529290E-001   0.766593E-002
   0.265331E+002   0.100000E+001   0.523630E-001   0.312839E-001
   0.266132E+002   0.100000E+001   0.498512E-001   0.540656E-001
   0.266934E+002   0.100000E+001   0.456843E-001   0.750650E-001
   0.267735E+002   0.100000E+001   0.402602E-001   0.935882E-001
   0.268537E+002   0.100000E+001   0.340003E-001   0.109212E+000
   0.269339E+002   0.100000E+001   0.272921E-001   0.121746E+000
   0.270140E+002   0.100000E+001   0.204605E-001   0.131178E+000
   0.270942E+002   0.100000E+001   0.137589E-001   0.137618E+000
   0.271743E+002   0.100000E+001   0.737025E-002   0.141254E+000
   0.272545E+002   0.100000E+001   0.141365E-002   0.142316E+000
   0.273347E+002   0.100000E+001  -0.404604E-002   0.141050E+000
   0.274148E+002   0.100000E+001  -0.898605E-002   0.137698E+000
   0.274950E+002   0.100000E+001  -0.134131E-001   0.132491E+000
   0.275752E+002   0.100000E+001  -0.173516E-001   0.125638E+000
   0.276553E+002   0.100000E+001  -0.208342E-001   0.117327E+000
   0.277355E+002   0.100000E+001  -0.238938E-001   0.107727E+000
   0.278156E+002   0.100000E+001  -0.265579E-001   0.969918E-001
   0.278958E+002   0.100000E+001  -0.288458E-001   0.852641E-001
   0.279760E+002   0.100000E+001  -0.307664E-001   0.726821E-001
   0.280561E+002   0.100000E+001  -0.323199E-001   0.593844E-001
   0.281363E+002   0.100000E+001  -0.334992E-001   0.455144E-001
   0.282164E+002   0.100000E+001  -0.342939E-001   0.312220E-001
   0.282966E+002   0.100000E+001  -0.346928E-001   0.166639E-001
   0.283768E+002   0.100000E+001  -0.346859E-001   0.200176E-002
   0.284569E+002   0.100000E+001  -0.342648E-001  -0.125995E-001
   0.285371E+002   0.100000E+001  -0.334214E-001  -0.269731E-001
   0.286172E+002   0.100000E+001  -0.321462E-001  -0.409501E-001
   0.286974E+002   0.100000E+001  -0.304277E-001  -0.543585E-001
   0.287776E+002   0.100000E+001  -0.282525E-001  -0.670210E-001
   0.288577E+002   0.100000E+001  -0.256084E-001  -0.787536E-001
   0.289379E+002   0.100000E+001  -0.224881E-001  -0.893655E-001
   0.290180E+002   0.100000E+001  -0.188936E-001  -0.986622E-001
   0.290982E+002   0.100000E+001  -0.148403E-001  -0.106449E+000
   0.291784E+002   0.100000E+001  -0.103587E-001  -0.112538E+000
   0.292585E+002   0.100000E+001  -0.549496E-002  -0.116754E+000
   0.293387E+002   0.100000E+001  -0.309954E-003  -0.118935E+000
   0.294188E+002   0.100000E+001   0.511969E-002  -0.118942E+000
   0.294990E+002   0.100000E+001   0.106977E-001  -0.116658E+000
   0.295792E+002   0.100000E+001   0.162984E-001  -0.111991E+000
   0.296593E+002   0.100000E+001   0.217520E-001  -0.104896E+000
   0.297395E+002   0.100000E+001   0.268273E-001  -0.953972E-001
   0.298196E+002   0.100000E+001   0.312231E-001  -0.836438E-001
   0.298998E+002   0.100000E+001   0.345839E-001  -0.699689E-001
   0.299800E+002   0.100000E+001   0.365557E-001  -0.549416E-001
   0.300601E+002   0.100000E+001   0.368814E-001  -0.393615E-001
   0.301403E+002   0.100000E+001   0.354996E-001  -0.241614E-001
   0.302204E+002   0.100000E+001   0.325904E-001  -0.102354E-001
   0.303006E+002   0.100000E+001   0.285360E-001   0.173383E-002
   0.303808E+002   0.100000E+001   0.238140E-001   0.113680E-001
   0.304609E+002   0.100000E+001   0.188856E-001   0.185835E-001
   0.305411E+002   0.100000E+001   0.141240E-001   0.235172E-001
   0.306212E+002   0.100000E+001   0.978961E-002   0.264405E-001
   0.307014E+002   0.100000E+001   0.603568E-002   0.276872E-001
   0.307816E+002   0.100000E+001   0.292789E-002   0.276047E-001
   0.308617E+002   0.100000E+001   0.467440E-003   0.265227E-001
   0.309419E+002   0.100000E+001  -0.138731E-002   0.247363E-001
   0.310220E+002   0.100000E+001  -0.270354E-002   0.224984E-001
   0.311022E+002   0.100000E+001  -0.356097E-002   0.200169E-001
   0.311824E+002   0.100000E+001  -0.404235E-002   0.174564E-001
   0.312625E+002   0.100000E+001  -0.422709E-002   0.149413E-001
   0.313427E+002   0.100000E+001  -0.418722E-002   0.125611E-001
   0.314228E+002   0.100000E+001  -0.398523E-002   0.103751E-001
   0.315030E+002   0.100000E+001  -0.367345E-002   0.841901E-002
   0.315832E+002   0.100000E+001  -0.329442E-002   0.670942E-002
   0.316633E+002   0.100000E+001  -0.288211E-002   0.524874E-002
   0.317435E+002   0.100000E+001  -0.246325E-002   0.402867E-002
   0.318236E+002   0.100000E+001  -0.205849E-002   0.303291E-002
   0.319038E+002   0.100000E+001  -0.168314E-002   0.223936E-002
   0.319840E+002   0.100000E+001  -0.134757E-002   0.162219E-002
   0.320641E+002   0.100000E+001  -0.105750E-002   0.115376E-002
   0.321443E+002   0.100000E+001  -0.814489E-003   0.806611E-003
   0.322244E+002   0.100000E+001  -0.616679E-003   0.555148E-003
   0.323046E+002   0.100000E+001  -0.459822E-003   0.376826E-003
   0.323848E+002   0.100000E+001  -0.338312E-003   0.252793E-003
   0.324649E+002   0.100000E+001  -0.246095E-003   0.167985E-003
   0.325451E+002   0.100000E+001  -0.177335E-003   0.110845E-003
   0.326253E+002   0.100000E+001  -0.126825E-003   0.728103E-004
   0.327054E+002   0.100000E+001  -0.901763E-004   0.477310E-004
   0.327856E+002   0.100000E+001  -0.638464E-004   0.313035E-004
   0.328657E+002   0.100000E+001  -0.450751E-004   0.205842E-004
   0.329459E+002   0.100000E+001  -0.317686E-004   0.135966E-004
   0.330261E+002   0.100000E+001  -0.223734E-004   0.903438E-005
   0.331062E+002   0.100000E+001  -0.157561E-004   0.604383E-005
   0.331864E+002   0.100000E+001  -0.111015E-004   0.407204E-005
   0.332665E+002   0.100000E+001  -0.782831E-005   0.276260E-005
   0.333467E+002   0.100000E+001  -0.552572E-005   0.188611E-005
   0.334269E+002   0.100000E+001  -0.390450E-005   0.129472E-005
   0.335070E+002   0.100000E+001  -0.276170E-005   0.892665E-006
   0.335872E+002   0.100000E+001  -0.195513E-005   0.617502E-006
   0.336673E+002   0.100000E+001  -0.138514E-005   0.428128E-006
   0.337475E+002   0.100000E+001  -0.981870E-006   0.297229E-006
   0.338277E+002   0.100000E+001  -0.696278E-006   0.206464E-006
   0.339078E+002   0.100000E+001  -0.493860E-006   0.143401E-006
   0.339880E+002   0.100000E+001  -0.350309E-006   0.995385E-007
   0.340681E+002   0.100000E+001  -0.248465E-006   0.690232E-007
   0.341483E+002   0.100000E+001  -0.176196E-006   0.478016E-007
   0.342285E+002   0.100000E+001  -0.124911E-006   0.330561E-007
   0.343086E+002   0.100000E+001  -0.885222E-007   0.228229E-007
   0.343888E+002   0.100000E+001  -0.627079E-007   0.157317E-007
   0.344689E+002   0.100000E+001  -0.444012E-007   0.108257E-007
   0.345491E+002   0.100000E+001  -0.314236E-007   0.743727E-008
   0.346293E+002   0.100000E+001  -0.222281E-007   0.510115E-008
   0.347094E+002   0.100000E+001  -0.157154E-007   0.349333E-008
   0.347896E+002   0.100000E+001  -0.111053E-007   0.238865E-008
   0.348697E+002   0.100000E+001  -0.784359E-008   0.163094E-008
   0.349499E+002   0.100000E+001  -0.553713E-008   0.111204E-008
   0.350301E+002   0.100000E+001  -0.390700E-008   0.757243E-009
   0.351102E+002   0.100000E+001  -0.275548E-008   0.514999E-009
   0.351904E+002   0.100000E+001  -0.194246E-008   0.349833E-009
   0.352705E+002   0.100000E+001  -0.136872E-008   0.237370E-009
   0.353507E+002   0.100000E+001  -0.964022E-009   0.160888E-009
   0.354309E+002   0.100000E+001  -0.678700E-009   0.108936E-009
   0.355110E+002   0.100000E+001  -0.477629E-009   0.736879E-010
   0.355912E+002   0.100000E+001  -0.335994E-009   0.497976E-010
   0.356713E+002   0.100000E+001  -0.236266E-009   0.336220E-010
   0.357515E+002   0.100000E+001  -0.166076E-009   0.226805E-010
   0.358317E+002   0.100000E+001  -0.116693E-009   0.152864E-010
   0.359118E+002   0.100000E+001  -0.819637E-010   0.102941E-010
   0.359920E+002   0.100000E+001  -0.575486E-010   0.692639E-011
   0.360721E+002   0.100000E+001  -0.403909E-010   0.465652E-011
   0.361523E+002   0.100000E+001  -0.283380E-010   0.312790E-011
   0.362325E+002   0.100000E+001  -0.198740E-010   0.209931E-011
   0.363126E+002   0.100000E+001  -0.139326E-010   0.140776E-011
   0.363928E+002   0.100000E+001  -0.976345E-011   0.943197E-012
   0.364729E+002   0.100000E+001  -0.683902E-011   0.631374E-012
   0.365531E+002   0.100000E+001  -0.478847E-011   0.422250E-012
   0.366333E+002   0.100000E+001  -0.335124E-011   0.282122E-012
   0.367134E+002   0.100000E+001  -0.234429E-011   0.188309E-012
   0.367936E+002   0.100000E+001  -0.163909E-011   0.125560E-012
   0.368737E+002   0.100000E+001  -0.114543E-011   0.836286E-013
   0.369539E+002   0.100000E+001  -0.800021E-012   0.556363E-013
   0.370341E+002   0.100000E+001  -0.558447E-012   0.369684E-013
   0.371142E+002   0.100000E+001  -0.389580E-012   0.245325E-013
   0.371944E+002   0.100000E+001  -0.271600E-012   0.162576E-013
   0.372745E+002   0.100000E+001  -0.189217E-012   0.107581E-013
   0.373547E+002   0.100000E+001  -0.131725E-012   0.710785E-014
   0.374349E+002   0.100000E+001  -0.916294E-013   0.468829E-014
   0.375150E+002   0.100000E+001  -0.636841E-013   0.308684E-014
   0.375952E+002   0.100000E+001  -0.442212E-013   0.202853E-014
   0.376754E+002   0.100000E+001  -0.306762E-013   0.133030E-014
   0.377555E+002   0.100000E+001  -0.212575E-013   0.870466E-015
   0.378357E+002   0.100000E+001  -0.147138E-013   0.568211E-015
   0.379158E+002   0.100000E+001  -0.101718E-013   0.369946E-015
   0.379960E+002   0.100000E+001  -0.702235E-014   0.240182E-015
   0.380762E+002   0.100000E+001  -0.484092E-014   0.155456E-015
   0.381563E+002   0.100000E+001  -0.333176E-014   0.100282E-015
   0.382365E+002   0.100000E+001  -0.228904E-014   0.644533E-016
   0.383166E+002   0.100000E+001  -0.156960E-014   0.412591E-016
   0.383968E+002   0.100000E+001  -0.107398E-014   0.262948E-016
   0.384770E+002   0.100000E+001  -0.733108E-015   0.166759E-016
   0.385571E+002   0.100000E+001  -0.499106E-015   0.105182E-016
   0.386373E+002   0.100000E+001  -0.338790E-015   0.659399E-017
   0.387174E+002   0.100000E+001  -0.229203E-015   0.410566E-017
   0.387976E+002   0.100000E+001  -0.154480E-015   0.253663E-017
   0.388778E+002   0.100000E+001  -0.103671E-015   0.155348E-017
   0.389579E+002   0.100000E+001  -0.692305E-016   0.941808E-018
   0.390381E+002   0.100000E+001  -0.459688E-016   0.564334E-018
   0.391182E+002   0.100000E+001  -0.303213E-016   0.333556E-018
   0.391984E+002   0.100000E+001  -0.198452E-016   0.193991E-018
   0.392786E+002   0.100000E+001  -0.128699E-016   0.110664E-018
   0.393587E+002   0.100000E+001  -0.825581E-017   0.616674E-019
   0.394389E+002   0.100000E+001  -0.522751E-017   0.333864E-019
   0.395190E+002   0.100000E+001  -0.325864E-017   0.174294E-019
   0.395992E+002   0.100000E+001  -0.199281E-017   0.867748E-020
   0.396794E+002   0.100000E+001  -0.118899E-017   0.404564E-020
   0.397595E+002   0.100000E+001  -0.683972E-018   0.170522E-020
   0.398397E+002   0.100000E+001  -0.366301E-018   0.597056E-021
   0.399198E+002   0.100000E+001  -0.157429E-018   0.124994E-021
   0.400000E+002   0.100000E+001  -0.000000E+000   0.000000E+000
   0.400802E+002   0.100000E+001  -0.733359E-018   0.974885E-022

