  -0.801603E-001   0.100000E+001  -0.403678E-001   0.551623E-001
   0.000000E+000   0.100000E+001  -0.253345E-001   0.115590E+000
   0.801603E-001   0.100000E+001  -0.281782E-001   0.103059E+000
   0.160321E+000   0.100000E+001  -0.305837E-001   0.895196E-001
   0.240481E+000   0.100000E+001  -0.325516E-001   0.751548E-001
   0.320641E+000   0.100000E+001  -0.341497E-001   0.601117E-001
   0.400802E+000   0.100000E+001  -0.353735E-001   0.445599E-001
   0.480962E+000   0.100000E+001  -0.362658E-001   0.286161E-001
   0.561122E+000   0.100000E+001  -0.368454E-001   0.124036E-001
   0.641283E+000   0.100000E+001  -0.371242E-001  -0.396387E-002
   0.721443E+000   0.100000E+001  -0.371095E-001  -0.203783E-001
   0.801603E+000   0.100000E+001  -0.368000E-001  -0.367320E-001
   0.881764E+000   0.100000E+001  -0.361867E-001  -0.529156E-001
   0.961924E+000   0.100000E+001  -0.352536E-001  -0.688157E-001
   0.104208E+001   0.100000E+001  -0.339769E-001  -0.843112E-001
   0.112224E+001   0.100000E+001  -0.323253E-001  -0.992708E-001
   0.120240E+001   0.100000E+001  -0.302612E-001  -0.113550E+000
   0.128257E+001   0.100000E+001  -0.277412E-001  -0.126986E+000
   0.136273E+001   0.100000E+001  -0.247184E-001  -0.139398E+000
   0.144289E+001   0.100000E+001  -0.211445E-001  -0.150579E+000
   0.152305E+001   0.100000E+001  -0.169737E-001  -0.160295E+000
   0.160321E+001   0.100000E+001  -0.121665E-001  -0.168279E+000
   0.168337E+001   0.100000E+001  -0.669488E-002  -0.174231E+000
   0.176353E+001   0.100000E+001  -0.547737E-003  -0.177822E+000
   0.184369E+001   0.100000E+001   0.625871E-002  -0.178705E+000
   0.192385E+001   0.100000E+001   0.136658E-001  -0.176527E+000
   0.200401E+001   0.100000E+001   0.215506E-001  -0.170958E+000
   0.208417E+001   0.100000E+001   0.297032E-001  -0.161718E+000
   0.216433E+001   0.100000E+001   0.378108E-001  -0.148617E+000
   0.224449E+001   0.100000E+001   0.454596E-001  -0.131627E+000
   0.232465E+001   0.100000E+001   0.521569E-001  -0.110957E+000
   0.240481E+001   0.100000E+001   0.573757E-001  -0.871381E-001
   0.248497E+001   0.100000E+001   0.606257E-001  -0.610457E-001
   0.256513E+001   0.100000E+001   0.615538E-001  -0.338514E-001
   0.264529E+001   0.100000E+001   0.600423E-001  -0.688081E-002
   0.272545E+001   0.100000E+001   0.562504E-001   0.185768E-001
   0.280561E+001   0.100000E+001   0.505683E-001   0.414474E-001
   0.288577E+001   0.100000E+001   0.435109E-001   0.609806E-001
   0.296593E+001   0.100000E+001   0.356094E-001   0.767680E-001
   0.304609E+001   0.100000E+001   0.273398E-001   0.886947E-001
   0.312625E+001   0.100000E+001   0.190906E-001   0.968611E-001
   0.320641E+001   0.100000E+001   0.111566E-001   0.101505E+000
   0.328657E+001   0.100000E+001   0.374397E-002   0.102938E+000
   0.336673E+001   0.100000E+001  -0.301978E-002   0.101500E+000
   0.344689E+001   0.100000E+001  -0.907297E-002   0.975267E-001
   0.352705E+001   0.100000E+001  -0.144044E-001   0.913404E-001
   0.360721E+001   0.100000E+001  -0.190380E-001   0.832406E-001
   0.368737E+001   0.100000E+001  -0.230195E-001   0.735053E-001
   0.376754E+001   0.100000E+001  -0.264050E-001   0.623888E-001
   0.384770E+001   0.100000E+001  -0.292524E-001   0.501205E-001
   0.392786E+001   0.100000E+001  -0.316142E-001   0.369034E-001
   0.400802E+001   0.100000E+001  -0.335358E-001   0.229156E-001
   0.408818E+001   0.100000E+001  -0.350550E-001   0.831300E-002
   0.416834E+001   0.100000E+001  -0.362043E-001  -0.676576E-002
   0.424850E+001   0.100000E+001  -0.370127E-001  -0.221949E-001
   0.432866E+001   0.100000E+001  -0.375060E-001  -0.378571E-001
   0.440882E+001   0.100000E+001  -0.377054E-001  -0.536408E-001
   0.448898E+001   0.100000E+001  -0.376244E-001  -0.694382E-001
   0.456914E+001   0.100000E+001  -0.372665E-001  -0.851440E-001
   0.464930E+001   0.100000E+001  -0.366243E-001  -0.100654E+000
   0.472946E+001   0.100000E+001  -0.356794E-001  -0.115865E+000
   0.480962E+001   0.100000E+001  -0.344046E-001  -0.130666E+000
   0.488978E+001   0.100000E+001  -0.327650E-001  -0.144938E+000
   0.496994E+001   0.100000E+001  -0.307192E-001  -0.158547E+000
   0.505010E+001   0.100000E+001  -0.282199E-001  -0.171331E+000
   0.513026E+001   0.100000E+001  -0.252154E-001  -0.183105E+000
   0.521042E+001   0.100000E+001  -0.216519E-001  -0.193656E+000
   0.529058E+001   0.100000E+001  -0.174779E-001  -0.202744E+000
   0.537074E+001   0.100000E+001  -0.126493E-001  -0.210106E+000
   0.545090E+001   0.100000E+001  -0.713567E-002  -0.215462E+000
   0.553106E+001   0.100000E+001  -0.927862E-003  -0.218514E+000
   0.561122E+001   0.100000E+001   0.595218E-002  -0.218947E+000
   0.569138E+001   0.100000E+001   0.134381E-001  -0.216436E+000
   0.577154E+001   0.100000E+001   0.214002E-001  -0.210657E+000
   0.585170E+001   0.100000E+001   0.296246E-001  -0.201317E+000
   0.593186E+001   0.100000E+001   0.377969E-001  -0.188204E+000
   0.601202E+001   0.100000E+001   0.454981E-001  -0.171268E+000
   0.609218E+001   0.100000E+001   0.522217E-001  -0.150708E+000
   0.617234E+001   0.100000E+001   0.574329E-001  -0.127048E+000
   0.625251E+001   0.100000E+001   0.606659E-001  -0.101163E+000
   0.633267E+001   0.100000E+001   0.616200E-001  -0.742060E-001
   0.641283E+001   0.100000E+001   0.602317E-001  -0.474576E-001
   0.649299E+001   0.100000E+001   0.566782E-001  -0.221368E-001
   0.657315E+001   0.100000E+001   0.513254E-001   0.754566E-003
   0.665331E+001   0.100000E+001   0.446487E-001   0.205111E-001
   0.673347E+001   0.100000E+001   0.371413E-001   0.367351E-001
   0.681363E+001   0.100000E+001   0.292488E-001   0.492968E-001
   0.689379E+001   0.100000E+001   0.213431E-001   0.582658E-001
   0.697395E+001   0.100000E+001   0.137075E-001   0.638451E-001
   0.705411E+001   0.100000E+001   0.653583E-002   0.663179E-001
   0.713427E+001   0.100000E+001  -0.521102E-004   0.660031E-001
   0.721443E+001   0.100000E+001  -0.600335E-002   0.632224E-001
   0.729459E+001   0.100000E+001  -0.113029E-001   0.582799E-001
   0.737475E+001   0.100000E+001  -0.159659E-001   0.514560E-001
   0.745491E+001   0.100000E+001  -0.200299E-001   0.430053E-001
   0.753507E+001   0.100000E+001  -0.235365E-001   0.331516E-001
   0.761523E+001   0.100000E+001  -0.265307E-001   0.220908E-001
   0.769539E+001   0.100000E+001  -0.290585E-001   0.100007E-001
   0.777555E+001   0.100000E+001  -0.311586E-001  -0.295242E-002
   0.785571E+001   0.100000E+001  -0.328653E-001  -0.166098E-001
   0.793587E+001   0.100000E+001  -0.342067E-001  -0.308212E-001
   0.801603E+001   0.100000E+001  -0.352040E-001  -0.454470E-001
   0.809619E+001   0.100000E+001  -0.358701E-001  -0.603587E-001
   0.817635E+001   0.100000E+001  -0.362118E-001  -0.754377E-001
   0.825651E+001   0.100000E+001  -0.362328E-001  -0.905717E-001
   0.833667E+001   0.100000E+001  -0.359278E-001  -0.105652E+000
   0.841683E+001   0.100000E+001  -0.352872E-001  -0.120567E+000
   0.849699E+001   0.100000E+001  -0.342978E-001  -0.135197E+000
   0.857715E+001   0.100000E+001  -0.329462E-001  -0.149407E+000
   0.865731E+001   0.100000E+001  -0.312082E-001  -0.163050E+000
   0.873747E+001   0.100000E+001  -0.290592E-001  -0.175963E+000
   0.881764E+001   0.100000E+001  -0.264930E-001  -0.187974E+000
   0.889780E+001   0.100000E+001  -0.235053E-001  -0.198902E+000
   0.897796E+001   0.100000E+001  -0.200879E-001  -0.208569E+000
   0.905812E+001   0.100000E+001  -0.162451E-001  -0.216792E+000
   0.913828E+001   0.100000E+001  -0.119818E-001  -0.223393E+000
   0.921844E+001   0.100000E+001  -0.730197E-002  -0.228194E+000
   0.929860E+001   0.100000E+001  -0.221487E-002  -0.231014E+000
   0.937876E+001   0.100000E+001   0.327763E-002  -0.231663E+000
   0.945892E+001   0.100000E+001   0.919274E-002  -0.229940E+000
   0.953908E+001   0.100000E+001   0.155340E-001  -0.225629E+000
   0.961924E+001   0.100000E+001   0.222494E-001  -0.218502E+000
   0.969940E+001   0.100000E+001   0.291774E-001  -0.208342E+000
   0.977956E+001   0.100000E+001   0.360811E-001  -0.194986E+000
   0.985972E+001   0.100000E+001   0.426620E-001  -0.178376E+000
   0.993988E+001   0.100000E+001   0.486040E-001  -0.158614E+000
   0.100200E+002   0.100000E+001   0.535429E-001  -0.135994E+000
   0.101002E+002   0.100000E+001   0.571409E-001  -0.111027E+000
   0.101804E+002   0.100000E+001   0.591055E-001  -0.844278E-001
   0.102605E+002   0.100000E+001   0.592627E-001  -0.570777E-001
   0.103407E+002   0.100000E+001   0.575433E-001  -0.299561E-001
   0.104208E+002   0.100000E+001   0.540364E-001  -0.405292E-002
   0.105010E+002   0.100000E+001   0.489352E-001   0.197272E-001
   0.105812E+002   0.100000E+001   0.425579E-001   0.406438E-001
   0.106613E+002   0.100000E+001   0.352686E-001   0.581797E-001
   0.107415E+002   0.100000E+001   0.274973E-001   0.720584E-001
   0.108216E+002   0.100000E+001   0.196415E-001   0.822363E-001
   0.109018E+002   0.100000E+001   0.120456E-001   0.888629E-001
   0.109820E+002   0.100000E+001   0.496073E-002   0.922251E-001
   0.110621E+002   0.100000E+001  -0.144100E-002   0.926853E-001
   0.111423E+002   0.100000E+001  -0.710079E-002   0.906306E-001
   0.112224E+002   0.100000E+001  -0.120034E-001   0.864296E-001
   0.113026E+002   0.100000E+001  -0.161908E-001   0.804122E-001
   0.113828E+002   0.100000E+001  -0.197180E-001   0.728623E-001
   0.114629E+002   0.100000E+001  -0.226500E-001   0.640228E-001
   0.115431E+002   0.100000E+001  -0.250496E-001   0.541065E-001
   0.116232E+002   0.100000E+001  -0.269689E-001   0.433068E-001
   0.117034E+002   0.100000E+001  -0.284453E-001   0.318078E-001
   0.117836E+002   0.100000E+001  -0.295120E-001   0.197897E-001
   0.118637E+002   0.100000E+001  -0.302007E-001   0.742936E-002
   0.119439E+002   0.100000E+001  -0.305554E-001  -0.510345E-002
   0.120240E+002   0.100000E+001  -0.306301E-001  -0.176550E-001
   0.121042E+002   0.100000E+001  -0.304775E-001  -0.300978E-001
   0.121844E+002   0.100000E+001  -0.301378E-001  -0.423378E-001
   0.122645E+002   0.100000E+001  -0.296295E-001  -0.543139E-001
   0.123447E+002   0.100000E+001  -0.289533E-001  -0.659902E-001
   0.124248E+002   0.100000E+001  -0.281023E-001  -0.773415E-001
   0.125050E+002   0.100000E+001  -0.270686E-001  -0.883391E-001
   0.125852E+002   0.100000E+001  -0.258444E-001  -0.989404E-001
   0.126653E+002   0.100000E+001  -0.244058E-001  -0.109084E+000
   0.127455E+002   0.100000E+001  -0.227143E-001  -0.118687E+000
   0.128257E+002   0.100000E+001  -0.207318E-001  -0.127649E+000
   0.129058E+002   0.100000E+001  -0.184136E-001  -0.135850E+000
   0.129860E+002   0.100000E+001  -0.156925E-001  -0.143153E+000
   0.130661E+002   0.100000E+001  -0.125081E-001  -0.149397E+000
   0.131463E+002   0.100000E+001  -0.880902E-002  -0.154396E+000
   0.132265E+002   0.100000E+001  -0.453831E-002  -0.157932E+000
   0.133066E+002   0.100000E+001   0.324952E-003  -0.159756E+000
   0.133868E+002   0.100000E+001   0.577565E-002  -0.159590E+000
   0.134669E+002   0.100000E+001   0.117884E-001  -0.157136E+000
   0.135471E+002   0.100000E+001   0.183122E-001  -0.152090E+000
   0.136273E+002   0.100000E+001   0.253218E-001  -0.144159E+000
   0.137074E+002   0.100000E+001   0.327142E-001  -0.133076E+000
   0.137876E+002   0.100000E+001   0.402837E-001  -0.118638E+000
   0.138677E+002   0.100000E+001   0.477459E-001  -0.100752E+000
   0.139479E+002   0.100000E+001   0.546130E-001  -0.795035E-001
   0.140281E+002   0.100000E+001   0.602571E-001  -0.552288E-001
   0.141082E+002   0.100000E+001   0.641180E-001  -0.285803E-001
   0.141884E+002   0.100000E+001   0.656832E-001  -0.524526E-003
   0.142685E+002   0.100000E+001   0.646480E-001   0.277212E-001
   0.143487E+002   0.100000E+001   0.610800E-001   0.548292E-001
   0.144289E+002   0.100000E+001   0.554191E-001   0.795574E-001
   0.145090E+002   0.100000E+001   0.482810E-001   0.100943E+000
   0.145892E+002   0.100000E+001   0.402815E-001   0.118428E+000
   0.146693E+002   0.100000E+001   0.319585E-001   0.131862E+000
   0.147495E+002   0.100000E+001   0.236924E-001   0.141409E+000
   0.148297E+002   0.100000E+001   0.157004E-001   0.147407E+000
   0.149098E+002   0.100000E+001   0.825440E-002   0.150232E+000
   0.149900E+002   0.100000E+001   0.157144E-002   0.150245E+000
   0.150701E+002   0.100000E+001  -0.428194E-002   0.147790E+000
   0.151503E+002   0.100000E+001  -0.930394E-002   0.143199E+000
   0.152305E+002   0.100000E+001  -0.135562E-001   0.136808E+000
   0.153106E+002   0.100000E+001  -0.171398E-001   0.128945E+000
   0.153908E+002   0.100000E+001  -0.201182E-001   0.119909E+000
   0.154709E+002   0.100000E+001  -0.225632E-001   0.109953E+000
   0.155511E+002   0.100000E+001  -0.245590E-001   0.992810E-001
   0.156313E+002   0.100000E+001  -0.261906E-001   0.880412E-001
   0.157114E+002   0.100000E+001  -0.275171E-001   0.763360E-001
   0.157916E+002   0.100000E+001  -0.285594E-001   0.642363E-001
   0.158717E+002   0.100000E+001  -0.293278E-001   0.518036E-001
   0.159519E+002   0.100000E+001  -0.298305E-001   0.391088E-001
   0.160321E+002   0.100000E+001  -0.300851E-001   0.262423E-001
   0.161122E+002   0.100000E+001  -0.301157E-001   0.133127E-001
   0.161924E+002   0.100000E+001  -0.299274E-001   0.436283E-003
   0.162725E+002   0.100000E+001  -0.294948E-001  -0.122744E-001
   0.163527E+002   0.100000E+001  -0.287820E-001  -0.247164E-001
   0.164329E+002   0.100000E+001  -0.277610E-001  -0.367933E-001
   0.165130E+002   0.100000E+001  -0.263912E-001  -0.484095E-001
   0.165932E+002   0.100000E+001  -0.246501E-001  -0.594589E-001
   0.166733E+002   0.100000E+001  -0.225413E-001  -0.698168E-001
   0.167535E+002   0.100000E+001  -0.200421E-001  -0.793389E-001
   0.168337E+002   0.100000E+001  -0.170893E-001  -0.878595E-001
   0.169138E+002   0.100000E+001  -0.136107E-001  -0.951869E-001
   0.169940E+002   0.100000E+001  -0.951430E-002  -0.101100E+000
   0.170741E+002   0.100000E+001  -0.470856E-002  -0.105340E+000
   0.171543E+002   0.100000E+001   0.869011E-003  -0.107609E+000
   0.172345E+002   0.100000E+001   0.719401E-002  -0.107564E+000
   0.173146E+002   0.100000E+001   0.141746E-001  -0.104838E+000
   0.173948E+002   0.100000E+001   0.217024E-001  -0.990593E-001
   0.174749E+002   0.100000E+001   0.295944E-001  -0.898849E-001
   0.175551E+002   0.100000E+001   0.376500E-001  -0.770487E-001
   0.176353E+002   0.100000E+001   0.455304E-001  -0.604170E-001
   0.177154E+002   0.100000E+001   0.527507E-001  -0.400659E-001
   0.177956E+002   0.100000E+001   0.587367E-001  -0.163676E-001
   0.178758E+002   0.100000E+001   0.628857E-001   0.994697E-002
   0.179559E+002   0.100000E+001   0.646473E-001   0.377815E-001
   0.180361E+002   0.100000E+001   0.637891E-001   0.657430E-001
   0.181162E+002   0.100000E+001   0.603338E-001   0.923196E-001
   0.181964E+002   0.100000E+001   0.546154E-001   0.116105E+000
   0.182766E+002   0.100000E+001   0.472120E-001   0.136020E+000
   0.183567E+002   0.100000E+001   0.388555E-001   0.151463E+000
   0.184369E+002   0.100000E+001   0.301593E-001   0.162329E+000
   0.185170E+002   0.100000E+001   0.216236E-001   0.168918E+000
   0.185972E+002   0.100000E+001   0.136342E-001   0.171757E+000
   0.186774E+002   0.100000E+001   0.642294E-002   0.171445E+000
   0.187575E+002   0.100000E+001  -0.672078E-005   0.168546E+000
   0.188377E+002   0.100000E+001  -0.568246E-002   0.163532E+000
   0.189178E+002   0.100000E+001  -0.106804E-001   0.156774E+000
   0.189980E+002   0.100000E+001  -0.150903E-001   0.148570E+000
   0.190782E+002   0.100000E+001  -0.189199E-001   0.139155E+000
   0.191583E+002   0.100000E+001  -0.221205E-001   0.128732E+000
   0.192385E+002   0.100000E+001  -0.247395E-001   0.117487E+000
   0.193186E+002   0.100000E+001  -0.268736E-001   0.105590E+000
   0.193988E+002   0.100000E+001  -0.285911E-001   0.931893E-001
   0.194790E+002   0.100000E+001  -0.299243E-001   0.804087E-001
   0.195591E+002   0.100000E+001  -0.308806E-001   0.673505E-001
   0.196393E+002   0.100000E+001  -0.314682E-001   0.541053E-001
   0.197194E+002   0.100000E+001  -0.317288E-001   0.407603E-001
   0.197996E+002   0.100000E+001  -0.317333E-001   0.273995E-001
   0.198798E+002   0.100000E+001  -0.315489E-001   0.140983E-001
   0.199599E+002   0.100000E+001  -0.312075E-001   0.920400E-003
   0.200401E+002   0.100000E+001  -0.306939E-001  -0.120784E-001
   0.201202E+002   0.100000E+001  -0.299548E-001  -0.248379E-001
   0.202004E+002   0.100000E+001  -0.289206E-001  -0.372786E-001
   0.202806E+002   0.100000E+001  -0.275216E-001  -0.492884E-001
   0.203607E+002   0.100000E+001  -0.256581E-001  -0.607168E-001
   0.204409E+002   0.100000E+001  -0.232267E-001  -0.713703E-001
   0.205210E+002   0.100000E+001  -0.201244E-001  -0.810096E-001
   0.206012E+002   0.100000E+001  -0.162512E-001  -0.893504E-001
   0.206814E+002   0.100000E+001  -0.115559E-001  -0.960627E-001
   0.207615E+002   0.100000E+001  -0.601715E-002  -0.100780E+000
   0.208417E+002   0.100000E+001   0.326357E-003  -0.103114E+000
   0.209218E+002   0.100000E+001   0.737427E-002  -0.102674E+000
   0.210020E+002   0.100000E+001   0.149742E-001  -0.990999E-001
   0.210822E+002   0.100000E+001   0.228986E-001  -0.921001E-001
   0.211623E+002   0.100000E+001   0.308428E-001  -0.814902E-001
   0.212425E+002   0.100000E+001   0.384508E-001  -0.672435E-001
   0.213226E+002   0.100000E+001   0.452924E-001  -0.495350E-001
   0.214028E+002   0.100000E+001   0.508852E-001  -0.287772E-001
   0.214830E+002   0.100000E+001   0.548123E-001  -0.564388E-002
   0.215631E+002   0.100000E+001   0.567233E-001   0.189577E-001
   0.216433E+002   0.100000E+001   0.564758E-001   0.439515E-001
   0.217234E+002   0.100000E+001   0.541855E-001   0.682109E-001
   0.218036E+002   0.100000E+001   0.501320E-001   0.907135E-001
   0.218838E+002   0.100000E+001   0.447037E-001   0.110669E+000
   0.219639E+002   0.100000E+001   0.383619E-001   0.127589E+000
   0.220441E+002   0.100000E+001   0.315113E-001   0.141279E+000
   0.221242E+002   0.100000E+001   0.244970E-001   0.151765E+000
   0.222044E+002   0.100000E+001   0.175829E-001   0.159192E+000
   0.222846E+002   0.100000E+001   0.109161E-001   0.163751E+000
   0.223647E+002   0.100000E+001   0.460438E-002   0.165633E+000
   0.224449E+002   0.100000E+001  -0.131019E-002   0.165027E+000
   0.225251E+002   0.100000E+001  -0.677891E-002   0.162125E+000
   0.226052E+002   0.100000E+001  -0.117595E-001   0.157133E+000
   0.226854E+002   0.100000E+001  -0.162331E-001   0.150272E+000
   0.227655E+002   0.100000E+001  -0.201854E-001   0.141761E+000
   0.228457E+002   0.100000E+001  -0.236114E-001   0.131814E+000
   0.229259E+002   0.100000E+001  -0.265232E-001   0.120635E+000
   0.230060E+002   0.100000E+001  -0.289271E-001   0.108420E+000
   0.230862E+002   0.100000E+001  -0.308333E-001   0.953718E-001
   0.231663E+002   0.100000E+001  -0.322668E-001   0.816983E-001
   0.232465E+002   0.100000E+001  -0.332529E-001   0.675962E-001
   0.233267E+002   0.100000E+001  -0.338199E-001   0.532404E-001
   0.234068E+002   0.100000E+001  -0.339974E-001   0.387945E-001
   0.234870E+002   0.100000E+001  -0.338097E-001   0.244139E-001
   0.235671E+002   0.100000E+001  -0.332804E-001   0.102391E-001
   0.236473E+002   0.100000E+001  -0.324335E-001  -0.360644E-002
   0.237275E+002   0.100000E+001  -0.312825E-001  -0.170116E-001
   0.238076E+002   0.100000E+001  -0.298224E-001  -0.298694E-001
   0.238878E+002   0.100000E+001  -0.280317E-001  -0.420667E-001
   0.239679E+002   0.100000E+001  -0.258799E-001  -0.534774E-001
   0.240481E+002   0.100000E+001  -0.233337E-001  -0.639599E-001
   0.241283E+002   0.100000E+001  -0.203598E-001  -0.733577E-001
   0.242084E+002   0.100000E+001  -0.169249E-001  -0.815004E-001
   0.242886E+002   0.100000E+001  -0.129960E-001  -0.882020E-001
   0.243687E+002   0.100000E+001  -0.854399E-002  -0.932595E-001
   0.244489E+002   0.100000E+001  -0.354873E-002  -0.964524E-001
   0.245291E+002   0.100000E+001   0.199467E-002  -0.975430E-001
   0.246092E+002   0.100000E+001   0.806777E-002  -0.962785E-001
   0.246894E+002   0.100000E+001   0.146148E-001  -0.923956E-001
   0.247695E+002   0.100000E+001   0.215203E-001  -0.856332E-001
   0.248497E+002   0.100000E+001   0.285829E-001  -0.757635E-001
   0.249299E+002   0.100000E+001   0.354970E-001  -0.626467E-001
   0.250100E+002   0.100000E+001   0.418568E-001  -0.463072E-001
   0.250902E+002   0.100000E+001   0.471954E-001  -0.270126E-001
   0.251703E+002   0.100000E+001   0.510547E-001  -0.532486E-002
   0.252505E+002   0.100000E+001   0.530708E-001   0.179081E-001
   0.253307E+002   0.100000E+001   0.530480E-001   0.416342E-001
   0.254108E+002   0.100000E+001   0.509958E-001   0.647364E-001
   0.254910E+002   0.100000E+001   0.471194E-001   0.861850E-001
   0.255711E+002   0.100000E+001   0.417699E-001   0.105158E+000
   0.256513E+002   0.100000E+001   0.353789E-001   0.121101E+000
   0.257315E+002   0.100000E+001   0.283923E-001   0.133735E+000
   0.258116E+002   0.100000E+001   0.212154E-001   0.143017E+000
   0.258918E+002   0.100000E+001   0.141763E-001   0.149076E+000
   0.259719E+002   0.100000E+001   0.750943E-002   0.152154E+000
   0.260521E+002   0.100000E+001   0.136042E-002   0.152544E+000
   0.261323E+002   0.100000E+001  -0.419885E-002   0.150556E+000
   0.262124E+002   0.100000E+001  -0.915084E-002   0.146487E+000
   0.262926E+002   0.100000E+001  -0.135141E-001   0.140613E+000
   0.263727E+002   0.100000E+001  -0.173275E-001   0.133179E+000
   0.264529E+002   0.100000E+001  -0.206381E-001   0.124400E+000
   0.265331E+002   0.100000E+001  -0.234936E-001   0.114468E+000
   0.266132E+002   0.100000E+001  -0.259389E-001   0.103552E+000
   0.266934E+002   0.100000E+001  -0.280140E-001   0.918016E-001
   0.267735E+002   0.100000E+001  -0.297544E-001   0.793519E-001
   0.268537E+002   0.100000E+001  -0.311895E-001   0.663237E-001
   0.269339E+002   0.100000E+001  -0.323417E-001   0.528264E-001
   0.270140E+002   0.100000E+001  -0.332243E-001   0.389615E-001
   0.270942E+002   0.100000E+001  -0.338400E-001   0.248267E-001
   0.271743E+002   0.100000E+001  -0.341807E-001   0.105204E-001
   0.272545E+002   0.100000E+001  -0.342277E-001  -0.385294E-002
   0.273347E+002   0.100000E+001  -0.339524E-001  -0.181785E-001
   0.274148E+002   0.100000E+001  -0.333188E-001  -0.323274E-001
   0.274950E+002   0.100000E+001  -0.322854E-001  -0.461535E-001
   0.275752E+002   0.100000E+001  -0.308081E-001  -0.594926E-001
   0.276553E+002   0.100000E+001  -0.288436E-001  -0.721612E-001
   0.277355E+002   0.100000E+001  -0.263521E-001  -0.839581E-001
   0.278156E+002   0.100000E+001  -0.233007E-001  -0.946665E-001
   0.278958E+002   0.100000E+001  -0.196660E-001  -0.104057E+000
   0.279760E+002   0.100000E+001  -0.154358E-001  -0.111890E+000
   0.280561E+002   0.100000E+001  -0.106119E-001  -0.117920E+000
   0.281363E+002   0.100000E+001  -0.521386E-002  -0.121897E+000
   0.282164E+002   0.100000E+001   0.714200E-003  -0.123572E+000
   0.282966E+002   0.100000E+001   0.709291E-002  -0.122703E+000
   0.283768E+002   0.100000E+001   0.137951E-001  -0.119070E+000
   0.284569E+002   0.100000E+001   0.206352E-001  -0.112502E+000
   0.285371E+002   0.100000E+001   0.273662E-001  -0.102910E+000
   0.286172E+002   0.100000E+001   0.336911E-001  -0.903284E-001
   0.286974E+002   0.100000E+001   0.392879E-001  -0.749513E-001
   0.287776E+002   0.100000E+001   0.438419E-001  -0.571472E-001
   0.288577E+002   0.100000E+001   0.470760E-001  -0.374570E-001
   0.289379E+002   0.100000E+001   0.487726E-001  -0.165712E-001
   0.290180E+002   0.100000E+001   0.487907E-001   0.470567E-002
   0.290982E+002   0.100000E+001   0.470864E-001   0.255031E-001
   0.291784E+002   0.100000E+001   0.437363E-001   0.449534E-001
   0.292585E+002   0.100000E+001   0.389492E-001   0.622789E-001
   0.293387E+002   0.100000E+001   0.330509E-001   0.768770E-001
   0.294188E+002   0.100000E+001   0.264406E-001   0.883763E-001
   0.294990E+002   0.100000E+001   0.195317E-001   0.966451E-001
   0.295792E+002   0.100000E+001   0.126992E-001   0.101759E+000
   0.296593E+002   0.100000E+001   0.624641E-002   0.103946E+000
   0.297395E+002   0.100000E+001   0.392624E-003   0.103532E+000
   0.298196E+002   0.100000E+001  -0.472309E-002   0.100890E+000
   0.298998E+002   0.100000E+001  -0.902924E-002   0.964119E-001
   0.299800E+002   0.100000E+001  -0.125065E-001   0.904825E-001
   0.300601E+002   0.100000E+001  -0.151739E-001   0.834675E-001
   0.301403E+002   0.100000E+001  -0.170769E-001   0.757057E-001
   0.302204E+002   0.100000E+001  -0.182802E-001   0.675040E-001
   0.303006E+002   0.100000E+001  -0.188605E-001   0.591338E-001
   0.303808E+002   0.100000E+001  -0.189030E-001   0.508284E-001
   0.304609E+002   0.100000E+001  -0.184962E-001   0.427812E-001
   0.305411E+002   0.100000E+001  -0.177278E-001   0.351453E-001
   0.306212E+002   0.100000E+001  -0.166804E-001   0.280348E-001
   0.307014E+002   0.100000E+001  -0.154270E-001   0.215285E-001
   0.307816E+002   0.100000E+001  -0.140288E-001   0.156758E-001
   0.308617E+002   0.100000E+001  -0.125341E-001   0.105036E-001
   0.309419E+002   0.100000E+001  -0.109794E-001   0.602366E-002
   0.310220E+002   0.100000E+001  -0.939294E-002   0.223895E-002
   0.311022E+002   0.100000E+001  -0.780070E-002  -0.853363E-003
   0.311824E+002   0.100000E+001  -0.623189E-002  -0.326230E-002
   0.312625E+002   0.100000E+001  -0.472340E-002  -0.500778E-002
   0.313427E+002   0.100000E+001  -0.332000E-002  -0.612755E-002
   0.314228E+002   0.100000E+001  -0.206937E-002  -0.668313E-002
   0.315030E+002   0.100000E+001  -0.101309E-002  -0.676104E-002
   0.315832E+002   0.100000E+001  -0.177290E-003  -0.646704E-002
   0.316633E+002   0.100000E+001   0.433082E-003  -0.591468E-002
   0.317435E+002   0.100000E+001   0.833913E-003  -0.521189E-002
   0.318236E+002   0.100000E+001   0.105650E-002  -0.445007E-002
   0.319038E+002   0.100000E+001   0.113985E-002  -0.369828E-002
   0.319840E+002   0.100000E+001   0.112359E-002  -0.300253E-002
   0.320641E+002   0.100000E+001   0.104311E-002  -0.238866E-002
   0.321443E+002   0.100000E+001   0.927051E-003  -0.186688E-002
   0.322244E+002   0.100000E+001   0.796678E-003  -0.143653E-002
   0.323046E+002   0.100000E+001   0.666489E-003  -0.109034E-002
   0.323848E+002   0.100000E+001   0.545414E-003  -0.817627E-003
   0.324649E+002   0.100000E+001   0.438185E-003  -0.606606E-003
   0.325451E+002   0.100000E+001   0.346588E-003  -0.445812E-003
   0.326253E+002   0.100000E+001   0.270506E-003  -0.324908E-003
   0.327054E+002   0.100000E+001   0.208714E-003  -0.235041E-003
   0.327856E+002   0.100000E+001   0.159441E-003  -0.168911E-003
   0.328657E+002   0.100000E+001   0.120748E-003  -0.120674E-003
   0.329459E+002   0.100000E+001   0.907527E-004  -0.857587E-004
   0.330261E+002   0.100000E+001   0.677530E-004  -0.606559E-004
   0.331062E+002   0.100000E+001   0.502829E-004  -0.427163E-004
   0.331864E+002   0.100000E+001   0.371206E-004  -0.299642E-004
   0.332665E+002   0.100000E+001   0.272743E-004  -0.209432E-004
   0.333467E+002   0.100000E+001   0.199546E-004  -0.145894E-004
   0.334269E+002   0.100000E+001   0.145431E-004  -0.101319E-004
   0.335070E+002   0.100000E+001   0.105622E-004  -0.701628E-005
   0.335872E+002   0.100000E+001   0.764667E-005  -0.484584E-005
   0.336673E+002   0.100000E+001   0.551990E-005  -0.333856E-005
   0.337475E+002   0.100000E+001   0.397412E-005  -0.229485E-005
   0.338277E+002   0.100000E+001   0.285430E-005  -0.157408E-005
   0.339078E+002   0.100000E+001   0.204550E-005  -0.107755E-005
   0.339880E+002   0.100000E+001   0.146292E-005  -0.736305E-006
   0.340681E+002   0.100000E+001   0.104433E-005  -0.502274E-006
   0.341483E+002   0.100000E+001   0.744253E-006  -0.342093E-006
   0.342285E+002   0.100000E+001   0.529581E-006  -0.232659E-006
   0.343086E+002   0.100000E+001   0.376297E-006  -0.158022E-006
   0.343888E+002   0.100000E+001   0.267035E-006  -0.107197E-006
   0.344689E+002   0.100000E+001   0.189275E-006  -0.726365E-007
   0.345491E+002   0.100000E+001   0.134014E-006  -0.491672E-007
   0.346293E+002   0.100000E+001   0.947939E-007  -0.332490E-007
   0.347094E+002   0.100000E+001   0.669912E-007  -0.224644E-007
   0.347896E+002   0.100000E+001   0.473040E-007  -0.151655E-007
   0.348697E+002   0.100000E+001   0.333771E-007  -0.102303E-007
   0.349499E+002   0.100000E+001   0.235341E-007  -0.689618E-008
   0.350301E+002   0.100000E+001   0.165832E-007  -0.464561E-008
   0.351102E+002   0.100000E+001   0.116784E-007  -0.312755E-008
   0.351904E+002   0.100000E+001   0.821977E-008  -0.210432E-008
   0.352705E+002   0.100000E+001   0.578250E-008  -0.141505E-008
   0.353507E+002   0.100000E+001   0.406598E-008  -0.951039E-009
   0.354309E+002   0.100000E+001   0.285773E-008  -0.638847E-009
   0.355110E+002   0.100000E+001   0.200767E-008  -0.428916E-009
   0.355912E+002   0.100000E+001   0.140991E-008  -0.287824E-009
   0.356713E+002   0.100000E+001   0.989740E-009  -0.193047E-009
   0.357515E+002   0.100000E+001   0.694530E-009  -0.129414E-009
   0.358317E+002   0.100000E+001   0.487196E-009  -0.867107E-010
   0.359118E+002   0.100000E+001   0.341636E-009  -0.580681E-010
   0.359920E+002   0.100000E+001   0.239481E-009  -0.388658E-010
   0.360721E+002   0.100000E+001   0.167813E-009  -0.259989E-010
   0.361523E+002   0.100000E+001   0.117552E-009  -0.173815E-010
   0.362325E+002   0.100000E+001   0.823153E-010  -0.116133E-010
   0.363126E+002   0.100000E+001   0.576200E-010  -0.775439E-011
   0.363928E+002   0.100000E+001   0.403186E-010  -0.517421E-011
   0.364729E+002   0.100000E+001   0.282015E-010  -0.345009E-011
   0.365531E+002   0.100000E+001   0.197181E-010  -0.229873E-011
   0.366333E+002   0.100000E+001   0.137810E-010  -0.153037E-011
   0.367134E+002   0.100000E+001   0.962730E-011  -0.101796E-011
   0.367936E+002   0.100000E+001   0.672252E-011  -0.676501E-012
   0.368737E+002   0.100000E+001   0.469191E-011  -0.449141E-012
   0.369539E+002   0.100000E+001   0.327300E-011  -0.297882E-012
   0.370341E+002   0.100000E+001   0.228196E-011  -0.197343E-012
   0.371142E+002   0.100000E+001   0.159007E-011  -0.130581E-012
   0.371944E+002   0.100000E+001   0.110729E-011  -0.862940E-013
   0.372745E+002   0.100000E+001   0.770578E-012  -0.569489E-013
   0.373547E+002   0.100000E+001   0.535879E-012  -0.375274E-013
   0.374349E+002   0.100000E+001   0.372381E-012  -0.246900E-013
   0.375150E+002   0.100000E+001   0.258555E-012  -0.162163E-013
   0.375952E+002   0.100000E+001   0.179364E-012  -0.106311E-013
   0.376754E+002   0.100000E+001   0.124310E-012  -0.695575E-014
   0.377555E+002   0.100000E+001   0.860658E-013  -0.454121E-014
   0.378357E+002   0.100000E+001   0.595210E-013  -0.295792E-014
   0.379158E+002   0.100000E+001   0.411133E-013  -0.192177E-014
   0.379960E+002   0.100000E+001   0.283609E-013  -0.124514E-014
   0.380762E+002   0.100000E+001   0.195358E-013  -0.804320E-015
   0.381563E+002   0.100000E+001   0.134356E-013  -0.517861E-015
   0.382365E+002   0.100000E+001   0.922415E-014  -0.332226E-015
   0.383166E+002   0.100000E+001   0.632070E-014  -0.212292E-015
   0.383968E+002   0.100000E+001   0.432200E-014  -0.135062E-015
   0.384770E+002   0.100000E+001   0.294838E-014  -0.855119E-016
   0.385571E+002   0.100000E+001   0.200605E-014  -0.538490E-016
   0.386373E+002   0.100000E+001   0.136090E-014  -0.337059E-016
   0.387174E+002   0.100000E+001   0.920175E-015  -0.209549E-016
   0.387976E+002   0.100000E+001   0.619848E-015  -0.129278E-016
   0.388778E+002   0.100000E+001   0.415759E-015  -0.790603E-017
   0.389579E+002   0.100000E+001   0.277500E-015  -0.478653E-017
   0.390381E+002   0.100000E+001   0.184170E-015  -0.286431E-017
   0.391182E+002   0.100000E+001   0.121422E-015  -0.169081E-017
   0.391984E+002   0.100000E+001   0.794345E-016  -0.982131E-018
   0.392786E+002   0.100000E+001   0.514920E-016  -0.559590E-018
   0.393587E+002   0.100000E+001   0.330176E-016  -0.311470E-018
   0.394389E+002   0.100000E+001   0.208983E-016  -0.168439E-018
   0.395190E+002   0.100000E+001   0.130225E-016  -0.878395E-019
   0.395992E+002   0.100000E+001   0.796124E-017  -0.436873E-019
   0.396794E+002   0.100000E+001   0.474865E-017  -0.203484E-019
   0.397595E+002   0.100000E+001   0.273104E-017  -0.856916E-020
   0.398397E+002   0.100000E+001   0.146234E-017  -0.299795E-020
   0.399198E+002   0.100000E+001   0.628381E-018  -0.627112E-021
   0.400000E+002   0.100000E+001   0.000000E+000  -0.000000E+000
   0.400802E+002   0.100000E+001   0.292678E-017  -0.487751E-021

