  -0.801603E-001   0.100000E+001  -0.273727E-001  -0.136564E+000
   0.000000E+000   0.100000E+001  -0.348397E-001  -0.592633E-001
   0.801603E-001   0.100000E+001  -0.332725E-001  -0.745228E-001
   0.160321E+000   0.100000E+001  -0.314106E-001  -0.891861E-001
   0.240481E+000   0.100000E+001  -0.291324E-001  -0.103093E+000
   0.320641E+000   0.100000E+001  -0.264280E-001  -0.116098E+000
   0.400802E+000   0.100000E+001  -0.231856E-001  -0.127970E+000
   0.480962E+000   0.100000E+001  -0.193681E-001  -0.138517E+000
   0.561122E+000   0.100000E+001  -0.149202E-001  -0.147493E+000
   0.641283E+000   0.100000E+001  -0.979420E-002  -0.154634E+000
   0.721443E+000   0.100000E+001  -0.396348E-002  -0.159646E+000
   0.801603E+000   0.100000E+001   0.257310E-002  -0.162214E+000
   0.881764E+000   0.100000E+001   0.977603E-002  -0.162003E+000
   0.961924E+000   0.100000E+001   0.175479E-001  -0.158677E+000
   0.104208E+001   0.100000E+001   0.257154E-001  -0.151916E+000
   0.112224E+001   0.100000E+001   0.340117E-001  -0.141455E+000
   0.120240E+001   0.100000E+001   0.420645E-001  -0.127145E+000
   0.128257E+001   0.100000E+001   0.493990E-001  -0.109018E+000
   0.136273E+001   0.100000E+001   0.554651E-001  -0.873776E-001
   0.144289E+001   0.100000E+001   0.596987E-001  -0.628511E-001
   0.152305E+001   0.100000E+001   0.616145E-001  -0.363915E-001
   0.160321E+001   0.100000E+001   0.609221E-001  -0.917550E-002
   0.168337E+001   0.100000E+001   0.576326E-001   0.175775E-001
   0.176353E+001   0.100000E+001   0.520974E-001   0.427906E-001
   0.184369E+001   0.100000E+001   0.449296E-001   0.656357E-001
   0.192385E+001   0.100000E+001   0.368316E-001   0.855446E-001
   0.200401E+001   0.100000E+001   0.284231E-001   0.102173E+000
   0.208417E+001   0.100000E+001   0.201512E-001   0.115364E+000
   0.216433E+001   0.100000E+001   0.122900E-001   0.125124E+000
   0.224449E+001   0.100000E+001   0.498577E-002   0.131598E+000
   0.232465E+001   0.100000E+001  -0.169163E-002   0.135031E+000
   0.240481E+001   0.100000E+001  -0.771279E-002   0.135730E+000
   0.248497E+001   0.100000E+001  -0.130727E-001   0.134024E+000
   0.256513E+001   0.100000E+001  -0.177882E-001   0.130231E+000
   0.264529E+001   0.100000E+001  -0.218951E-001   0.124648E+000
   0.272545E+001   0.100000E+001  -0.254412E-001   0.117538E+000
   0.280561E+001   0.100000E+001  -0.284765E-001   0.109139E+000
   0.288577E+001   0.100000E+001  -0.310462E-001   0.996649E-001
   0.296593E+001   0.100000E+001  -0.331860E-001   0.893040E-001
   0.304609E+001   0.100000E+001  -0.349253E-001   0.782240E-001
   0.312625E+001   0.100000E+001  -0.362943E-001   0.665703E-001
   0.320641E+001   0.100000E+001  -0.373241E-001   0.544668E-001
   0.328657E+001   0.100000E+001  -0.380399E-001   0.420228E-001
   0.336673E+001   0.100000E+001  -0.384588E-001   0.293378E-001
   0.344689E+001   0.100000E+001  -0.385923E-001   0.165064E-001
   0.352705E+001   0.100000E+001  -0.384487E-001   0.362334E-002
   0.360721E+001   0.100000E+001  -0.380313E-001  -0.921331E-002
   0.368737E+001   0.100000E+001  -0.373368E-001  -0.219003E-001
   0.376754E+001   0.100000E+001  -0.363545E-001  -0.343279E-001
   0.384770E+001   0.100000E+001  -0.350642E-001  -0.463801E-001
   0.392786E+001   0.100000E+001  -0.334362E-001  -0.579332E-001
   0.400802E+001   0.100000E+001  -0.314315E-001  -0.688548E-001
   0.408818E+001   0.100000E+001  -0.290033E-001  -0.789986E-001
   0.416834E+001   0.100000E+001  -0.260988E-001  -0.881993E-001
   0.424850E+001   0.100000E+001  -0.226625E-001  -0.962659E-001
   0.432866E+001   0.100000E+001  -0.186386E-001  -0.102977E+000
   0.440882E+001   0.100000E+001  -0.139749E-001  -0.108076E+000
   0.448898E+001   0.100000E+001  -0.862817E-002  -0.111277E+000
   0.456914E+001   0.100000E+001  -0.257306E-002  -0.112265E+000
   0.464930E+001   0.100000E+001   0.418577E-002  -0.110706E+000
   0.472946E+001   0.100000E+001   0.115962E-001  -0.106256E+000
   0.480962E+001   0.100000E+001   0.195378E-001  -0.985822E-001
   0.488978E+001   0.100000E+001   0.278010E-001  -0.873831E-001
   0.496994E+001   0.100000E+001   0.360705E-001  -0.724339E-001
   0.505010E+001   0.100000E+001   0.439217E-001  -0.536484E-001
   0.513026E+001   0.100000E+001   0.508390E-001  -0.311641E-001
   0.521042E+001   0.100000E+001   0.562655E-001  -0.543178E-002
   0.529058E+001   0.100000E+001   0.596858E-001   0.227301E-001
   0.537074E+001   0.100000E+001   0.607292E-001   0.521632E-001
   0.545090E+001   0.100000E+001   0.592630E-001   0.815045E-001
   0.553106E+001   0.100000E+001   0.554318E-001   0.109401E+000
   0.561122E+001   0.100000E+001   0.496233E-001   0.134722E+000
   0.569138E+001   0.100000E+001   0.423741E-001   0.156684E+000
   0.577154E+001   0.100000E+001   0.342576E-001   0.174871E+000
   0.585170E+001   0.100000E+001   0.257948E-001   0.189173E+000
   0.593186E+001   0.100000E+001   0.174052E-001   0.199691E+000
   0.601202E+001   0.100000E+001   0.939160E-002   0.206659E+000
   0.609218E+001   0.100000E+001   0.194961E-002   0.210380E+000
   0.617234E+001   0.100000E+001  -0.481173E-002   0.211189E+000
   0.625251E+001   0.100000E+001  -0.108473E-001   0.209422E+000
   0.633267E+001   0.100000E+001  -0.161537E-001   0.205406E+000
   0.641283E+001   0.100000E+001  -0.207545E-001   0.199443E+000
   0.649299E+001   0.100000E+001  -0.246911E-001   0.191809E+000
   0.657315E+001   0.100000E+001  -0.280160E-001   0.182748E+000
   0.665331E+001   0.100000E+001  -0.307892E-001   0.172474E+000
   0.673347E+001   0.100000E+001  -0.330727E-001   0.161177E+000
   0.681363E+001   0.100000E+001  -0.349258E-001   0.149025E+000
   0.689379E+001   0.100000E+001  -0.364007E-001   0.136172E+000
   0.697395E+001   0.100000E+001  -0.375400E-001   0.122756E+000
   0.705411E+001   0.100000E+001  -0.383745E-001   0.108902E+000
   0.713427E+001   0.100000E+001  -0.389229E-001   0.947227E-001
   0.721443E+001   0.100000E+001  -0.391922E-001   0.803190E-001
   0.729459E+001   0.100000E+001  -0.391772E-001   0.657902E-001
   0.737475E+001   0.100000E+001  -0.388637E-001   0.512399E-001
   0.745491E+001   0.100000E+001  -0.382339E-001   0.367776E-001
   0.753507E+001   0.100000E+001  -0.372682E-001   0.225170E-001
   0.761523E+001   0.100000E+001  -0.359452E-001   0.857898E-002
   0.769539E+001   0.100000E+001  -0.342282E-001  -0.490204E-002
   0.777555E+001   0.100000E+001  -0.320701E-001  -0.177677E-001
   0.785571E+001   0.100000E+001  -0.294326E-001  -0.298281E-001
   0.793587E+001   0.100000E+001  -0.262764E-001  -0.408683E-001
   0.801603E+001   0.100000E+001  -0.225459E-001  -0.506591E-001
   0.809619E+001   0.100000E+001  -0.181861E-001  -0.589547E-001
   0.817635E+001   0.100000E+001  -0.131884E-001  -0.654878E-001
   0.825651E+001   0.100000E+001  -0.754623E-002  -0.699792E-001
   0.833667E+001   0.100000E+001  -0.128611E-002  -0.721370E-001
   0.841683E+001   0.100000E+001   0.551753E-002  -0.716607E-001
   0.849699E+001   0.100000E+001   0.127678E-001  -0.682617E-001
   0.857715E+001   0.100000E+001   0.203235E-001  -0.616813E-001
   0.865731E+001   0.100000E+001   0.279572E-001  -0.517124E-001
   0.873747E+001   0.100000E+001   0.354405E-001  -0.382457E-001
   0.881764E+001   0.100000E+001   0.425192E-001  -0.212989E-001
   0.889780E+001   0.100000E+001   0.488796E-001  -0.103889E-002
   0.897796E+001   0.100000E+001   0.541540E-001   0.221785E-001
   0.905812E+001   0.100000E+001   0.577904E-001   0.477747E-001
   0.913828E+001   0.100000E+001   0.592283E-001   0.748994E-001
   0.921844E+001   0.100000E+001   0.582389E-001   0.102431E+000
   0.929860E+001   0.100000E+001   0.549099E-001   0.129114E+000
   0.937876E+001   0.100000E+001   0.496035E-001   0.153762E+000
   0.945892E+001   0.100000E+001   0.428432E-001   0.175442E+000
   0.953908E+001   0.100000E+001   0.351184E-001   0.193592E+000
   0.961924E+001   0.100000E+001   0.268816E-001   0.207999E+000
   0.969940E+001   0.100000E+001   0.185217E-001   0.218707E+000
   0.977956E+001   0.100000E+001   0.102907E-001   0.225919E+000
   0.985972E+001   0.100000E+001   0.241232E-002   0.229898E+000
   0.993988E+001   0.100000E+001  -0.493135E-002   0.230928E+000
   0.100200E+002   0.100000E+001  -0.115714E-001   0.229314E+000
   0.101002E+002   0.100000E+001  -0.173646E-001   0.225387E+000
   0.101804E+002   0.100000E+001  -0.222609E-001   0.219505E+000
   0.102605E+002   0.100000E+001  -0.262938E-001   0.212040E+000
   0.103407E+002   0.100000E+001  -0.295534E-001   0.203344E+000
   0.104208E+002   0.100000E+001  -0.321528E-001   0.193718E+000
   0.105010E+002   0.100000E+001  -0.342019E-001   0.183393E+000
   0.105812E+002   0.100000E+001  -0.357833E-001   0.172538E+000
   0.106613E+002   0.100000E+001  -0.369518E-001   0.161271E+000
   0.107415E+002   0.100000E+001  -0.377497E-001   0.149683E+000
   0.108216E+002   0.100000E+001  -0.382122E-001   0.137863E+000
   0.109018E+002   0.100000E+001  -0.383574E-001   0.125902E+000
   0.109820E+002   0.100000E+001  -0.381961E-001   0.113898E+000
   0.110621E+002   0.100000E+001  -0.377387E-001   0.101953E+000
   0.111423E+002   0.100000E+001  -0.369975E-001   0.901702E-001
   0.112224E+002   0.100000E+001  -0.359709E-001   0.786472E-001
   0.113026E+002   0.100000E+001  -0.346559E-001   0.674762E-001
   0.113828E+002   0.100000E+001  -0.330567E-001   0.567456E-001
   0.114629E+002   0.100000E+001  -0.311729E-001   0.465425E-001
   0.115431E+002   0.100000E+001  -0.289945E-001   0.369575E-001
   0.116232E+002   0.100000E+001  -0.265036E-001   0.280921E-001
   0.117034E+002   0.100000E+001  -0.236582E-001   0.200660E-001
   0.117836E+002   0.100000E+001  -0.204061E-001   0.130260E-001
   0.118637E+002   0.100000E+001  -0.166774E-001   0.715410E-002
   0.119439E+002   0.100000E+001  -0.123806E-001   0.267290E-002
   0.120240E+002   0.100000E+001  -0.744012E-002  -0.149309E-003
   0.121042E+002   0.100000E+001  -0.182314E-002  -0.100188E-002
   0.121844E+002   0.100000E+001   0.442077E-002   0.459202E-003
   0.122645E+002   0.100000E+001   0.112549E-001   0.458569E-002
   0.123447E+002   0.100000E+001   0.185935E-001   0.117194E-001
   0.124248E+002   0.100000E+001   0.263045E-001   0.221655E-001
   0.125050E+002   0.100000E+001   0.341558E-001   0.361593E-001
   0.125852E+002   0.100000E+001   0.417588E-001   0.538190E-001
   0.126653E+002   0.100000E+001   0.485977E-001   0.750756E-001
   0.127455E+002   0.100000E+001   0.541584E-001   0.995939E-001
   0.128257E+002   0.100000E+001   0.578911E-001   0.126725E+000
   0.129058E+002   0.100000E+001   0.593553E-001   0.155492E+000
   0.129860E+002   0.100000E+001   0.582591E-001   0.184648E+000
   0.130661E+002   0.100000E+001   0.546091E-001   0.212809E+000
   0.131463E+002   0.100000E+001   0.487421E-001   0.238648E+000
   0.132265E+002   0.100000E+001   0.412694E-001   0.261094E+000
   0.133066E+002   0.100000E+001   0.328936E-001   0.279496E+000
   0.133868E+002   0.100000E+001   0.242308E-001   0.293665E+000
   0.134669E+002   0.100000E+001   0.157283E-001   0.303796E+000
   0.135471E+002   0.100000E+001   0.773001E-002   0.310303E+000
   0.136273E+002   0.100000E+001   0.442802E-003   0.313666E+000
   0.137074E+002   0.100000E+001  -0.601073E-002   0.314317E+000
   0.137876E+002   0.100000E+001  -0.115855E-001   0.312616E+000
   0.138677E+002   0.100000E+001  -0.163297E-001   0.308868E+000
   0.139479E+002   0.100000E+001  -0.203355E-001   0.303348E+000
   0.140281E+002   0.100000E+001  -0.237151E-001   0.296322E+000
   0.141082E+002   0.100000E+001  -0.265851E-001   0.288042E+000
   0.141884E+002   0.100000E+001  -0.290460E-001   0.278727E+000
   0.142685E+002   0.100000E+001  -0.311359E-001   0.268557E+000
   0.143487E+002   0.100000E+001  -0.328249E-001   0.257668E+000
   0.144289E+002   0.100000E+001  -0.340822E-001   0.246178E+000
   0.145090E+002   0.100000E+001  -0.349384E-001   0.234204E+000
   0.145892E+002   0.100000E+001  -0.354662E-001   0.221867E+000
   0.146693E+002   0.100000E+001  -0.357278E-001   0.209280E+000
   0.147495E+002   0.100000E+001  -0.357595E-001   0.196540E+000
   0.148297E+002   0.100000E+001  -0.355684E-001   0.183720E+000
   0.149098E+002   0.100000E+001  -0.351303E-001   0.170868E+000
   0.149900E+002   0.100000E+001  -0.344296E-001   0.158028E+000
   0.150701E+002   0.100000E+001  -0.334756E-001   0.145249E+000
   0.151503E+002   0.100000E+001  -0.322528E-001   0.132595E+000
   0.152305E+002   0.100000E+001  -0.307177E-001   0.120157E+000
   0.153106E+002   0.100000E+001  -0.288443E-001   0.108058E+000
   0.153908E+002   0.100000E+001  -0.266196E-001   0.964548E-001
   0.154709E+002   0.100000E+001  -0.240209E-001   0.855363E-001
   0.155511E+002   0.100000E+001  -0.210143E-001   0.755181E-001
   0.156313E+002   0.100000E+001  -0.175607E-001   0.666406E-001
   0.157114E+002   0.100000E+001  -0.135860E-001   0.591678E-001
   0.157916E+002   0.100000E+001  -0.900849E-002   0.533903E-001
   0.158717E+002   0.100000E+001  -0.381817E-002   0.496293E-001
   0.159519E+002   0.100000E+001   0.198842E-002   0.482224E-001
   0.160321E+002   0.100000E+001   0.836152E-002   0.495091E-001
   0.161122E+002   0.100000E+001   0.152130E-001   0.538069E-001
   0.161924E+002   0.100000E+001   0.224531E-001   0.613828E-001
   0.162725E+002   0.100000E+001   0.299738E-001   0.724307E-001
   0.163527E+002   0.100000E+001   0.375296E-001   0.870430E-001
   0.164329E+002   0.100000E+001   0.446909E-001   0.105163E+000
   0.165130E+002   0.100000E+001   0.508296E-001   0.126520E+000
   0.165932E+002   0.100000E+001   0.553231E-001   0.150556E+000
   0.166733E+002   0.100000E+001   0.575701E-001   0.176396E+000
   0.167535E+002   0.100000E+001   0.572478E-001   0.202887E+000
   0.168337E+002   0.100000E+001   0.544344E-001   0.228724E+000
   0.169138E+002   0.100000E+001   0.494536E-001   0.252650E+000
   0.169940E+002   0.100000E+001   0.427577E-001   0.273653E+000
   0.170741E+002   0.100000E+001   0.349849E-001   0.291088E+000
   0.171543E+002   0.100000E+001   0.267256E-001   0.304715E+000
   0.172345E+002   0.100000E+001   0.185004E-001   0.314627E+000
   0.173146E+002   0.100000E+001   0.107293E-001   0.321135E+000
   0.173948E+002   0.100000E+001   0.369275E-002   0.324646E+000
   0.174749E+002   0.100000E+001  -0.257333E-002   0.325576E+000
   0.175551E+002   0.100000E+001  -0.815882E-002   0.324283E+000
   0.176353E+002   0.100000E+001  -0.130952E-001   0.321035E+000
   0.177154E+002   0.100000E+001  -0.173697E-001   0.316012E+000
   0.177956E+002   0.100000E+001  -0.210322E-001   0.309334E+000
   0.178758E+002   0.100000E+001  -0.240852E-001   0.301081E+000
   0.179559E+002   0.100000E+001  -0.265827E-001   0.291325E+000
   0.180361E+002   0.100000E+001  -0.286435E-001   0.280154E+000
   0.181162E+002   0.100000E+001  -0.303225E-001   0.267677E+000
   0.181964E+002   0.100000E+001  -0.316486E-001   0.254032E+000
   0.182766E+002   0.100000E+001  -0.326854E-001   0.239386E+000
   0.183567E+002   0.100000E+001  -0.334744E-001   0.223923E+000
   0.184369E+002   0.100000E+001  -0.340251E-001   0.207824E+000
   0.185170E+002   0.100000E+001  -0.343101E-001   0.191261E+000
   0.185972E+002   0.100000E+001  -0.342975E-001   0.174397E+000
   0.186774E+002   0.100000E+001  -0.339787E-001   0.157402E+000
   0.187575E+002   0.100000E+001  -0.333833E-001   0.140449E+000
   0.188377E+002   0.100000E+001  -0.325547E-001   0.123720E+000
   0.189178E+002   0.100000E+001  -0.315144E-001   0.107393E+000
   0.189980E+002   0.100000E+001  -0.302588E-001   0.916292E-001
   0.190782E+002   0.100000E+001  -0.287559E-001   0.765749E-001
   0.191583E+002   0.100000E+001  -0.269509E-001   0.623604E-001
   0.192385E+002   0.100000E+001  -0.247983E-001   0.491130E-001
   0.193186E+002   0.100000E+001  -0.223011E-001   0.369674E-001
   0.193988E+002   0.100000E+001  -0.194508E-001   0.260660E-001
   0.194790E+002   0.100000E+001  -0.162090E-001   0.165615E-001
   0.195591E+002   0.100000E+001  -0.124794E-001   0.862273E-002
   0.196393E+002   0.100000E+001  -0.812411E-002   0.244970E-002
   0.197194E+002   0.100000E+001  -0.299486E-002  -0.170612E-002
   0.197996E+002   0.100000E+001   0.299560E-002  -0.352420E-002
   0.198798E+002   0.100000E+001   0.987494E-002  -0.261864E-002
   0.199599E+002   0.100000E+001   0.175522E-001   0.143794E-002
   0.200401E+002   0.100000E+001   0.257856E-001   0.905842E-002
   0.201202E+002   0.100000E+001   0.341657E-001   0.205541E-001
   0.202004E+002   0.100000E+001   0.421006E-001   0.360316E-001
   0.202806E+002   0.100000E+001   0.489331E-001   0.552838E-001
   0.203607E+002   0.100000E+001   0.540507E-001   0.777179E-001
   0.204409E+002   0.100000E+001   0.569282E-001   0.102356E+000
   0.205210E+002   0.100000E+001   0.572719E-001   0.127912E+000
   0.206012E+002   0.100000E+001   0.550438E-001   0.152960E+000
   0.206814E+002   0.100000E+001   0.505169E-001   0.176144E+000
   0.207615E+002   0.100000E+001   0.442537E-001   0.196384E+000
   0.208417E+002   0.100000E+001   0.369246E-001   0.213025E+000
   0.209218E+002   0.100000E+001   0.291760E-001   0.225862E+000
   0.210020E+002   0.100000E+001   0.215302E-001   0.235058E+000
   0.210822E+002   0.100000E+001   0.142944E-001   0.240993E+000
   0.211623E+002   0.100000E+001   0.765508E-002   0.244107E+000
   0.212425E+002   0.100000E+001   0.168357E-002   0.244794E+000
   0.213226E+002   0.100000E+001  -0.364810E-002   0.243374E+000
   0.214028E+002   0.100000E+001  -0.837912E-002   0.240090E+000
   0.214830E+002   0.100000E+001  -0.125890E-001   0.235142E+000
   0.215631E+002   0.100000E+001  -0.163581E-001   0.228693E+000
   0.216433E+002   0.100000E+001  -0.197575E-001   0.220876E+000
   0.217234E+002   0.100000E+001  -0.228453E-001   0.211799E+000
   0.218036E+002   0.100000E+001  -0.256505E-001   0.201546E+000
   0.218838E+002   0.100000E+001  -0.281736E-001   0.190190E+000
   0.219639E+002   0.100000E+001  -0.304097E-001   0.177814E+000
   0.220441E+002   0.100000E+001  -0.323424E-001   0.164521E+000
   0.221242E+002   0.100000E+001  -0.339403E-001   0.150437E+000
   0.222044E+002   0.100000E+001  -0.351706E-001   0.135711E+000
   0.222846E+002   0.100000E+001  -0.360016E-001   0.120510E+000
   0.223647E+002   0.100000E+001  -0.364089E-001   0.105014E+000
   0.224449E+002   0.100000E+001  -0.363769E-001   0.894120E-001
   0.225251E+002   0.100000E+001  -0.358976E-001   0.738896E-001
   0.226052E+002   0.100000E+001  -0.349698E-001   0.586311E-001
   0.226854E+002   0.100000E+001  -0.335988E-001   0.438146E-001
   0.227655E+002   0.100000E+001  -0.317894E-001   0.296083E-001
   0.228457E+002   0.100000E+001  -0.295414E-001   0.161737E-001
   0.229259E+002   0.100000E+001  -0.268668E-001   0.367134E-002
   0.230060E+002   0.100000E+001  -0.237661E-001  -0.773970E-002
   0.230862E+002   0.100000E+001  -0.202359E-001  -0.178905E-001
   0.231663E+002   0.100000E+001  -0.162786E-001  -0.265962E-001
   0.232465E+002   0.100000E+001  -0.118906E-001  -0.336724E-001
   0.233267E+002   0.100000E+001  -0.706956E-002  -0.389418E-001
   0.234068E+002   0.100000E+001  -0.183152E-002  -0.422170E-001
   0.234870E+002   0.100000E+001   0.378278E-002  -0.433004E-001
   0.235671E+002   0.100000E+001   0.970286E-002  -0.420068E-001
   0.236473E+002   0.100000E+001   0.158274E-001  -0.381860E-001
   0.237275E+002   0.100000E+001   0.220354E-001  -0.317301E-001
   0.238076E+002   0.100000E+001   0.281944E-001  -0.225707E-001
   0.238878E+002   0.100000E+001   0.341466E-001  -0.106800E-001
   0.239679E+002   0.100000E+001   0.396833E-001   0.391076E-002
   0.240481E+002   0.100000E+001   0.445285E-001   0.210669E-001
   0.241283E+002   0.100000E+001   0.483460E-001   0.404924E-001
   0.242084E+002   0.100000E+001   0.507748E-001   0.616743E-001
   0.242886E+002   0.100000E+001   0.514958E-001   0.838565E-001
   0.243687E+002   0.100000E+001   0.503223E-001   0.106082E+000
   0.244489E+002   0.100000E+001   0.472738E-001   0.127319E+000
   0.245291E+002   0.100000E+001   0.425801E-001   0.146631E+000
   0.246092E+002   0.100000E+001   0.366070E-001   0.163304E+000
   0.246894E+002   0.100000E+001   0.297629E-001   0.176884E+000
   0.247695E+002   0.100000E+001   0.224391E-001   0.187149E+000
   0.248497E+002   0.100000E+001   0.149874E-001   0.194061E+000
   0.249299E+002   0.100000E+001   0.770728E-002   0.197733E+000
   0.250100E+002   0.100000E+001   0.834264E-003   0.198381E+000
   0.250902E+002   0.100000E+001  -0.546139E-002   0.196289E+000
   0.251703E+002   0.100000E+001  -0.110684E-001   0.191781E+000
   0.252505E+002   0.100000E+001  -0.159291E-001   0.185199E+000
   0.253307E+002   0.100000E+001  -0.200357E-001   0.176882E+000
   0.254108E+002   0.100000E+001  -0.234226E-001   0.167148E+000
   0.254910E+002   0.100000E+001  -0.261549E-001   0.156281E+000
   0.255711E+002   0.100000E+001  -0.283139E-001   0.144524E+000
   0.256513E+002   0.100000E+001  -0.299837E-001   0.132075E+000
   0.257315E+002   0.100000E+001  -0.312412E-001   0.119096E+000
   0.258116E+002   0.100000E+001  -0.321491E-001   0.105716E+000
   0.258918E+002   0.100000E+001  -0.327555E-001   0.920426E-001
   0.259719E+002   0.100000E+001  -0.330943E-001   0.781693E-001
   0.260521E+002   0.100000E+001  -0.331886E-001   0.641824E-001
   0.261323E+002   0.100000E+001  -0.330552E-001   0.501637E-001
   0.262124E+002   0.100000E+001  -0.327063E-001   0.361912E-001
   0.262926E+002   0.100000E+001  -0.321501E-001   0.223384E-001
   0.263727E+002   0.100000E+001  -0.313872E-001   0.867481E-002
   0.264529E+002   0.100000E+001  -0.304055E-001  -0.473074E-002
   0.265331E+002   0.100000E+001  -0.291743E-001  -0.178030E-001
   0.266132E+002   0.100000E+001  -0.276421E-001  -0.304496E-001
   0.266934E+002   0.100000E+001  -0.257378E-001  -0.425494E-001
   0.267735E+002   0.100000E+001  -0.233780E-001  -0.539432E-001
   0.268537E+002   0.100000E+001  -0.204762E-001  -0.644288E-001
   0.269339E+002   0.100000E+001  -0.169539E-001  -0.737605E-001
   0.270140E+002   0.100000E+001  -0.127521E-001  -0.816545E-001
   0.270942E+002   0.100000E+001  -0.784001E-002  -0.877974E-001
   0.271743E+002   0.100000E+001  -0.222333E-002  -0.918577E-001
   0.272545E+002   0.100000E+001   0.404921E-002  -0.934990E-001
   0.273347E+002   0.100000E+001   0.108790E-001  -0.923951E-001
   0.274148E+002   0.100000E+001   0.181084E-001  -0.882489E-001
   0.274950E+002   0.100000E+001   0.255093E-001  -0.808190E-001
   0.275752E+002   0.100000E+001   0.327701E-001  -0.699601E-001
   0.276553E+002   0.100000E+001   0.394924E-001  -0.556834E-001
   0.277355E+002   0.100000E+001   0.452117E-001  -0.382304E-001
   0.278156E+002   0.100000E+001   0.494570E-001  -0.181362E-001
   0.278958E+002   0.100000E+001   0.518452E-001   0.376035E-002
   0.279760E+002   0.100000E+001   0.521791E-001   0.263973E-001
   0.280561E+002   0.100000E+001   0.505010E-001   0.486529E-001
   0.281363E+002   0.100000E+001   0.470691E-001   0.695291E-001
   0.282164E+002   0.100000E+001   0.422719E-001   0.882762E-001
   0.282966E+002   0.100000E+001   0.365264E-001   0.104423E+000
   0.283768E+002   0.100000E+001   0.302072E-001   0.117734E+000
   0.284569E+002   0.100000E+001   0.236169E-001   0.128142E+000
   0.285371E+002   0.100000E+001   0.169892E-001   0.135686E+000
   0.286172E+002   0.100000E+001   0.105027E-001   0.140475E+000
   0.286974E+002   0.100000E+001   0.429381E-002   0.142663E+000
   0.287776E+002   0.100000E+001  -0.153380E-002   0.142436E+000
   0.288577E+002   0.100000E+001  -0.690456E-002   0.140001E+000
   0.289379E+002   0.100000E+001  -0.117667E-001   0.135581E+000
   0.290180E+002   0.100000E+001  -0.160883E-001   0.129406E+000
   0.290982E+002   0.100000E+001  -0.198530E-001   0.121705E+000
   0.291784E+002   0.100000E+001  -0.230554E-001   0.112709E+000
   0.292585E+002   0.100000E+001  -0.256967E-001   0.102645E+000
   0.293387E+002   0.100000E+001  -0.277815E-001   0.917350E-001
   0.294188E+002   0.100000E+001  -0.293163E-001   0.801995E-001
   0.294990E+002   0.100000E+001  -0.303105E-001   0.682562E-001
   0.295792E+002   0.100000E+001  -0.307769E-001   0.561194E-001
   0.296593E+002   0.100000E+001  -0.307348E-001   0.439976E-001
   0.297395E+002   0.100000E+001  -0.302106E-001   0.320905E-001
   0.298196E+002   0.100000E+001  -0.292381E-001   0.205848E-001
   0.298998E+002   0.100000E+001  -0.278581E-001   0.964992E-002
   0.299800E+002   0.100000E+001  -0.261157E-001  -0.564324E-003
   0.300601E+002   0.100000E+001  -0.240585E-001  -0.993011E-002
   0.301403E+002   0.100000E+001  -0.217332E-001  -0.183415E-001
   0.302204E+002   0.100000E+001  -0.191834E-001  -0.257131E-001
   0.303006E+002   0.100000E+001  -0.164473E-001  -0.319764E-001
   0.303808E+002   0.100000E+001  -0.135585E-001  -0.370751E-001
   0.304609E+002   0.100000E+001  -0.105482E-001  -0.409604E-001
   0.305411E+002   0.100000E+001  -0.745300E-002  -0.435880E-001
   0.306212E+002   0.100000E+001  -0.432572E-002  -0.449207E-001
   0.307014E+002   0.100000E+001  -0.124793E-002  -0.449398E-001
   0.307816E+002   0.100000E+001   0.166243E-002  -0.436675E-001
   0.308617E+002   0.100000E+001   0.425648E-002  -0.411942E-001
   0.309419E+002   0.100000E+001   0.637816E-002  -0.377005E-001
   0.310220E+002   0.100000E+001   0.790236E-002  -0.334582E-001
   0.311022E+002   0.100000E+001   0.877161E-002  -0.288000E-001
   0.311824E+002   0.100000E+001   0.901295E-002  -0.240666E-001
   0.312625E+002   0.100000E+001   0.872628E-002  -0.195511E-001
   0.313427E+002   0.100000E+001   0.805285E-002  -0.154639E-001
   0.314228E+002   0.100000E+001   0.714090E-002  -0.119242E-001
   0.315030E+002   0.100000E+001   0.612112E-002  -0.897204E-002
   0.315832E+002   0.100000E+001   0.509475E-002  -0.658990E-002
   0.316633E+002   0.100000E+001   0.413135E-002  -0.472384E-002
   0.317435E+002   0.100000E+001   0.327212E-002  -0.330167E-002
   0.318236E+002   0.100000E+001   0.253598E-002  -0.224602E-002
   0.319038E+002   0.100000E+001   0.192594E-002  -0.148268E-002
   0.319840E+002   0.100000E+001   0.143472E-002  -0.945311E-003
   0.320641E+002   0.100000E+001   0.104917E-002  -0.577626E-003
   0.321443E+002   0.100000E+001   0.753572E-003  -0.333773E-003
   0.322244E+002   0.100000E+001   0.531852E-003  -0.177720E-003
   0.323046E+002   0.100000E+001   0.368978E-003  -0.820522E-004
   0.323848E+002   0.100000E+001   0.251701E-003  -0.265679E-004
   0.324649E+002   0.100000E+001   0.168867E-003   0.315507E-005
   0.325451E+002   0.100000E+001   0.111441E-003   0.170755E-004
   0.326253E+002   0.100000E+001   0.723416E-004   0.218296E-004
   0.327054E+002   0.100000E+001   0.461816E-004   0.216674E-004
   0.327856E+002   0.100000E+001   0.289756E-004   0.191891E-004
   0.328657E+002   0.100000E+001   0.178485E-004   0.158975E-004
   0.329459E+002   0.100000E+001   0.107737E-004   0.125960E-004
   0.330261E+002   0.100000E+001   0.635349E-005   0.966252E-005
   0.331062E+002   0.100000E+001   0.364282E-005   0.723104E-005
   0.331864E+002   0.100000E+001   0.201437E-005   0.530593E-005
   0.332665E+002   0.100000E+001   0.105909E-005   0.383111E-005
   0.333467E+002   0.100000E+001   0.514757E-006   0.272916E-005
   0.334269E+002   0.100000E+001   0.216102E-006   0.192195E-005
   0.335070E+002   0.100000E+001   0.607931E-007   0.134011E-005
   0.335872E+002   0.100000E+001  -0.133562E-007   0.926321E-006
   0.336673E+002   0.100000E+001  -0.433397E-007   0.635400E-006
   0.337475E+002   0.100000E+001  -0.506236E-007   0.432873E-006
   0.338277E+002   0.100000E+001  -0.472818E-007   0.293091E-006
   0.339078E+002   0.100000E+001  -0.398283E-007   0.197348E-006
   0.339880E+002   0.100000E+001  -0.315689E-007   0.132212E-006
   0.340681E+002   0.100000E+001  -0.240174E-007   0.881660E-007
   0.341483E+002   0.100000E+001  -0.177298E-007   0.585453E-007
   0.342285E+002   0.100000E+001  -0.127821E-007   0.387242E-007
   0.343086E+002   0.100000E+001  -0.903637E-008   0.255209E-007
   0.343888E+002   0.100000E+001  -0.628075E-008   0.167625E-007
   0.344689E+002   0.100000E+001  -0.429893E-008   0.109750E-007
   0.345491E+002   0.100000E+001  -0.290019E-008   0.716422E-008
   0.346293E+002   0.100000E+001  -0.192898E-008   0.466340E-008
   0.347094E+002   0.100000E+001  -0.126453E-008   0.302735E-008
   0.347896E+002   0.100000E+001  -0.816240E-009   0.196017E-008
   0.348697E+002   0.100000E+001  -0.517875E-009   0.126599E-008
   0.349499E+002   0.100000E+001  -0.322032E-009   0.815656E-009
   0.350301E+002   0.100000E+001  -0.195363E-009   0.524247E-009
   0.351102E+002   0.100000E+001  -0.114756E-009   0.336147E-009
   0.351904E+002   0.100000E+001  -0.644193E-010   0.215024E-009
   0.352705E+002   0.100000E+001  -0.336960E-010   0.137215E-009
   0.353507E+002   0.100000E+001  -0.154871E-010   0.873477E-010
   0.354309E+002   0.100000E+001  -0.512305E-011   0.554639E-010
   0.355110E+002   0.100000E+001   0.426974E-012   0.351268E-010
   0.355912E+002   0.100000E+001   0.310138E-011   0.221863E-010
   0.356713E+002   0.100000E+001   0.411945E-011   0.139728E-010
   0.357515E+002   0.100000E+001   0.423303E-011   0.877311E-011
   0.358317E+002   0.100000E+001   0.389436E-011   0.549036E-011
   0.359118E+002   0.100000E+001   0.336665E-011   0.342377E-011
   0.359920E+002   0.100000E+001   0.279600E-011   0.212679E-011
   0.360721E+002   0.100000E+001   0.225769E-011   0.131550E-011
   0.361523E+002   0.100000E+001   0.178535E-011   0.809823E-012
   0.362325E+002   0.100000E+001   0.138920E-011   0.495874E-012
   0.363126E+002   0.100000E+001   0.106707E-011   0.301801E-012
   0.363928E+002   0.100000E+001   0.811013E-012   0.182408E-012
   0.364729E+002   0.100000E+001   0.610961E-012   0.109357E-012
   0.365531E+002   0.100000E+001   0.456796E-012   0.649350E-013
   0.366333E+002   0.100000E+001   0.339312E-012   0.381147E-013
   0.367134E+002   0.100000E+001   0.250608E-012   0.220557E-013
   0.367936E+002   0.100000E+001   0.184159E-012   0.125348E-013
   0.368737E+002   0.100000E+001   0.134717E-012   0.695709E-014
   0.369539E+002   0.100000E+001   0.981462E-013   0.373750E-014
   0.370341E+002   0.100000E+001   0.712357E-013   0.191377E-014
   0.371142E+002   0.100000E+001   0.515258E-013   0.906174E-015
   0.371944E+002   0.100000E+001   0.371502E-013   0.368469E-015
   0.372745E+002   0.100000E+001   0.267051E-013   0.960263E-016
   0.373547E+002   0.100000E+001   0.191424E-013  -0.305559E-016
   0.374349E+002   0.100000E+001   0.136845E-013  -0.798445E-016
   0.375150E+002   0.100000E+001   0.975738E-014  -0.904107E-016
   0.375952E+002   0.100000E+001   0.693984E-014  -0.833591E-016
   0.376754E+002   0.100000E+001   0.492383E-014  -0.697907E-016
   0.377555E+002   0.100000E+001   0.348506E-014  -0.551997E-016
   0.378357E+002   0.100000E+001   0.246082E-014  -0.420281E-016
   0.379158E+002   0.100000E+001   0.173345E-014  -0.311251E-016
   0.379960E+002   0.100000E+001   0.121813E-014  -0.225618E-016
   0.380762E+002   0.100000E+001   0.853907E-015  -0.160723E-016
   0.381563E+002   0.100000E+001   0.597079E-015  -0.112821E-016
   0.382365E+002   0.100000E+001   0.416407E-015  -0.781818E-017
   0.383166E+002   0.100000E+001   0.289615E-015  -0.535501E-017
   0.383968E+002   0.100000E+001   0.200851E-015  -0.362836E-017
   0.384770E+002   0.100000E+001   0.138867E-015  -0.243313E-017
   0.385571E+002   0.100000E+001   0.956972E-016  -0.161517E-017
   0.386373E+002   0.100000E+001   0.657136E-016  -0.106137E-017
   0.387174E+002   0.100000E+001   0.449494E-016  -0.690235E-018
   0.387976E+002   0.100000E+001   0.306145E-016  -0.444026E-018
   0.388778E+002   0.100000E+001   0.207517E-016  -0.282351E-018
   0.389579E+002   0.100000E+001   0.139907E-016  -0.177298E-018
   0.390381E+002   0.100000E+001   0.937481E-017  -0.109791E-018
   0.391182E+002   0.100000E+001   0.623772E-017  -0.669301E-019
   0.391984E+002   0.100000E+001   0.411661E-017  -0.400739E-019
   0.392786E+002   0.100000E+001   0.269089E-017  -0.234953E-019
   0.393587E+002   0.100000E+001   0.173919E-017  -0.134353E-019
   0.394389E+002   0.100000E+001   0.110908E-017  -0.745300E-020
   0.395190E+002   0.100000E+001   0.695951E-018  -0.398089E-020
   0.395992E+002   0.100000E+001   0.428189E-018  -0.202481E-020
   0.396794E+002   0.100000E+001   0.256853E-018  -0.962980E-021
   0.397595E+002   0.100000E+001   0.148437E-018  -0.413340E-021
   0.398397E+002   0.100000E+001   0.798018E-019  -0.147100E-021
   0.399198E+002   0.100000E+001   0.344211E-019  -0.313036E-022
   0.400000E+002   0.100000E+001   0.000000E+000  -0.000000E+000
   0.400802E+002   0.100000E+001   0.160843E-018  -0.257422E-022

