 Initial conditions outputted from a previous simulation. Time =    18.400000000000002     
   40.000000000000000        0.0000000000000000              500           1   18.400000000000002     
   2.9371262635068604E-003 -0.14947051209278547     
   1.0200532423537025E-002 -0.14904320504863092     
   1.8029368259841111E-002 -0.14547715498403374     
   2.6247579528419669E-002 -0.13845535768874695     
   3.4584744011484647E-002 -0.12771952991803487     
   4.2669416499054626E-002 -0.11313039507307419     
   5.0032100821928348E-002  -9.4741542300592105E-002
   5.6140304047772656E-002  -7.2883935326018265E-002
   6.0465888565931804E-002  -4.8230365290171558E-002
   6.2582476618559507E-002  -2.1799389188208455E-002
   6.2264419757685915E-002   5.1347792087351046E-003
   5.9546417905305286E-002   3.1220176384809936E-002
   5.4714023109090425E-002   5.5234484888102148E-002
   4.8229959539925989E-002   7.6243919589175937E-002
   4.0631886447630786E-002   9.3667519690971937E-002
   3.2441042822191513E-002  0.10725352784245520     
   2.4103263642525977E-002  0.11700634806660207     
   1.5963690076986913E-002  0.12310270384428917     
   8.2658330988957442E-003  0.12581975114741584     
   1.1640945024910564E-003  0.12548255480916615     
  -5.2584713266707146E-003  0.12242961196400896     
  -1.0972065683743147E-002  0.11699205065288358     
  -1.5984124849098613E-002  0.10948209878617976     
  -2.0326230644909366E-002  0.10018744229773466     
  -2.4043993136139221E-002   8.9369190741392435E-002
  -2.7189569420343118E-002   7.7262013040717351E-002
  -2.9816349420950274E-002   6.4075566753464416E-002
  -3.1975331120067244E-002   4.9996688768494703E-002
  -3.3712756887030522E-002   3.5192020172179497E-002
  -3.5068653488120348E-002   1.9810860657023747E-002
  -3.6075992568098458E-002   3.9881245705431657E-003
  -3.6760257494261921E-002  -1.2152677841700247E-002
  -3.7139263561834196E-002  -2.8496472859043165E-002
  -3.7223131028082182E-002  -4.4933677603882879E-002
  -3.7014354086167781E-002  -6.1357256356207333E-002
  -3.6507942575225681E-002  -7.7659732084452690E-002
  -3.5691632369665133E-002  -9.3730083895488620E-002
  -3.4546159325120680E-002 -0.10945045201978906     
  -3.3045575143036653E-002 -0.12469259525729050     
  -3.1157572491799887E-002 -0.13931412590137379     
  -2.8843810819566801E-002 -0.15315468721540890     
  -2.6060333175262445E-002 -0.16603239862376468     
  -2.2758377787719483E-002 -0.17774101150139737     
  -1.8886178213559885E-002 -0.18804823144763433     
  -1.4392549409273810E-002 -0.19669550569676442     
  -9.2330340196761854E-003 -0.20339928360400716     
  -3.3791669376074056E-003 -0.20785366778008302     
   3.1689229449269954E-003 -0.20973491633684194     
   1.0366795661388253E-002 -0.20870930241444435     
   1.8107510389495197E-002 -0.20444674161052026     
   2.6202310362070203E-002 -0.19664347231161369     
   3.4363988843928037E-002 -0.18505884853265239     
   4.2201466845272879E-002 -0.16957268368926179     
   4.9236912331715794E-002 -0.15026507661272376     
   5.4951765645163214E-002 -0.12750552820981206     
   5.8857302168525749E-002 -0.10201699684573527     
   6.0577647425129701E-002  -7.4869210910522330E-002
   5.9929282371772176E-002  -4.7372059123691621E-002
   5.6973399396360709E-002  -2.0886642477144959E-002
   5.2011956998772334E-002   3.3790253316183876E-003
   4.5515865327455350E-002   2.4513480105361325E-002
   3.8013417487058908E-002   4.1950709979066574E-002
   2.9991831457095986E-002   5.5444662817266739E-002
   2.1847371718896204E-002   6.5009230555631611E-002
   1.3880813702295883E-002   7.0849267620131093E-002
   6.3135892559701952E-003   7.3290695977614076E-002
  -6.9553737992898701E-004   7.2713670432262609E-002
  -7.0407885033266816E-003   6.9496394295335148E-002
  -1.2666037818000152E-002   6.3979057974688197E-002
  -1.7563190202513335E-002   5.6453219243122875E-002
  -2.1766558392075974E-002   4.7172770858074496E-002
  -2.5339992975554025E-002   3.6373865004010041E-002
  -2.8358412468406088E-002   2.4289296218462927E-002
  -3.0889295775783459E-002   1.1149484703367898E-002
  -3.2981841754836400E-002  -2.8280570012590364E-003
  -3.4669197876087306E-002  -1.7452829255493310E-002
  -3.5979229961209100E-002  -3.2570391738111840E-002
  -3.6943340449590106E-002  -4.8060726740758418E-002
  -3.7595580714599369E-002  -6.3826159018937900E-002
  -3.7962374179984319E-002  -7.9774890526589232E-002
  -3.8054426209168615E-002  -9.5807868009497033E-002
  -3.7871970196981901E-002 -0.11181459317151711     
  -3.7413500252134593E-002 -0.12767796796953260     
  -3.6667953509418656E-002 -0.14327913835123468     
  -3.5595169866814429E-002 -0.15849182543853194     
  -3.4126358604194322E-002 -0.17317202414870680     
  -3.2189728626273319E-002 -0.18716180631224907     
  -2.9738423151880737E-002 -0.20030467357630535     
  -2.6758599081816069E-002 -0.21244107314933169     
  -2.3254420964845708E-002 -0.22337644664866008     
  -1.9222386110175838E-002 -0.23286649235551177     
  -1.4625429659262201E-002 -0.24064394850878684     
  -9.3783044113153243E-003 -0.24643538887266339     
  -3.4099165946978667E-003 -0.24993542499504098     
   3.2269655182751828E-003 -0.25080754195447563     
   1.0428335195686516E-002 -0.24875004334944453     
   1.8124266484356923E-002 -0.24352605797686247     
   2.6152656549625203E-002 -0.23491059649380969     
   3.4146368231311890E-002 -0.22267784065246385     
   4.1629199917282582E-002 -0.20671102091875218     
   4.8133097402478932E-002 -0.18715107657989419     
   5.3328076622313085E-002 -0.16446373651353183     
   5.6983212795001723E-002 -0.13939084881363109     
   5.8795168786761283E-002 -0.11288961812974219     
   5.8394409429908131E-002  -8.6138814054135815E-002
   5.5789889013279852E-002  -6.0442690038616596E-002
   5.1396850799217804E-002  -3.6893356597530000E-002
   4.5629625295541883E-002  -1.6148466078161269E-002
   3.8809815243385608E-002   1.3624711094746846E-003
   3.1331290251761387E-002   1.5204920645556654E-002
   2.3560780500167813E-002   2.5090965176908030E-002
   1.5851401129581829E-002   3.1081066066445964E-002
   8.5369671265556422E-003   3.3457442642873918E-002
   1.8447396010048249E-003   3.2499258131558469E-002
  -4.0854355120494464E-003   2.8493645324054483E-002
  -9.2275379660202335E-003   2.1844639518275557E-002
  -1.3658349863750800E-002   1.2983996003043881E-002
  -1.7452489069872349E-002   2.2000422749889593E-003
  -2.0674672870858727E-002  -1.0328010033296531E-002
  -2.3400350996347113E-002  -2.4380011790480487E-002
  -2.5649937523612582E-002  -3.9679913572693098E-002
  -2.7443824268418550E-002  -5.5977748930531687E-002
  -2.8856696873605956E-002  -7.3069876947250534E-002
  -2.9970913995841671E-002  -9.0762351690592574E-002
  -3.0850591624782511E-002 -0.10886366174895562     
  -3.1512519481518890E-002 -0.12720726273747140     
  -3.1962388752171930E-002 -0.14564180775741514     
  -3.2233569645055041E-002 -0.16399437070564413     
  -3.2376984802088442E-002 -0.18206067231681713     
  -3.2405835268745464E-002 -0.19962481718902453     
  -3.2327394201865173E-002 -0.21647559985313033     
  -3.2137789090056192E-002 -0.23241828377463603     
  -3.1816620492708274E-002 -0.24727516475466613     
  -3.1293957762721522E-002 -0.26085883111112007     
  -3.0504694622215139E-002 -0.27293994629953472     
  -2.9367566650649102E-002 -0.28325496572000319     
  -2.7751111669599947E-002 -0.29153805130782617     
  -2.5557366621018925E-002 -0.29754505306163326     
  -2.2728133465727923E-002 -0.30106851853876687     
  -1.9186206281058171E-002 -0.30191371566343211     
  -1.4898181906957323E-002 -0.29984619087506093     
  -9.8670025016907165E-003 -0.29461692844379012     
  -4.0371338254731881E-003 -0.28606002214551601     
   2.6633402581632288E-003 -0.27410654650748584     
   1.0139790877594900E-002 -0.25870230349546630     
   1.8149288487193528E-002 -0.23982048906479006     
   2.6393536310665235E-002 -0.21762823730380335     
   3.4674334029226761E-002 -0.19261960549171789     
   4.2678397500065503E-002 -0.16554343166408672     
   4.9641823439342696E-002 -0.13724535778922567     
   5.4770242259778668E-002 -0.10865024234341579     
   5.7771078908211204E-002  -8.0850424928674336E-002
   5.8168851536221894E-002  -5.5125438641641718E-002
   5.5601359397623527E-002  -3.2776794170799983E-002
   5.0455822987375019E-002  -1.4626232136668608E-002
   4.3548902215964760E-002  -5.6273384611223826E-004
   3.5631023204141243E-002   1.0141488386920274E-002
   2.7319682086866734E-002   1.7926748091937186E-002
   1.9104793748572019E-002   2.2432511008187179E-002
   1.1719283676395282E-002   2.2933858694221251E-002
   5.4950475790676145E-003   1.9303430451163978E-002
   2.3562114198498490E-004   1.2310369585034087E-002
  -4.4005516576340218E-003   2.7890834178619516E-003
  -8.6806140635181852E-003  -9.1815915584706927E-003
  -1.2675644620971222E-002  -2.3780403767392412E-002
  -1.6210300737100478E-002  -4.0262784640521888E-002
  -1.9042413703711555E-002  -5.7070859452962704E-002
  -2.1006499056063228E-002  -7.3521291151163265E-002
  -2.2497118784829608E-002  -9.0799881865287146E-002
  -2.4145611877567114E-002 -0.11050422037667483     
  -2.6122563829664013E-002 -0.13223203977440151     
  -2.8486023188773132E-002 -0.15336789353630698     
  -3.1243484622333176E-002 -0.17148705376046203     
  -3.3919454966341300E-002 -0.18633287357595521     
  -3.5980926971261082E-002 -0.19938118620187861     
  -3.7405226519767930E-002 -0.21270804064627880     
  -3.8421269947217888E-002 -0.22906554557457737     
  -3.9340717381463927E-002 -0.25032001779179969     
  -4.0563673810419400E-002 -0.26997848779172712     
  -4.0140982217757901E-002 -0.26818757486924499     
  -3.9057645786727484E-002 -0.23597256637727893     
  -3.4987394095150899E-002 -0.21215852545840558     
  -3.5049578280593345E-002 -0.24043735212727621     
  -2.3882886053225420E-002 -0.29947426053609399     
  -1.2422655153470708E-002 -0.33669414186984403     
  -9.2215981495649690E-003 -0.34194023707627191     
  -8.0658538971651698E-003 -0.33111987082619238     
   3.7859420216796685E-003 -0.30799134022152530     
   1.1913079202129024E-002 -0.27864605330014824     
   1.9327024430391505E-002 -0.26686394260110169     
   2.2803323091064049E-002 -0.28057725688667678     
   2.8605049345200723E-002 -0.29621089103409554     
   3.4855402332910561E-002 -0.29173263201691502     
   4.2609967207315393E-002 -0.26971152891836286     
   5.1647575419325790E-002 -0.24352782632535169     
   5.9484210411407369E-002 -0.21977815245623247     
   6.2936906540930052E-002 -0.19517493450634729     
   6.0773593795608101E-002 -0.16604595897917079     
   5.3832977656482130E-002 -0.13673766647942223     
   4.4216669121350721E-002 -0.11441020096157045     
   3.4793095604572562E-002  -9.9310714568671757E-002
   2.6247472746529044E-002  -8.7036834082835399E-002
   1.7428588641797936E-002  -7.7333808053263967E-002
   7.9970865195357864E-003  -7.3261281638979436E-002
  -1.2812897133232684E-003  -7.4755825542331969E-002
  -8.9288554708525699E-003  -7.9328177790986235E-002
  -1.4214643056342659E-002  -8.6104054156653578E-002
  -1.7104621985476805E-002  -9.4971645610333777E-002
  -1.8071957040187759E-002 -0.10440774623599823     
  -1.7794365905077717E-002 -0.11279753879148836     
  -1.7425656559107865E-002 -0.12011420562182162     
  -1.7554425712888611E-002 -0.12718391464526108     
  -1.8575792005967994E-002 -0.13452164618081244     
  -2.0495404655538552E-002 -0.14244670827413150     
  -2.3057496086711215E-002 -0.15140200653805236     
  -2.5785897044866286E-002 -0.16168800893170704     
  -2.8417243274405674E-002 -0.17324642812972219     
  -3.0670625212770204E-002 -0.18586522402822259     
  -3.2441315262935005E-002 -0.19934172499355590     
  -3.3655489238000665E-002 -0.21344106643127797     
  -3.4212907425763932E-002 -0.22784855060873030     
  -3.4148972523827280E-002 -0.24221150891564230     
  -3.3558658534431435E-002 -0.25623745654335101     
  -3.2464292307977170E-002 -0.26975232630463980     
  -3.0943999860451429E-002 -0.28266454743958430     
  -2.8976470262483567E-002 -0.29489056394023727     
  -2.6555685357491154E-002 -0.30629712996678055     
  -2.3662058581578070E-002 -0.31670953034748761     
  -2.0221879304461579E-002 -0.32594671875334541     
  -1.6250385893777024E-002 -0.33383257457213950     
  -1.1738249626021387E-002 -0.34019330023490074     
  -6.7194811561843617E-003 -0.34483817059190247     
  -1.2365215811541621E-003 -0.34755433064459862     
   4.7440031104477014E-003 -0.34811419904256286     
   1.1136000092525607E-002 -0.34627698525139777     
   1.7819040755067076E-002 -0.34180416901067895     
   2.4638469007217469E-002 -0.33447453803148008     
   3.1264096353593104E-002 -0.32414278323178908     
   3.7585797831509421E-002 -0.31084137186298127     
   4.3227100419535550E-002 -0.29479760432812979     
   4.7906062185656059E-002 -0.27639587372957680     
   5.1360367951284680E-002 -0.25610634000214250     
   5.3096307482878725E-002 -0.23450468542282468     
   5.3134158147789552E-002 -0.21234172549713742     
   5.1704689445464316E-002 -0.19039581469195985     
   4.8867164540883183E-002 -0.16932916364507425     
   4.4865010105399769E-002 -0.14977712956642031     
   3.9867661766910256E-002 -0.13238994034122192     
   3.3980958723280143E-002 -0.11769582280460120     
   2.7531859057103657E-002 -0.10594853290995794     
   2.0722170720858038E-002  -9.7128284589211092E-002
   1.3904634539733184E-002  -9.1116772309007943E-002
   7.2598098141778214E-003  -8.7820613543492826E-002
   8.9314973124672993E-004  -8.7168658176224614E-002
  -5.0194662922874592E-003  -8.9025497289687311E-002
  -1.0470852416793616E-002  -9.3148442723794050E-002
  -1.5378456740261627E-002  -9.9288718140543991E-002
  -1.9748055332136999E-002 -0.10727102761670486     
  -2.3653617902888887E-002 -0.11695262805769242     
  -2.7084260466680388E-002 -0.12813561893998668     
  -3.0088355443223934E-002 -0.14054391180203435     
  -3.2742139973188186E-002 -0.15390909752703788     
  -3.4988020250254694E-002 -0.16804499029624928     
  -3.6755750387941891E-002 -0.18282777142695547     
  -3.8050194680883324E-002 -0.19817631194654967     
  -3.8891367601428001E-002 -0.21404199566170590     
  -3.9292718484565739E-002 -0.23032523395006385     
  -3.9292679231702224E-002 -0.24680393317184002     
  -3.8956805222093917E-002 -0.26320928820385936     
  -3.8289877944681742E-002 -0.27936007254502404     
  -3.7264607061671506E-002 -0.29516630664015381     
  -3.5772565387193110E-002 -0.31050706830977531     
  -3.3797990939781801E-002 -0.32515853391570854     
  -3.1375754023569222E-002 -0.33889135805573939     
  -2.8473012983356957E-002 -0.35157887215631983     
  -2.5133041745980789E-002 -0.36313695284613207     
  -2.1368475074261456E-002 -0.37339928253377980     
  -1.7147264948218291E-002 -0.38209556549404722     
  -1.2538561154882312E-002 -0.38895585081731171     
  -7.5759118878503239E-003 -0.39380395608201030     
  -2.2530584389018130E-003 -0.39650477899230552     
   3.4107255134871949E-003 -0.39688274802095436     
   9.4293875188612274E-003 -0.39476947097932774     
   1.5784109329893346E-002 -0.39008913141016333     
   2.2327443834788893E-002 -0.38283341615456412     
   2.8793330067757604E-002 -0.37296139104080089     
   3.4923355279165826E-002 -0.36037530532613093     
   4.0539722330511757E-002 -0.34502710295122901     
   4.5456201684426920E-002 -0.32705036896451040     
   4.9371310254310900E-002 -0.30680573495886471     
   5.1927838443243016E-002 -0.28485370080351224     
   5.2830965511587606E-002 -0.26192659740987134     
   5.1932950688043267E-002 -0.23890829767267607     
   4.9239550383565422E-002 -0.21676622751743488     
   4.4907746768222109E-002 -0.19642005383858641     
   3.9248308032043717E-002 -0.17860755434017817     
   3.2672772616227891E-002 -0.16381429444610057     
   2.5594971054195812E-002 -0.15227820017065186     
   1.8367419141410657E-002 -0.14403681650039651     
   1.1277723902703879E-002 -0.13898236783264839     
   4.5581273546904926E-003 -0.13690645832812678     
  -1.6210774704998442E-003 -0.13753356109677958     
  -7.1567116644430931E-003 -0.14055074297892656     
  -1.2001313494865655E-002 -0.14563505467606602     
  -1.6145629041930645E-002 -0.15247202383750247     
  -1.9606892866070726E-002 -0.16076328709666807     
  -2.2421879032080889E-002 -0.17022978739408176     
  -2.4640972130611921E-002 -0.18061540965104167     
  -2.6323506810875225E-002 -0.19169020165382430     
  -2.7534685457793438E-002 -0.20325217826486022     
  -2.8342618738736503E-002 -0.21512874267950025     
  -2.8814570442595638E-002 -0.22717778192019530     
  -2.9012680103522228E-002 -0.23928702944303473     
  -2.8989674548419619E-002 -0.25137093609221861     
  -2.8785161628749476E-002 -0.26336535429827995     
  -2.8423278573304570E-002 -0.27522056994076827     
  -2.7912193182728522E-002 -0.28689342870137963     
  -2.7245342501535003E-002 -0.29833969449790793     
  -2.6403840166712565E-002 -0.30950765406866282     
  -2.5359353223582969E-002 -0.32033335756231562     
  -2.4076901833638361E-002 -0.33073737249032392     
  -2.2517373565018789E-002 -0.34062275800256092     
  -2.0639850042242527E-002 -0.34987398303757417     
  -1.8403957192925698E-002 -0.35835660604200770     
  -1.5772429296052659E-002 -0.36591766764687461     
  -1.2714046775451160E-002 -0.37238686104005425     
  -9.2070999493716801E-003 -0.37757862057573593     
  -5.2435190853685866E-003 -0.38129536091259891     
  -8.3376517949587735E-004 -0.38333225124708642     
   3.9875488505107066E-003 -0.38348410845391995     
   9.1555906088803280E-003 -0.38155518216970113     
   1.4569478616070336E-002 -0.37737269262964551     
   2.0087893309076260E-002 -0.37080482473953702     
   2.5527888055687772E-002 -0.36178327023516671     
   3.0669081071935788E-002 -0.35032910528018935     
   3.5265365268047702E-002 -0.33657867975405220     
   3.9065298956320660E-002 -0.32080360946503012     
   4.1840092145041592E-002 -0.30341703037065731     
   4.3414869540708639E-002 -0.28495881221644814     
   4.3695989638214916E-002 -0.26605687488867708     
   4.2686581305248314E-002 -0.24736944667169955     
   4.0485326661313735E-002 -0.22952058554044674     
   3.7268959527522287E-002 -0.21304414076816511     
   3.3264158498954630E-002 -0.19834767761952429     
   2.8716816981401324E-002 -0.18570007959569626     
   2.3865491889891614E-002 -0.17523915365299553     
   1.8922699363082433E-002 -0.16699176346824549     
   1.4064639871693851E-002 -0.16089897611072260     
   9.4279821883725586E-003 -0.15684076688363974     
   5.1115824172621458E-003 -0.15465729415335772     
   1.1810750995690364E-003 -0.15416569978970057     
  -2.3252756935165731E-003 -0.15517256036489505     
  -5.3905506318081388E-003 -0.15748264013667021     
  -8.0136166516572710E-003 -0.16090472918334303     
  -1.0204353344246459E-002 -0.16525529259762201     
  -1.1979765962878083E-002 -0.17036052881643410     
  -1.3360960362730528E-002 -0.17605730043149864     
  -1.4370891666693548E-002 -0.18219328744913457     
  -1.5032772231198459E-002 -0.18862662522917989     
  -1.5369020906990140E-002 -0.19522522282914134     
  -1.5400646067068046E-002 -0.20186590847936478     
  -1.5146971167679138E-002 -0.20843351384058822     
  -1.4625628359095593E-002 -0.21481998334243760     
  -1.3852761365220864E-002 -0.22092357638547075     
  -1.2843392467064906E-002 -0.22664821721549727     
  -1.1611918396874771E-002 -0.23190303845520047     
  -1.0172705968876566E-002 -0.23660215778567975     
  -8.5407609839744415E-003 -0.24066472194657990     
  -6.7324429821430882E-003 -0.24401524730678378     
  -4.7661931746477487E-003 -0.24658427995939453     
  -2.6632349867487522E-003 -0.24830938838001990     
  -4.4819808519053634E-004 -0.24913648732433483     
   1.8503935806891037E-003 -0.24902147189867230     
   4.1998409848550229E-003 -0.24793211233186008     
   6.5632730038466093E-003 -0.24585012181913513     
   8.9000022223637721E-003 -0.24277326719119596     
   1.1166287949578317E-002 -0.23871734856233057     
   1.3316539558020179E-002 -0.23371782645488540     
   1.5304950297260835E-002 -0.22783084525555766     
   1.7087486799773142E-002 -0.22113340550662300     
   1.8624096090935925E-002 -0.21372247153770810     
   1.9880942189182908E-002 -0.20571287654807910     
   2.0832447371156623E-002 -0.19723401436300572     
   2.1462902794579755E-002 -0.18842545920031498     
   2.1767447275685678E-002 -0.17943180381203408     
   2.1752288551589706E-002 -0.17039712486102063     
   2.1434139671603479E-002 -0.16145954413792232     
   2.0838944858984701E-002 -0.15274633817572139     
   2.0000055940154259E-002 -0.14436996194058499     
   1.8956075271639432E-002 -0.13642521780715314     
   1.7748595435073823E-002 -0.12898764968652129     
   1.6420043542980874E-002 -0.12211310346394719     
   1.5011790431744745E-002 -0.11583829062032726     
   1.3562625807344259E-002 -0.11018213175174064     
   1.2107641749366384E-002 -0.10514763848441235     
   1.0677517926939497E-002 -0.10072410643412931     
   9.2981670051438831E-003  -9.6889426397362449E-002
   7.9906784093041611E-003  -9.3612364696707709E-002
   6.7714907575645500E-003  -9.0854707854455430E-002
   5.6527247575490058E-003  -8.8573206082076500E-002
   4.6426158776307703E-003  -8.6721281931081237E-002
   3.7459966877542656E-003  -8.5250494347226799E-002
   2.9647902092500783E-003  -8.4111764952418414E-002
   2.2984864989894368E-003  -8.3256383874713402E-002
   1.7445842050778670E-003  -8.2636818254731847E-002
   1.2989865970078887E-003  -8.2207348959833088E-002
   9.5634755309799305E-004  -8.1924561091986481E-002
   7.1036734219757133E-004  -8.1747712412243156E-002
   5.5404100550418155E-004  -8.1639001449516010E-002
   4.7986399023851778E-004  -8.1563754256945231E-002
   4.8000066793421083E-004  -8.1490545826840677E-002
   5.4642171488458486E-004  -8.1391269277811568E-002
   6.7101622569185732E-004  -8.1241163216774256E-002
   8.4568401745411777E-004  -8.1018805232905111E-002
   1.0624129735897704E-003  -8.0706077344078975E-002
   1.3133455550122524E-003  -8.0288107411298312E-002
   1.5908378303941112E-003  -7.9753189071181313E-002
   1.8875135882909335E-003  -7.9092681608722459E-002
   2.1963153234617269E-003  -7.8300890393367212E-002
   2.5105531623849388E-003  -7.7374928016423872E-002
   2.8239521287570751E-003  -7.6314556076414755E-002
   3.1306975664094163E-003  -7.5122007633832338E-002
   3.4254780509105484E-003  -7.3801790663342137E-002
   3.7035247465862361E-003  -7.2360473327432950E-002
   3.9606459142900912E-003  -7.0806452530786171E-002
   4.1932551543171475E-003  -6.9149707932497528E-002
   4.3983919800614953E-003  -6.7401544332699334E-002
   4.5737334562219144E-003  -6.5574326048937190E-002
   4.7175958879038206E-003  -6.3681207496509074E-002
   4.8289258938468780E-003  -6.1735864633623634E-002
   4.9072806117867306E-003  -5.9752232185707445E-002
   4.9527972355205754E-003  -5.7744251597227535E-002
   4.9661525382327064E-003  -5.5725634464635077E-002
   4.9485134622676025E-003  -5.3709645788657001E-002
   4.9014802224087552E-003  -5.1708910772791043E-002
   4.8270236542549408E-003  -4.9735248125929860E-002
   4.7274187255360286E-003  -4.7799531948858269E-002
   4.6051762088104098E-003  -4.5911583350484987E-002
   4.4629744901595169E-003  -4.4080092004026281E-002
   4.3035933692024929E-003  -4.2312566965863593E-002
   4.1298515061442284E-003  -4.0615315282721547E-002
   3.9445489109943971E-003  -3.8993446238335373E-002
   3.7504155699701778E-003  -3.7450898559781398E-002
   3.5500669858703929E-003  -3.5990487525687613E-002
   3.3459670926323814E-003  -3.4613968692849585E-002
   3.1403987061171274E-003  -3.3322114874912545E-002
   2.9354414064043793E-003  -3.2114803050775270E-002
   2.7329565204216376E-003  -3.0991108030942672E-002
   2.5345786925093923E-003  -2.9949399944741700E-002
   2.3417133959077459E-003  -2.8987442907312259E-002
   2.1555396485639462E-003  -2.8102492560915463E-002
   1.9770171483159491E-003  -2.7291390540862912E-002
   1.8068970301262379E-003  -2.6550654275594176E-002
   1.6457354655173516E-003  -2.5876560879574656E-002
   1.4939093653355614E-003  -2.5265224226371358E-002
   1.3516335052738289E-003  -2.4712664590086857E-002
   1.2189784635678570E-003  -2.4214870511533860E-002
   1.0958888369929224E-003  -2.3767852778600263E-002
   9.8220128058348313E-004  -2.3367690607512991E-002
   8.7766199505968229E-004  -2.3010570273921817E-002
   7.8194336127694500E-004  -2.2692816571685509E-002
   6.9465949131313582E-004  -2.2410917575417803E-002
   6.1538052983514202E-004  -2.2161543253186210E-002
   5.4364559645390584E-004  -2.1941558521488415E-002
   4.7897430968619944E-004  -2.1748031358985530E-002
   4.2087687590472959E-004  -2.1578236601496190E-002
   3.6886276233867718E-004  -2.1429656031498712E-002
   3.2244800221772500E-004  -2.1299975353890221E-002
   2.8116120336451597E-004  -2.1187078618517069E-002
   2.4454834932866320E-004  -2.1089040611005177E-002
   2.1217649442368153E-004  -2.1004117689052079E-002
   1.8363646173867549E-004  -2.0930737494070852E-002
   1.5854465809811254E-004  -2.0867487918883168E-002
   1.3654412155812142E-004  -2.0813105661515525E-002
   1.1730491378138159E-004  -2.0766464645803749E-002
   1.0052396438145260E-004  -2.0726564543841575E-002
   8.5924470903152273E-005  -2.0692519590736896E-002
   7.3254951631845320E-005  -2.0663547837573286E-002
   6.2288034316194780E-005  -2.0638960951652328E-002
   5.2819053828185714E-005  -2.0618154645934132E-002
   4.4664532348562711E-005  -2.0600599787395663E-002
   3.7660603951450756E-005  -2.0585834197195275E-002
   3.1661416622598346E-005  -2.0573455143680697E-002
   2.6537545404324111E-005  -2.0563112535490317E-002
   2.2174477416664559E-005  -2.0554502788771686E-002
   1.8471192031910535E-005  -2.0547363293063305E-002
   1.5338788941066588E-005  -2.0541467442162346E-002
   1.2699192930258761E-005  -2.0536620266721425E-002
   1.0484079691973499E-005  -2.0532654603383983E-002
   8.6339610343238967E-006  -2.0529427605782836E-002
   7.0971378902860399E-006  -2.0526817613163439E-002
   5.8287180004662161E-006  -2.0524721614250691E-002
   4.7903312738666129E-006  -2.0523053103835558E-002
   3.9499683925202205E-006  -2.0521739779141599E-002
   3.2803843735481145E-006  -2.0520721494656967E-002
   2.7572208971165504E-006  -2.0519949425303507E-002
   2.3603791778884529E-006  -2.0519385333619689E-002
   2.0774748016015200E-006  -2.0518999432240375E-002
   1.9045850481255723E-006  -2.0518769603617655E-002
   1.8438061530544352E-006  -2.0518685342644494E-002
