 Initial conditions outputted from a previous simulation. Time =    16.600000000000001     
   40.000000000000000        0.0000000000000000              500           1   16.600000000000001     
  -2.1987977952695116E-002 -0.12530773864849051     
  -1.7905707863138672E-002 -0.13527121624503399     
  -1.3180957230242934E-002 -0.14356598655234970     
  -7.7666367131122137E-003 -0.14991605824628673     
  -1.6476587730325171E-003 -0.15401927471094423     
   5.1700649252412016E-003 -0.15554975509899319     
   1.2626271610536468E-002 -0.15417151301657314     
   2.0600006807287435E-002 -0.14954998686383189     
   2.8887984414296283E-002 -0.14138227737439357     
   3.7189321069398276E-002 -0.12944107420526121     
   4.5099824295441376E-002 -0.11363846212219228     
   5.2125350677095422E-002  -9.4106504379796924E-002
   5.7725710306988406E-002  -7.1278801504376196E-002
   6.1393525790927939E-002  -4.5940557514111691E-002
   6.2755902244338274E-002  -1.9205298008213131E-002
   6.1665578915912060E-002   7.6061605655531259E-003
   5.8240653416906214E-002   3.3161127581452128E-002
   5.2832532820787037E-002   5.6314959858637326E-002
   4.5938674659818657E-002   7.6242640173955809E-002
   3.8100105342489435E-002   9.2472537347047273E-002
   2.9818991488662749E-002  0.10484252566147176     
   2.1510839513800228E-002  0.11341998118309281     
   1.3488088736354847E-002  0.11842008093533249     
   5.9644948709583574E-003  0.12013976432196891     
  -9.2998169639943679E-004  0.11891125983851546     
  -7.1309198112665230E-003  0.11507241830675861     
  -1.2621827684637059E-002  0.10894926128866295     
  -1.7419001384691622E-002  0.10084660999876749     
  -2.1559390684336082E-002   9.1043775216724507E-002
  -2.5091357762566963E-002   7.9793324498647775E-002
  -2.8067931795819526E-002   6.7321693601252189E-002
  -3.0542079371238581E-002   5.3830892900869856E-002
  -3.2563527152474007E-002   3.9500853166985941E-002
  -3.4176734045618898E-002   2.4492130171731092E-002
  -3.5419686226780656E-002   8.9487953917477703E-003
  -3.6323267086589062E-002  -6.9985866665655434E-003
  -3.6911028677223852E-002  -2.3229933150547874E-002
  -3.7199249730979135E-002  -3.9632547861802050E-002
  -3.7197192282942985E-002  -5.6097877552299967E-002
  -3.6907454992821345E-002  -7.2518001407762975E-002
  -3.6326253889892933E-002  -8.8781747721014992E-002
  -3.5443332121116493E-002 -0.10477046773587118     
  -3.4241111517594236E-002 -0.12035383217883183     
  -3.2692942387738212E-002 -0.13538645026652490     
  -3.0761082101372288E-002 -0.14970622273486639     
  -2.8395909582816937E-002 -0.16313467016760641     
  -2.5537893568176546E-002 -0.17547819686943161     
  -2.2122574838883143E-002 -0.18652840255387448     
  -1.8087309922733864E-002 -0.19606018496411212     
  -1.3378274379479065E-002 -0.20382824383792914     
  -7.9574514997003184E-003 -0.20956411751663429     
  -1.8106956347967210E-003 -0.21297581240739050     
   5.0417614499970176E-003 -0.21375110831585767     
   1.2531678848751620E-002 -0.21156569811702827     
   2.0526298758531254E-002 -0.20609927018136567     
   2.8810442412694568E-002 -0.19706489580885198     
   3.7071204108030206E-002 -0.18425699967051001     
   4.4893433618036042E-002 -0.16761900682623146     
   5.1777641734118453E-002 -0.14732323795462865     
   5.7189489618789911E-002 -0.12384431641739077     
   6.0638872858044493E-002  -9.7997325814363892E-002
   6.1771891381333412E-002  -7.0909522955112908E-002
   6.0449996830642325E-002  -4.3906450528738053E-002
   5.6790962534068679E-002  -1.8323965244154115E-002
   5.1153697319825518E-002   4.7004440418379418E-003
   4.4064055359067204E-002   2.4378220349905607E-002
   3.6102942869764398E-002   4.0305913854287737E-002
   2.7798971023544228E-002   5.2395952354675999E-002
   1.9564609581082588E-002   6.0766000094967729E-002
   1.1685247731719122E-002   6.5649059548462965E-002
   4.3409762456875630E-003   6.7341939006400425E-002
  -2.3643818907680310E-003   6.6174226415103232E-002
  -8.3792846190221815E-003   6.2479701191571535E-002
  -1.3687347312556856E-002   5.6570454395370839E-002
  -1.8297714321790698E-002   4.8723939700510553E-002
  -2.2243136147032817E-002   3.9186573058140155E-002
  -2.5578997621168144E-002   2.8185496984539142E-002
  -2.8378723587053834E-002   1.5937139446989969E-002
  -3.0725555975515715E-002   2.6492332556905716E-003
  -3.2697076153483745E-002  -1.1478738048746391E-002
  -3.4345153103034452E-002  -2.6253745299627488E-002
  -3.5687900402564879E-002  -4.1492546559373913E-002
  -3.6719902403231135E-002  -5.7036514048676143E-002
  -3.7430297834107250E-002  -7.2767707851358762E-002
  -3.7819155987648304E-002  -8.8605381222413321E-002
  -3.7905608761970522E-002 -0.10447920463480248     
  -3.7710265273021792E-002 -0.12030044812301488     
  -3.7222495192616181E-002 -0.13595110998321577     
  -3.6393967484577829E-002 -0.15129078645128016     
  -3.5171019162429755E-002 -0.16617167279722919     
  -3.3530859316140249E-002 -0.18045319800454579     
  -3.1467126199811207E-002 -0.19400318619842818     
  -2.8939343541655206E-002 -0.20667465757145037     
  -2.5875135568435501E-002 -0.21827492483051542     
  -2.2197787383475144E-002 -0.22856096932713466     
  -1.7867135377423189E-002 -0.23726412759938401     
  -1.2905092871107372E-002 -0.24411980230068855     
  -7.3775770073226908E-003 -0.24889045663986031     
  -1.3056418937244726E-003 -0.25137311577252403     
   5.3998522020529153E-003 -0.25136459439585018     
   1.2788350288350908E-002 -0.24859906419214256     
   2.0708770808616980E-002 -0.24274014565913932     
   2.8889882550947515E-002 -0.23344874069495244     
   3.7013220895053572E-002 -0.22045940332721439     
   4.4546281893323998E-002 -0.20367749704561527     
   5.0941875489726215E-002 -0.18333781842952127     
   5.5837882020451063E-002 -0.16008157853011143     
   5.8931212810653361E-002 -0.13484087430955022     
   5.9928497166821797E-002 -0.10867232043745448     
   5.8736892983923358E-002  -8.2668895156936303E-002
   5.5373243053131280E-002  -5.7906279597252516E-002
   5.0060435724877173E-002  -3.5389098915943350E-002
   4.3320817052355680E-002  -1.5955551806628405E-002
   3.5707373745364548E-002  -1.1613121799539047E-004
   2.7618679301568139E-002   1.2011878910964162E-002
   1.9443486008992390E-002   2.0536233272259150E-002
   1.1595942562276949E-002   2.5589100312483456E-002
   4.3052016765540817E-003   2.7341670025547094E-002
  -2.4659660891217911E-003   2.6105382509726081E-002
  -8.6368643862607467E-003   2.2288440992005113E-002
  -1.4007092503763256E-002   1.6282429760686834E-002
  -1.8601520976488341E-002   8.4092636634318686E-003
  -2.2629110932592910E-002  -1.1014698674789178E-003
  -2.6150776380481647E-002  -1.2090089072129644E-002
  -2.9090603918864706E-002  -2.4363019938472522E-002
  -3.1471101893210861E-002  -3.7647438463436933E-002
  -3.3482088900222036E-002  -5.1708879853683824E-002
  -3.5187008727596503E-002  -6.6451922183802831E-002
  -3.6510693384640955E-002  -8.1815032646729041E-002
  -3.7405093870194479E-002  -9.7616106664267746E-002
  -3.7938679029978786E-002 -0.11358986149631020     
  -3.8227459462034478E-002 -0.12955483066588927     
  -3.8310664357809089E-002 -0.14546531693695955     
  -3.8115437002304083E-002 -0.16129174509605346     
  -3.7606029940962418E-002 -0.17691540070486150     
  -3.6788742318603379E-002 -0.19216743255694044     
  -3.5630066286211882E-002 -0.20690421245306978     
  -3.4053305235119916E-002 -0.22099837368941802     
  -3.2012916561926633E-002 -0.23429915562855680     
  -2.9430710898301682E-002 -0.24662942349503247     
  -2.6245770546384398E-002 -0.25777995097374495     
  -2.2452941188237728E-002 -0.26750007845527685     
  -1.8105056334674685E-002 -0.27552862121169258     
  -1.3110584398659334E-002 -0.28162615136540636     
  -7.4216492133590438E-003 -0.28556360336466596     
  -1.1287038168216910E-003 -0.28713917707040165     
   5.7199855863465593E-003 -0.28619068621246418     
   1.3121253644487801E-002 -0.28248972517085208     
   2.0865104665656393E-002 -0.27566881619884076     
   2.8845647214554675E-002 -0.26537676760108270     
   3.7058217682235786E-002 -0.25145029897616539     
   4.5024153058344854E-002 -0.23390463301412012     
   5.2082217080815979E-002 -0.21293634876164771     
   5.7701905541876410E-002 -0.18905314817024266     
   6.1452203789026785E-002 -0.16316493058214854     
   6.3052074958284868E-002 -0.13648550682673341     
   6.2466186863194668E-002 -0.11032825581131062     
   5.9766966509965609E-002  -8.6020491403223806E-002
   5.5312412187146408E-002  -6.4908359752297085E-002
   4.9569989698986419E-002  -4.8098504612137889E-002
   4.2885847309716937E-002  -3.6027581932780016E-002
   3.5718777517001810E-002  -2.8510677091117244E-002
   2.8577064685668421E-002  -2.5313308409393515E-002
   2.1586138392800141E-002  -2.6397365029021607E-002
   1.4603842079697581E-002  -3.1473855830606898E-002
   7.7365008168695662E-003  -3.9626806318726226E-002
   1.0653395502368886E-003  -4.9675149634985385E-002
  -5.5630884129769919E-003  -6.0832318410418973E-002
  -1.2323173221007979E-002  -7.2805927489276168E-002
  -1.9284381935656375E-002  -8.5292800182505832E-002
  -2.5895475743502552E-002  -9.7602364539547404E-002
  -3.1876924625819696E-002 -0.10893428471941057     
  -3.7111917020182184E-002 -0.11907025497950120     
  -4.1184921048618310E-002 -0.12860465103821958     
  -4.4032301415740070E-002 -0.13844377643036232     
  -4.6231004371793796E-002 -0.14931548346061183     
  -4.8013527201102330E-002 -0.16158122430663657     
  -4.9298078516503890E-002 -0.17474386514875268     
  -5.0575596065826539E-002 -0.18680200487602089     
  -5.0265882456288984E-002 -0.19516832885587757     
  -5.0761127861597755E-002 -0.20051082075562257     
  -4.7920282860218474E-002 -0.20999841745363426     
  -5.0808585476940428E-002 -0.23180506140957782     
  -3.9034644958225617E-002 -0.26377317874594863     
  -2.3057859668731900E-002 -0.29094648439583082     
  -1.9635253040152009E-002 -0.30257450985754109     
  -2.1915948370408642E-002 -0.30322805589982205     
  -1.2781329644800749E-002 -0.30106584022273347     
  -1.0117388951790617E-002 -0.29744854813174842     
  -5.8181252250242696E-003 -0.29418457059543718     
  -2.0905652858896279E-003 -0.29608055954240969     
   1.5706707496157238E-003 -0.30381768534778930     
   3.9257369032655006E-003 -0.31149098372544065     
   8.4521430961628785E-003 -0.31334026610391247     
   1.5963043236434379E-002 -0.30852167587696827     
   2.6285648634922807E-002 -0.29926210085601412     
   3.7891188040338732E-002 -0.28707370824447942     
   4.9037520812077996E-002 -0.27102185004989954     
   5.6361186207837907E-002 -0.24908896077848863     
   5.8604929921495574E-002 -0.22175398098491311     
   5.7370922635189989E-002 -0.19340486229917661     
   5.4815722828043402E-002 -0.16858888590094759     
   5.1119259284609093E-002 -0.14766278077444289     
   4.6498722570916397E-002 -0.12818825826299804     
   4.1119736497285800E-002 -0.10954898632452685     
   3.5235800488752585E-002  -9.3642183764222883E-002
   2.8769283719732162E-002  -8.1623804365699104E-002
   2.2067607062447384E-002  -7.2652145353935244E-002
   1.5493286523673534E-002  -6.5894861941622390E-002
   9.0730322292277687E-003  -6.1708863729100914E-002
   2.9237381060558724E-003  -6.0499461699352532E-002
  -2.7921405639100812E-003  -6.1872388372642639E-002
  -7.8063285715685056E-003  -6.5269103499294906E-002
  -1.2066286115261561E-002  -7.0460496374574952E-002
  -1.5891035950654771E-002  -7.7237604893421366E-002
  -1.9383694918381919E-002  -8.5297411969313508E-002
  -2.2388005529982914E-002  -9.4506239348517138E-002
  -2.4975306634548566E-002 -0.10488725315985807     
  -2.7243094754881108E-002 -0.11635913213985243     
  -2.9183100281935936E-002 -0.12867942786544509     
  -3.0833796490607884E-002 -0.14161498654461449     
  -3.2290901659697682E-002 -0.15506439807728578     
  -3.3584904400482285E-002 -0.16902460855132864     
  -3.4686924990844185E-002 -0.18349035532228239     
  -3.5595190460785436E-002 -0.19838801341152007     
  -3.6253647702641736E-002 -0.21357622449652386     
  -3.6672850998448144E-002 -0.22889841737761935     
  -3.6904420005036249E-002 -0.24425430783077126     
  -3.6872624593437466E-002 -0.25960103812533475     
  -3.6454423803469693E-002 -0.27485278556792514     
  -3.5523063883351552E-002 -0.28980967581553657     
  -3.4102541180542525E-002 -0.30421795394213391     
  -3.2180291073170567E-002 -0.31787365397463946     
  -2.9709635701672420E-002 -0.33061408962709127     
  -2.6634015834733779E-002 -0.34224062059926558     
  -2.2945384611165402E-002 -0.35251171950074395     
  -1.8543856241670816E-002 -0.36118538972351472     
  -1.3278341458508092E-002 -0.36799579483807821     
  -7.1644825741589233E-003 -0.37262071290652071     
  -3.6766047803248557E-004 -0.37473538718462773     
   7.2279483443055074E-003 -0.37403373778181898     
   1.5459668715725388E-002 -0.37016165605773949     
   2.4000296116588053E-002 -0.36277034299335997     
   3.2745142761070593E-002 -0.35163944602015884     
   4.1129449002398642E-002 -0.33670132905805328     
   4.8742360111446274E-002 -0.31807792935266194     
   5.5029371365880049E-002 -0.29614052469881663     
   5.9403501895636202E-002 -0.27153850047732059     
   6.1543793906333751E-002 -0.24519640361764658     
   6.0980949554041021E-002 -0.21832698588516544     
   5.7882760923744558E-002 -0.19235132037790723     
   5.3022093138391409E-002 -0.16852205920410149     
   4.6535723704977563E-002 -0.14763141320487655     
   3.9005915635361717E-002 -0.13017312648194129     
   3.1082711744456828E-002 -0.11645037783947793     
   2.2884023275340049E-002 -0.10644867266892155     
   1.4936012967873575E-002  -9.9867982602463004E-002
   7.5146039689740589E-003  -9.6328971469466701E-002
   6.1912431305911875E-004  -9.5526988526243917E-002
  -5.5028090486118498E-003  -9.7192066478451244E-002
  -1.0875254233027497E-002 -0.10098481751092836     
  -1.5517055384248619E-002 -0.10656809284424743     
  -1.9423108074486068E-002 -0.11371901789525486     
  -2.2684813982362280E-002 -0.12230512600227333     
  -2.5452577063086405E-002 -0.13221445990387506     
  -2.7772198472590184E-002 -0.14332028796104937     
  -2.9650723359228831E-002 -0.15543686002483215     
  -3.1122250261908700E-002 -0.16830735068806593     
  -3.2236234531759007E-002 -0.18169212579841987     
  -3.2992286167656176E-002 -0.19546630198583848     
  -3.3420571218094323E-002 -0.20958597945792332     
  -3.3516923960091663E-002 -0.22395949895893019     
  -3.3280610652973643E-002 -0.23838600795206991     
  -3.2767070685991648E-002 -0.25264452514228913     
  -3.1985758841742339E-002 -0.26660900295513262     
  -3.0898782502542941E-002 -0.28021495511060490     
  -2.9449808206051937E-002 -0.29332926903677764     
  -2.7655192652955667E-002 -0.30572474962072921     
  -2.5542229389276291E-002 -0.31719421687043925     
  -2.3066040197217565E-002 -0.32762256713220650     
  -2.0208658507337600E-002 -0.33693268818773098     
  -1.7013266278293391E-002 -0.34502928501838465     
  -1.3501171992091863E-002 -0.35180770331425720     
  -9.6835644748783038E-003 -0.35715357428956102     
  -5.6085585182084220E-003 -0.36091897016759533     
  -1.3504463341382088E-003 -0.36294563209265907     
   3.0834202672557760E-003 -0.36312648225267857     
   7.7023619798030534E-003 -0.36141691597447034     
   1.2473370644327648E-002 -0.35778567325804489     
   1.7331343729129416E-002 -0.35217602121551106     
   2.2195079155011014E-002 -0.34451725301204705     
   2.6971108076127032E-002 -0.33476399445991312     
   3.1534484450385598E-002 -0.32292639767636866     
   3.5715696563746617E-002 -0.30908298213380531     
   3.9308957055763760E-002 -0.29339328781273355     
   4.2090904902941623E-002 -0.27612352780032373     
   4.3841381178545351E-002 -0.25767522037763174     
   4.4374250049603055E-002 -0.23859130774019172     
   4.3581074286064746E-002 -0.21952213944747748     
   4.1469209852954617E-002 -0.20115585151249388     
   3.8170468478175089E-002 -0.18413447312258716     
   3.3915139865953764E-002 -0.16898041857320828     
   2.8986293508304985E-002 -0.15605234330233286     
   2.3673255233344223E-002 -0.14553844845686478     
   1.8236495517489907E-002 -0.13748079669861679     
   1.2889151856249203E-002 -0.13181320530521140     
   7.7937408748118431E-003 -0.12839627819119975     
   3.0668265994429704E-003 -0.12704363359376619     
  -1.2152101569055424E-003 -0.12754175078757879     
  -5.0103676720948433E-003 -0.12966605065688727     
  -8.3033756851027939E-003 -0.13319270488874785     
  -1.1097082984421480E-002 -0.13790538954278653     
  -1.3405763875833757E-002 -0.14359830891192540     
  -1.5251072114670767E-002 -0.15007766706640252     
  -1.6659033254900282E-002 -0.15716258123561724     
  -1.7657149485966025E-002 -0.16468523170821789     
  -1.8272202485428279E-002 -0.17249007524402857     
  -1.8529181744394035E-002 -0.18043252445887414     
  -1.8450882322620148E-002 -0.18837761014096074     
  -1.8057702871408551E-002 -0.19619878959758788     
  -1.7367671488238923E-002 -0.20377681939392803     
  -1.6396808479315721E-002 -0.21099868781895212     
  -1.5159720217565772E-002 -0.21775673496936607     
  -1.3670301606171139E-002 -0.22394807159696356     
  -1.1942557342374479E-002 -0.22947433156014749     
  -9.9915665225564637E-003 -0.23424178270204715     
  -7.8345344994126334E-003 -0.23816184960617501     
  -5.4918534621460581E-003 -0.24115209959327263     
  -2.9881246951483876E-003 -0.24313771707398696     
  -3.5309254498269840E-004 -0.24405347330754767     
   2.3776049001716388E-003 -0.24384617974317840     
   5.1619992201410439E-003 -0.24247756850738722     
   7.9518056493712280E-003 -0.23992747292741595     
   1.0693012341938035E-002 -0.23619709866592964     
   1.3327144778463538E-002 -0.23131209000875855     
   1.5793255709775429E-002 -0.22532501337929803     
   1.8030607968965523E-002 -0.21831682169888580     
   1.9981905351453274E-002 -0.21039686010181291     
   2.1596803763623041E-002 -0.20170105440766858     
   2.2835330290888186E-002 -0.19238810132435405     
   2.3670785256886446E-002 -0.18263373974652339     
   2.4091727345506086E-002 -0.17262348050412429     
   2.4102750849735854E-002 -0.16254443856368858     
   2.3723939319332872E-002 -0.15257707577717752     
   2.2989082277012803E-002 -0.14288767693658572     
   2.1942922213529257E-002 -0.13362224348685386     
   2.0637815715903330E-002 -0.12490223897055912     
   1.9130225295882732E-002 -0.11682232725390482     
   1.7477413731342442E-002 -0.10944997904720917     
   1.5734616056131013E-002 -0.10282663254194573     
   1.3952847433591473E-002  -9.6969997340877662E-002
   1.2177395092078073E-002  -9.1877077898485482E-002
   1.0446956414183112E-002  -8.7527539130851095E-002
   8.7933297729184748E-003  -8.3887115011717750E-002
   7.2415381665924964E-003  -8.0910847528720117E-002
   5.8102617442806967E-003  -7.8546022813292052E-002
   4.5124661945304513E-003  -7.6734735824266612E-002
   3.3561327943108094E-003  -7.5416062667384987E-002
   2.3450174795233377E-003  -7.4527851836529171E-002
   1.4793871284116871E-003  -7.4008165226899097E-002
   7.5669937262119193E-004  -7.3796409895409046E-002
   1.7220686612677064E-004  -7.3834205127480665E-002
  -2.8052199192701253E-004  -7.4066028722451188E-002
  -6.0916601454913052E-004  -7.4439683228165729E-002
  -8.2229279371002389E-004  -7.4906618320975935E-002
  -9.2907068826639889E-004  -7.5422140425197862E-002
  -9.3904148921541150E-004  -7.5945535499389316E-002
  -8.6194358110303440E-004  -7.6440126006338704E-002
  -7.0757571156972513E-004  -7.6873278604152634E-002
  -4.8569221844005985E-004  -7.7216375096907000E-002
  -2.0592160875486598E-004  -7.7444755689268827E-002
   1.2229838281440579E-004  -7.7537640668147209E-002
   4.8977492526744903E-004  -7.7478034281318220E-002
   8.8760798786711038E-004  -7.7252612667809750E-002
   1.3072353796366794E-003  -7.6851596203169170E-002
   1.7404769810019866E-003  -7.6268605706052553E-002
   2.1795792105206392E-003  -7.5500501506234996E-002
   2.6172602140505765E-003  -7.4547203993983235E-002
   3.0467555376286113E-003  -7.3411494554844900E-002
   3.4618630406095087E-003  -7.2098796673232809E-002
   3.8569853047429920E-003  -7.0616937536508884E-002
   4.2271679033244807E-003  -6.8975890942779658E-002
   4.5681318634635025E-003  -6.7187503435239285E-002
   4.8762984025718902E-003  -6.5265206713954679E-002
   5.1488041038176601E-003  -6.3223720199238664E-002
   5.3835051805834035E-003  -6.1078748326451132E-002
   5.5789699974257822E-003  -5.8846677785798475E-002
   5.7344594599851115E-003  -5.6544280286079864E-002
   5.8498954023697303E-003  -5.4188426443218751E-002
   5.9258176872195884E-003  -5.1795816153406851E-002
   5.9633312552401542E-003  -4.9382730344892788E-002
   5.9640447613441847E-003  -4.6964808299872950E-002
   5.9300027378737111E-003  -4.4556853840109566E-002
   5.8636134284014620E-003  -4.2172672664943262E-002
   5.7675745093865452E-003  -3.9824942088165151E-002
   5.6447988620891808E-003  -3.7525113388033007E-002
   5.4983424002935420E-003  -3.5283346014767861E-002
   5.3313357226524123E-003  -3.3108472045334209E-002
   5.1469210592692861E-003  -3.1007988570259035E-002
   4.9481956453974333E-003  -2.8988075155616494E-002
   4.7381623086603913E-003  -2.7053633149092211E-002
   4.5196877207169042E-003  -2.5208343388582691E-002
   4.2954684541488247E-003  -2.3454738811483977E-002
   4.0680047128255487E-003  -2.1794288531485774E-002
   3.8395813782333707E-003  -2.0227490123282166E-002
   3.6122558387070027E-003  -1.8753967109520816E-002
   3.3878519420801746E-003  -1.7372568954115077E-002
   3.1679593318090699E-003  -1.6081471209077988E-002
   2.9539373874693958E-003  -1.4878273818911117E-002
   2.7469229864711922E-003  -1.3760095941436361E-002
   2.5478413278939120E-003  -1.2723665984220301E-002
   2.3574191047592012E-003  -1.1765405872110781E-002
   2.1761993716053188E-003  -1.0881508847787614E-002
   2.0045575242544139E-003  -1.0068010360207756E-002
   1.8427178833324643E-003  -9.3208518140540202E-003
   1.6907704485690461E-003  -8.6359371370655306E-003
   1.5486874642352364E-003  -8.0091822730087511E-003
   1.4163395050883505E-003  -7.4365578284803406E-003
   1.2935108553961149E-003  -6.9141251946597555E-003
   1.1799140101679754E-003  -6.4380665337511900E-003
   1.0752031772853015E-003  -6.0047090674459546E-003
   9.7898670180195818E-004  -5.6105441344862618E-003
   8.9083836954693149E-004  -5.2522414993036084E-003
   8.1030757676311450E-004  -4.9266593964675670E-003
   7.3692837644436296E-004  -4.6308507887580170E-003
   6.7022743092209501E-004  -4.3620663022080732E-003
   6.0973091474790444E-004  -4.1177542812935565E-003
   5.5497042264849965E-004  -3.8955583831202355E-003
   5.0548794488488593E-004  -3.6933131022798271E-003
   4.6083997726773109E-004  -3.5090375890767809E-003
   4.2060083584482085E-004  -3.3409280939325032E-003
   3.8436524730319242E-004  -3.1873493406376356E-003
   3.5175028577703052E-004  -3.0468251012844760E-003
   3.2239672532569314E-004  -2.9180282165872156E-003
   2.9596987509672066E-004  -2.7997702772020708E-003
   2.7215996132461980E-004  -2.6909911548242496E-003
   2.5068211700694001E-004  -2.5907485464290343E-003
   2.3127603648075864E-004  -2.4982076711526744E-003
   2.1370534830381644E-004  -2.4126312370461376E-003
   1.9775675591207864E-004  -2.3333697743190798E-003
   1.8323899154819992E-004  -2.2598524127343017E-003
   1.6998162498741193E-004  -2.1915781635062181E-003
   1.5783376467155464E-004  -2.1281077503758216E-003
   1.4666268503259181E-004  -2.0690560204422422E-003
   1.3635241007134443E-004  -2.0140849527795989E-003
   1.2680227967753070E-004  -1.9628972718016020E-003
   1.1792552175134507E-004  -1.9152306626923094E-003
   1.0964784992901259E-004  -1.8708525779310319E-003
   1.0190610363673164E-004  -1.8295556169293241E-003
   9.4646944308851168E-005  -1.7911534549912161E-003
   8.7825618914387290E-005  -1.7554772931239946E-003
   8.1404799445872100E-005  -1.7223727965833696E-003
   7.5353504738911645E-005  -1.6916974873494822E-003
   6.9646108911810753E-005  -1.6633185539141363E-003
   6.4261438843111590E-005  -1.6371110407296374E-003
   5.9181961438448265E-005  -1.6129563793406481E-003
   5.4393059971097606E-005  -1.5907412235092629E-003
   4.9882397508406557E-005  -1.5703565514695065E-003
   4.5639364356002944E-005  -1.5516969997315373E-003
   4.1654605555416749E-005  -1.5346603945199696E-003
   3.7919623743449571E-005  -1.5191474489032002E-003
   3.4426452112864174E-005  -1.5050615958875238E-003
   3.1167391802295592E-005  -1.4923089301472653E-003
   2.8134807778128988E-005  -1.4807982335725632E-003
   2.5320977124763116E-005  -1.4704410623857102E-003
   2.2717983618203078E-005  -1.4611518761719869E-003
   2.0317652534585087E-005  -1.4528481917501987E-003
   1.8111519828337317E-005  -1.4454507473055198E-003
   1.6090830045926445E-005  -1.4388836645856389E-003
   1.4246557608397106E-005  -1.4330745992408834E-003
   1.2569446469032183E-005  -1.4279548715545639E-003
   1.1050063616732717E-005  -1.4234595717607238E-003
   9.6788622907749140E-006  -1.4195276358615601E-003
   8.4462510957972715E-006  -1.4161018894727284E-003
   7.3426657219714888E-006  -1.4131290587391233E-003
   6.3586406601545362E-006  -1.4105597485122539E-003
   5.4848786406513321E-006  -1.4083483887856576E-003
   4.7123155414558284E-006  -1.4064531513436084E-003
   4.0321791460944557E-006  -1.4048358396231196E-003
   3.4360413076787980E-006  -1.4034617549912930E-003
   2.9158630032662818E-006  -1.4022995422119260E-003
   2.4640305895902053E-006  -1.4013210176546439E-003
   2.0733827004431802E-006  -1.4005009853266762E-003
   1.7372303188373191E-006  -1.3998170445112322E-003
   1.4493710586143455E-006  -1.3992493897720891E-003
   1.2040933342324167E-006  -1.3987806064611351E-003
   9.9616963453744606E-007  -1.3983954702998012E-003
   8.2084895190437978E-007  -1.3980807540202483E-003
   6.7385161190021723E-007  -1.3978250326562996E-003
   5.5134920070295220E-007  -1.3976184899282559E-003
   4.4992719572442360E-007  -1.3974527499867775E-003
   3.6656885499704810E-007  -1.3973207356431801E-003
   2.9866867378551090E-007  -1.3972165108269053E-003
   2.4400170437147249E-007  -1.3971351131136351E-003
   2.0062967169487490E-007  -1.3970724655711837E-003
   1.6688282895235804E-007  -1.3970253489677899E-003
   1.4147485897501410E-007  -1.3969912433200271E-003
   1.2355290349833668E-007  -1.3969680722798661E-003
   1.1260075981689794E-007  -1.3969542217514988E-003
   1.0835073981244532E-007  -1.3969489736103357E-003
