 Initial conditions outputted from a previous simulation. Time =    16.400000000000002     
   40.000000000000000        0.0000000000000000              500           1   16.400000000000002     
   2.9371262635020882E-003 -0.14947051209278966     
   1.0201754150828015E-002 -0.14904276158079274     
   1.8030967006719360E-002 -0.14547608272538570     
   2.6249432220377213E-002 -0.13845356568936593     
   3.4586666997605126E-002 -0.12771690339386477     
   4.2671219266401848E-002 -0.11312682854006761     
   5.0033799197189088E-002  -9.4736951798583116E-002
   5.6141860117464207E-002  -7.2878228276826038E-002
   6.0467309183303182E-002  -4.8223455042056482E-002
   6.2583776405103847E-002  -2.1791184629015664E-002
   6.2265609606260430E-002   5.1443764870971014E-003
   5.9547505828738190E-002   3.1231273290888258E-002
   5.4715011214635192E-002   5.5247199518160317E-002
   4.8230845743869578E-002   7.6258384481739341E-002
   4.0632667067703646E-002   9.3683886310839293E-002
   3.2441713590768417E-002  0.10727197134063993     
   2.4103820138836052E-002  0.11702707085182538     
   1.5964127715276649E-002  0.12312593822717231     
   8.2661464595758533E-003  0.12584576236355535     
   1.1642763122865630E-003  0.12551164508027177     
  -5.2584311530547243E-003  0.12246212561491902     
  -1.0972180993220580E-002  0.11702838037703855     
  -1.5984414717088474E-002  0.10952269327815613     
  -2.0326721832925991E-002  0.10023281546768789     
  -2.4044723517381981E-002   8.9419932758083243E-002
  -2.7190591963624323E-002   7.7318803478256343E-002
  -2.9817736389155421E-002   6.4139190166616150E-002
  -3.1977178457041198E-002   5.0068053236871059E-002
  -3.3715188858816948E-002   3.5272179784056223E-002
  -3.5071827180045305E-002   1.9901043453253657E-002
  -3.6080100538253189E-002   4.0897678617758827E-003
  -3.6765524002883576E-002  -1.2037883268484902E-002
  -3.7145924711817713E-002  -2.8366530648056328E-002
  -3.7231382718561988E-002  -4.4786233945438167E-002
  -3.7024245457928942E-002  -6.1189571144454495E-002
  -3.6519189769450344E-002  -7.7468719598279501E-002
  -3.5703340741033117E-002  -9.3512497425412233E-002
  -3.4556491047510567E-002 -0.10920330337890148     
  -3.3051478602400750E-002 -0.12441387458854848     
  -3.1154761840630311E-002 -0.13900378468652000     
  -2.8827223049468480E-002 -0.15281565788836124     
  -2.6025272077567673E-002 -0.16567118203984546     
  -2.2702345359592657E-002 -0.17736715949306370     
  -1.8810831306526658E-002 -0.18767210642611043     
  -1.4304523375749329E-002 -0.19632438128800828     
  -9.1422943614753102E-003 -0.20303323954717656     
  -3.2946856477123281E-003 -0.20748389252242549     
   3.2444559519364258E-003 -0.20934635783106062     
   1.0440386647202548E-002 -0.20828690780163969     
   1.8195821939777423E-002 -0.20398226461549965     
   2.6329750745379382E-002 -0.19614051200151980     
   3.4561709686320087E-002 -0.18453616202140896     
   4.2505876512366092E-002 -0.16906624107456103     
   4.9681400702856877E-002 -0.14982732381807387     
   5.5550179372942411E-002 -0.12719935170289054     
   5.9591288436497372E-002 -0.10190390752444950     
   6.1402675763628831E-002  -7.4994840894867257E-002
   6.0794543092460226E-002  -4.7755398010060873E-002
   5.7832172865636293E-002  -2.1519726835389601E-002
   5.2812226668379279E-002   2.5210168157204314E-003
   4.6192691338584169E-002   2.3462127039944304E-002
   3.8508670190764573E-002   4.0745552805372794E-002
   3.0292576865054936E-002   5.4143362888838135E-002
   2.2006054837624234E-002   6.3690966220099537E-002
   1.3995029997259207E-002   6.9600058688046584E-002
   6.4805363587133848E-003   7.2178208275911718E-002
  -4.1773460302276411E-004   7.1771720613848344E-002
  -6.6458389923273247E-003   6.8732337277304670E-002
  -1.2188125341099610E-002   6.3397997844187037E-002
  -1.7053429849367054E-002   5.6079865615079667E-002
  -2.1269559186513243E-002   4.7055028640332994E-002
  -2.4879816257817620E-002   3.6567017799995417E-002
  -2.7937703928440690E-002   2.4833020031958503E-002
  -3.0498107371245170E-002   1.2052413608573410E-002
  -3.2607886761890255E-002  -1.5893012479461005E-003
  -3.4301978628711927E-002  -1.5923355127276863E-002
  -3.5606042417458530E-002  -3.0804366560371586E-002
  -3.6542385953972349E-002  -4.6114720529738466E-002
  -3.7134354893503453E-002  -6.1761094413146637E-002
  -3.7405364639784888E-002  -7.7661013981351626E-002
  -3.7377582371063062E-002  -9.3723555603852357E-002
  -3.7077636602325291E-002 -0.10983554768196986     
  -3.6536791879395833E-002 -0.12586311756896296     
  -3.5767943856773211E-002 -0.14166273051442951     
  -3.4735809428206407E-002 -0.15708568242915191     
  -3.3358798502733329E-002 -0.17197486761181810     
  -3.1541950329158144E-002 -0.18616714466320031     
  -2.9217798515275069E-002 -0.19949749918533019     
  -2.6361453916952732E-002 -0.21178765458216481     
  -2.2969103279990074E-002 -0.22283028585318082     
  -1.9019212343041783E-002 -0.23239716244187161     
  -1.4454920915928893E-002 -0.24025374016372505     
  -9.1904013741398345E-003 -0.24613590703173821     
  -3.1879782479556397E-003 -0.24971439996791100     
   3.4452171178253476E-003 -0.25062956828767535     
   1.0576629874137985E-002 -0.24858416718373813     
   1.8147236916314369E-002 -0.24336922401122299     
   2.6037812150329607E-002 -0.23479868509207075     
   3.4004339735315151E-002 -0.22267645468726183     
   4.1716592454313521E-002 -0.20686520245689211     
   4.8654833850863249E-002 -0.18742379401063167     
   5.4193302593440983E-002 -0.16475269337304413     
   5.7925709096392643E-002 -0.13963531572106791     
   5.9667296246326385E-002 -0.11312602953985887     
   5.9149938417941243E-002  -8.6423654207495301E-002
   5.6307204027766761E-002  -6.0794476711116423E-002
   5.1490574228865146E-002  -3.7391792933597193E-002
   4.5159539101740392E-002  -1.7022370950069379E-002
   3.7773765015751130E-002  -1.1563251117308652E-004
   2.9864701792766245E-002   1.3144826013443337E-002
   2.1856305208312186E-002   2.2751233348987342E-002
   1.4064123008732037E-002   2.8851718737957954E-002
   6.6521027054483525E-003   3.1672201104043375E-002
  -3.2119674232416377E-004   3.1428865256935307E-002
  -6.7049903913070797E-003   2.8371469907234624E-002
  -1.2384134099995557E-002   2.2902992042950505E-002
  -1.7398456539926662E-002   1.5508272411146572E-002
  -2.1749426218618518E-002   6.5046267897308063E-003
  -2.5339712960013736E-002  -4.0000597970662865E-003
  -2.8272842181186798E-002  -1.5864197548921041E-002
  -3.0797812192937524E-002  -2.8797944256033037E-002
  -3.2988720911844384E-002  -4.2536375245372841E-002
  -3.4774412587535782E-002  -5.6964201413145947E-002
  -3.6061093266006358E-002  -7.1999647093304822E-002
  -3.6928985242648968E-002  -8.7475896303097614E-002
  -3.7561026119942144E-002 -0.10323305792701690     
  -3.7944234036746100E-002 -0.11922564759178519     
  -3.7951441949746326E-002 -0.13541463022148315     
  -3.7616357366895919E-002 -0.15162749990462884     
  -3.6998689698161079E-002 -0.16763487491270987     
  -3.6127166438860409E-002 -0.18330180424254550     
  -3.4962046994354380E-002 -0.19857830340885049     
  -3.3446640820928956E-002 -0.21337384099733037     
  -3.1505984755537231E-002 -0.22750781434502007     
  -2.9087729839383743E-002 -0.24076585955820695     
  -2.6169263409500425E-002 -0.25294908043116160     
  -2.2684908805619471E-002 -0.26385382083664127     
  -1.8585583901850715E-002 -0.27322738377669981     
  -1.3842062010156581E-002 -0.28076529822133245     
  -8.4272684904626149E-003 -0.28614666394800764     
  -2.3936032052022630E-003 -0.28907433391688309     
   4.2185444670730342E-003 -0.28928666472797887     
   1.1360194301756232E-002 -0.28651542506641836     
   1.8858557924696595E-002 -0.28046473144692202     
   2.6532277293195589E-002 -0.27088640517464496     
   3.4236030035639277E-002 -0.25767482983973150     
   4.1663121735950041E-002 -0.24089133103165328     
   4.8434366542689407E-002 -0.22071117237158319     
   5.4126951544113643E-002 -0.19736304632061213     
   5.7885134557986752E-002 -0.17129646880422064     
   5.9275950132774154E-002 -0.14354826245147337     
   5.8419059670264756E-002 -0.11568716290630794     
   5.5335291620543799E-002  -8.9228483353056789E-002
   5.0137156943451042E-002  -6.5244212725216702E-002
   4.3501959808859472E-002  -4.4435447621145957E-002
   3.6027122604096441E-002  -2.7254069250326387E-002
   2.8176222645833571E-002  -1.3943402747261168E-002
   2.0401656949339864E-002  -4.5883405719286587E-003
   1.3048099855742200E-002   8.6248555527376747E-004
   6.3078658238874029E-003   2.5952348933756014E-003
   4.4933571743169780E-004   9.0650457855241987E-004
  -4.5068612993644326E-003  -3.8141187344577958E-003
  -8.7322094635491326E-003  -1.1182901606823181E-002
  -1.2094363540331969E-002  -2.0997693873224640E-002
  -1.4534544448367775E-002  -3.3209847172408734E-002
  -1.6299329789935112E-002  -4.7634765795545111E-002
  -1.7719916170311704E-002  -6.3813099709081861E-002
  -1.9076683776982947E-002  -8.1339919105491251E-002
  -2.0561222402670772E-002 -0.10022791263167864     
  -2.2260532205684438E-002 -0.12061318306362867     
  -2.4354520370788123E-002 -0.14205973727682070     
  -2.7191284509718947E-002 -0.16346035027191766     
  -3.0681608520460563E-002 -0.18370145698932960     
  -3.4379201484547102E-002 -0.20221026003210615     
  -3.7823246695097339E-002 -0.21896644075474248     
  -4.0464892371591961E-002 -0.23438966449395132     
  -4.1917297720504371E-002 -0.24922356161095560     
  -4.2279989991508074E-002 -0.26387495388098359     
  -4.2107584618161623E-002 -0.27721049897752925     
  -4.0289242405967117E-002 -0.28660170918291267     
  -3.9010537858997121E-002 -0.29114508597497935     
  -3.4971250908293221E-002 -0.29527687134336800     
  -3.3928521805197308E-002 -0.30536599801274117     
  -2.1867726961716370E-002 -0.32101383601397715     
  -1.0806745469355507E-002 -0.33286724906040277     
  -7.3903517649731697E-003 -0.33449157879067321     
  -5.8281597016672845E-003 -0.32789428515490021     
   4.3012977345695726E-003 -0.31542589802209120     
   1.0332085226334727E-002 -0.29786126819894737     
   1.6979537861236897E-002 -0.28242802021876673     
   2.0226323319659331E-002 -0.27806386073041650     
   2.7196888613832935E-002 -0.28235135380209908     
   3.6939777337488655E-002 -0.28125886072468204     
   4.8174859913255166E-002 -0.26365125111333554     
   5.7981091995507078E-002 -0.23180877356106516     
   6.2566092746291657E-002 -0.19813870021898430     
   6.0278775482862521E-002 -0.17196897094231600     
   5.4200585075749243E-002 -0.15101295132579212     
   4.8076249055274280E-002 -0.12904181027306405     
   4.2196030721356387E-002 -0.10727435852308759     
   3.5921452900077262E-002  -9.1242772250162266E-002
   2.9444186966004468E-002  -8.0873714436890842E-002
   2.3165651799987398E-002  -7.1675108034386398E-002
   1.7026108676965850E-002  -6.2899038512242461E-002
   1.0760658539120706E-002  -5.7605552879039908E-002
   4.6613699171960017E-003  -5.6580430179231818E-002
  -9.9664268000215729E-004  -5.7669747058987732E-002
  -6.2267904721383313E-003  -5.9910134817670845E-002
  -1.0954034074392330E-002  -6.4274666296407365E-002
  -1.5210792252885411E-002  -7.1051184907204371E-002
  -1.8934399764188804E-002  -7.9283579469858936E-002
  -2.1945436352868594E-002  -8.8347633432148562E-002
  -2.4488263587862769E-002  -9.8373908120281850E-002
  -2.6798636845308432E-002 -0.10945694064454557     
  -2.8804208808551009E-002 -0.12138816745502595     
  -3.0497605445491772E-002 -0.13396298238262760     
  -3.1938058268511850E-002 -0.14709381731553839     
  -3.3116656409621921E-002 -0.16071899781592888     
  -3.4015890763106973E-002 -0.17479027063307784     
  -3.4709958747951949E-002 -0.18928303754709289     
  -3.5265344724306487E-002 -0.20414268483165920     
  -3.5676334187797906E-002 -0.21926283921444192     
  -3.5847500888144958E-002 -0.23453454980009569     
  -3.5722684972582575E-002 -0.24987263007584695     
  -3.5279466090889181E-002 -0.26518769844961226     
  -3.4492681405717679E-002 -0.28035429449577093     
  -3.3364285485347762E-002 -0.29520935483434352     
  -3.1768322002342093E-002 -0.30956303719034878     
  -2.9551373813667469E-002 -0.32318928752684400     
  -2.6716079765993772E-002 -0.33582504361950644     
  -2.3229584832554689E-002 -0.34718899617586368     
  -1.9092127093137640E-002 -0.35698503679124133     
  -1.4265928926396243E-002 -0.36491973795569294     
  -8.7071062713891759E-003 -0.37072501015361431     
  -2.4085382868746612E-003 -0.37412495975030158     
   4.6443213507329582E-003 -0.37475594714956822     
   1.2376871829635564E-002 -0.37215465434600198     
   2.0554723216670283E-002 -0.36588569271191718     
   2.9088531588188624E-002 -0.35568508944907617     
   3.7407961744091195E-002 -0.34148581051803634     
   4.5153644783348643E-002 -0.32338685995342153     
   5.1922354471912582E-002 -0.30162157046558258     
   5.6864616620497667E-002 -0.27671827354031414     
   5.9789164483483655E-002 -0.24973069966446054     
   6.0510194412036311E-002 -0.22206758120839612     
   5.8754831720645821E-002 -0.19510100863502630     
   5.4821054969370217E-002 -0.16999073984988949     
   4.9077668964841059E-002 -0.14770425251577723     
   4.1980046788827927E-002 -0.12900656687888451     
   3.4207237095525221E-002 -0.11429032865761288     
   2.6037005906653407E-002 -0.10347669015119988     
   1.8000898439165365E-002  -9.6231772274586180E-002
   1.0388870847863989E-002  -9.2223050192464032E-002
   3.2635210883182907E-003  -9.1186592387764540E-002
  -3.0794529536680966E-003  -9.2833137748046857E-002
  -8.6644404176795028E-003  -9.6768737829251189E-002
  -1.3554999015551657E-002 -0.10260636091304992     
  -1.7780217352166432E-002 -0.11008601752293791     
  -2.1460419599282125E-002 -0.11902095365103856     
  -2.4637089232154970E-002 -0.12918574212534620     
  -2.7348634478169469E-002 -0.14029740652341874     
  -2.9677237794182069E-002 -0.15209475657033500     
  -3.1615230470253018E-002 -0.16440485315272360     
  -3.3115686843169671E-002 -0.17713208412642903     
  -3.4206041442753590E-002 -0.19023597873878198     
  -3.4880879144059948E-002 -0.20371256250431560     
  -3.5125296851273795E-002 -0.21750983181346994     
  -3.4969943136422973E-002 -0.23145569924571241     
  -3.4506471799995365E-002 -0.24533502702235074     
  -3.3759814211685300E-002 -0.25902744361023283     
  -3.2729546946619163E-002 -0.27249872588431023     
  -3.1351037083365348E-002 -0.28566262071432363     
  -2.9580952011659386E-002 -0.29831383234902470     
  -2.7456355503693027E-002 -0.31022857140288501     
  -2.4978070193555298E-002 -0.32128382332995531     
  -2.2134882610033064E-002 -0.33141404134728064     
  -1.8916719465423167E-002 -0.34047329064189430     
  -1.5363091134471457E-002 -0.34820520767823471     
  -1.1532050035110647E-002 -0.35435877960817397     
  -7.4257000367815617E-003 -0.35878146287227980     
  -3.0361598306908916E-003 -0.36138085129432412     
   1.6085570976620645E-003 -0.36205508887901161     
   6.4758605671937572E-003 -0.36070993225687181     
   1.1497044323956842E-002 -0.35731954355825130     
   1.6560780366334078E-002 -0.35192099613967037     
   2.1521037508167758E-002 -0.34453601048468974     
   2.6254491585660386E-002 -0.33513140994353813     
   3.0695646505045804E-002 -0.32368012823707304     
   3.4778691603865840E-002 -0.31024657868156680     
   3.8353489032609940E-002 -0.29500784841125638     
   4.1204254197170491E-002 -0.27822894265582737     
   4.3125551984927617E-002 -0.26025653327116344     
   4.3964882236080673E-002 -0.24153941373735574     
   4.3614748949339796E-002 -0.22263242439336994     
   4.2020920977127958E-002 -0.20415824468142174     
   3.9223948301328554E-002 -0.18674187015897778     
   3.5380077644429880E-002 -0.17094272121264822     
   3.0731064959214682E-002 -0.15719871289111367     
   2.5553283879938639E-002 -0.14579235749990030     
   2.0120554969799403E-002 -0.13684706122010301     
   1.4679910214868801E-002 -0.13035041453896073     
   9.4308443199982266E-003 -0.12619038764793125     
   4.5149446519176370E-003 -0.12419144164320914     
   2.2752330481664555E-005 -0.12414396773657575     
  -3.9915788448525915E-003 -0.12582411975168331     
  -7.5004605316193766E-003 -0.12900465444653866     
  -1.0498378322888652E-002 -0.13346141317817128     
  -1.2996712367043384E-002 -0.13897921908363892     
  -1.5016762894158589E-002 -0.14535630609633540     
  -1.6584240213641178E-002 -0.15240529034326619     
  -1.7726495725701719E-002 -0.15995186794454458     
  -1.8471015185722479E-002 -0.16783377743441183     
  -1.8844091083869797E-002 -0.17590040819288300     
  -1.8869857356230108E-002 -0.18401190766823741     
  -1.8569890814297108E-002 -0.19203756817948722     
  -1.7963197943609982E-002 -0.19985427647503720     
  -1.7066480112706221E-002 -0.20734542364160155     
  -1.5894696427431042E-002 -0.21440006152223740     
  -1.4461833802884560E-002 -0.22091218216422115     
  -1.2781747159778135E-002 -0.22678028113629514     
  -1.0869058993513954E-002 -0.23190734004866140     
  -8.7401786739621616E-003 -0.23620123399114556     
  -6.4144283161527956E-003 -0.23957557461778486     
  -3.9151780486917842E-003 -0.24195104974946122     
  -1.2708833461144023E-003 -0.24325730253326183     
   1.4840643029947159E-003 -0.24343533862185157     
   4.3087677425014482E-003 -0.24244040402075809     
   7.1556587194436250E-003 -0.24024522714565966     
   9.9708833141917246E-003 -0.23684344612574007     
   1.2695375073122914E-002 -0.23225294768213228     
   1.5266698000658406E-002 -0.22651874233488389     
   1.7621650600926637E-002 -0.21971492008302923     
   1.9699509887271739E-002 -0.21194520653406432     
   2.1445670984104229E-002 -0.20334170011557279     
   2.2815319634232820E-002 -0.19406152988793177     
   2.3776694474621964E-002 -0.18428142607693632     
   2.4313491659674547E-002 -0.17419050911596592     
   2.4426056064429671E-002 -0.16398191066762588     
   2.4131178352188486E-002 -0.15384405761674597     
   2.3460534553622178E-002 -0.14395251212748503     
   2.2458010261789028E-002 -0.13446315058992211     
   2.1176296764135710E-002 -0.12550721784153787     
   1.9673204197549719E-002 -0.11718848159843623     
   1.8008107096657192E-002 -0.10958241348465368     
   1.6238843359568801E-002 -0.10273709695956823     
   1.4419262902707675E-002  -9.6675436330572892E-002
   1.2597499623898488E-002  -9.1398210696733123E-002
   1.0814941537678735E-002  -8.6887557210843874E-002
   9.1058080338077326E-003  -8.3110548275344587E-002
   7.4972092950031377E-003  -8.0022620335782460E-002
   6.0095548117134936E-003  -7.7570699575982324E-002
   4.6571875397019950E-003  -7.5695942269939392E-002
   3.4491397037978220E-003  -7.4336061571631862E-002
   2.3899293279415357E-003  -7.3427249192288227E-002
   1.4803391853702907E-003  -7.2905722899489114E-002
   7.1813978200756050E-004  -7.2708942668626694E-002
   9.8734221722643074E-005  -7.2776542803417901E-002
  -3.8428483986918086E-004  -7.3051026983982040E-002
  -7.3866713683008126E-004  -7.3478269951629219E-002
  -9.7312075463284705E-004  -7.4007864766133233E-002
  -1.0970036872077758E-003  -7.4593349153823249E-002
  -1.1200807445326832E-003  -7.5192338950775733E-002
  -1.0523349839090060E-003  -7.5766591373806452E-002
  -9.0382309155601168E-004  -7.6282016021647248E-002
  -6.8456491891935557E-004  -7.6708647218322989E-002
  -4.0445845474061572E-004  -7.7020587588987971E-002
  -7.3212747759631480E-005  -7.7195929597595386E-002
   2.9970739935239574E-004  -7.7216659168538079E-002
   7.0512984828257524E-004  -7.7068543454917537E-002
   1.1342203233726694E-003  -7.6741003264439708E-002
   1.5785269148674511E-003  -7.6226969552954257E-002
   2.0300253040074850E-003  -7.5522722739913506E-002
   2.4811651337096445E-003  -7.4627713399470288E-002
   2.9249171932477468E-003  -7.3544363041707098E-002
   3.3548204705288655E-003  -7.2277844100371483E-002
   3.7650274705256564E-003  -7.0835838929693029E-002
   4.1503456967186764E-003  -6.9228278625674183E-002
   4.5062731772901312E-003  -6.7467063543121500E-002
   4.8290261133120734E-003  -6.5565768559138995E-002
   5.1155567910812199E-003  -6.3539337247473640E-002
   5.3635601617871217E-003  -6.1403769768966554E-002
   5.5714681223035575E-003  -5.9175809712242726E-002
   5.7384311188808206E-003  -5.6872635669642999E-002
   5.8642871364387329E-003  -5.4511563532754992E-002
   5.9495186813038007E-003  -5.2109765222906231E-002
   5.9951989928182185E-003  -4.9684009046703649E-002
   6.0029292061867323E-003  -4.7250426178179691E-002
   5.9747684908991773E-003  -4.4824306869360148E-002
   5.9131593947887211E-003  -4.2419928918048341E-002
   5.8208507362057776E-003  -4.0050419799583487E-002
   5.7008203512195280E-003  -3.7727652779829202E-002
   5.5561998303283585E-003  -3.5462176301119502E-002
   5.3902031263865034E-003  -3.3263175013784826E-002
   5.2060606095973476E-003  -3.1138460063707331E-002
   5.0069597928994441E-003  -2.9094485664293315E-002
   4.7959935767152911E-003  -2.7136388577775703E-002
   4.5761165007036459E-003  -2.5268046899964237E-002
   4.3501091613437765E-003  -2.3492154474063002E-002
   4.1205506647727956E-003  -2.1810307330661194E-002
   3.8897987419870988E-003  -2.0223098733682290E-002
   3.6599769653593447E-003  -1.8730219679392240E-002
   3.4329683713357271E-003  -1.7330562023278911E-002
   3.2104147090839391E-003  -1.6022321773425701E-002
   2.9937204934008164E-003  -1.4803100466746887E-002
   2.7840610365858116E-003  -1.3670002918982987E-002
   2.5823936606926704E-003  -1.2619729998021592E-002
   2.3894713406348170E-003  -1.1648665403192244E-002
   2.2058580933817856E-003  -1.0752955733869885E-002
   2.0319455033361994E-003  -9.9285833954186279E-003
   1.8679698537299779E-003  -9.1714321181272963E-003
   1.7140294141218830E-003  -8.4773450557932041E-003
   1.5701015116796884E-003  -7.8421755866650150E-003
   1.4360590867732509E-003  -7.2618310632636502E-003
   1.3116864999800505E-003  -6.7323098524696423E-003
   1.1966944169588480E-003  -6.2497320766663634E-003
   1.0907336494240462E-003  -5.8103645141321407E-003
   9.9340787474216236E-004  -5.4106401456948073E-003
   9.0428519380434497E-004  -5.0471728481308624E-003
   8.2290851730455023E-004  -4.7167677358207994E-003
   7.4880479500981226E-004  -4.4164276433285568E-003
   6.8149312175211840E-004  -4.1433562251029779E-003
   6.2049176840173464E-004  -3.8949581263435645E-003
   5.6532419667167111E-004  -3.6688366528646659E-003
   5.1552412388894571E-004  -3.4627893388755448E-003
   4.7063970843271046E-004  -3.2748017810627864E-003
   4.3023692889377290E-004  -3.1030400760980051E-003
   3.9390223059647438E-004  -2.9458421673967988E-003
   3.6124451232275793E-004  -2.8017083761648770E-003
   3.3189652421250693E-004  -2.6692913618919481E-003
   3.0551574515071459E-004  -2.5473857287945660E-003
   2.8178480470725817E-004  -2.4349174674817590E-003
   2.6041151104419871E-004  -2.3309333954696274E-003
   2.4112854228988339E-004  -2.2345907361953220E-003
   2.2369285481090630E-004  -2.1451469539263920E-003
   2.0788485767924238E-004  -2.0619499414443838E-003
   1.9350739849996796E-004  -1.9844286385932394E-003
   1.8038460168723268E-004  -1.9120841426951423E-003
   1.6836059629292031E-004  -1.8444813564058402E-003
   1.5729816663441265E-004  -1.7812412047536583E-003
   1.4707735525820880E-004  -1.7220334408183191E-003
   1.3759404423225154E-004  -1.6665700486882353E-003
   1.2875853739489012E-004  -1.6145992429137492E-003
   1.2049416301211939E-004  -1.5659000555710908E-003
   1.1273591331407030E-004  -1.5202774951871461E-003
   1.0542913460125870E-004  -1.4775582560661172E-003
   9.8528279033547369E-005  -1.4375869519224274E-003
   9.1995726841106836E-005  -1.4002228440757481E-003
   8.5800685526427981E-005  -1.3653370317201373E-003
   7.9918170657847286E-005  -1.3328100698568918E-003
   7.4328071084867211E-005  -1.3025299792977520E-003
   6.9014299829069938E-005  -1.2743906126212049E-003
   6.3964030515987862E-005  -1.2482903400218570E-003
   5.9167018006649284E-005  -1.2241310195561009E-003
   5.4615000855260420E-005  -1.2018172172841908E-003
   5.0301182352483514E-005  -1.1812556441701358E-003
   4.6219786202047501E-005  -1.1623547782611942E-003
   4.2365682312878742E-005  -1.1450246425677292E-003
   3.8734077760763580E-005  -1.1291767111456302E-003
   3.5320267671440894E-005  -1.1147239180941460E-003
   3.2119440586924490E-005  -1.1015807464725962E-003
   2.9126532787253459E-005  -1.0896633764679565E-003
   2.6336126044797927E-005  -1.0788898744756052E-003
   2.3742383379968370E-005  -1.0691804070520445E-003
   2.1339017547216284E-005  -1.0604574659267218E-003
   1.9119287188925443E-005  -1.0526460923964850E-003
   1.7076015852360166E-005  -1.0456740914593578E-003
   1.5201629382327201E-005  -1.0394722279544132E-003
   1.3488207558707074E-005  -1.0339743987295106E-003
   1.1927546194050086E-005  -1.0291177764522848E-003
   1.0511226245218506E-005  -1.0248429221428859E-003
   9.2306868933694150E-006  -1.0210938648317987E-003
   8.0772999949382037E-006  -1.0178181478594209E-003
   7.0424436597116260E-006  -1.0149668422403449E-003
   6.1175729632433398E-006  -1.0124945283568139E-003
   5.2942861910850106E-006  -1.0103592480338540E-003
   4.5643855527803104E-006  -1.0085224295325625E-003
   3.9199315445481502E-006  -1.0069487881617242E-003
   3.3532900486061063E-006  -1.0056062055351057E-003
   2.8571716562575404E-006  -1.0044655910654433E-003
   2.4246636259487035E-006  -1.0035007292297240E-003
   2.0492547940125392E-006  -1.0026881153651368E-003
   1.7248526440449530E-006  -1.0020067828844024E-003
   1.4457925226887104E-006  -1.0014381259945586E-003
   1.2068414958378749E-006  -1.0009657212541178E-003
   1.0031980341151275E-006  -1.0005751485587030E-003
   8.3048430108770660E-007  -1.0002538131732169E-003
   6.8473091517933604E-007  -9.9999077484049827E-004
   5.6236267002258477E-007  -9.9977658681430024E-004
   4.6018732591242853E-007  -9.9960313881747049E-004
   3.7537300182284951E-007  -9.9946350427676457E-004
   3.0541283806968223E-007  -9.9935180740131388E-004
   2.4810897519341389E-007  -9.9926311009398581E-004
   2.0158352690126803E-007  -9.9919329035634856E-004
   1.6425587761898038E-007  -9.9913891956229404E-004
   1.3475996682066670E-007  -9.9909719894871732E-004
   1.1190099502172931E-007  -9.9906593143012307E-004
   9.4718956448236232E-008  -9.9904339335636725E-004
   8.2549739450014841E-008  -9.9902814753501058E-004
   7.5013844073605088E-008  -9.9901906754019010E-004
   7.1998894361732019E-008  -9.9901565888328280E-004
