 Initial conditions outputted from a previous simulation. Time =    81.600000000000009     
   40.000000000000000        0.0000000000000000              500           1   81.600000000000009     
   2.9371262632558997E-003  0.14947051209279036     
  -3.6748660765040532E-003  0.14708708132673706     
  -9.5760267732924696E-003  0.14223866711659239     
  -1.4768536134520820E-002  0.13523704698149414     
  -1.9280714769385053E-002  0.12637966788428501     
  -2.3153286828217889E-002  0.11593441580295685     
  -2.6439761981145189E-002  0.10414183589005749     
  -2.9193546417898696E-002   9.1217948396793036E-002
  -3.1466575708788205E-002   7.7355163958603756E-002
  -3.3306677197911354E-002   6.2724893410172636E-002
  -3.4755488786980579E-002   4.7480455387582589E-002
  -3.5847623240279541E-002   3.1759892174855454E-002
  -3.6610174937415543E-002   1.5688876403613911E-002
  -3.7062358165271862E-002  -6.1641581538740878E-004
  -3.7215348844240735E-002  -1.7046567318830235E-002
  -3.7072258955512652E-002  -3.3496318344522193E-002
  -3.6628275154056728E-002  -4.9862077095274765E-002
  -3.5871213817548181E-002  -6.6039380234648781E-002
  -3.4782811383616836E-002  -8.1919802462788863E-002
  -3.3340659936834147E-002  -9.7386469097375902E-002
  -3.1519642622594775E-002 -0.11230763867891135     
  -2.9290981571308990E-002 -0.12652939304620536     
  -2.6618301283325062E-002 -0.13987037716451028     
  -2.3453282315830135E-002 -0.15212136607126112     
  -1.9735424475997632E-002 -0.16304927971732072     
  -1.5398494898368514E-002 -0.17240185768365696     
  -1.0381994741736084E-002 -0.17990927222531780     
  -4.6437910835732954E-003 -0.18528266748990721     
   1.8280598238704620E-003 -0.18821339373659535     
   9.0028058128333015E-003 -0.18837745211657861     
   1.6791131873113933E-002 -0.18544780545759154     
   2.5025492293155368E-002 -0.17911578324178729     
   3.3440113748602195E-002 -0.16912431249280105     
   4.1658234067742578E-002 -0.15531897378987941     
   4.9197949333490781E-002 -0.13772191758544694     
   5.5508986717378778E-002 -0.11662151454257128     
   6.0045787660377055E-002  -9.2648349003070896E-002
   6.2366185704935580E-002  -6.6790925781502156E-002
   6.2226933835122809E-002  -4.0313701505228658E-002
   5.9639989926673673E-002  -1.4582642314538052E-002
   5.4866266054128386E-002   9.1448388393906600E-003
   4.8351872545706436E-002   2.9889210250153384E-002
   4.0635347081997598E-002   4.7028267251110631E-002
   3.2257564649908692E-002   6.0284695450399585E-002
   2.3694843131057720E-002   6.9654533303944347E-002
   1.5322738385635266E-002   7.5317762381137202E-002
   7.4075402180326906E-003   7.7560020202283614E-002
   1.1631023125469170E-004   7.6716382164192812E-002
  -6.4640285168204902E-003   7.3135895282640292E-002
  -1.2305238257940051E-002   6.7161079993244652E-002
  -1.7418162040252826E-002   5.9116541624823028E-002
  -2.1837194818727600E-002   4.9302513740872765E-002
  -2.5609242916892736E-002   3.7991260398683793E-002
  -2.8786611467510763E-002   2.5425676932945607E-002
  -3.1422952116965927E-002   1.1819863550030171E-002
  -3.3571133675635870E-002  -2.6385833386760567E-003
  -3.5281807435800040E-002  -1.7784949431433824E-002
  -3.6601767231121955E-002  -3.3473027221262233E-002
  -3.7571758404343965E-002  -4.9570716868802142E-002
  -3.8223970999309992E-002  -6.5956280952166088E-002
  -3.8579919461417603E-002  -8.2515608491301878E-002
  -3.8649487250097266E-002  -9.9140369537841694E-002
  -3.8431449472575867E-002 -0.11572652621750663     
  -3.7915133894375321E-002 -0.13217245017307527     
  -3.7082523868584169E-002 -0.14837597510535794     
  -3.5909947275747478E-002 -0.16423014296050958     
  -3.4368554887099168E-002 -0.17961796439015137     
  -3.2423584957371986E-002 -0.19440695120664203     
  -3.0033226742727407E-002 -0.20844432957189671     
  -2.7148011617627737E-002 -0.22155331935255221     
  -2.3711614381125685E-002 -0.23353040569423331     
  -1.9663164468948047E-002 -0.24414413924482642     
  -1.4942591349449617E-002 -0.25313557543616311     
  -9.4993056962634631E-003 -0.26021854961281432     
  -3.3054323936470282E-003 -0.26507923805640032     
   3.6283196166268738E-003 -0.26737902553337339     
   1.1241713904271098E-002 -0.26676262132393774     
   1.9403247130094416E-002 -0.26287067408064868     
   2.7889541761086423E-002 -0.25536882613950507     
   3.6382929886155761E-002 -0.24400420606906328     
   4.4468764637559277E-002 -0.22867980249061767     
   5.1639658055432580E-002 -0.20953756094927453     
   5.7343985091164548E-002 -0.18704164971569862     
   6.1072157767433057E-002 -0.16202496475735687     
   6.2453595882966957E-002 -0.13565074393688717     
   6.1355419056144535E-002 -0.10926833820498044     
   5.7892408784792175E-002  -8.4203307256334153E-002
   5.2417764972404038E-002  -6.1580623024712906E-002
   4.5462560553251971E-002  -4.2215178608917867E-002
   3.7582670001271128E-002  -2.6558921719379583E-002
   2.9263039884970303E-002  -1.4741775352352316E-002
   2.0920489296085792E-002  -6.6789308071690378E-003
   1.2867325703508103E-002  -2.1492675564447321E-003
   5.2993572587993042E-003  -8.4588120006962194E-004
  -1.6667310850150682E-003  -2.4308837900902918E-003
  -7.9754409598807741E-003  -6.5722221944611208E-003
  -1.3603566474611873E-002  -1.2956871868768718E-002
  -1.8557970851758181E-002  -2.1293471386835745E-002
  -2.2869529889267586E-002  -3.1315841584283639E-002
  -2.6577039364736616E-002  -4.2787954638484747E-002
  -2.9716685800790080E-002  -5.5503743002601899E-002
  -3.2329199606870113E-002  -6.9280930486253403E-002
  -3.4462742936477934E-002  -8.3955237299518204E-002
  -3.6162455291248022E-002  -9.9375046875813625E-002
  -3.7465411072779717E-002 -0.11539406932782691     
  -3.8402196314129000E-002 -0.13186706302153361     
  -3.8987048144929974E-002 -0.14865112917564827     
  -3.9226075867320014E-002 -0.16560543915930970     
  -3.9119194606735873E-002 -0.18259050899057125     
  -3.8649661566567489E-002 -0.19946578478672505     
  -3.7799019707159993E-002 -0.21608233260175100     
  -3.6546396458972376E-002 -0.23227894695749854     
  -3.4881924724874919E-002 -0.24788189583051315     
  -3.2804478849716066E-002 -0.26271038821918702     
  -3.0310692156250062E-002 -0.27658493472121060     
  -2.7399706360873334E-002 -0.28933411373446211     
  -2.4095022463815719E-002 -0.30079653794064642     
  -2.0421374081117792E-002 -0.31082122994740718     
  -1.6339873200861797E-002 -0.31926345358671987     
  -1.1774983018612389E-002 -0.32596282061112164     
  -6.6306322676049148E-003 -0.33072041129261887     
  -8.3312581625893641E-004 -0.33328424753009689     
   5.6055668414580814E-003 -0.33334813112775863     
   1.2597269897167484E-002 -0.33057538437670597     
   2.0028734454500038E-002 -0.32463792301563948     
   2.7688761182779006E-002 -0.31525065424403437     
   3.5338286048101811E-002 -0.30221962427014704     
   4.2660897516703766E-002 -0.28548215348014339     
   4.9262064398055659E-002 -0.26515165314508815     
   5.4704228577107571E-002 -0.24156518749174294     
   5.8543434548447543E-002 -0.21531927512613067     
   6.0345196762473845E-002 -0.18728115270670698     
   5.9803994424052688E-002 -0.15856364282490473     
   5.6794921879821027E-002 -0.13043787478952659     
   5.1509678954287319E-002 -0.10419703677821986     
   4.4415342466333822E-002  -8.0976933087796285E-002
   3.6164203821956585E-002  -6.1589915254292978E-002
   2.7421766038601615E-002  -4.6425396492315134E-002
   1.8721922357959376E-002  -3.5455040432434096E-002
   1.0406043169059111E-002  -2.8340383512915512E-002
   2.6887786250256672E-003  -2.4593754565649269E-002
  -4.3288504772257671E-003  -2.3715832187297534E-002
  -1.0567307985229256E-002  -2.5279073334520865E-002
  -1.5991298833807253E-002  -2.8938665062707765E-002
  -2.0623996867545898E-002  -3.4404449459432128E-002
  -2.4508210534996973E-002  -4.1409696363227930E-002
  -2.7704747500336753E-002  -4.9689428794474931E-002
  -3.0288703678070177E-002  -5.8978069667723072E-002
  -3.2316850782665218E-002  -6.9022443413571749E-002
  -3.3861882485326421E-002  -7.9595123342517796E-002
  -3.5005991207698810E-002  -9.0509167747099370E-002
  -3.5810352463300679E-002 -0.10162673625336842     
  -3.6312867518372476E-002 -0.11285635195563799     
  -3.6542389959999248E-002 -0.12414075345273932     
  -3.6525547428502086E-002 -0.13543941018214126     
  -3.6276837141710795E-002 -0.14671292910285141     
  -3.5805838946829517E-002 -0.15791083708730680     
  -3.5107772524003406E-002 -0.16896593623163364     
  -3.4146494161802966E-002 -0.17979378512482741     
  -3.2892128406504545E-002 -0.19029115301676361     
  -3.1333851015293145E-002 -0.20033684916517111     
  -2.9448451830992910E-002 -0.20979349172713954     
  -2.7178246266047930E-002 -0.21850617707066528     
  -2.4456048835421556E-002 -0.22629695120472551     
  -2.1227103457647018E-002 -0.23295987441346475     
  -1.7453863417443875E-002 -0.23826265699417254     
  -1.3113421570698714E-002 -0.24195360807631988     
  -8.1928604588844475E-003 -0.24377104098345262     
  -2.6713140126750964E-003 -0.24345478825135911     
   3.4324752049689415E-003 -0.24074534602983125     
   1.0110002660701094E-002 -0.23538626253049580     
   1.7358444704674122E-002 -0.22712338224965906     
   2.5016151175952746E-002 -0.21569872484258693     
   3.2905492038913166E-002 -0.20089145640356040     
   4.0613054435664368E-002 -0.18256327218984036     
   4.7525358271738351E-002 -0.16074157250138330     
   5.3135397788457453E-002 -0.13572762962233870     
   5.6948914624940193E-002 -0.10814448773079531     
   5.8459521607077403E-002  -7.8936507775355005E-002
   5.7526347227102828E-002  -4.9318900596160772E-002
   5.4220439993810363E-002  -2.0620504313675157E-002
   4.8889967147861327E-002   5.8906316942202884E-003
   4.2025025005166680E-002   2.9195786890835282E-002
   3.4264150847629946E-002   4.8642903140383581E-002
   2.6173579747623351E-002   6.3981919506555296E-002
   1.8091790277863846E-002   7.5312530696203708E-002
   1.0318855638798016E-002   8.2946568873754303E-002
   3.1195313019009917E-003   8.7281155245186079E-002
  -3.4944037428366170E-003   8.8723089569163222E-002
  -9.4473332103750737E-003   8.7621010783750425E-002
  -1.4689561677526157E-002   8.4271988166543618E-002
  -1.9220524197916963E-002   7.8941122521872034E-002
  -2.3019110094033048E-002   7.1876742584747355E-002
  -2.6151313319536917E-002   6.3332281249064495E-002
  -2.8724144309141157E-002   5.3559691526188662E-002
  -3.0809489987376894E-002   4.2795349307211045E-002
  -3.2479871971887557E-002   3.1253769810857410E-002
  -3.3794192547593145E-002   1.9122490483102994E-002
  -3.4784868429582332E-002   6.5664856816329224E-003
  -3.5488301222058330E-002  -6.2629694469376589E-003
  -3.5939135885121667E-002  -1.9224112220654576E-002
  -3.6155099357508415E-002  -3.2185058234353837E-002
  -3.6119680793982090E-002  -4.5029557706417637E-002
  -3.5818397637053807E-002  -5.7660591057277041E-002
  -3.5243959246231076E-002  -7.0002846405508468E-002
  -3.4373199494703147E-002  -8.1999971886894799E-002
  -3.3169432786793421E-002  -9.3601915054139104E-002
  -3.1610011657009940E-002 -0.10474568388731852     
  -2.9703514087467416E-002 -0.11533825262603103     
  -2.7478938628824060E-002 -0.12525002440693103     
  -2.4966395768810989E-002 -0.13431894743042663     
  -2.2150712244032224E-002 -0.14236125057606411     
  -1.8953415686894893E-002 -0.14917736656657909     
  -1.5276210741409470E-002 -0.15454630759536983     
  -1.1040729831928209E-002 -0.15821510060832195     
  -6.2123569744359525E-003 -0.15989158215741944     
  -8.1816171352808143E-004 -0.15924788725089498     
   5.0926952860225949E-003 -0.15593861140989276     
   1.1489075256002962E-002 -0.14962807580393855     
   1.8342347929668150E-002 -0.14002166633171123     
   2.5540424068025699E-002 -0.12690039404854325     
   3.2913361388448532E-002 -0.11017872805923903     
   4.0153006364468835E-002  -8.9974844768109241E-002
   4.6731246627722899E-002  -6.6690775771683530E-002
   5.2027263562879678E-002  -4.1089298897155242E-002
   5.5430565064832460E-002  -1.4307343105661230E-002
   5.6450944580276476E-002   1.2228779629999159E-002
   5.4888868661027143E-002   3.6992048058949865E-002
   5.0883815389316057E-002   5.8617666447461886E-002
   4.4847388565797369E-002   7.6150815700019484E-002
   3.7358518759218660E-002   8.9188541013856898E-002
   2.9091327136247430E-002   9.7859967069667181E-002
   2.0722267017308664E-002  0.10266960066507549     
   1.2720159628003790E-002  0.10428935988764979     
   5.3575933603922030E-003  0.10336159360518278     
  -1.2679859448476278E-003  0.10038520122884965     
  -7.1804905700913078E-003   9.5692652316637983E-002
  -1.2417473083372736E-002   8.9487651687641237E-002
  -1.6986073845092719E-002   8.1913582061711052E-002
  -2.0907326393634851E-002   7.3114299016515075E-002
  -2.4213919141954122E-002   6.3259696886022870E-002
  -2.6984371361693297E-002   5.2542238222121979E-002
  -2.9276700952343269E-002   4.1148928016705638E-002
  -3.1126133180806866E-002   2.9239764122146777E-002
  -3.2555985091542138E-002   1.6941155277160613E-002
  -3.3598661788881309E-002   4.3544273491029723E-003
  -3.4288788988103211E-002  -8.4306959029085832E-003
  -3.4672816938542052E-002  -2.1325702921718356E-002
  -3.4816488646076588E-002  -3.4242328666726635E-002
  -3.4792610355728316E-002  -4.7101426726655453E-002
  -3.4658040114275736E-002  -5.9844900843898804E-002
  -3.4442281497916338E-002  -7.2442410491411285E-002
  -3.4147161997474515E-002  -8.4888304184909238E-002
  -3.3753980518280477E-002  -9.7188511739176184E-002
  -3.3221035288617466E-002 -0.10934249216068342     
  -3.2474309714309563E-002 -0.12132309577309712     
  -3.1409849229464000E-002 -0.13305804930228438     
  -2.9900138215513981E-002 -0.14441711558346146     
  -2.7840396737600210E-002 -0.15520369398063155     
  -2.5124757346873496E-002 -0.16516181459930668     
  -2.1675371481619701E-002 -0.17398497442956776     
  -1.7443205546493996E-002 -0.18133068055742757     
  -1.2389854980210138E-002 -0.18683781929581081     
  -6.5603967250391368E-003 -0.19013474724205373     
  -3.3964708287115728E-005 -0.19085980160828306     
   7.0482326423558150E-003 -0.18867819393191843     
   1.4487384445376603E-002 -0.18330584537086553     
   2.2032035082255166E-002 -0.17454297958208395     
   2.9377774042347499E-002 -0.16231383703422636     
   3.6108825262405608E-002 -0.14670759811820139     
   4.1838094706204573E-002 -0.12803353891699976     
   4.6178494832280897E-002 -0.10683978101330739     
   4.8805312156659675E-002  -8.3901609606826105E-002
   4.9592442696009362E-002  -6.0169319122135349E-002
   4.8527429402776295E-002  -3.6650164275716136E-002
   4.5752217801217049E-002  -1.4286609541968328E-002
   4.1567007889030505E-002   6.1519879248948138E-003
   3.6348588556861412E-002   2.4143118070712875E-002
   3.0480981415810363E-002   3.9416483813721058E-002
   2.4331365080075700E-002   5.1905730570409855E-002
   1.8112592622898677E-002   6.1684511129756564E-002
   1.1997905352088634E-002   6.8877797755319284E-002
   6.0814253441070030E-003   7.3619981898170220E-002
   4.0530271601385022E-004   7.6041089956571481E-002
  -4.9817216447330314E-003   7.6264075970524939E-002
  -1.0043122027954560E-002   7.4419240052167587E-002
  -1.4738345826469865E-002   7.0648300467010358E-002
  -1.9022711618530995E-002   6.5101046654319539E-002
  -2.2866351674334869E-002   5.7944523342797864E-002
  -2.6251529045070089E-002   4.9369083965561361E-002
  -2.9164836468451534E-002   3.9573829013941852E-002
  -3.1604983683843693E-002   2.8752011044348245E-002
  -3.3583747292856618E-002   1.7090503189974370E-002
  -3.5116311984312379E-002   4.7704909143896409E-003
  -3.6221043114930393E-002  -8.0341841484168931E-003
  -3.6924272028343183E-002  -2.1159282474592856E-002
  -3.7257394750871357E-002  -3.4455312500889256E-002
  -3.7248668085631216E-002  -4.7791081587800745E-002
  -3.6915432834738512E-002  -6.1048966263990215E-002
  -3.6260573712619128E-002  -7.4114468381609303E-002
  -3.5276489822657901E-002  -8.6867606241402551E-002
  -3.3953966030880620E-002  -9.9180289071015282E-002
  -3.2288740052470545E-002 -0.11091923515946114     
  -3.0282028464200667E-002 -0.12195117312983869     
  -2.7936996807028890E-002 -0.13214640175821346     
  -2.5255111070243062E-002 -0.14137899587297134     
  -2.2234533663771632E-002 -0.14952502888323280     
  -1.8869581953693679E-002 -0.15646072689033896     
  -1.5148799214911220E-002 -0.16206020870811425     
  -1.1051565736604343E-002 -0.16619039011827347     
  -6.5476117514018765E-003 -0.16870167057787980     
  -1.6053886439586493E-003 -0.16941731459619025     
   3.7889055462709091E-003 -0.16812870850191200     
   9.6072126663287495E-003 -0.16460373293206981     
   1.5760413110249314E-002 -0.15861039462323451     
   2.2091503241314377E-002 -0.14995120436304649     
   2.8381288445475529E-002 -0.13850051673452890     
   3.4361146218186624E-002 -0.12423899244050515     
   3.9727994894943511E-002 -0.10728357019358202     
   4.4161147903961494E-002  -8.7913063161669261E-002
   4.7343737766250144E-002  -6.6587242527736998E-002
   4.8991625445029094E-002  -4.3953536156374311E-002
   4.8892905640073828E-002  -2.0831361720800266E-002
   4.6958255508522742E-002   1.8405004527974138E-003
   4.3268644374000367E-002   2.3104524166542479E-002
   3.8089736880629339E-002   4.2119055582355625E-002
   3.1828179856311783E-002   5.8277894865239682E-002
   2.4942247026517851E-002   7.1261129433426301E-002
   1.7852688344204313E-002   8.1005513428656348E-002
   1.0891935797083164E-002   8.7630245168555373E-002
   4.2946153340457068E-003   9.1361996675958221E-002
  -1.7893173714850173E-003   9.2479856245236608E-002
  -7.2746486423050545E-003   9.1281007566414107E-002
  -1.2121631219027502E-002   8.8062191128108550E-002
  -1.6321362584029636E-002   8.3111277160820021E-002
  -1.9887282407765373E-002   7.6703300475901168E-002
  -2.2851230975679510E-002   6.9096983223970787E-002
  -2.5261452545575734E-002   6.0530107641892886E-002
  -2.7180410557672868E-002   5.1213740350529460E-002
  -2.8680894785330865E-002   4.1326424196932582E-002
  -2.9839868524307631E-002   3.1010120269442470E-002
  -3.0730783135299172E-002   2.0369508178680485E-002
  -3.1415895936589978E-002   9.4754691119277867E-003
  -3.1940219628942702E-002  -1.6274481384074861E-003
  -3.2328350001158697E-002  -1.2910831412035761E-002
  -3.2584653821869369E-002  -2.4351467262149821E-002
  -3.2696285998963022E-002  -3.5921714881762899E-002
  -3.2637655035702283E-002  -4.7582583866606909E-002
  -3.2374659144222925E-002  -5.9279794294118324E-002
  -3.1867383402477065E-002  -7.0942007367220283E-002
  -3.1070813513411566E-002  -8.2479797005102287E-002
  -2.9934125157251166E-002  -9.3784002699511454E-002
  -2.8399846285958538E-002 -0.10472276782183931     
  -2.6404402350169318E-002 -0.11513750391361233     
  -2.3881227233514324E-002 -0.12483884908276578     
  -2.0766948591120712E-002 -0.13360413605498211     
  -1.7010400345765647E-002 -0.14117789240382747     
  -1.2583566511125978E-002 -0.14727659249637576     
  -7.4930644411697169E-003 -0.15159845328504043     
  -1.7904084147480849E-003 -0.15383859665050695     
   4.4208574336181165E-003 -0.15370932116043273     
   1.0982706088893261E-002 -0.15096446953254516     
   1.7685253295725054E-002 -0.14542618125468720     
   2.4273328889400411E-002 -0.13701231898586921     
   3.0455532434370217E-002 -0.12576387334302830     
   3.5916904123771895E-002 -0.11187221589857636     
   4.0340665186030453E-002  -9.5702832211053399E-002
   4.3444701800857487E-002  -7.7804050482431247E-002
   4.5029116735645275E-002  -5.8883325380135326E-002
   4.5017007635802908E-002  -3.9741877694715912E-002
   4.3467156632200465E-002  -2.1181777848861529E-002
   4.0553351472159035E-002  -3.9181474964415817E-003
   3.6526803924543938E-002   1.1477439507192825E-002
   3.1682564722943653E-002   2.4600721340779598E-002
   2.6335763628039716E-002   3.5219095037652977E-002
   2.0800019732381516E-002   4.3265037014827736E-002
   1.5362851204266972E-002   4.8817732830614601E-002
   1.0262623363371606E-002   5.2072426040238623E-002
   5.6744468009232467E-003   5.3303018637396331E-002
   1.7076717164570840E-003   5.2825782857809346E-002
  -1.5874481344591615E-003   5.0969500701039915E-002
  -4.2081187045625527E-003   4.8053788607468576E-002
  -6.1861040368445660E-003   4.4375029219924818E-002
  -7.5760065462995366E-003   4.0198300982579413E-002
  -8.4458707354054079E-003   3.5753529011895983E-002
  -8.8702887572315193E-003   3.1234341706039299E-002
  -8.9256185211209794E-003   2.6798510200330371E-002
  -8.6866391070377722E-003   2.2569285734049181E-002
  -8.2239449761650520E-003   1.8637402088256875E-002
  -7.6016394525807700E-003   1.5063867155610849E-002
  -6.8753448166046687E-003   1.1883769164356834E-002
  -6.0909755524313500E-003   9.1110704389821533E-003
  -5.2848228412584759E-003   6.7438518674197111E-003
  -4.4851017791691754E-003   4.7690374642152195E-003
  -3.7143950591437187E-003   3.1656597324711119E-003
  -2.9918789265066942E-003   1.9063468055925982E-003
  -2.3342949801110390E-003   9.5760411694660716E-004
  -1.7553632734277338E-003   2.8005087576034966E-004
  -1.2642500041376303E-003  -1.7034634202600207E-004
  -8.6419483945998101E-004  -4.3973178831841647E-004
  -5.5219160320383990E-004  -5.7303533082053758E-004
  -3.1994251339820089E-004  -6.1080994001599248E-004
  -1.5567481175083199E-004  -5.8702839226819825E-004
  -4.6165034032129887E-005  -5.2815372093327278E-004
   2.1551290921801732E-005  -4.5334035648908152E-004
   5.9026536763382203E-005  -3.7538785635018816E-004
   7.5814326996036832E-005  -3.0204593976259183E-004
   7.9334216040364617E-005  -2.3735843658262827E-004
   7.5032177537612889E-005  -1.8285289976588401E-004
   6.6692795882663204E-005  -1.3848945365281694E-004
   5.6796839564007660E-005  -1.0335804063033706E-004
   4.6859988390058153E-005  -7.6154456368013492E-005
   3.7721171263784635E-005  -5.5481007483705956E-005
   2.9770071740416763E-005  -4.0018627083997863E-005
   2.3115959296442190E-005  -2.8611373026545990E-005
   1.7706507792565977E-005  -2.0295458249925874E-005
   1.3407285858796775E-005  -1.4296015016624832E-005
   1.0052051194446719E-005  -1.0007278793142686E-005
   7.4724366206219772E-006  -6.9661713595880690E-006
   5.5138157173507849E-006  -4.8251447614790495E-006
   4.0423739702952145E-006  -3.3273487205670890E-006
   2.9469026133800952E-006  -2.2854304507317072E-006
   2.1376747913246114E-006  -1.5642570724520887E-006
   1.5439201340840559E-006  -1.0673043504983284E-006
   1.1108159053155956E-006  -7.2620771003978825E-007
   7.9651020423883722E-007  -4.9290429568500962E-007
   5.6943727654386621E-007  -3.3382277150581277E-007
   4.0602965374236773E-007  -2.2564737199657953E-007
   2.8884208183950506E-007  -1.5226602383318152E-007
   2.0505552910736984E-007  -1.0259369865769533E-007
   1.4530954444577241E-007  -6.9033502923496558E-008
   1.0280621300248745E-007  -4.6396820126601419E-008
   7.2631856777202987E-008  -3.1150493028387270E-008
   5.1249291035225560E-008  -2.0894976751064993E-008
   3.6121297924850733E-008  -1.4004390443854996E-008
   2.5433603396285268E-008  -9.3793093298655050E-009
   1.7892421024003161E-008  -6.2776238973620831E-009
   1.2577335709093943E-008  -4.1991942524912637E-009
   8.8349257409284505E-009  -2.8074162458192545E-009
   6.2021680046154797E-009  -1.8760208558433492E-009
   4.3514899076924350E-009  -1.2530680198546317E-009
   3.0514760018483610E-009  -8.3662433928325405E-010
   2.1388472587053739E-009  -5.5836070655636892E-010
   1.4985273883482582E-009  -3.7250705618247216E-010
   1.0494921998302811E-009  -2.4842404861415577E-010
   7.3474287578575156E-010  -1.6561283005263151E-010
   5.1421286884527643E-010  -1.1036592063540677E-010
   3.5975725417648088E-010  -7.3521435765246449E-011
   2.5161759119204856E-010  -4.8958287261217813E-011
   1.7593054782974711E-010  -3.2588548568542318E-011
   1.2297382132244386E-010  -2.1683122256867648E-011
   8.5932221737058913E-011  -1.4420695688483532E-011
   6.0030326801724432E-011  -9.5861889986244728E-012
   4.1923218085685758E-011  -6.3692329788764119E-012
   2.9268761929947478E-011  -4.2295469179644174E-012
   2.0427499860695921E-011  -2.8070392710201082E-012
   1.4252176958712310E-011  -1.8617937145048124E-012
   9.9401981567541055E-012  -1.2340183933566773E-012
   6.9302381032999246E-012  -8.1732591986492120E-013
   4.8298169098547111E-012  -5.4091238820332852E-013
   3.3645837857536367E-012  -3.5767518694261092E-013
   2.3428126640258212E-012  -2.3629293916833037E-013
   1.6305540730761325E-012  -1.5594805511005767E-013
   1.1342495173235507E-012  -1.0281131491979183E-013
   7.8857028340216371E-013  -6.7700985693533121E-014
   5.4791281582584852E-013  -4.4524622205103100E-014
   3.8045266341343376E-013  -2.9242265355713235E-014
   2.6398826649521948E-013  -1.9176861917726541E-014
   1.8303652472829675E-013  -1.2555831374710593E-014
   1.2680363270824359E-013  -8.2064497041375493E-015
   8.7767777334964506E-014  -5.3535484767692058E-015
   6.0689461816151221E-014  -3.4852412661362942E-015
   4.1920624818506816E-014  -2.2638581142066473E-015
   2.8922485736123053E-014  -1.4669075706158563E-015
   1.9929160752285833E-014  -9.4797191675443015E-016
   1.3713055897992470E-014  -6.1082640982787337E-016
   9.4213009328901372E-015  -3.9232564710346004E-016
   6.4617554423203889E-015  -2.5109799274906927E-016
   4.4235955222857311E-015  -1.6008466888925533E-016
   3.0220150976689806E-015  -1.0162162104053604E-016
   2.0597374301204996E-015  -6.4201526876326195E-017
   1.4002403891044632E-015  -4.0344820981847591E-017
   9.4914076319293654E-016  -2.5201930900904628E-017
   6.4125906536648669E-016  -1.5637037925429426E-017
   4.3163729127069423E-016  -9.6285159360710581E-018
   2.8930601587102845E-016  -5.8773348455678469E-018
   1.9296260344946230E-016  -3.5518206893145654E-018
   1.2797704112029502E-016  -2.1216673440217569E-018
   8.4319429880613149E-017  -1.2502578068755553E-018
   5.5126831529640596E-017  -7.2500182505598749E-019
   3.5713276321548803E-017  -4.1240346018187174E-019
   2.2886661289907750E-017  -2.2917596633785636E-019
   1.4477948421916891E-017  -1.2374157320715265E-019
   9.0170471624979517E-018  -6.4432043971378988E-020
   5.5098842889700968E-018  -3.1998587399615604E-020
   3.2850920421643642E-018  -1.4883201377267733E-020
   1.8886340224740556E-018  -6.2593275787161994E-021
   1.0109703331950417E-018  -2.1870929093672260E-021
   4.3430162141853918E-019  -4.5693046369634863E-022
   0.0000000000000000        0.0000000000000000     
