 Initial conditions outputted from a previous simulation. Time =    65.799999999999997     
   40.000000000000000        0.0000000000000000              500           1   65.799999999999997     
   4.0184711835431680E-002  0.11224084890656781     
   3.1832294831234863E-002  0.12559287393727314     
   2.3436760474614963E-002  0.13512640506292511     
   1.5273591849787434E-002  0.14102339480163095     
   7.6131486602493423E-003  0.14354991506756598     
   5.5076416421492792E-004  0.14305343736483317     
  -5.8174370565669620E-003  0.13985893805065680     
  -1.1471125507695596E-002  0.13429752338344406     
  -1.6423373844066953E-002  0.12667949295612507     
  -2.0707905186544598E-002  0.11728962616806705     
  -2.4372892820528382E-002  0.10638713712289256     
  -2.7472496438205367E-002   9.4204968150675861E-002
  -3.0061970540027433E-002   8.0951251161508322E-002
  -3.2195098034553324E-002   6.6811967101093370E-002
  -3.3922877192249165E-002   5.1954227950434806E-002
  -3.5293696748203679E-002   3.6530715522929622E-002
  -3.6354730652990205E-002   2.0685995833143771E-002
  -3.7153272629865508E-002   4.5655333999586366E-003
  -3.7734829263108741E-002  -1.1672878896351827E-002
  -3.8133639294262001E-002  -2.7849297311257747E-002
  -3.8355004091012654E-002  -4.3761666206630072E-002
  -3.8357630962418426E-002  -5.9202491227875430E-002
  -3.8050142738040083E-002  -7.3988527934469847E-002
  -3.7310156846610293E-002  -8.7987747944476169E-002
  -3.6019176877965776E-002 -0.10112609260946831     
  -3.4094987693882334E-002 -0.11336818043388690     
  -3.1505327673936490E-002 -0.12468152325466579     
  -2.8259496393233229E-002 -0.13500133899390163     
  -2.4387033479776048E-002 -0.14420949068257696     
  -1.9916507143672213E-002 -0.15213122868969031     
  -1.4863397687355118E-002 -0.15854418312025459     
  -9.2297140642465594E-003 -0.16319027582931386     
  -3.0134932343820267E-003 -0.16578388369828290     
   3.7754151143453503E-003 -0.16601576855806760     
   1.1096625561100703E-002 -0.16355772503196520     
   1.8860456434231090E-002 -0.15807497309323901     
   2.6912094963196961E-002 -0.14925152796052493     
   3.5019749607516699E-002 -0.13683008653233941     
   4.2865384927295316E-002 -0.12066615453206181     
   5.0041863704867365E-002 -0.10079505256003837     
   5.6070593345065180E-002  -7.7504006781830614E-002
   6.0453058433576998E-002  -5.1391093393029753E-002
   6.2755818297412960E-002  -2.3381545905749885E-002
   6.2711166097088503E-002   5.3330942985958044E-003
   6.0297826966029207E-002   3.3443273335329364E-002
   5.5759311411532793E-002   5.9720058329541775E-002
   4.9542394861917409E-002   8.3192279826371465E-002
   4.2184461263805921E-002  0.10323876839626253     
   3.4204903257586489E-002  0.11958002565106338     
   2.6040126476035722E-002  0.13220372737296565     
   1.8025025998953989E-002  0.14127429793817392     
   1.0400618749216694E-002  0.14705776736777582     
   3.3289092577936598E-003  0.14986839357359003     
  -3.0923979151077814E-003  0.15003346999082312     
  -8.8164534552638875E-003  0.14787267159404197     
  -1.3835765148763194E-002  0.14368809098539673     
  -1.8172760689423102E-002  0.13776019964439670     
  -2.1871218068287058E-002  0.13034591056472972     
  -2.4987693307939582E-002  0.12167690099045456     
  -2.7583429538040893E-002  0.11195783893215047     
  -2.9717792316276276E-002  0.10136510199321226     
  -3.1443959780536858E-002   9.0047123290498257E-002
  -3.2806985868755675E-002   7.8127343201051219E-002
  -3.3843626156387065E-002   6.5709846669320726E-002
  -3.4582816353276841E-002   5.2886694299278919E-002
  -3.5045892501490941E-002   3.9745398628030476E-002
  -3.5246286741859485E-002   2.6375023425975308E-002
  -3.5188820402386148E-002   1.2869710185090522E-002
  -3.4868994801167584E-002  -6.7071531476796701E-004
  -3.4273169291670041E-002  -1.4141929277903481E-002
  -3.3380235802254250E-002  -2.7435899471235120E-002
  -3.2163430057424607E-002  -4.0439617692844890E-002
  -3.0590750874103293E-002  -5.3031808177303720E-002
  -2.8624408129871697E-002  -6.5078491688216791E-002
  -2.6220313176376291E-002  -7.6427490343424803E-002
  -2.3328853693922149E-002  -8.6902611075210828E-002
  -1.9894636143967307E-002  -9.6300538931937296E-002
  -1.5860311026962517E-002 -0.10439095019728556     
  -1.1169911624443722E-002 -0.11091601565199544     
  -5.7782675738080984E-003 -0.11558898403774055     
   3.3266859721716189E-004 -0.11809983096435531     
   7.1511716056133724E-003 -0.11812431490781680     
   1.4607645497923514E-002 -0.11532472393804732     
   2.2559431414098701E-002 -0.10936170882484116     
   3.0794498001338384E-002  -9.9929864118533301E-002
   3.9014771991129869E-002  -8.6801658902607742E-002
   4.6818779571284698E-002  -6.9885610288236436E-002
   5.3741960078908239E-002  -4.9307865288303006E-002
   5.9294194964775539E-002  -2.5485055866599975E-002
   6.3009692941042125E-002   8.4044091994920614E-004
   6.4574654627857345E-002   2.8637740220767531E-002
   6.3834271136251008E-002   5.6717277860640312E-002
   6.0844926767378904E-002   8.3871150609085995E-002
   5.5932819991547304E-002  0.10900714041521316     
   4.9544708209070025E-002  0.13130166060250059     
   4.2132966554054789E-002  0.15026375110978271     
   3.4172628003660201E-002  0.16567917085464784     
   2.6076562903831337E-002  0.17754387427856999     
   1.8152378627300986E-002  0.18600376791274156     
   1.0618843756977182E-002  0.19128721991750886     
   3.6022549737730206E-003  0.19365821673910966     
  -2.8141965565477299E-003  0.19339078797997411     
  -8.5980891587902602E-003  0.19076227478325655     
  -1.3750610486228649E-002  0.18604613355736799     
  -1.8289809440827975E-002  0.17950097193543327     
  -2.2250521906317999E-002  0.17136287601981195     
  -2.5672627302536426E-002  0.16184075378911361     
  -2.8595114642839557E-002  0.15111787393409390     
  -3.1051765118180100E-002  0.13935779210505778     
  -3.3062507381876487E-002  0.12671090541533886     
  -3.4643362164998373E-002  0.11332368443823872     
  -3.5813267745628090E-002   9.9346586070393719E-002
  -3.6580436396834004E-002   8.4935207941750759E-002
  -3.6935188491613806E-002   7.0249097312174852E-002
  -3.6878452610553135E-002   5.5453416265644602E-002
  -3.6417296159686793E-002   4.0716010044903786E-002
  -3.5547185649715887E-002   2.6203403874436773E-002
  -3.4271518268913101E-002   1.2080586829049261E-002
  -3.2620821122681345E-002  -1.4925973586485794E-003
  -3.0639969236745716E-002  -1.4369689260971994E-002
  -2.8368701223819882E-002  -2.6422730548717164E-002
  -2.5807946950539794E-002  -3.7540260763811825E-002
  -2.2912149430742521E-002  -4.7611686815919999E-002
  -1.9593436918837637E-002  -5.6504431574415932E-002
  -1.5757115038765233E-002  -6.4041667149996304E-002
  -1.1331783691975787E-002  -6.9990839486017378E-002
  -6.2814034129515311E-003  -7.4068920262872026E-002
  -6.2134703536817710E-004  -7.5957521152212562E-002
   5.6068838684532035E-003  -7.5325715193543433E-002
   1.2352302357729069E-002  -7.1852158836118993E-002
   1.9499924785801301E-002  -6.5238115494423793E-002
   2.6903421771730090E-002  -5.5225131680514253E-002
   3.4383976627238577E-002  -4.1612680903398251E-002
   4.1717497352848958E-002  -2.4283263263495336E-002
   4.8633449505974535E-002  -3.2441766930433173E-003
   5.4733599690101893E-002   2.1319370083057624E-002
   5.9477854564662209E-002   4.8974951261362636E-002
   6.2287369105265403E-002   7.8977629614078074E-002
   6.2684098332241187E-002  0.11025337070278352     
   6.0513176582933502E-002  0.14145910762429223     
   5.5979584155820196E-002  0.17114711038275712     
   4.9545529514794975E-002  0.19799415005434623     
   4.1823859514041814E-002  0.22101418763250261     
   3.3392349242298371E-002  0.23968733749497412     
   2.4732013450262009E-002  0.25394917398630129     
   1.6229006663534998E-002  0.26406714914479557     
   8.1413449083753194E-003  0.27047805044783463     
   6.5061421137196105E-004  0.27364576129375423     
  -6.1339355714606887E-003  0.27398956335773950     
  -1.2146069305355897E-002  0.27187211073615436     
  -1.7322220275218903E-002  0.26761713888825300     
  -2.1658192395771391E-002  0.26153637234843541     
  -2.5192138674675370E-002  0.25393439867875733     
  -2.7985874181990753E-002  0.24509834710958536     
  -3.0152572597865173E-002  0.23528543050336131     
  -3.1805871928998877E-002  0.22470930044269732     
  -3.3043839734242533E-002  0.21354039110683015     
  -3.3936004014790563E-002  0.20191512142562915     
  -3.4530330941164734E-002  0.18994977721104425     
  -3.4860692566317394E-002  0.17775285213211028     
  -3.4943308690876307E-002  0.16543086004975818     
  -3.4777064650721293E-002  0.15308962112249444     
  -3.4363471537954611E-002  0.14083464401767032     
  -3.3694146851586310E-002  0.12877030954804611     
  -3.2746120320119421E-002  0.11700074778407016     
  -3.1498676874142560E-002  0.10563206640109525     
  -2.9948153228870608E-002   9.4773469370583507E-002
  -2.8074351292131431E-002   8.4534574085775055E-002
  -2.5841192975384182E-002   7.5027911957043628E-002
  -2.3190614216780526E-002   6.6375034933980198E-002
  -2.0058403012608847E-002   5.8717603703526799E-002
  -1.6417954168785335E-002   5.2230638928557692E-002
  -1.2237543573935139E-002   4.7125886167014748E-002
  -7.4756627233827514E-003   4.3653660104397758E-002
  -2.1154283319658653E-003   4.2099902082731781E-002
   3.8508986904931919E-003   4.2779431849338856E-002
   1.0434210254536301E-002   4.6026120847885064E-002
   1.7625406577018228E-002   5.2175587906777059E-002
   2.5188912977381919E-002   6.1553420738264350E-002
   3.2911247453349543E-002   7.4419740221015843E-002
   4.0565212756249323E-002   9.0919231505548356E-002
   4.7693928757250689E-002  0.11102743220319397     
   5.3666024008131190E-002  0.13446504441562748     
   5.7850831964160229E-002  0.16062070729860059     
   5.9750550073487334E-002  0.18852018127426307     
   5.9169852293082588E-002  0.21687679193649831     
   5.6129048670125234E-002  0.24425839277574862     
   5.1034787856858117E-002  0.26929484882074839     
   4.4390803360176784E-002  0.29091410166673132     
   3.6700395161007003E-002  0.30848055583186784     
   2.8480464877713167E-002  0.32180327632987910     
   2.0184567138933487E-002  0.33104516346613383     
   1.2185896555678545E-002  0.33657225959815767     
   4.7304160364284318E-003  0.33882473507337796     
  -2.0698552822305157E-003  0.33824122057105344     
  -8.0479452265772560E-003  0.33521966175006473     
  -1.3183573887207442E-002  0.33013669848320965     
  -1.7580774786577023E-002  0.32334846185001503     
  -2.1336786450135026E-002  0.31517413327214761     
  -2.4524568032471394E-002  0.30588290510601712     
  -2.7188850640539983E-002  0.29568463751357627     
  -2.9374320944180521E-002  0.28473877924851115     
  -3.1115245354638027E-002  0.27316726426380417     
  -3.2463631339930792E-002  0.26106938792232498     
  -3.3482168770555390E-002  0.24853142205235787     
  -3.4176494517769718E-002  0.23563035307218422     
  -3.4512912731463681E-002  0.22244439244411873     
  -3.4489730029889573E-002  0.20906549517171791     
  -3.4168916385335722E-002  0.19560457572564502     
  -3.3612366507331855E-002  0.18218141881204272     
  -3.2878968771315423E-002  0.16891287641141420     
  -3.2002491543031177E-002  0.15590448630235129     
  -3.0925115719144670E-002  0.14325214536019362     
  -2.9544700764527265E-002  0.13106332351440658     
  -2.7802193506131702E-002  0.11948106732625302     
  -2.5692918422463719E-002  0.10869158112581388     
  -2.3221965366832173E-002   9.8908931172935741E-002
  -2.0383410348203467E-002   9.0347224255127270E-002
  -1.7145345783185734E-002   8.3196213431111402E-002
  -1.3398065535091978E-002   7.7609480355471078E-002
  -9.0241320072460326E-003   7.3718859899243996E-002
  -4.0049196067353052E-003   7.1658785536517930E-002
   1.6236541468693244E-003   7.1577767678982024E-002
   7.8040257135142226E-003   7.3638882302292208E-002
   1.4505487499142456E-002   7.8004861737669171E-002
   2.1618248123471625E-002   8.4824520714151447E-002
   2.8993003718785732E-002   9.4202455877644919E-002
   3.6372657110287053E-002  0.10616803401110268     
   4.3370106157519461E-002  0.12063697855675411     
   4.9474805222085853E-002  0.13736974011849387     
   5.4172932820670268E-002  0.15593466331929273     
   5.6942439898163520E-002  0.17570172755244412     
   5.7416558676051506E-002  0.19586057807810034     
   5.5403623676281488E-002  0.21549239644405066     
   5.1087290126913952E-002  0.23366782806717909     
   4.4940662921861364E-002  0.24958165653792461     
   3.7604405405771535E-002  0.26267105360985632     
   2.9698453714688558E-002  0.27267817735172117     
   2.1727244010944859E-002  0.27962716908214513     
   1.3973550839121210E-002  0.28373256919368572     
   6.5984647577982704E-003  0.28527283832184347     
  -2.7701001095413994E-004  0.28449754103370972     
  -6.4741587140792695E-003  0.28159230311673888     
  -1.1877963262904254E-002  0.27671045022266316     
  -1.6479427484043681E-002  0.27001742407361529     
  -2.0332759144170813E-002  0.26171457970321521     
  -2.3519190659598961E-002  0.25203699177163391     
  -2.6113681797514290E-002  0.24123182834228679     
  -2.8163263321372853E-002  0.22953558028239485     
  -2.9713254504978838E-002  0.21716144521101274     
  -3.0835663898617343E-002  0.20429380498108099     
  -3.1620982885843543E-002  0.19108368283274371     
  -3.2165617142906715E-002  0.17764427974404284     
  -3.2550820005106694E-002  0.16404730662297462     
  -3.2840833664275204E-002  0.15032563119981371     
  -3.3066974365250808E-002  0.13648240374070217     
  -3.3223645941779539E-002  0.12250736310239985     
  -3.3269810261067054E-002  0.10839717291903715     
  -3.3140048216242106E-002   9.4175912055614888E-002
  -3.2741099647980769E-002   7.9909381151206965E-002
  -3.1971200599957596E-002   6.5715374181127675E-002
  -3.0729477094845789E-002   5.1765285706606885E-002
  -2.8918927851749938E-002   3.8279031769537362E-002
  -2.6488509223614808E-002   2.5519310159598810E-002
  -2.3389007928138635E-002   1.3775410182391645E-002
  -1.9596247377846564E-002   3.3549996737582671E-003
  -1.5097743016931090E-002  -5.4258483418294602E-003
  -9.8827151488541983E-003  -1.2250758149024495E-002
  -4.0045592470839587E-003  -1.6803515061912654E-002
   2.4629866406083514E-003  -1.8782789475197195E-002
   9.3985530416068417E-003  -1.7913865189965406E-002
   1.6625225585476456E-002  -1.3967713359888223E-002
   2.3907396385345520E-002  -6.7896616026663281E-003
   3.0959143795200268E-002   3.6679344255717236E-003
   3.7425207476957156E-002   1.7311386244049758E-002
   4.3000624186957347E-002   3.3862199293364301E-002
   4.7348787583153994E-002   5.2853153826583968E-002
   5.0201087333432329E-002   7.3632523815607517E-002
   5.1420420565159781E-002   9.5403472676070897E-002
   5.0943686761257899E-002  0.11730941081054047     
   4.8824048178439321E-002  0.13851676569094434     
   4.5285286585240926E-002  0.15828797319762922     
   4.0597430215890615E-002  0.17605032050501135     
   3.5051063777725731E-002  0.19140828659253128     
   2.8955980437182033E-002  0.20411855908942314     
   2.2522125154043057E-002  0.21406520204377680     
   1.5934445886768081E-002  0.22120538396084535     
   9.3569624912934711E-003  0.22553772827635218     
   2.9289526725785899E-003  0.22711722716736696     
  -3.1973940053072929E-003  0.22607122275999386     
  -8.8857774230270744E-003  0.22258878601591869     
  -1.4047722959650649E-002  0.21689613597085897     
  -1.8634549178486441E-002  0.20924033801623415     
  -2.2620496501656061E-002  0.19987756581752644     
  -2.6000820822588658E-002  0.18906219344944394     
  -2.8791396760936012E-002  0.17704039149104475     
  -3.1023093682963847E-002  0.16404560425150153     
  -3.2736068651852433E-002  0.15029243031701353     
  -3.3972975799732200E-002  0.13597317262000910     
  -3.4770613838098915E-002  0.12126093216773223     
  -3.5156370408148244E-002  0.10631653863253057     
  -3.5152041969363522E-002   9.1294164416903176E-002
  -3.4779978125353286E-002   7.6342460468158874E-002
  -3.4066502440332581E-002   6.1601497739441791E-002
  -3.3041493634073618E-002   4.7198455908164183E-002
  -3.1735112677076946E-002   3.3244857198598099E-002
  -3.0173123097642723E-002   1.9836324097320519E-002
  -2.8371757659293832E-002   7.0549218195231373E-003
  -2.6332295387241002E-002  -5.0255431191581715E-003
  -2.4036027221760937E-002  -1.6330684512436675E-002
  -2.1441865952333522E-002  -2.6773478524939897E-002
  -1.8489211034431813E-002  -3.6241219872136229E-002
  -1.5106664922416862E-002  -4.4585219188014905E-002
  -1.1224246936261485E-002  -5.1616409293548757E-002
  -6.7853290678787015E-003  -5.7107489696374691E-002
  -1.7557849038389456E-003  -6.0799658136312183E-002
   3.8693438666637663E-003  -6.2411230976831072E-002
   1.0059200919859023E-002  -6.1646789221389858E-002
   1.6737642909868834E-002  -5.8207847829684377E-002
   2.3768893990859012E-002  -5.1808490622266619E-002
   3.0937591394509065E-002  -4.2202035600292509E-002
   3.7925813089376467E-002  -2.9227798514906502E-002
   4.4298279110711422E-002  -1.2887325109639986E-002
   4.9519646697033279E-002   6.5521462108321053E-003
   5.3030952367720326E-002   2.8460751710303406E-002
   5.4385545854218204E-002   5.1825310734489392E-002
   5.3391912896142521E-002   7.5367258356014710E-002
   5.0179738188231078E-002   9.7781345152846547E-002
   4.5145355803661698E-002  0.11798227863347477     
   3.8817489803977728E-002  0.13524100161236022     
   3.1727379195418098E-002  0.14918503886353796     
   2.4333529337193568E-002  0.15972177563781659     
   1.6996954781392459E-002  0.16694913723147209     
   9.9835516950846082E-003  0.17108288216646489     
   3.4768608364498283E-003  0.17240571635937885     
  -2.4088147841219965E-003  0.17123393077442020     
  -7.6191497151159590E-003  0.16789348052786901     
  -1.2152053663961281E-002  0.16269990533107589     
  -1.6047891667964394E-002  0.15594138715416497     
  -1.9376933628301819E-002  0.14786622789019629     
  -2.2224885215239867E-002  0.13867599005817596     
  -2.4677988850630855E-002  0.12852516906869693     
  -2.6810030170898311E-002  0.11752744916502382     
  -2.8673540912892394E-002  0.10576723935378775     
  -3.0296464269287338E-002   9.3313858765720445E-002
  -3.1684253932591243E-002   8.0235105085377526E-002
  -3.2825944391884465E-002   6.6607337521484025E-002
  -3.3701592829986075E-002   5.2520589537353189E-002
  -3.4288385572872830E-002   3.8079067635596431E-002
  -3.4563662837047787E-002   2.3398876633513088E-002
  -3.4504557384768458E-002   8.6053709344727589E-003
  -3.4085257322073494E-002  -6.1678692460954438E-003
  -3.3273683126667161E-002  -2.0777464501469171E-002
  -3.2029456164013481E-002  -3.5066306310731363E-002
  -3.0304530933869478E-002  -4.8858508008444310E-002
  -2.8047021220224982E-002  -6.1954985180842290E-002
  -2.5207854627519784E-002  -7.4131366626605258E-002
  -2.1749171059744377E-002  -8.5139440491824481E-002
  -1.7652974717464784E-002  -9.4712598439206916E-002
  -1.2928514355806633E-002 -0.10257495674160470     
  -7.6172355708782839E-003 -0.10845316826987179     
  -1.7949366145366028E-003 -0.11208954751622870     
   4.4281282722291688E-003 -0.11325522503069239     
   1.0907374445360234E-002 -0.11176288920736034     
   1.7462077090577580E-002 -0.10748036406973926     
   2.3870734326689017E-002 -0.10034833513989125     
   2.9866051659044299E-002  -9.0406503989858278E-002
   3.5136507170461455E-002  -7.7829988406100711E-002
   3.9344187903584772E-002  -6.2970123054754037E-002
   4.2165425663521029E-002  -4.6382753032268770E-002
   4.3350022218907602E-002  -2.8820233473786785E-002
   4.2781421920496832E-002  -1.1170410588314344E-002
   4.0514188571432568E-002   5.6516313647954185E-003
   3.6772916622824357E-002   2.0828541788948458E-002
   3.1913256803169705E-002   3.3743068899336551E-002
   2.6359548319908228E-002   4.4030790412096954E-002
   2.0538268171123079E-002   5.1578456762425853E-002
   1.4823800570323035E-002   5.6481548122981055E-002
   9.5061725486587437E-003   5.8982701868993723E-002
   4.7816509661349066E-003   5.9410583242305706E-002
   7.6005535264181065E-004   5.8130495348711932E-002
  -2.5194401399483784E-003   5.5509511908802621E-002
  -5.0702680524379179E-003   5.1894154194301399E-002
  -6.9417050103562413E-003   4.7597399718491709E-002
  -8.2049975314075641E-003   4.2892111173143732E-002
  -8.9427540031330657E-003   3.8008652520821494E-002
  -9.2412351656235570E-003   3.3135175977354513E-002
  -9.1849122458544010E-003   2.8419651695918140E-002
  -8.8526990836397708E-003   2.3973111659715052E-002
  -8.3154475298471905E-003   1.9873808592852177E-002
  -7.6345522918154106E-003   1.6172036415095962E-002
  -6.8616949426070686E-003   1.2895224307684056E-002
  -6.0397028102946214E-003   1.0052723469721548E-002
  -5.2041990676834540E-003   7.6396677455377298E-003
  -4.3853730587000844E-003   5.6395631395566564E-003
  -3.6090989153288217E-003   4.0257939930159288E-003
  -2.8969498303762420E-003   2.7627430505568090E-003
  -2.2652714882461910E-003   1.8073714236557623E-003
  -1.7240187538851001E-003   1.1117615884317705E-003
  -1.2761784324296299E-003   6.2649398356565188E-004
  -9.1824892193457196E-004   3.0420143210769385E-004
  -6.4169753292525448E-004   1.0251867713354005E-004
  -4.3492285799630467E-004  -1.4088243079788599E-005
  -2.8518011725045718E-004  -7.3705735051001701E-005
  -1.8010068786031188E-004  -9.7334182153210037E-005
  -1.0867065888501149E-004  -9.9857081816272388E-005
  -6.1704907348038545E-005  -9.1267099862141565E-005
  -3.1937859427661425E-005  -7.7891119870089851E-005
  -1.3871819813562568E-005  -6.3462706254762582E-005
  -3.5048841481014862E-006  -4.9979415759296786E-005
   1.9750761085167893E-006  -3.8341987896040679E-005
   4.4790270848883912E-006  -2.8803608726664146E-005
   5.2630135410555460E-006  -2.1268620705430326E-005
   5.1241521007456536E-006  -1.5480049217631561E-005
   4.5485880935496988E-006  -1.1129875038219485E-005
   3.8185585744682178E-006  -7.9185158281094755E-006
   3.0871044539241117E-006  -5.5826832142298020E-006
   2.4284816256494819E-006  -3.9047497074521048E-006
   1.8710830506813896E-006  -2.7121852335117300E-006
   1.4182426942236465E-006  -1.8723339529886871E-006
   1.0609133524485794E-006  -1.2855731463583123E-006
   7.8505654307994416E-007  -8.7847757073975664E-007
   5.7569980868654285E-007  -5.9775328357986675E-007
   4.1896844820692394E-007  -4.0520904865746676E-007
   3.0293664495458833E-007  -2.7377031348088111E-007
   2.1782743734793340E-007  -1.8441949029975290E-007
   1.5588327851971818E-007  -1.2390400375814555E-007
   1.1109496717596220E-007  -8.3052093468898409E-008
   7.8892495294793073E-008  -5.5554207644273859E-008
   5.5850496027381266E-008  -3.7092506199580558E-008
   3.9431493725002511E-008  -2.4725701594580733E-008
   2.7773791619132781E-008  -1.6458284364330624E-008
   1.9522421770929303E-008  -1.0941206427762471E-008
   1.3697856142896659E-008  -7.2653017874668632E-009
   9.5960207098857119E-009  -4.8195409506333238E-009
   6.7133020712990825E-009  -3.1942614334824358E-009
   4.6909800964322839E-009  -2.1153939940792845E-009
   3.2744616248623406E-009  -1.3999288870129453E-009
   2.2836177056013459E-009  -9.2586479043099303E-010
   1.5913477108946246E-009  -6.1199035873306228E-010
   1.1081780173160327E-009  -4.0431649600665518E-010
   7.7125077222986026E-010  -2.6699240439040784E-010
   5.3648440301084597E-010  -1.7623580486301561E-010
   3.7301234518373857E-010  -1.1628432803052890E-010
   2.5925015703317316E-010  -7.6699234057569122E-011
   1.8012166778655227E-010  -5.0572198620259613E-011
   1.2510712012426818E-010  -3.3334129061912687E-011
   8.6872475289142231E-011  -2.1964727709995547E-011
   6.0308514860867121E-011  -1.4468466650290600E-011
   4.1858237509749718E-011  -9.5274651852248794E-012
   2.9046669124832258E-011  -6.2717156658191739E-012
   2.0152543438143367E-011  -4.1270832255098810E-012
   1.3979270482359274E-011  -2.7148107249421994E-012
   9.6953016840114937E-012  -1.7851092590214164E-012
   6.7229451800570723E-012  -1.1732924957839521E-012
   4.6609747402250100E-012  -7.7081333572122678E-013
   3.2307898624005668E-012  -5.0614693848530607E-013
   2.2389772543602538E-012  -3.3217680428252004E-013
   1.5512874960654457E-012  -2.1787421729395835E-013
   1.0745523810673440E-012  -1.4281125097516013E-013
   7.4412352276262142E-013  -9.3543320276716029E-014
   5.1514851482188571E-013  -6.1224892622213717E-014
   3.5651352248110248E-013  -4.0038382087454975E-014
   2.4663807121511449E-013  -2.6159148684937055E-014
   1.7055613857974903E-013  -1.7073848838034223E-014
   1.1789037382021174E-013  -1.1131626547698651E-014
   8.1446344180674313E-014  -7.2486974975771274E-015
   5.6237152892094200E-014  -4.7139612912643006E-015
   3.8806747501636977E-014  -3.0611354883667991E-015
   2.6760503982262609E-014  -1.9846783908914452E-015
   1.8439634266461166E-014  -1.2845274660009383E-015
   1.2695379051658125E-014  -8.2979387645546623E-016
   8.7324250483121421E-015  -5.3492256536168814E-016
   6.0003406218288642E-015  -3.4404641068107509E-016
   4.1183163566840170E-015  -2.2072426056257069E-016
   2.8230027482344471E-015  -1.4121469699156063E-016
   1.9323637846749903E-015  -9.0070546061416357E-017
   1.3206345747299111E-015  -5.7255748178321802E-017
   9.0097631539802290E-016  -3.6260205531667897E-017
   6.1346608625792450E-016  -2.2868373823795678E-017
   4.1678330589524539E-016  -1.4355758107444421E-017
   2.8245711597323326E-016  -8.9652427149139315E-018
   1.9088742309462984E-016  -5.5662443615027973E-018
   1.2859398125334229E-016  -3.4331803468440098E-018
   8.6315456406439297E-017  -2.1017128218547815E-018
   5.7696580133520112E-017  -1.2756257593407960E-018
   3.8382020803504950E-017  -7.6661691286002587E-019
   2.5391404006931203E-017  -4.5545318521687730E-019
   1.6688578310868042E-017  -2.6696776858701450E-019
   1.0885004632012329E-017  -1.5400844155685913E-019
   7.0356937041953014E-018  -8.7162123180625568E-020
   4.4989544725524195E-018  -4.8198174475448330E-020
   2.8400994809055789E-018  -2.5899629052228628E-020
   1.7653981151493978E-018  -1.3423464969552461E-020
   1.0768141867281457E-018  -6.6368099218564747E-021
   6.4099028253018651E-019  -3.0738804478199795E-021
   3.6800953206264354E-019  -1.2876867888385271E-021
   1.9676978644805187E-019  -4.4835488511111548E-022
   8.4440536597122225E-020  -9.3326207154949587E-023
   0.0000000000000000        0.0000000000000000     
