 Initial conditions outputted from a previous simulation. Time =    71.000000000000000     
   40.000000000000000        0.0000000000000000              500           1   71.000000000000000     
  -3.7244207824055693E-002  -4.6425787950980230E-013
  -3.6965624118774652E-002  -1.6379225698231928E-002
  -3.6478957843821526E-002  -3.2656535484650806E-002
  -3.5698887583563904E-002  -4.8711862338122441E-002
  -3.4639510502946509E-002  -6.4454476041213765E-002
  -3.3217581323499223E-002  -7.9715032245037315E-002
  -3.1413703929147149E-002  -9.4378684863431761E-002
  -2.9182132017054066E-002 -0.10828810467428103     
  -2.6471424242144222E-002 -0.12127211740514530     
  -2.3230155881143494E-002 -0.13314108431219854     
  -1.9404156474849086E-002 -0.14368054267967317     
  -1.4941495050768618E-002 -0.15265108418835843     
  -9.7987303075169219E-003 -0.15978718880904053     
  -3.9483037300062527E-003 -0.16479709224092251     
   2.6107724575849442E-003 -0.16736558268547969     
   9.8390436876494760E-003 -0.16716068430359302     
   1.7640023370548031E-002 -0.16384673586368453     
   2.5841734841348881E-002 -0.15710758985446435     
   3.4178966259445970E-002 -0.14668427559552685     
   4.2281790910213349E-002 -0.13243105203845737     
   4.9679139835850358E-002 -0.11438988832395415     
   5.5827625357933182E-002  -9.2872768414520510E-002
   6.0174914516913154E-002  -6.8524196718132355E-002
   6.2260494281582764E-002  -4.2323568131757548E-002
   6.1833728163703992E-002  -1.5497776590319139E-002
   5.8935402448242288E-002   1.0645008689326127E-002
   5.3887765018590127E-002   3.4905562016381231E-002
   4.7195228798450770E-002   5.6342844906592866E-002
   3.9419240603353070E-002   7.4344125913985856E-002
   3.1086791901677548E-002   8.8614681080427207E-002
   2.2642462850382159E-002   9.9113621937592697E-002
   1.4427662409570521E-002  0.10597403188796738     
   6.6787676111049648E-003  0.10943587850560559     
  -4.5818575776980400E-004  0.10979882953638856     
  -6.9044636970609754E-003  0.10738959923748863     
  -1.2627167316189351E-002  0.10253908557869222     
  -1.7624010206932016E-002   9.5567168263554131E-002
  -2.1914568121027895E-002   8.6772805233102560E-002
  -2.5535975495004706E-002   7.6427437578720545E-002
  -2.8539575561900645E-002   6.4771689890625025E-002
  -3.0985840508831231E-002   5.2016314646772296E-002
  -3.2937849084559601E-002   3.8346688791129888E-002
  -3.4455402320855311E-002   2.3928259874821962E-002
  -3.5590995342181582E-002   8.9109925726976111E-003
  -3.6387387043292301E-002  -6.5677385665943878E-003
  -3.6876481452427723E-002  -2.2381431777399739E-002
  -3.7079633006389473E-002  -3.8412948444875784E-002
  -3.7009203967027990E-002  -5.4552326256560535E-002
  -3.6670644028145481E-002  -7.0693698235910957E-002
  -3.6064037661176329E-002  -8.6731651657307812E-002
  -3.5184137494378161E-002 -0.10255750767216977     
  -3.4018526842719915E-002 -0.11805591175654048     
  -3.2544578143611551E-002 -0.13310189731580968     
  -3.0726722178472183E-002 -0.14755827519492001     
  -2.8515668872546904E-002 -0.16127297263100493     
  -2.5850496194907230E-002 -0.17407594383626834     
  -2.2663382514645333E-002 -0.18577550808319790     
  -1.8885988857722077E-002 -0.19615436143488077     
  -1.4456568007678354E-002 -0.20496597364659963     
  -9.3274546818557860E-003 -0.21193249769637235     
  -3.4730826903910171E-003 -0.21674549922560851     
   3.1009421926664706E-003 -0.21907071094606492     
   1.0346787515335507E-002 -0.21855790705957509     
   1.8160432543793591E-002 -0.21485718338323748     
   2.6364472717106843E-002 -0.20764358811237535     
   3.4688898910845062E-002 -0.19665370441537289     
   4.2755286046521707E-002 -0.18174017814694512     
   5.0077194624030534E-002 -0.16294907590809074     
   5.6095457360070516E-002 -0.14061301044957628     
   6.0260748961467187E-002 -0.11542803316342053     
   6.2151325522492536E-002  -8.8459213294295416E-002
   6.1581219844645110E-002  -6.1030619281963690E-002
   5.8647356546381417E-002  -3.4515740455570522E-002
   5.3693302766792649E-002  -1.0112659642478485E-002
   4.7208623288334542E-002   1.1302014867340808E-002
   3.9721015429499663E-002   2.9205773749707037E-002
   3.1719789524719114E-002   4.3382989965901654E-002
   2.3614928208175179E-002   5.3847719256701877E-002
   1.5724645762414533E-002   6.0765375490424177E-002
   8.2792996771929982E-003   6.4388612263904854E-002
   1.4262334168033564E-003   6.5014847678889737E-002
  -4.7583088754688981E-003   6.2960088467577432E-002
  -1.0252373213569957E-002   5.8541156739183559E-002
  -1.5073245297093450E-002   5.2062019326467271E-002
  -1.9259690994810872E-002   4.3802677225667670E-002
  -2.2861919106218626E-002   3.4013007686776758E-002
  -2.5934399157074173E-002   2.2911670267429345E-002
  -2.8530231381142104E-002   1.0688488445215133E-002
  -3.0696272887436041E-002  -2.4902522260840240E-003
  -3.2470881328779816E-002  -1.6474919545431895E-002
  -3.3885282779501057E-002  -3.1127127223224964E-002
  -3.4960102768852738E-002  -4.6316209686830583E-002
  -3.5706200492990253E-002  -6.1913941040223436E-002
  -3.6134079793751349E-002  -7.7789914243945366E-002
  -3.6254809090250854E-002  -9.3813781657286044E-002
  -3.6074508000697530E-002 -0.10986029194080685     
  -3.5587707569554407E-002 -0.12580919141743729     
  -3.4779609680578430E-002 -0.14154026435241759     
  -3.3632080798159027E-002 -0.15692971438619929     
  -3.2116957740442612E-002 -0.17184780996657048     
  -3.0194748267081191E-002 -0.18615194080379258     
  -2.7830928037732520E-002 -0.19967877042304591     
  -2.4994156404395378E-002 -0.21224312919762298     
  -2.1646058653666058E-002 -0.22363796626787721     
  -1.7760204823630985E-002 -0.23363298782262540     
  -1.3326563848640664E-002 -0.24198205845773560     
  -8.3341052978344651E-003 -0.24843311479669719     
  -2.8107608397901149E-003 -0.25273190583356347     
   3.2010274894727210E-003 -0.25463416177000348     
   9.6448185007156524E-003 -0.25391314613034205     
   1.6435062585060750E-002 -0.25036149081816106     
   2.3445213548917078E-002 -0.24379752287299566     
   3.0542926519261843E-002 -0.23407759725688893     
   3.7571075473783258E-002 -0.22110914191153089     
   4.4334563031503772E-002 -0.20487831479213386     
   5.0485129002100414E-002 -0.18548772528481694     
   5.5548944924202752E-002 -0.16322282309744074     
   5.9036002485690096E-002 -0.13861803988506047     
   6.0525517586615549E-002 -0.11247518149571926     
   5.9821989829657682E-002  -8.5819788081762272E-002
   5.7022158824960777E-002  -5.9784133149953386E-002
   5.2398608470021694E-002  -3.5441694619769801E-002
   4.6330553796357268E-002  -1.3665274703796056E-002
   3.9248367386399474E-002   4.9542820023370194E-003
   3.1527160549815088E-002   2.0119085370591032E-002
   2.3509017010642230E-002   3.1766805420902940E-002
   1.5498623593823889E-002   3.9997003429441041E-002
   7.7703013986860697E-003   4.5007063468670575E-002
   5.7403600523156626E-004   4.7052332799368948E-002
  -5.8952609736977572E-003   4.6432587589703929E-002
  -1.1518072062051483E-002   4.3485258299207831E-002
  -1.6269774212332753E-002   3.8571449558088305E-002
  -2.0216341652370448E-002   3.2051117776598873E-002
  -2.3446208788058871E-002   2.4251362598497118E-002
  -2.6048193686140461E-002   1.5447084332395434E-002
  -2.8102430772861245E-002   5.8576461580279121E-003
  -2.9681569764227745E-002  -4.3427643713344578E-003
  -3.0857392668679907E-002  -1.5009289686994403E-002
  -3.1695717998138549E-002  -2.6014778811710167E-002
  -3.2243644520436730E-002  -3.7244364700170618E-002
  -3.2522670192059761E-002  -4.8593860404956078E-002
  -3.2530906515266307E-002  -5.9967743082710689E-002
  -3.2259740106115535E-002  -7.1274070919716784E-002
  -3.1704781107022920E-002  -8.2419727897126704E-002
  -3.0891416556908587E-002  -9.3307655708673637E-002
  -2.9861875791560386E-002 -0.10384115090869084     
  -2.8641899296386421E-002 -0.11393240794342999     
  -2.7243194680679986E-002 -0.12350693373838599     
  -2.5649719092212992E-002 -0.13250166205740699     
  -2.3805727036132644E-002 -0.14085416243611248     
  -2.1645152506432709E-002 -0.14848498838905497     
  -1.9126654517099131E-002 -0.15528109606508997     
  -1.6197350151915056E-002 -0.16109046473345323     
  -1.2797292500008184E-002 -0.16572387390669110     
  -8.8921133074187364E-003 -0.16896002253988912     
  -4.4375333042542724E-003 -0.17055510416527825     
   6.2746847976036680E-004 -0.17024715720032652     
   6.3043357292102784E-003 -0.16775250486290047     
   1.2554133336249143E-002 -0.16277101018245557     
   1.9285476338611000E-002 -0.15499565614086233     
   2.6357598379091761E-002 -0.14413540699256666     
   3.3600630070557511E-002 -0.12995092994295945     
   4.0778962691155614E-002 -0.11229574541263650     
   4.7609678934545013E-002  -9.1171606712900727E-002
   5.3657694740973746E-002  -6.6781960042451849E-002
   5.8387846569128966E-002  -3.9589413575434648E-002
   6.1286027977236895E-002  -1.0355359554693265E-002
   6.1927387716545948E-002   1.9874621253809469E-002
   6.0094295885172212E-002   4.9851167427372417E-002
   5.5982838439015872E-002   7.8265867234240560E-002
   5.0047039280267554E-002  0.10395353714594144     
   4.2885961231193107E-002  0.12606792784776924     
   3.5060022742011608E-002  0.14418233237485253     
   2.7065635494210979E-002  0.15826938680710981     
   1.9232990014191247E-002  0.16859339621473904     
   1.1791720484098361E-002  0.17556140559760461     
   4.9380742912919365E-003  0.17959955772653777     
  -1.1711530458789114E-003  0.18109062014440069     
  -6.5459786549389807E-003  0.18036968453458560     
  -1.1209438064888839E-002  0.17772693138833165     
  -1.5200462313906236E-002  0.17342181610372318     
  -1.8580967718078305E-002  0.16768705866273850     
  -2.1429986634522349E-002  0.16072494613168967     
  -2.3788958776109242E-002  0.15270205107646490     
  -2.5694766687077337E-002  0.14375398019020735     
  -2.7173854306519942E-002  0.13399497817253461     
  -2.8252991261993956E-002  0.12353071818192342     
  -2.8987298782600892E-002  0.11246710353578329     
  -2.9479270534930577E-002  0.10091058503739163     
  -2.9813526179204394E-002   8.8959976522839768E-002
  -2.9999398300754543E-002   7.6702671193073099E-002
  -2.9991653873285232E-002   6.4223908842116109E-002
  -2.9747407775469033E-002   5.1624112763139149E-002
  -2.9251407842953891E-002   3.9031357094313629E-002
  -2.8510469745567653E-002   2.6599812247171711E-002
  -2.7552300926884123E-002   1.4496996062115956E-002
  -2.6367936145589264E-002   2.8846123981177223E-003
  -2.4880939569041693E-002  -8.0920644747691107E-003
  -2.3010411838133599E-002  -1.8297210178338436E-002
  -2.0701609288655169E-002  -2.7591192364124880E-002
  -1.7919873331082279E-002  -3.5818183804560859E-002
  -1.4655097473908783E-002  -4.2799503742158920E-002
  -1.0896918093663922E-002  -4.8336035677870946E-002
  -6.6264212137807513E-003  -5.2213389311214234E-002
  -1.8078930503380457E-003  -5.4208019694566276E-002
   3.5730129312949704E-003  -5.4087167669734849E-002
   9.5273223815275244E-003  -5.1608743318437574E-002
   1.6052469883523015E-002  -4.6518694921952514E-002
   2.3090277684458677E-002  -3.8548541872789541E-002
   3.0550476887419492E-002  -2.7426801929573402E-002
   3.8271955592849544E-002  -1.2907051790277761E-002
   4.5894212976635484E-002   5.1805895746253267E-003
   5.2841395063218929E-002   2.6840056051436693E-002
   5.8441455978924410E-002   5.1801488733132679E-002
   6.2028883836606347E-002   7.9436808299974876E-002
   6.3152955317107920E-002  0.10873338749337480     
   6.1616183923238171E-002  0.13837544874550159     
   5.7627190119992427E-002  0.16690710393251817     
   5.1635949131971365E-002  0.19296091425699499     
   4.4195519617540591E-002  0.21546595645499722     
   3.5931093246471965E-002  0.23376111078188386     
   2.7452702810287753E-002  0.24760221516783559     
   1.9172210121507258E-002  0.25708172454457351     
   1.1474894173361054E-002  0.26248927610373074     
   4.5670570791321793E-003  0.26421171334532306     
  -1.4837830103075545E-003  0.26265934813007580     
  -6.7845156846094096E-003  0.25823623706661186     
  -1.1459318977653130E-002  0.25132088114368251     
  -1.5574465608313258E-002  0.24225637125880967     
  -1.9150463291932204E-002  0.23135511803959816     
  -2.2168263033726848E-002  0.21890708996181107     
  -2.4572279843862552E-002  0.20518923126522318     
  -2.6456534390570951E-002  0.19048310935659721     
  -2.7906064274230938E-002  0.17506027833160762     
  -2.8994083426925145E-002  0.15917238092434130     
  -2.9786644778853330E-002  0.14304085111182596     
  -3.0306186221645239E-002  0.12684964958036835     
  -3.0561283218934199E-002  0.11075246851560887     
  -3.0567784584123295E-002   9.4882137847977513E-002
  -3.0343304732783145E-002   7.9359229001984000E-002
  -2.9901682104115833E-002   6.4295969972651051E-002
  -2.9241723051896956E-002   4.9793130411336310E-002
  -2.8369680144499587E-002   3.5934965386381953E-002
  -2.7282863793700120E-002   2.2782322500195185E-002
  -2.5979212721278656E-002   1.0372289470004528E-002
  -2.4432813585101135E-002  -1.2746741989826857E-003
  -2.2593953785608155E-002  -1.2135102097888555E-002
  -2.0333372681367139E-002  -2.2159363906863641E-002
  -1.7521633529463301E-002  -3.1240124575597234E-002
  -1.4039106160486179E-002  -3.9192052831418196E-002
  -9.7703333957919122E-003  -4.5744396023555990E-002
  -4.6045358114139316E-003  -5.0543931799540594E-002
   1.5188159230812561E-003  -5.3165440563206177E-002
   8.6053911304575671E-003  -5.3134561063875575E-002
   1.6518012242166844E-002  -4.9958506199570082E-002
   2.4987345173859078E-002  -4.3181821543928786E-002
   3.3612771143395177E-002  -3.2460083783788889E-002
   4.1878393165231377E-002  -1.7646644832038306E-002
   4.9207988625608781E-002   1.1170377210863545E-003
   5.4990986742500352E-002   2.3337068856374144E-002
   5.8677238088217738E-002   4.8146012997091883E-002
   5.9934272710151740E-002   7.4348477799590210E-002
   5.8647328085488837E-002  0.10055882827496847     
   5.5024692013682992E-002  0.12539035143980443     
   4.9536164173990607E-002  0.14767049423469791     
   4.2795062842262165E-002  0.16661008723547760     
   3.5450448819722959E-002  0.18186672064899087     
   2.8051208455469059E-002  0.19349410793549221     
   2.0922865102735222E-002  0.20180451097420493     
   1.4256301364967841E-002  0.20719564103412558     
   8.0932655040189955E-003  0.21003061656640845     
   2.4084598281486000E-003  0.21058024090392416     
  -2.8314456607334768E-003  0.20902795361298343     
  -7.6819152104629388E-003  0.20551054642943342     
  -1.2161017179308318E-002  0.20014869456156739     
  -1.6274380440112778E-002  0.19306961199001327     
  -2.0022605656474197E-002  0.18441247494847601     
  -2.3390704063681225E-002  0.17432426773639001     
  -2.6353130397616321E-002  0.16295854903649290     
  -2.8882484701126178E-002  0.15047687139899954     
  -3.0952430618344705E-002  0.13705079516856458     
  -3.2551364725502914E-002  0.12286319893674244     
  -3.3670797899310816E-002  0.10810430938337424     
  -3.4311709963959575E-002   9.2968746175127487E-002
  -3.4487288073571438E-002   7.7651069401499420E-002
  -3.4207902623118847E-002   6.2340624673522291E-002
  -3.3495752343819830E-002   4.7220259999468162E-002
  -3.2362395098578349E-002   3.2460924193877749E-002
  -3.0812323611510189E-002   1.8225990701267323E-002
  -2.8857651786278752E-002   4.6809040575020774E-003
  -2.6507554954023051E-002  -8.0098981933633441E-003
  -2.3765127772670383E-002  -1.9687637666499554E-002
  -2.0626385212713341E-002  -3.0194866904578375E-002
  -1.7076951145821424E-002  -3.9369964532546507E-002
  -1.3100485619270784E-002  -4.7042542637047095E-002
  -8.6922955318596198E-003  -5.3030959655080090E-002
  -3.8637276418760054E-003  -5.7148240237214334E-002
   1.3618678936654167E-003  -5.9212957936532105E-002
   6.9540586128786002E-003  -5.9053338831175424E-002
   1.2875435019847298E-002  -5.6501761765402683E-002
   1.9071923554027283E-002  -5.1388470417571400E-002
   2.5452446949516417E-002  -4.3544788632394582E-002
   3.1863464829067364E-002  -3.2822198501885141E-002
   3.8065913749568837E-002  -1.9131446674935708E-002
   4.3723563629377342E-002  -2.5045475752359992E-003
   4.8417962337101689E-002   1.6825759189152023E-002
   5.1705075700389874E-002   3.8354910780258551E-002
   5.3207806474595852E-002   6.1288103230584805E-002
   5.2707734769182772E-002   8.4607042168953248E-002
   5.0192851492669187E-002  0.10720779241550658     
   4.5848343401762144E-002  0.12805526793695307     
   4.0011249805915673E-002  0.14630428384818858     
   3.3112544523737082E-002  0.16136893954644724     
   2.5615192833214489E-002  0.17294121173616944     
   1.7954882561523455E-002  0.18096447068384686     
   1.0496570335442532E-002  0.18557693061110098     
   3.5136641380577312E-003  0.18704725220955545     
  -2.8155139366532727E-003  0.18571721030813207     
  -8.4004058008173531E-003  0.18195533214202789     
  -1.3222097342203145E-002  0.17612258498726058     
  -1.7311828285419668E-002  0.16855119303440108     
  -2.0730117013940431E-002  0.15953500769364673     
  -2.3550338142887650E-002  0.14932779481387135     
  -2.5847431747577681E-002  0.13814619636143946     
  -2.7691396693507207E-002  0.12617493121584630     
  -2.9144737906932259E-002  0.11357224078600557     
  -3.0262380500230005E-002  0.10047426963999956     
  -3.1092445083610813E-002   8.6997928208197212E-002
  -3.1676520386927746E-002   7.3242516425414766E-002
  -3.2048392203068966E-002   5.9291051259393775E-002
  -3.2230894072458154E-002   4.5212723333669567E-002
  -3.2231605970999236E-002   3.1067813814238284E-002
  -3.2038977215473372E-002   1.6915570498736210E-002
  -3.1620592640760024E-002   2.8242966812900261E-003
  -3.0924659508559053E-002  -1.1118138170023963E-002
  -2.9884720143850591E-002  -2.4795495029408123E-002
  -2.8426601529420514E-002  -3.8057739214421710E-002
  -2.6476023915529331E-002  -5.0719673645096643E-002
  -2.3965280516435275E-002  -6.2563192317274044E-002
  -2.0838041024460477E-002  -7.3341890000912777E-002
  -1.7052302716391465E-002  -8.2786501939602589E-002
  -1.2582360992010089E-002  -9.0609844611841905E-002
  -7.4214358845862147E-003  -9.6510578636281902E-002
  -1.5872483012776860E-003 -0.10017633944723837     
   4.8671908526855363E-003 -0.10128857008682009     
   1.1836672167517737E-002  -9.9533515808161346E-002
   1.9142849915964395E-002  -9.4625633781585242E-002
   2.6515991983120199E-002  -8.6349704232257934E-002
   3.3591382530562972E-002  -7.4623622367447184E-002
   3.9934535433141516E-002  -5.9572351869236019E-002
   4.5102128285773459E-002  -4.1586525849297361E-002
   4.8725959604407142E-002  -2.1329191749754343E-002
   5.0585820227801372E-002   3.3071814332665298E-004
   5.0635885287248703E-002   2.2439217628783165E-002
   4.8977559322479401E-002   4.4079856086614855E-002
   4.5806833193782627E-002   6.4453456361790826E-002
   4.1371556122044316E-002   8.2910673836103968E-002
   3.5949943252738530E-002   9.8961149342647048E-002
   2.9837292220848650E-002  0.11227683939121164     
   2.3327218542652461E-002  0.12268815552350813     
   1.6688051482961989E-002  0.13016610731181982     
   1.0143967432130833E-002  0.13479167346866230     
   3.8679339454857089E-003  0.13672122522222019     
  -2.0136242312266315E-003  0.13615722212084247     
  -7.4096439196370042E-003  0.13332888075360874     
  -1.2252936567165272E-002  0.12848240023690530     
  -1.6492495305875210E-002  0.12187724153950050     
  -2.0090626127458006E-002  0.11378440092548661     
  -2.3023619278156521E-002  0.10448375259016621     
  -2.5283741759671300E-002   9.4259247338381050E-002
  -2.6880605404600036E-002   8.3392203202400997E-002
  -2.7840848503403008E-002   7.2153710416196268E-002
  -2.8205933163156057E-002   6.0797353609848392E-002
  -2.8028440559295511E-002   4.9553289911414042E-002
  -2.7367585283484500E-002   3.8624389454712658E-002
  -2.6284820853696787E-002   2.8184705523153834E-002
  -2.4840343680984433E-002   1.8380050498242841E-002
  -2.3090988303867035E-002   9.3300258032216268E-003
  -2.1089486895925141E-002   1.1306609370179096E-003
  -1.8884542917973684E-002  -6.1429944194174146E-003
  -1.6520992912037246E-002  -1.2434446089981213E-002
  -1.4039809229317309E-002  -1.7703085456986293E-002
  -1.1478757711194098E-002  -2.1920913205022659E-002
  -8.8754460631412773E-003  -2.5069366168337711E-002
  -6.2740858889958843E-003  -2.7138713008713223E-002
  -3.7347713769786410E-003  -2.8133513831738226E-002
  -1.3403321289075824E-003  -2.8086057695326020E-002
   8.0624997352374544E-004  -2.7074812583773596E-002
   2.5980435223910644E-003  -2.5238968413678110E-002
   3.9503164195374956E-003  -2.2778015776520406E-002
   4.8250355366739935E-003  -1.9930884020356431E-002
   5.2411694470081644E-003  -1.6940389880702782E-002
   5.2663088724689330E-003  -1.4017331301714191E-002
   4.9958650590138601E-003  -1.1317458407699278E-002
   4.5308144223195320E-003  -8.9355995893618881E-003
   3.9616253011149488E-003  -6.9127297852245194E-003
   3.3600388050573807E-003  -5.2491020342778612E-003
   2.7769857890685068E-003  -3.9182575148759904E-003
   2.2443749432873791E-003  -2.8791322396007650E-003
   1.7788139306829261E-003  -2.0851385890572269E-003
   1.3857632256189258E-003  -1.4901912233546161E-003
   1.0632584798287025E-003  -1.0522508259866469E-003
   8.0491445110745510E-004  -7.3507106960679527E-004
   6.0218078939211224E-004  -5.0871678227944607E-004
   4.4589874518061943E-004  -3.4930848732423863E-004
   3.2727642069468063E-004  -2.3835010617803538E-004
   2.3843456853154838E-004  -1.6188325761753295E-004
   1.7265219957516862E-004  -1.0961598410355796E-004
   1.2440964679527497E-004  -7.4114675377651403E-005
   8.9308636624653648E-005  -5.0107408603309072E-005
   6.3930402869939943E-005  -3.3914539264921957E-005
   4.5671806658106865E-005  -2.3002030490300071E-005
   3.2583879222568851E-005  -1.5643442223210314E-005
   2.3227094777634620E-005  -1.0672154899087142E-005
   1.6549688264149561E-005  -7.3043443474685106E-006
   1.1789690843049201E-005  -5.0151014974010645E-006
   8.3985659859950470E-006  -3.4532792828437982E-006
   5.9832304128137813E-006  -2.3837880905882463E-006
   4.2629011345159087E-006  -1.6488703181289439E-006
   3.0374253094323211E-006  -1.1422840364923995E-006
   2.1642896495127042E-006  -7.9216869590385685E-007
   1.5420729430679611E-006  -5.4968891725821115E-007
   1.0986024322648029E-006  -3.8149745412610298E-007
   7.8250624171535882E-007  -2.6471874659247081E-007
   5.5720301605700158E-007  -1.8359628390858092E-007
   3.9663140062535433E-007  -1.2723934272560798E-007
   2.8221632151167470E-007  -8.8099258384783877E-008
   2.0071331629137141E-007  -6.0932871716498634E-008
   1.4267608499432130E-007  -4.2093260623581442E-008
   1.0136621036367666E-007  -2.9041767844700534E-008
   7.1976749917829760E-008  -2.0010757217637454E-008
   5.1078913616380587E-008  -1.3769698959728595E-008
   3.6227457762030042E-008  -9.4624639824968827E-009
   2.5679098595020438E-008  -6.4939276639225013E-009
   1.8191494717093907E-008  -4.4508519569209048E-009
   1.2879716522411831E-008  -3.0466578360463738E-009
   9.1137560109944576E-009  -2.0828766921862608E-009
   6.4453487948964622E-009  -1.4222586231938759E-009
   4.5557379173239972E-009  -9.7002981949641000E-010
   3.2183997925900630E-009  -6.6084474358691186E-010
   2.2724585671180033E-009  -4.4971515384727693E-010
   1.6037340687437504E-009  -3.0571333191417976E-010
   1.1312394971169837E-009  -2.0760793106522510E-010
   7.9756782762229665E-010  -1.4084414630221998E-010
   5.6205148536824161E-010  -9.5457497350213197E-011
   3.9589857392244051E-010  -6.4634903836117272E-011
   2.7873688348096784E-010  -4.3723778596825496E-011
   1.9615988101963471E-010  -2.9550692057194508E-011
   1.3798535621314052E-010  -1.9953588284645104E-011
   9.7020581239608100E-011  -1.3461076690423713E-011
   6.8187217122082529E-011  -9.0728581299912598E-012
   4.7901549505070873E-011  -6.1095898166083306E-012
   3.3635821108427252E-011  -4.1103579339368196E-012
   2.3607925287715034E-011  -2.7627453307499286E-012
   1.6562023733290395E-011  -1.8551863593019221E-012
   1.1613530301979269E-011  -1.2445415665025131E-012
   8.1396332780565208E-012  -8.3405354495549043E-013
   5.7020172866163389E-012  -5.5837547565583023E-013
   3.9923407203477330E-012  -3.7341303855160445E-013
   2.7937860499970238E-012  -2.4943866908801666E-013
   1.9539571488944164E-012  -1.6642827264845839E-013
   1.3657834048481078E-012  -1.1090589333228479E-013
   9.5407100988209874E-013  -7.3810585892288173E-014
   6.6603539410771626E-013  -4.9055584792776118E-014
   4.6463905179183657E-013  -3.2555923854040466E-014
   3.2390539789947833E-013  -2.1572763500654724E-014
   2.2562389748431493E-013  -1.4271653049991634E-014
   1.5703435347824417E-013  -9.4251830142454996E-015
   1.0920003393948114E-013  -6.2130073773043069E-015
   7.5865204762723105E-014  -4.0874719806160331E-015
   5.2653169833658510E-014  -2.6834092338255377E-015
   3.6503571373547439E-014  -1.7576399216617413E-015
   2.5277740581919195E-014  -1.1484388039283950E-015
   1.7482034411953803E-014  -7.4840406391302644E-016
   1.2073974638195345E-014  -4.8631773413163867E-016
   8.3264726465793588E-015  -3.1503116620411596E-016
   5.7327835316811488E-015  -2.0338390768234389E-016
   3.9400064534309357E-015  -1.3081983602075776E-016
   2.7025831011558966E-015  -8.3805017680958477E-017
   1.8497990570392307E-015  -5.3447679960611211E-017
   1.2630851854277873E-015  -3.3919240826815807E-017
   8.6017400360590194E-016  -2.1408444443101939E-017
   5.8404834786642194E-016  -1.3429786218073662E-017
   3.9523835359231937E-016  -8.3670419658617852E-018
   2.6645640995381984E-016  -5.1725643480359069E-018
   1.7886354487653012E-016  -3.1696081841862413E-018
   1.1947342338086740E-016  -1.9226787529266645E-018
   7.9349027094901239E-017  -1.1527038459382366E-018
   5.2351230332254196E-017  -6.8168065956853942E-019
   3.4271300928918278E-017  -3.9666074222028074E-019
   2.2230229776698944E-017  -2.2639138290051041E-019
   1.4263318216358857E-017  -1.2621847057433236E-019
   9.0332406150434917E-018  -6.8366463432339826E-020
   5.6320851381030405E-018  -3.5707295655934903E-020
   3.4449137509424757E-018  -1.7785307608178245E-020
   2.0557389913707677E-018  -8.2955082739644946E-021
   1.1827636124757338E-018  -3.4979644082863295E-021
   6.3352500114653717E-019  -1.2252312371398327E-021
   2.7231747553410607E-019  -2.5660479354897498E-022
   0.0000000000000000        0.0000000000000000     
