 Initial conditions outputted from a previous simulation. Time =    29.000000000000000     
   40.000000000000000        0.0000000000000000              500           1   29.000000000000000     
  -3.7244207824055693E-002  -1.8836541309956308E-013
  -3.6948804101769116E-002  -1.6379307508412683E-002
  -3.6456488486126516E-002  -3.2657678914389858E-002
  -3.5672596212149590E-002  -4.8713766971265192E-002
  -3.4615524634203400E-002  -6.4460347244635355E-002
  -3.3194853532606636E-002  -7.9722553407372901E-002
  -3.1393128461409889E-002  -9.4388505645526075E-002
  -2.9164130174368783E-002 -0.10830029435739896     
  -2.6455898838906769E-002 -0.12128670555651269     
  -2.3217165883255873E-002 -0.13315830753404667     
  -1.9393814542819944E-002 -0.14370059457293077     
  -1.4934046013992897E-002 -0.15267410533496914     
  -9.7947670651825948E-003 -0.15981319311685510     
  -3.9489513349151954E-003 -0.16482576943774271     
   2.6035928614669968E-003 -0.16739601673053892     
   9.8222140877628344E-003 -0.16719091350590121     
   1.7608577214895987E-002 -0.16387300844032443     
   2.5787812679410195E-002 -0.15712310863784609     
   3.4090486452847991E-002 -0.14667713305853985     
   4.2140881233482377E-002 -0.13238066407378235     
   4.9461391733138009E-002 -0.11426127212596957     
   5.5508809140587159E-002  -9.2610768053524584E-002
   5.9754648926994121E-002  -6.8055013637691716E-002
   6.1794365812117488E-002  -4.1572283158029001E-002
   6.1437365150651159E-002  -1.4420340079490074E-002
   5.8735925087493604E-002   1.2034978474563989E-002
   5.3956427804838725E-002   3.6540044840042071E-002
   4.7522378152882780E-002   5.8134361654416981E-002
   3.9943648585012266E-002   7.6225033310942561E-002
   3.1736235413671522E-002   9.0556363538525420E-002
   2.3352075610787615E-002  0.10112774602179701     
   1.5142216349937570E-002  0.10810872275233553     
   7.3542503862506119E-003  0.11176941565585344     
   1.4734361902834592E-004  0.11242777647664851     
  -6.3886340533340323E-003  0.11041306089730900     
  -1.2214787347086737E-002  0.10604361777173303     
  -1.7327665871537751E-002   9.9615383186462444E-002
  -2.1748097174559448E-002   9.1397797420200558E-002
  -2.5514585482473529E-002   8.1634242872731966E-002
  -2.8678968558121853E-002   7.0544500630841070E-002
  -3.1300890479712649E-002   5.8328324348046884E-002
  -3.3440535207705985E-002   4.5169358918398607E-002
  -3.5152334537449086E-002   3.1237502834001212E-002
  -3.6481527214051179E-002   1.6689334674161588E-002
  -3.7463102673631767E-002   1.6675803995792695E-003
  -3.8122491046396187E-002  -1.3699135902456371E-002
  -3.8477536233601901E-002  -2.9294886816296557E-002
  -3.8540628464464252E-002  -4.5012588637945758E-002
  -3.8319733942571071E-002  -6.0748146984218619E-002
  -3.7817751182493080E-002  -7.6393956344584499E-002
  -3.7030434224888921E-002  -9.1833351329154642E-002
  -3.5943801178964972E-002 -0.10693722717962222     
  -3.4532315435210181E-002 -0.12156303384985910     
  -3.2758887023402891E-002 -0.13555515589626979     
  -3.0576962587090337E-002 -0.14874511684056274     
  -2.7934093627447691E-002 -0.16095042895751388     
  -2.4775916048665480E-002 -0.17197186294504505     
  -2.1049766114400029E-002 -0.18158981123917703     
  -1.6707969046377145E-002 -0.18956093814672195     
  -1.1711518262366034E-002 -0.19561645804363822     
  -6.0351837167763158E-003 -0.19946324793661285     
   3.2454726234491842E-004 -0.20078877436644266     
   7.3369952816668155E-003 -0.19927081337502742     
   1.4919361835934527E-002 -0.19459318496004854     
   2.2914630767673964E-002 -0.18646909259161840     
   3.1069664282913793E-002 -0.17467477855072752     
   3.9021853563300186E-002 -0.15909804338897265     
   4.6306329791876460E-002 -0.13980484105684887     
   5.2394767694148352E-002 -0.11711712452375879     
   5.6768037745973866E-002  -9.1677081074033287E-002
   5.9010984024517259E-002  -6.4457724138551858E-002
   5.8900472868349943E-002  -3.6685376113123482E-002
   5.6454346942051703E-002  -9.6761845091515152E-003
   5.1922586571270538E-002   1.5362869275913132E-002
   4.5722409650483603E-002   3.7495233737997388E-002
   3.8352549780444820E-002   5.6127638545262919E-002
   3.0314130475409911E-002   7.0995492887987274E-002
   2.2051350005391181E-002   8.2094666446270448E-002
   1.3921553178401932E-002   8.9594359235323079E-002
   6.1884256991324655E-003   9.3759630755844856E-002
  -9.7799148200567094E-004   9.4899473636474607E-002
  -7.4852468389940800E-003   9.3336792751350831E-002
  -1.3298002763435342E-002   8.9392793583152622E-002
  -1.8420472829172866E-002   8.3378546199655498E-002
  -2.2877743072194930E-002   7.5586430886272593E-002
  -2.6708952000626160E-002   6.6282670194005522E-002
  -2.9960186522977071E-002   5.5703857677397543E-002
  -3.2677527259519931E-002   4.4057197946005613E-002
  -3.4908005237846984E-002   3.1524206255235998E-002
  -3.6699393111279420E-002   1.8267929803397517E-002
  -3.8098091827826960E-002   4.4389484815988318E-003
  -3.9142471199472631E-002  -9.8243067295433681E-003
  -3.9867076607140894E-002  -2.4394093640465998E-002
  -4.0303618159807333E-002  -3.9149550829634158E-002
  -4.0465572575612195E-002  -5.3977062161668671E-002
  -4.0344790125229589E-002  -6.8768842022809654E-002
  -3.9927245480122109E-002  -8.3413667154328519E-002
  -3.9197661381619647E-002  -9.7790313464224135E-002
  -3.8131390239457059E-002 -0.11177027459854945     
  -3.6689338507427442E-002 -0.12521852343920437     
  -3.4827914838044857E-002 -0.13798379809758157     
  -3.2512261071782726E-002 -0.14989002425941475     
  -2.9706551581195159E-002 -0.16073837233787464     
  -2.6382858890813897E-002 -0.17030961299714034     
  -2.2527982327600036E-002 -0.17836820452839811     
  -1.8136890562622989E-002 -0.18467485351867421     
  -1.3193289640588914E-002 -0.18899752538172668     
  -7.7142983598534115E-003 -0.19110944102487809     
  -1.7224918692855928E-003 -0.19079132888621417     
   4.7297877054297294E-003 -0.18782921040846073     
   1.1544605846924497E-002 -0.18201497199540059     
   1.8581952155066906E-002 -0.17315646797261888     
   2.5721361544465787E-002 -0.16109911982077915     
   3.2816967015805061E-002 -0.14573981420035251     
   3.9614904763675400E-002 -0.12705562360224740     
   4.5711667100724648E-002 -0.10516768843426948     
   5.0516532008580008E-002  -8.0421504508406211E-002
   5.3464264579684985E-002  -5.3469678141019952E-002
   5.4210075846534755E-002  -2.5280617656524767E-002
   5.2678891207906982E-002   2.9608804134036320E-003
   4.9029486292031903E-002   3.0024585982250364E-002
   4.3610203551582676E-002   5.4818171207130943E-002
   3.6822776856872928E-002   7.6528103415764187E-002
   2.9122103484390902E-002   9.4661168456562805E-002
   2.0910982609132472E-002  0.10901932118289147     
   1.2534608437508232E-002  0.11962077252225420     
   4.3087807365920754E-003  0.12661901638156012     
  -3.4913980654469805E-003  0.13025115771051196     
  -1.0613192149150534E-002  0.13080947886325811     
  -1.6883912196615003E-002  0.12863656902035539     
  -2.2228863672586512E-002  0.12411495826415134     
  -2.6674581867424427E-002  0.11764149324553255     
  -3.0325112368633788E-002  0.10959282402235117     
  -3.3303486428260171E-002  0.10029238221249358     
  -3.5708058112882912E-002   8.9995941503316024E-002
  -3.7624929739286807E-002   7.8901005946682645E-002
  -3.9112824334899710E-002   6.7166547194247361E-002
  -4.0216346788718597E-002   5.4935902107721167E-002
  -4.0974199226569738E-002   4.2349817989041492E-002
  -4.1424379454239234E-002   2.9547397314055097E-002
  -4.1594901384786366E-002   1.6658971100476355E-002
  -4.1488574540328851E-002   3.7986929348488032E-003
  -4.1093916343871786E-002  -8.9352406174539236E-003
  -4.0414205462520343E-002  -2.1452496222747572E-002
  -3.9470571144678349E-002  -3.3661016804253756E-002
  -3.8280749551387848E-002  -4.5461928245224888E-002
  -3.6874952356187207E-002  -5.6748273207545601E-002
  -3.5285436057684680E-002  -6.7411235454313698E-002
  -3.3502701592392894E-002  -7.7349264839675552E-002
  -3.1466137724956968E-002  -8.6468515445570479E-002
  -2.9070615196808307E-002  -9.4672365898401015E-002
  -2.6191722283524267E-002 -0.10184085394040532     
  -2.2727029056289233E-002 -0.10780911461846712     
  -1.8628989319746683E-002 -0.11235727818633384     
  -1.3900854925724121E-002 -0.11521593753545815     
  -8.5546624253136638E-003 -0.11608714840846969     
  -2.5979003575395039E-003 -0.11466526304960929     
   3.9273121862009536E-003 -0.11064863170367834     
   1.1008231762675525E-002 -0.10375349020771248     
   1.8515114375391481E-002  -9.3713189640739075E-002
   2.6253851300928759E-002  -8.0303271900390161E-002
   3.3923557239886028E-002  -6.3382662762031514E-002
   4.1072581837068793E-002  -4.2958389486595347E-002
   4.7074864771141700E-002  -1.9270113226602031E-002
   5.1302897368791754E-002   7.1224700957298820E-003
   5.3175317991451851E-002   3.5304826067405898E-002
   5.2407346448278262E-002   6.4040192406003407E-002
   4.9037418768446465E-002   9.1915301268149424E-002
   4.3503261080639649E-002  0.11755269667683720     
   3.6402238319177944E-002  0.13985327638199907     
   2.8409493154123732E-002  0.15815799170529138     
   2.0128857151938597E-002  0.17228605192654747     
   1.2027451044952222E-002  0.18244221082428383     
   4.3948331148968654E-003  0.18905118409561408     
  -2.5428831478383784E-003  0.19258855990562920     
  -8.7116905049051518E-003  0.19348665659361608     
  -1.4124110183764591E-002  0.19209839967449180     
  -1.8842299474540913E-002  0.18871037204522623     
  -2.2923256658027715E-002  0.18356786977628903     
  -2.6427610078665224E-002  0.17689559117266077     
  -2.9398822972678446E-002  0.16890389697742192     
  -3.1867926918403677E-002  0.15978690461921105     
  -3.3877905126615586E-002  0.14971930237384029     
  -3.5490792915233285E-002  0.13885383788713671     
  -3.6763981616643550E-002  0.12732087371344836     
  -3.7734270826234664E-002  0.11523196688557039     
  -3.8433011138423463E-002  0.10268768565940307     
  -3.8887998572917214E-002   8.9784868293192432E-002
  -3.9116271237544353E-002   7.6621736155556508E-002
  -3.9119596294727131E-002   6.3300707918293495E-002
  -3.8888610889941444E-002   4.9930156799642668E-002
  -3.8397368158634544E-002   3.6624530165201521E-002
  -3.7612917952824988E-002   2.3505013883991531E-002
  -3.6509471060354730E-002   1.0699996090545151E-002
  -3.5061554684052358E-002  -1.6564025194677121E-003
  -3.3248083456223397E-002  -1.3423577681816587E-002
  -3.1034122672069089E-002  -2.4453202705464850E-002
  -2.8372004351577641E-002  -3.4584492153789503E-002
  -2.5221945784643113E-002  -4.3636985263931567E-002
  -2.1541676493512484E-002  -5.1408152915145951E-002
  -1.7287942272785843E-002  -5.7672745753563938E-002
  -1.2422559921658667E-002  -6.2185319563206415E-002
  -6.9109504446443369E-003  -6.4686728728725384E-002
  -7.7657576183799031E-004  -6.4906057386621002E-002
   5.9295293093567141E-003  -6.2572013324804318E-002
   1.3108095329858674E-002  -5.7424140331371179E-002
   2.0562947354603268E-002  -4.9226724072620867E-002
   2.8099856214429175E-002  -3.7803625284918971E-002
   3.5434231258542247E-002  -2.3068735431699412E-002
   4.2171680036297711E-002  -5.0729013899089735E-003
   4.7891072207719258E-002   1.5938308710606221E-002
   5.2125689554886515E-002   3.9482680743103946E-002
   5.4430361532102366E-002   6.4813946565631886E-002
   5.4464842384354333E-002   9.0942449438723580E-002
   5.2176139165596658E-002  0.11670665611502230     
   4.7811457224848718E-002  0.14090650603250710     
   4.1728472260230562E-002  0.16248031499825416     
   3.4451808147520316E-002  0.18064079616196596     
   2.6567672323106174E-002  0.19495947330481217     
   1.8494852840359562E-002  0.20537240994538403     
   1.0621880544250837E-002  0.21208578084468291     
   3.2438486360296666E-003  0.21546483203425568     
  -3.4801709600088739E-003  0.21592507139323613     
  -9.5238423075652608E-003  0.21385665128897843     
  -1.4885926872755424E-002  0.20958903921629421     
  -1.9524063346460514E-002  0.20338900737117413     
  -2.3441631420260872E-002  0.19549044490015305     
  -2.6709440352695374E-002  0.18611926476582361     
  -2.9364729828347782E-002  0.17549765434830997     
  -3.1502387218489407E-002  0.16384938636595639     
  -3.3189313073884022E-002  0.15138259200571330     
  -3.4465304038791153E-002  0.13828171438393971     
  -3.5350470580235424E-002  0.12470534078696990     
  -3.5881324260407604E-002  0.11078939608490995     
  -3.6130612800456062E-002   9.6653512608835826E-002
  -3.6157841027090708E-002   8.2401667813880933E-002
  -3.5976387478506990E-002   6.8124699831708629E-002
  -3.5603725462622346E-002   5.3910124509573734E-002
  -3.5034256053621177E-002   3.9848224256237977E-002
  -3.4235169048279827E-002   2.6037993543567797E-002
  -3.3184532453400764E-002   1.2590773362467333E-002
  -3.1879863115784085E-002  -3.7363077253931638E-004
  -3.0287931950191232E-002  -1.2736581308513519E-002
  -2.8369140828365419E-002  -2.4381054252132304E-002
  -2.6049798769252612E-002  -3.5187446652158727E-002
  -2.3231751589163879E-002  -4.5018329571167678E-002
  -1.9825211825238290E-002  -5.3698870077039836E-002
  -1.5755504250428400E-002  -6.1005636554694750E-002
  -1.0981871578223491E-002  -6.6665082624615832E-002
  -5.5053345227436355E-003  -7.0364066138017517E-002
   6.6454435866226892E-004  -7.1769575156109558E-002
   7.4859913883528325E-003  -7.0545188427786953E-002
   1.4866865813092149E-002  -6.6368436930690652E-002
   2.2636596872264599E-002  -5.8952867920226783E-002
   3.0510800368455725E-002  -4.8081323681641634E-002
   3.8097927065925290E-002  -3.3659422888283795E-002
   4.4929106188349423E-002  -1.5783330275758928E-002
   5.0478769800473104E-002   5.1962675060056827E-003
   5.4271632141005943E-002   2.8627799847227332E-002
   5.5937222998073327E-002   5.3567679129753625E-002
   5.5298793096761376E-002   7.8853984419256742E-002
   5.2451878063142714E-002  0.10324275546257779     
   4.7698599704179209E-002  0.12559026871024620     
   4.1504207760186693E-002  0.14501429077467343     
   3.4401963688319645E-002  0.16099112730847681     
   2.6884617183625090E-002  0.17335949840779896     
   1.9358373628042890E-002  0.18223637136865134     
   1.2138143038690444E-002  0.18789454319089741     
   5.3889937921530922E-003  0.19066102790444292     
  -7.8162718101264662E-004  0.19084625118026569     
  -6.3431274497358098E-003  0.18872990645113130     
  -1.1308008564985041E-002  0.18456619120015144     
  -1.5699106963822880E-002  0.17859148620484921     
  -1.9559393795118937E-002  0.17103000496835621     
  -2.2929444162844224E-002  0.16208810875869784     
  -2.5843882180733146E-002  0.15195104882982396     
  -2.8343247154971597E-002  0.14078539073177637     
  -3.0459979001353825E-002  0.12874152384825499     
  -3.2209745626202047E-002  0.11595838252475045     
  -3.3600360070854089E-002  0.10256897486346116     
  -3.4626628967117455E-002   8.8703191427275188E-002
  -3.5287507661261375E-002   7.4492040729330161E-002
  -3.5585331540899025E-002   6.0068200295482391E-002
  -3.5529650885588654E-002   4.5565810246456451E-002
  -3.5134612289243514E-002   3.1118470763504949E-002
  -3.4409414093108166E-002   1.6856949453621511E-002
  -3.3367408855844369E-002   2.9094167741825234E-003
  -3.2007346261117210E-002  -1.0602207980622254E-002
  -3.0317946544958563E-002  -2.3558889920409675E-002
  -2.8289186172138232E-002  -3.5836167010358723E-002
  -2.5907508500682842E-002  -4.7302996625485323E-002
  -2.3157159023559023E-002  -5.7823542450246568E-002
  -2.0015620288592738E-002  -6.7257542216819288E-002
  -1.6439379588144259E-002  -7.5457312736953941E-002
  -1.2360600018798448E-002  -8.2252612217570312E-002
  -7.7016463042093985E-003  -8.7427482681068286E-002
  -2.4001790690490218E-003  -9.0709317174279214E-002
   3.5640515066556588E-003  -9.1779558405954295E-002
   1.0148988604826506E-002  -9.0296771985616447E-002
   1.7237152335647050E-002  -8.5923116232936511E-002
   2.4622250959868832E-002  -7.8358222627450569E-002
   3.1998059113891517E-002  -6.7390876985867793E-002
   3.8968482606080032E-002  -5.2967903757548902E-002
   4.5088973665916653E-002  -3.5258500995315509E-002
   4.9917834885862683E-002  -1.4688589064884652E-002
   5.3049857582935227E-002   8.0530533995759081E-003
   5.4148899536593957E-002   3.2019511037502821E-002
   5.3026454419240594E-002   5.6045993841248073E-002
   4.9753178448300170E-002   7.8890989968885203E-002
   4.4700304387267006E-002   9.9474555571848339E-002
   3.8437062453844074E-002  0.11708289066655851     
   3.1550546074689781E-002  0.13141147803597228     
   2.4516541400131684E-002  0.14246662778529295     
   1.7662101765284082E-002  0.15043501371201934     
   1.1175080921024630E-002  0.15558150121296613     
   5.1315797068403508E-003  0.15817647570331497     
  -4.5720518749450199E-004  0.15845592543165354     
  -5.5954991723160853E-003  0.15661997352450269     
  -1.0279143888260824E-002  0.15285321920833730     
  -1.4500046065048665E-002  0.14734144233417881     
  -1.8259918521162471E-002  0.14027378637912888     
  -2.1578411253149948E-002  0.13183431827099212     
  -2.4492005815494565E-002  0.12219099522232660     
  -2.7046158941376467E-002  0.11148804370786651     
  -2.9285011480777060E-002   9.9844208401335802E-002
  -3.1241780528249028E-002   8.7356684501734852E-002
  -3.2931056897356842E-002   7.4109825444877597E-002
  -3.4344265325997769E-002   6.0187551843114036E-002
  -3.5450315027786852E-002   4.5687175684255267E-002
  -3.6202443218473927E-002   3.0730832489542542E-002
  -3.6549526923802908E-002   1.5470770371799518E-002
  -3.6447822255841644E-002   8.6922592318989205E-005
  -3.5868880876013275E-002  -1.5221765665941652E-002
  -3.4801313852137340E-002  -3.0248623158710675E-002
  -3.3246783285892825E-002  -4.4789147585615273E-002
  -3.1212629392463678E-002  -5.8646682515789826E-002
  -2.8704172017017530E-002  -7.1632906769275334E-002
  -2.5719110538410681E-002  -8.3563804170854517E-002
  -2.2245446617344507E-002  -9.4252690898740374E-002
  -1.8263889923294165E-002 -0.10350229540857894     
  -1.3755589785236073E-002 -0.11109840902838364     
  -8.7151355922770787E-003 -0.11680827772893777     
  -3.1665312214668602E-003 -0.12038712639685326     
   2.8231340945780357E-003 -0.12159486995649126     
   9.1394445443251753E-003 -0.12022126199996686     
   1.5630769591529047E-002 -0.11611225244944941     
   2.2129835780548029E-002 -0.10918659491863640     
   2.8473755323731767E-002  -9.9434872380387146E-002
   3.4505572479693651E-002  -8.6905289242389550E-002
   4.0050012072671108E-002  -7.1695508246370707E-002
   4.4876740887903506E-002  -5.3974156783698053E-002
   4.8682018819135704E-002  -3.4039762690669065E-002
   5.1118105451462302E-002  -1.2393423602074133E-002
   5.1873909543645520E-002   1.0225188446914760E-002
   5.0773016525464350E-002   3.2884174697411971E-002
   4.7834930760202940E-002   5.4587789835666492E-002
   4.3265575035445071E-002   7.4429932974562227E-002
   3.7391877947127936E-002   9.1702029333243396E-002
   3.0587596017131433E-002  0.10592734525372653     
   2.3225199520786222E-002  0.11684492893597427     
   1.5654401941446749E-002  0.12437837310926866     
   8.1907558359667169E-003  0.12860539606590038     
   1.1042223172667228E-003  0.12972793861021445     
  -5.3917056429687599E-003  0.12804054188850955     
  -1.1146446900721510E-002  0.12389808957272518     
  -1.6072021171207710E-002  0.11768579477917203     
  -2.0136174360892468E-002  0.10979413679588197     
  -2.3351121358877704E-002  0.10060014260800333     
  -2.5760703000680361E-002   9.0454972198930270E-002
  -2.7428228596028122E-002   7.9676950544298575E-002
  -2.8426496536553832E-002   6.8548866009162615E-002
  -2.8830736187405639E-002   5.7318199285001328E-002
  -2.8714465710858540E-002   4.6198945375039283E-002
  -2.8147660009527516E-002   3.5373899364265812E-002
  -2.7196282630838637E-002   2.4996670375512973E-002
  -2.5922161745470785E-002   1.5193199954545846E-002
  -2.4382379612775507E-002   6.0630771116873036E-003
  -2.2627749834420185E-002  -2.3186767254898214E-003
  -2.0700481548651225E-002  -9.8985425594976615E-003
  -1.8631676826448795E-002  -1.6639520195695753E-002
  -1.6439775732808005E-002  -2.2514093323801207E-002
  -1.4131341981639643E-002  -2.7495814424048182E-002
  -1.1705555128477818E-002  -3.1551174910343663E-002
  -9.1632825301704076E-003  -3.4634432034396777E-002
  -6.5203855743741733E-003  -3.6688786433798123E-002
  -3.8227185979626487E-003  -3.7657181368416504E-002
  -1.1573612409669011E-003  -3.7504106074382114E-002
   1.3474866037876056E-003  -3.6245294539118268E-002
   3.5399813722638120E-003  -3.3975774775231185E-002
   5.2782856467992658E-003  -3.0882068969648180E-002
   6.4687371370391704E-003  -2.7227180247892700E-002
   7.0910357602480944E-003  -2.3309343601746711E-002
   7.1985829448350091E-003  -1.9410278106259518E-002
   6.8963975954691578E-003  -1.5753856797517243E-002
   6.3102877080282302E-003  -1.2487484377860729E-002
   5.5608952922248222E-003  -9.6847553134636888E-003
   4.7483755082228397E-003  -7.3603015668658092E-003
   3.9466706800317490E-003  -5.4881983756641037E-003
   3.2041738802139844E-003  -4.0188562611979152E-003
   2.5478558112021991E-003  -2.8921980093322666E-003
   1.9885741355926854E-003  -2.0467028672026617E-003
   1.5261130577423529E-003  -1.4249296699122289E-003
   1.1533663775173729E-003  -9.7644108656759108E-004
   8.5955351501482505E-004  -6.5893096754758281E-004
   6.3250539543488688E-004  -4.3818823296557370E-004
   4.6015167593185379E-004  -2.8739630097973466E-004
   3.3140342147698176E-004  -1.8611792592652086E-004
   2.3660635549238834E-004  -1.1918162541690362E-004
   1.6769566973646088E-004  -7.5602127950376313E-005
   1.1815759702426943E-004  -4.7613458130597999E-005
   8.2880442344076223E-005  -2.9850680465970274E-005
   5.7952233895593679E-005  -1.8687790641529547E-005
   4.0443424719916997E-005  -1.1723571602184728E-005
   2.8200535308287329E-005  -7.3975220691466699E-006
   1.9665310462281018E-005  -4.7126254817106445E-006
   1.3724811912422650E-005  -3.0413039058938100E-006
   9.5923857334371999E-006  -1.9934624083927502E-006
   6.7164557880814652E-006  -1.3290526973431353E-006
   4.7125667390176100E-006  -9.0140536363847314E-007
   3.3138218508796100E-006  -6.2122389061502271E-007
   2.3353630083996994E-006  -4.3411517478408462E-007
   1.6492686796715318E-006  -3.0677624096718348E-007
   1.1669917478466336E-006  -2.1860493176721908E-007
   8.2716111133164565E-007  -1.5665655890853340E-007
   5.8715454361809786E-007  -1.1263356766272050E-007
   4.1729546467166803E-007  -8.1093226154608629E-008
   2.9686124774377931E-007  -5.8378405842227685E-008
   2.1133751300623757E-007  -4.1975080294132809E-008
   1.5052736406182518E-007  -3.0120590911811212E-008
   1.0724632235052577E-007  -2.1559606471199686E-008
   7.6418819088499865E-008  -1.5387993886014852E-008
   5.4450606866313835E-008  -1.0949882957888512E-008
   3.8791220094893078E-008  -7.7676970102224749E-009
   2.7627772001957895E-008  -5.4932869031228455E-009
   1.9669893671881012E-008  -3.8730566509543928E-009
   1.3998178226200059E-008  -2.7226770185796009E-009
   9.9570482495947799E-009  -1.9085665734061250E-009
   7.0788240219376051E-009  -1.3342601242103344E-009
   5.0297862633415141E-009  -9.3035939959533125E-010
   3.5717923206535890E-009  -6.4713210274538988E-010
   2.5349218130152377E-009  -4.4907656930603138E-010
   1.7979621166604076E-009  -3.1094519542714991E-010
   1.2744766934195349E-009  -2.1484778461335939E-010
   9.0285469816432904E-010  -1.4815131135512584E-010
   6.3920277380209253E-010  -1.0196426061499929E-010
   4.5226726278899942E-010  -7.0047838841837425E-011
   3.1980749477975035E-010  -4.8037280797720565E-011
   2.2600628376296708E-010  -3.2887272259652774E-011
   1.5962177264015218E-010  -2.2478547228273849E-011
   1.1266904069007792E-010  -1.5339852963470015E-011
   7.9480145364754047E-011  -1.0452132288707451E-011
   5.6034375534023078E-011  -7.1110572404288505E-012
   3.9481339772491980E-011  -4.8308173520322482E-012
   2.7801589481740896E-011  -3.2769714851201973E-012
   1.9565273685466872E-011  -2.2197070354722155E-012
   1.3760622652367530E-011  -1.5013844780852819E-012
   9.6721377334362579E-012  -1.0140532541335788E-012
   6.7941394597619842E-012  -6.8390928351568985E-013
   4.7694503916531412E-012  -4.6057295813965121E-013
   3.3459331096626306E-012  -3.0970686220505953E-013
   2.3457035609351860E-012  -2.0794228669307115E-013
   1.6433366726428077E-012  -1.3939857087940289E-013
   1.1504471869908879E-012  -9.3299201323918230E-014
   8.0478742876608313E-013  -6.2341708516564130E-014
   5.6254337476506715E-013  -4.1584740776429899E-014
   3.9289394977660940E-013  -2.7689378401280969E-014
   2.7417089110505267E-013  -1.8402695181944331E-014
   1.9114987386148174E-013  -1.2206724452211187E-014
   1.3314072937813331E-013  -8.0801925257687209E-015
   9.2641796859197866E-014  -5.3370208256708914E-015
   6.4392307343325631E-014  -3.5170150312798955E-015
   4.4705446257599820E-014  -2.3119807270576758E-015
   3.0999229382412050E-014  -1.5158543482933682E-015
   2.1466713093925011E-014  -9.9109128971748432E-016
   1.4844292502692723E-014  -6.4604403962818432E-016
   1.0249011901307184E-014  -4.1975933657462623E-016
   7.0644028203899178E-015  -2.7177662122375516E-016
   4.8604255798892644E-015  -1.7529312818564697E-016
   3.3373634036795001E-015  -1.1259193635627077E-016
   2.2865294297730280E-015  -7.1988839055699932E-017
   1.5627677880015747E-015  -4.5797022877554400E-017
   1.0652228059164815E-015  -2.8972724712729641E-017
   7.2390068661323491E-016  -1.8215751436100556E-017
   4.9028648725157722E-016  -1.1373302246982843E-017
   3.3079818246074683E-016  -7.0456672231084023E-018
   2.2222407084299303E-016  -4.3260374616042085E-018
   1.4854560920082555E-016  -2.6292298682817671E-018
   9.8727215615676995E-017  -1.5792358256550774E-018
   6.5180387884472499E-017  -9.3559811380721797E-019
   4.2697620032119340E-017  -5.4535534947051902E-019
   2.7713303405685839E-017  -3.1177833078016604E-019
   1.7791965888110666E-017  -1.7410394409505005E-019
   1.1274376927643355E-017  -9.4450009610975117E-020
   7.0331232716325688E-018  -4.9403881788052480E-020
   4.3039628103534618E-018  -2.4642227999843789E-020
   2.5694851750814561E-018  -1.1509114476531317E-020
   1.4788940891143192E-018  -4.8590601789783253E-021
   7.9238668777976883E-019  -1.7038938046797267E-021
   3.4070216464791405E-019  -3.5726111839247493E-022
   0.0000000000000000        0.0000000000000000     
