 Initial conditions outputted from a previous simulation. Time =    66.799999999999997     
   40.000000000000000        0.0000000000000000              500           1   66.799999999999997     
  -3.3887864056455337E-002  -6.9036395927479621E-002
  -3.2063967842941937E-002  -8.3895271442413807E-002
  -2.9911620963290576E-002  -9.8052566226875401E-002
  -2.7309342461858656E-002 -0.11133697190065525     
  -2.4242053025970413E-002 -0.12358769461224713     
  -2.0599991830743385E-002 -0.13456002596830335     
  -1.6345949199106327E-002 -0.14404252561621897     
  -1.1429348519117213E-002 -0.15177314352215879     
  -5.8127601707048861E-003 -0.15746682899592485     
   5.1392234926686477E-004 -0.16081541766166565     
   7.5260262414000526E-003 -0.16148956639275328     
   1.5147303648522892E-002 -0.15915114294980878     
   2.3231355146512391E-002 -0.15347273684181362     
   3.1544073186760897E-002 -0.14417003996931269     
   3.9749946125700458E-002 -0.13105223548244546     
   4.7410199005485876E-002 -0.11409163153240105     
   5.4003603445148651E-002  -9.3506321133388762E-002
   5.8979431884966592E-002  -6.9834717356711276E-002
   6.1842647641731932E-002  -4.3963377093905763E-002
   6.2255602846747013E-002  -1.7066510190240618E-002
   6.0127152945472689E-002   9.5532395335474699E-003
   5.5654249847562412E-002   3.4673814633860718E-002
   4.9287563452617707E-002   5.7324569488350179E-002
   4.1623321931464383E-002   7.6857837220321884E-002
   3.3268773576112506E-002   9.2929157151346073E-002
   2.4742975399698622E-002  0.10543436311306027     
   1.6437235021512973E-002  0.11444061986262044     
   8.6158552132377247E-003  0.12012600442292114     
   1.4328464690386137E-003  0.12273457198950014     
  -5.0431039280197836E-003  0.12254880619258147     
  -1.0799237612217507E-002  0.11987259634209271     
  -1.5854046068518264E-002  0.11501602703839522     
  -2.0242764275037805E-002  0.10827997721426187     
  -2.4009757702972340E-002   9.9944184270150421E-002
  -2.7203312756923143E-002   9.0261756010959371E-002
  -2.9872032705081857E-002   7.9459073963296559E-002
  -3.2062528488208508E-002   6.7738047853096672E-002
  -3.3817823625071623E-002   5.5278745061824432E-002
  -3.5177503485801183E-002   4.2241030747489881E-002
  -3.6178504962698831E-002   2.8764635569361003E-002
  -3.6852408486440023E-002   1.4970235093574378E-002
  -3.7220533952577219E-002   9.6334139925207242E-004
  -3.7293235579475156E-002  -1.3161253386216419E-002
  -3.7073902382855184E-002  -2.7314820419152942E-002
  -3.6562445164351767E-002  -4.1409734717372061E-002
  -3.5756111533387147E-002  -5.5355141478130011E-002
  -3.4648695353830777E-002  -6.9053462394992493E-002
  -3.3228743639360354E-002  -8.2397656476299957E-002
  -3.1477159900988427E-002  -9.5269530395127866E-002
  -2.9365148240104343E-002 -0.10753881980247738     
  -2.6853250648444689E-002 -0.11906191424081883     
  -2.3891891786693997E-002 -0.12967908565627226     
  -2.0423836466213010E-002 -0.13920971566960907     
  -1.6388803249179459E-002 -0.14744605015273260     
  -1.1730113180678322E-002 -0.15414727180707880     
  -6.4029725572579115E-003 -0.15903648305833951     
  -3.8398230863192508E-004 -0.16180293152409245     
   6.3180994543094440E-003 -0.16211070867972133     
   1.3649747155137228E-002 -0.15961399760017778     
   2.1497758431870694E-002 -0.15397842473185330     
   2.9672840997032397E-002 -0.14490857675046404     
   3.7894573442065066E-002 -0.13218359423179146     
   4.5783564954217718E-002 -0.11570539631925297     
   5.2870308594913276E-002  -9.5563971826999272E-002
   5.8631981254982847E-002  -7.2114926902702978E-002
   6.2563396840735502E-002  -4.6043756453651247E-002
   6.4274081490581739E-002  -1.8370787193711244E-002
   6.3583745143900222E-002   9.6443479778784477E-003
   6.0574959257151964E-002   3.6693241944817608E-002
   5.5572481840074940E-002   6.1634743945298026E-002
   4.9058118613900289E-002   8.3644422060513215E-002
   4.1563011957115023E-002  0.10225194632493334     
   3.3580331279211346E-002  0.11728904678993445     
   2.5517194866572231E-002  0.12880089897962171     
   1.7679429841124625E-002  0.13696289985014759     
   1.0276656195845677E-002  0.14202098163807936     
   3.4387141996793575E-003  0.14425502190513562     
  -2.7657254642016716E-003  0.14395705439645093     
  -8.3128093261881364E-003  0.14141675502844067     
  -1.3208008785258652E-002  0.13691101267847092     
  -1.7477215628310793E-002  0.13069701616296084     
  -2.1158436254725396E-002  0.12300740670235581     
  -2.4295268141049733E-002  0.11404821367991673     
  -2.6937138554731357E-002  0.10400029783846804     
  -2.9136855293017183E-002   9.3021807950373542E-002
  -3.0944298686245209E-002   8.1251359782916241E-002
  -3.2399692000951497E-002   6.8813394991284055E-002
  -3.3531372074136041E-002   5.5824309265946538E-002
  -3.4357865774918631E-002   4.2396504201380102E-002
  -3.4890387061946068E-002   2.8639443890395050E-002
  -3.5133294568253308E-002   1.4658789942766525E-002
  -3.5080099659043233E-002   5.5803888220151319E-004
  -3.4720137721494973E-002  -1.3555166257890786E-002
  -3.4041011693356799E-002  -2.7567049446045353E-002
  -3.3016637069246603E-002  -4.1359423537938138E-002
  -3.1613426153152775E-002  -5.4803924146736689E-002
  -2.9793258354344158E-002  -6.7756754623184812E-002
  -2.7520362883203899E-002  -8.0059296111744699E-002
  -2.4769388684860370E-002  -9.1536229808516251E-002
  -2.1508033876161122E-002 -0.10199273357952790     
  -1.7697744505274005E-002 -0.11121555236286168     
  -1.3295992881399495E-002 -0.11897210795994022     
  -8.2957631818590741E-003 -0.12500482360145801     
  -2.6951429168292993E-003 -0.12904048899786011     
   3.4857032314547618E-003 -0.13079892762931294     
   1.0178959827931598E-002 -0.12999847174026638     
   1.7275253120707487E-002 -0.12637282884019330     
   2.4638524718520419E-002 -0.11969180426023680     
   3.2053283565926419E-002 -0.10977703611249100     
   3.9294525056102952E-002  -9.6535484656647672E-002
   4.6149217821816843E-002  -7.9983111486556277E-002
   5.2343428235728719E-002  -6.0257206727956078E-002
   5.7574775094897099E-002  -3.7650665757344610E-002
   6.1372844477081766E-002  -1.2643059644932678E-002
   6.3261880800954406E-002   1.4045838802472555E-002
   6.2952190551403345E-002   4.1450421920460473E-002
   6.0431445304913171E-002   6.8449139547650514E-002
   5.5928981732264550E-002   9.3924066168222076E-002
   4.9879077597335494E-002  0.11692605664348212     
   4.2715756986319721E-002  0.13679829203726412     
   3.4875787023329184E-002  0.15319171936564302     
   2.6710797503795819E-002  0.16601684739186698     
   1.8502481488000665E-002  0.17535556737566260     
   1.0494500084444715E-002  0.18138234266262057     
   2.8917714426182559E-003  0.18432335784029499     
  -4.1128823058110163E-003  0.18444264507168603     
  -1.0361543203807139E-002  0.18204628885879764     
  -1.5754155953674191E-002  0.17748189951828564     
  -2.0268288137833764E-002  0.17112351980280974     
  -2.3973819202754324E-002  0.16334421583253353     
  -2.6978766143212082E-002  0.15447993606420185     
  -2.9386996987630403E-002  0.14480437602850252     
  -3.1296040846452551E-002  0.13452364496302838     
  -3.2768821878432185E-002  0.12378545458535706     
  -3.3844390572998047E-002  0.11270080015675760     
  -3.4555391131683710E-002  0.10136564437356506     
  -3.4922510350556255E-002   8.9874763156751233E-002
  -3.4954792270486042E-002   7.8328244376057815E-002
  -3.4649685008071529E-002   6.6831079147019648E-002
  -3.4009256514697113E-002   5.5490904862875966E-002
  -3.3042199385834477E-002   4.4414364248394032E-002
  -3.1758347039958411E-002   3.3703695976482949E-002
  -3.0179188770494268E-002   2.3456086538122842E-002
  -2.8331463985018526E-002   1.3764299563758605E-002
  -2.6222513025809847E-002   4.7198789233251111E-003
  -2.3832945971827731E-002  -3.5791481206643235E-003
  -2.1119308827390656E-002  -1.1016919309045957E-002
  -1.8009520487758966E-002  -1.7448649635124356E-002
  -1.4407671824155430E-002  -2.2692596523761266E-002
  -1.0242306151028186E-002  -2.6524787565880451E-002
  -5.4525238952863883E-003  -2.8684222124086698E-002
  -3.4674073550947861E-006  -2.8879933783651987E-002
   6.1137261478991668E-003  -2.6799398138137972E-002
   1.2881310065482291E-002  -2.2119166821136849E-002
   2.0208609598968117E-002  -1.4516360973633471E-002
   2.7888336123737610E-002  -3.6901559732579791E-003
   3.5690042120231441E-002   1.0596268041172962E-002
   4.3301708367614135E-002   2.8472109537670456E-002
   5.0343154395966323E-002   4.9901819496447446E-002
   5.6318561834278087E-002   7.4628817562010397E-002
   6.0701212728808164E-002  0.10211684132641979     
   6.2907461805507811E-002  0.13152262561197275     
   6.2528602024952695E-002  0.16170626395189622     
   5.9486750990390330E-002  0.19132122899295029     
   5.4115662115646813E-002  0.21898327012037019     
   4.6961422565594713E-002  0.24349364151468617     
   3.8741443979468555E-002  0.26402240950454792     
   3.0084840548647337E-002  0.28020960787585381     
   2.1485772988765750E-002  0.29212680839495037     
   1.3248841699616142E-002  0.30014177914369039     
   5.6044112036728617E-003  0.30474258308726121     
  -1.3406492377613427E-003  0.30640952753800316     
  -7.5096749101537788E-003  0.30554745858742266     
  -1.2878026564218575E-002  0.30248665043515355     
  -1.7440574675669448E-002  0.29750938579847991     
  -2.1261842264451155E-002  0.29088141657218919     
  -2.4412639670367386E-002  0.28286094157643160     
  -2.6978318025255056E-002  0.27369732164340155     
  -2.9038674811237435E-002  0.26362067102517700     
  -3.0681785921107763E-002  0.25283484907437775     
  -3.1968262258421233E-002  0.24151166466378218     
  -3.2939159928518667E-002  0.22979165502056678     
  -3.3625123920912464E-002  0.21778827185851490     
  -3.4018786878911633E-002  0.20559068606483008     
  -3.4107364657451691E-002  0.19326982821637889     
  -3.3919062343473208E-002  0.18088384267498958     
  -3.3485219734398580E-002  0.16847910199823551     
  -3.2787472713705523E-002  0.15609369362844050     
  -3.1799314556390637E-002  0.14377142484935229     
  -3.0504672574876678E-002  0.13157789640542877     
  -2.8872704318012154E-002  0.11961286844228032     
  -2.6868456653343500E-002  0.10801777874194467     
  -2.4484481886810606E-002   9.6975584651784838E-002
  -2.1707223809125192E-002   8.6700076389799846E-002
  -1.8495829014544128E-002   7.7422572312224214E-002
  -1.4828664928124612E-002   6.9385496474075326E-002
  -1.0676997336560776E-002   6.2838771769660559E-002
  -5.9681607022338814E-003   5.8042042713929209E-002
  -6.6314038049307314E-004   5.5278082093263389E-002
   5.2395906568085300E-003   5.4858595851990925E-002
   1.1722846291056487E-002   5.7116344576945699E-002
   1.8681599278348220E-002   6.2390360786328994E-002
   2.5975369629444457E-002   7.0989772635542639E-002
   3.3518530425095061E-002   8.3143606797959901E-002
   4.1036864005334954E-002   9.8959097393664291E-002
   4.8032272394147001E-002  0.11835058580114674     
   5.3868330480310235E-002  0.14095995232159303     
   5.7938085769652550E-002  0.16609468253140022     
   5.9696675825318006E-002  0.19273122464798748     
   5.8820783161486430E-002  0.21960033854444341     
   5.5381618248315480E-002  0.24535182217251131     
   4.9814692694028072E-002  0.26877179021107078     
   4.2642293667064728E-002  0.28898578112551687     
   3.4532309250070212E-002  0.30554165734470995     
   2.6104430240774461E-002  0.31838724756812309     
   1.7822971745983820E-002  0.32774382796696871     
   9.9727363110944482E-003  0.33394676964325487     
   2.7560008456161472E-003  0.33732017286315269     
  -3.6762017125295567E-003  0.33812355789190451     
  -9.2622091151793595E-003  0.33656405879546486     
  -1.4062074219515568E-002  0.33283137798314444     
  -1.8127408139173913E-002  0.32711113311338241     
  -2.1542191008745448E-002  0.31958915550848438     
  -2.4406857827881219E-002  0.31043614359886329     
  -2.6816358094650560E-002  0.29979538466674355     
  -2.8821119578458128E-002  0.28778331766457982     
  -3.0430182412744637E-002  0.27450685458182339     
  -3.1655717533478671E-002  0.26009149927004743     
  -3.2511895815894240E-002  0.24469882951406585     
  -3.3043913691570684E-002  0.22852962812385214     
  -3.3316581692477906E-002  0.21180722057491144     
  -3.3366449699219883E-002  0.19475126140904028     
  -3.3184508661056142E-002  0.17755966473810589     
  -3.2739913376811286E-002  0.16040555844618809     
  -3.2018773112152767E-002  0.14344681995053549     
  -3.1034942486712670E-002  0.12683645933531315     
  -2.9815291840444860E-002  0.11072601973029260     
  -2.8386517494748586E-002   9.5262814476696628E-002
  -2.6724481590698713E-002   8.0583904338035445E-002
  -2.4755179805644411E-002   6.6817457857650073E-002
  -2.2411986496776237E-002   5.4092315537318400E-002
  -1.9688809809183062E-002   4.2548721190454747E-002
  -1.6570973157821443E-002   3.2339509719768920E-002
  -1.3011880854415866E-002   2.3632784051709009E-002
  -8.9188671989261468E-003   1.6617671830295326E-002
  -4.1741356123037952E-003   1.1517039573044452E-002
   1.3501668825172354E-003   8.6020166741699391E-003
   7.7209838836994364E-003   8.2049808656689729E-003
   1.4937487237210197E-002   1.0712693048384181E-002
   2.2870956072603314E-002   1.6538234113542997E-002
   3.1220301273168043E-002   2.6059148662810325E-002
   3.9486618352275182E-002   3.9521864668887678E-002
   4.7007714451294633E-002   5.6926295938621710E-002
   5.3100564268234597E-002   7.7913419341264820E-002
   5.7153953161788583E-002  0.10170618977110843     
   5.8688748507669426E-002  0.12713687662021428     
   5.7515928791941555E-002  0.15276505774870003     
   5.3761023908699419E-002  0.17709006035803901     
   4.7890747055766854E-002  0.19879458555555468     
   4.0621203171978260E-002  0.21695595784313126     
   3.2695319986906848E-002  0.23115828210543296     
   2.4733064841033395E-002  0.24145682864891313     
   1.7159586499700129E-002  0.24822612316447951     
   1.0182196640469267E-002  0.25196861781126095     
   3.9002295353551372E-003  0.25315427613382935     
  -1.6867950840896190E-003  0.25215224011037468     
  -6.6458915188656242E-003  0.24923184289404934     
  -1.1034784441526684E-002  0.24459239849689071     
  -1.4940687868737380E-002  0.23840118518481551     
  -1.8435975628990669E-002  0.23080423193650076     
  -2.1580140853085038E-002  0.22192733160042397     
  -2.4419793452867360E-002  0.21187509721032718     
  -2.6976503324236553E-002  0.20073413034903531     
  -2.9245726116757319E-002  0.18858513986142866     
  -3.1220385633387967E-002  0.17551884630616910     
  -3.2879642909585172E-002  0.16164500898220632     
  -3.4194223715841118E-002  0.14709690195460323     
  -3.5132301703513440E-002  0.13202991569081707     
  -3.5669243164634053E-002  0.11661672553185230     
  -3.5784912980032904E-002  0.10104017375976748     
  -3.5465378371341325E-002   8.5486870572238069E-002
  -3.4705837422666294E-002   7.0142351105534601E-002
  -3.3505272701215838E-002   5.5187075795699529E-002
  -3.1866778007819029E-002   4.0794447959217446E-002
  -2.9793320336679467E-002   2.7128691144127536E-002
  -2.7282609276043035E-002   1.4347050173323569E-002
  -2.4343584201774911E-002   2.6050700211131365E-003
  -2.0974395506243696E-002  -7.9428931902996366E-003
  -1.7173791802501257E-002  -1.7130906750800125E-002
  -1.2948765243285218E-002  -2.4774952562952937E-002
  -8.2975391629147958E-003  -3.0690572291675291E-002
  -3.2209376568662052E-003  -3.4700001070789001E-002
   2.2568432639743382E-003  -3.6618141841271434E-002
   8.0846763271245885E-003  -3.6252284046175080E-002
   1.4183688370375397E-002  -3.3423310358873817E-002
   2.0446122963572639E-002  -2.7985427724283266E-002
   2.6738501232211463E-002  -1.9832581917933231E-002
   3.2897884588384829E-002  -8.9012978785329190E-003
   3.8713626107739540E-002   4.8128966656663039E-003
   4.3908343070866204E-002   2.1215213445867645E-002
   4.8139396547820387E-002   4.0052354704433323E-002
   5.1032114695003711E-002   6.0853488899138587E-002
   5.2244113278004579E-002   8.2899615358904111E-002
   5.1549593661624461E-002  0.10525291060887361     
   4.8914818331776508E-002  0.12686469870962594     
   4.4521957565332816E-002  0.14673818381575296     
   3.8719637052278419E-002  0.16407589452289451     
   3.1930948561716126E-002  0.17834828400217220     
   2.4575751078133375E-002  0.18928200123788921     
   1.7032467857389613E-002  0.19681303253651569     
   9.6229519477245840E-003  0.20103875490620690     
   2.6025036575691514E-003  0.20217372051561380     
  -3.8440901354013751E-003  0.20050836813608447     
  -9.5980050878657821E-003  0.19637522747926517     
  -1.4598984192090146E-002  0.19012368122158346     
  -1.8838635862207395E-002  0.18209936198268259     
  -2.2351769679139946E-002  0.17262630530272885     
  -2.5203952526091689E-002  0.16199348295992738     
  -2.7477226194096240E-002  0.15044740887574809     
  -2.9256834414089626E-002  0.13819100428186246     
  -3.0621049126579931E-002  0.12538770451298134     
  -3.1635270611421643E-002  0.11216887380604250     
  -3.2350287385448755E-002   9.8642220783588724E-002
  -3.2803517509067237E-002   8.4899354806217173E-002
  -3.3021807358900861E-002   7.1021427527765246E-002
  -3.3024448607037640E-002   5.7082498112922216E-002
  -3.2825060416149070E-002   4.3150936206067823E-002
  -3.2431162509324575E-002   2.9289990576593865E-002
  -3.1841026026110067E-002   1.5559332625462467E-002
  -3.1038657901368352E-002   2.0193948191091562E-003
  -2.9988970014847741E-002  -1.1260641270041567E-002
  -2.8635568147180050E-002  -2.4191995138756670E-002
  -2.6902829147660842E-002  -3.6654847697606893E-002
  -2.4702411114385273E-002  -4.8489084744408863E-002
  -2.1942948803061805E-002  -5.9489316590558797E-002
  -1.8541135166574407E-002  -6.9404965950108130E-002
  -1.4432664622375765E-002  -7.7945098214416628E-002
  -9.5820684928506240E-003  -8.4787114421463222E-002
  -3.9909984830866600E-003  -8.9588322729979214E-002
   2.2948473888176057E-003  -9.1999632378184093E-002
   9.1792090579468702E-003  -9.1681245212835549E-002
   1.6507604543533474E-002  -8.8321396826286758E-002
   2.4057003352045404E-002  -8.1661369022827279E-002
   3.1523477374635671E-002  -7.1532794493606916E-002
   3.8514692089161189E-002  -5.7913973913216565E-002
   4.4563146968194849E-002  -4.1004746389098623E-002
   4.9179529355163350E-002  -2.1299330889114343E-002
   5.1950491793717732E-002   3.8886249682333444E-004
   5.2650157568719450E-002   2.2998779755525410E-002
   5.1306037301755598E-002   4.5391540337740080E-002
   4.8175281078730800E-002   6.6549202553808667E-002
   4.3645732526526163E-002   8.5707352738427972E-002
   3.8124601155657911E-002  0.10237898015541780     
   3.1969539376205509E-002  0.11630244666004701     
   2.5471007340852125E-002  0.12737259490915470     
   1.8862474764012652E-002  0.13558959080069943     
   1.2334494616758005E-002  0.14102940084922905     
   6.0419489302271229E-003  0.14382656299924890     
   1.0464090128684629E-004  0.14415989214601249     
  -5.3933653576174996E-003  0.14223708190800421     
  -1.0400703579108869E-002  0.13827958083377292     
  -1.4891026600591679E-002  0.13251102098517803     
  -1.8853061420739507E-002  0.12515114456166532     
  -2.2281576614014035E-002  0.11641503968708132     
  -2.5171668125208921E-002  0.10651586509564345     
  -2.7517230580620462E-002   9.5668482208353500E-002
  -2.9312807455002865E-002   8.4091723196180052E-002
  -3.0557053452588891E-002   7.2008103278152533E-002
  -3.1256062683770784E-002   5.9640955420135026E-002
  -3.1425409384837108E-002   4.7209759684343058E-002
  -3.1090458305854614E-002   3.4924761356340248E-002
  -3.0285070202317736E-002   2.2981929696119712E-002
  -2.9049166980479945E-002   1.1559070676010186E-002
  -2.7425779136958092E-002   8.1359615967488636E-004
  -2.5458242877639134E-002  -9.1178898782029102E-003
  -2.3188146752234511E-002  -1.8118383950336044E-002
  -2.0654426415658917E-002  -2.6088161541159668E-002
  -1.7893718913486480E-002  -3.2942014673882331E-002
  -1.4941875744441216E-002  -3.8606687679907818E-002
  -1.1836609881951822E-002  -4.3019026066394558E-002
  -8.6216692420372863E-003  -4.6125460833198011E-002
  -5.3532795380257835E-003  -4.7884132529941198E-002
  -2.1089207067064701E-003  -4.8272068535578923E-002
   1.0041000659731843E-003  -4.7300158501388821E-002
   3.8466692552401632E-003  -4.5036148756212237E-002
   6.2605790689720551E-003  -4.1629414024758428E-002
   8.0991342036771455E-003  -3.7323785946436087E-002
   9.2671690960697550E-003  -3.2443664622755067E-002
   9.7515508657050748E-003  -2.7349824996572066E-002
   9.6251110286000429E-003  -2.2379683914906780E-002
   9.0224841426465082E-003  -1.7797103451772548E-002
   8.1026433238606619E-003  -1.3769317768606138E-002
   7.0161655360609140E-003  -1.0371110764898972E-002
   5.8860866807513386E-003  -7.6047332921866957E-003
   4.8013046167961421E-003  -5.4238865436349801E-003
   3.8180029383840129E-003  -3.7552029541904467E-003
   2.9652529651960136E-003  -2.5147204016749830E-003
   2.2520258817353899E-003  -1.6189944690792231E-003
   1.6737729470233346E-003  -9.9168551829734554E-004
   1.2177949139485105E-003  -5.6687095975150670E-004
   8.6732100021831495E-004  -2.9014936884471027E-004
   6.0439915113000341E-004  -1.1832134846514284E-004
   4.1175637674039522E-004  -1.8255405587825390E-005
   2.7386641190427170E-004   3.4615452702213640E-005
   1.7746116130482867E-004   5.7887496776908384E-005
   1.1166191057429878E-004   6.3706429770183311E-005
   6.7863519714513691E-005   6.0116700324862309E-005
   3.9478381274537919E-005   5.2193328489639637E-005
   2.1616825662826335E-005   4.2947600559271971E-005
   1.0754821500961836E-005   3.4019833639598420E-005
   4.4231473867138105E-006   2.6184940878467075E-005
   9.3840352525307159E-007   1.9704207943053567E-005
  -8.1631899256593679E-007   1.4558472311785369E-005
  -1.5619064980354675E-006   1.0594652435180987E-005
  -1.7502630143426707E-006   7.6121733393628847E-006
  -1.6555396784910995E-006   5.4099307106906388E-006
  -1.4375905017888305E-006   3.8087557173583386E-006
  -1.1848587401653568E-006   2.6595644165269015E-006
  -9.4257008951840492E-007   1.8437887793931225E-006
  -7.3077310159427260E-007   1.2701433229606782E-006
  -5.5557112301261496E-007   8.7005835183687612E-007
  -4.1590349862238419E-007   5.9301813384739876E-007
  -3.0748965650750782E-007   4.0238905981846223E-007
  -2.2501427284238325E-007   2.7194970075036194E-007
  -1.6325404495822144E-007   1.8313723644492292E-007
  -1.1758940576211368E-007   1.2293378040749080E-007
  -8.4175429539361708E-008   8.2284011739110677E-008
  -5.9936771349102173E-008   5.4933471435862469E-008
  -4.2482067888354782E-008   3.6588971944798163E-008
  -2.9990616356619800E-008   2.4319640193130447E-008
  -2.1098700868747503E-008   1.6134270443663309E-008
  -1.4798151566333332E-008   1.0685839029696152E-008
  -1.0351542551309182E-008   7.0665626340075176E-009
  -7.2242202467633793E-009   4.6667378126501224E-009
  -5.0314044779037125E-009   3.0780975527732777E-009
  -3.4979071432853286E-009   2.0279948537401485E-009
  -2.4279694578598268E-009   1.3347889572675389E-009
  -1.6829750600104941E-009   8.7772822478164953E-010
  -1.1651593308043931E-009   5.7669307453097644E-010
  -8.0580711552649023E-010   3.7861485639738497E-010
  -5.5676555636090606E-010   2.4839665432373490E-010
  -3.8437905364255980E-010   1.6285915933970357E-010
  -2.6517818906377301E-010   1.0671285087807920E-010
  -1.8282936542364514E-010   6.9883700135316394E-011
  -1.2598497134638932E-010   4.5740751360890561E-011
  -8.6773370637512992E-011   2.9923320045016935E-011
  -5.9741423327071382E-011   1.9566070068097602E-011
  -4.1115820698204543E-011   1.2787645646447941E-011
  -2.8288270162437486E-011   8.3536106776501574E-012
  -1.9457392622479241E-011   5.4545102569069877E-012
  -1.3380052121584282E-011   3.5598709872947990E-012
  -9.1989329810659076E-012   2.3222376618789504E-012
  -6.3231403309447054E-012   1.5141462509764966E-012
  -4.3456117605695045E-012   9.8675766095970023E-013
  -2.9860473770719233E-012   6.4272528137208197E-013
  -2.0515072707161355E-012   4.1840900227124546E-013
  -1.4092272154493866E-012   2.7222238571491151E-013
  -9.6787594557119603E-013   1.7700194716041151E-013
  -6.6463981242383050E-013   1.1501264131684282E-013
  -4.5632726182964743E-013   7.4680288846610486E-014
  -3.1324450322192423E-013   4.8454746962989387E-014
  -2.1498055193881179E-013   3.1413114600063774E-014
  -1.4750723202346589E-013   2.0347055077764904E-014
  -1.0118441427862990E-013   1.3166687647830824E-014
  -6.9388217812716596E-014   8.5114025097065956E-015
  -4.7567797951656109E-014   5.4958764239189296E-015
  -3.2596920903424076E-014   3.5443914198239804E-015
  -2.2328254382157165E-014   2.2828036956325131E-015
  -1.5287035616404338E-014   1.4681352372761701E-015
  -1.0460554203272567E-014   9.4270796181957696E-016
  -7.1534945585333705E-015   6.0428084644291798E-016
  -4.8885429742251672E-015   3.8661711297153060E-016
  -3.3381016492335538E-015   2.4684603237245532E-016
  -2.2773784117612083E-015   1.5724881722426886E-016
  -1.5521639646248643E-015   9.9923552141356832E-017
  -1.0567003538473365E-015   6.3322611803650030E-017
  -7.1848218482437983E-016   4.0007158822358718E-017
  -4.8782029687943779E-016   2.5192185509778936E-017
  -3.3067671745061255E-016   1.5804671532279527E-017
  -2.2374639210836443E-016   9.8745240468758899E-018
  -1.5108186085461255E-016   6.1411586859546363E-018
  -1.0177738977182052E-016   3.7996832896602031E-018
  -6.8380456013726316E-017   2.3373659873372552E-018
  -4.5802493664630755E-017   1.4284270740622492E-018
  -3.0572261745179259E-017   8.6646213857433575E-019
  -2.0324280277313429E-017   5.2111291116669131E-019
  -1.3448495782888923E-017   3.1033926269303254E-019
  -8.8504938543700391E-018   1.8271295381430495E-019
  -5.7874785438624620E-018   1.0613770016417395E-019
  -3.7561571564009700E-018   6.0682004584086109E-020
  -2.4161648962177921E-018   3.4038458879642818E-020
  -1.5378086207861605E-018   1.8656361664080066E-020
  -9.6643902932775588E-019   9.9375975522497974E-021
  -5.9818249431818763E-019   5.1061945113617953E-021
  -3.6342345300366676E-019   2.5033114224751888E-021
  -2.1556341789900817E-019   1.1499349468711051E-021
  -1.2337905914115506E-019   4.7796581823260213E-022
  -6.5797577738885842E-020   1.6521160373337743E-022
  -2.8166540568686493E-020   3.4129824789420577E-023
  -0.0000000000000000        0.0000000000000000     
