 Initial conditions outputted from a previous simulation. Time =    80.800000000000011     
   40.000000000000000        0.0000000000000000              500           1   80.800000000000011     
  -3.3887864056448169E-002  -6.9036395927422528E-002
  -3.2064370861434800E-002  -8.3895236901150569E-002
  -2.9912088829615158E-002  -9.8052488460098217E-002
  -2.7309774904671572E-002 -0.11133687374041908     
  -2.4242175629239058E-002 -0.12358751582357173     
  -2.0599656319086640E-002 -0.13455986066173106     
  -1.6344836484024666E-002 -0.14404243026801383     
  -1.1426968583880719E-002 -0.15177325420353416     
  -5.8083559741416782E-003 -0.15746739460778572     
   5.2153681982492297E-004 -0.16081687039998091     
   7.5386673450983654E-003 -0.16149263874176786     
   1.5167711566023739E-002 -0.15915702279794158     
   2.3263622517120133E-002 -0.15348327779967100     
   3.1594270864201829E-002 -0.14418805088781123     
   3.9827161601964117E-002 -0.13108193915025432     
   4.7528487809033203E-002 -0.11413957580616267     
   5.4185449567843845E-002  -9.3583421896360208E-002
   5.9261580169793687E-002  -6.9960830082624589E-002
   6.2285484120236441E-002  -4.4177101449715317E-002
   6.2952191515233957E-002  -1.7444559575948870E-002
   6.1194850768801497E-002   8.8650062552690628E-003
   5.7190191600871680E-002   3.3428927591568097E-002
   5.1302017670952285E-002   5.5172907475112588E-002
   4.4003328390689045E-002   7.3393257225994352E-002
   3.5808810336226092E-002   8.7769893152317285E-002
   2.7217354012541689E-002   9.8287931928009151E-002
   1.8658891311801120E-002  0.10512374388994743     
   1.0458172356579016E-002  0.10854978762517251     
   2.8290944100348870E-003  0.10887717848231335     
  -4.1073288679159842E-003  0.10642516796801828     
  -1.0299074412101294E-002  0.10150422098270145     
  -1.5742648454366188E-002   9.4408190180433796E-002
  -2.0466142118998259E-002   8.5413230604378790E-002
  -2.4515242472048039E-002   7.4778988754466216E-002
  -2.7943020664323099E-002   6.2748685249120029E-002
  -3.0803585915398619E-002   4.9547882054155841E-002
  -3.3148884675382725E-002   3.5382870141751038E-002
  -3.5027312020680809E-002   2.0439064613132080E-002
  -3.6482272668108551E-002   4.8801442554281737E-003
  -3.7550483755399815E-002  -1.1150765439737245E-002
  -3.8261790257622517E-002  -2.7527751280727708E-002
  -3.8640347909694672E-002  -4.4137415908118975E-002
  -3.8704815986940651E-002  -6.0873379208573081E-002
  -3.8467121319782298E-002  -7.7631179360657804E-002
  -3.7931124505333036E-002  -9.4304343605623814E-002
  -3.7091635327043224E-002 -0.11078161644957922     
  -3.5933697635016484E-002 -0.12694515424824920     
  -3.4432498431713511E-002 -0.14266918341694004     
  -3.2554154309417674E-002 -0.15781830395636834     
  -3.0257166516759634E-002 -0.17224482436847682     
  -2.7494199600758162E-002 -0.18578494409979959     
  -2.4213950936094932E-002 -0.19825399219212292     
  -2.0363186488856554E-002 -0.20944140054190222     
  -1.5889521535938797E-002 -0.21910653137112049     
  -1.0745920058478003E-002 -0.22697657195861481     
  -4.8979680745923947E-003 -0.23274737582034755     
   1.6651840645420285E-003 -0.23608770470220033     
   8.9157326628810790E-003 -0.23664736316454252     
   1.6768293233878441E-002 -0.23407057392120417     
   2.5058549020617629E-002 -0.22801760293366746     
   3.3522493132565861E-002 -0.21819985064734559     
   4.1782293718841158E-002 -0.20443529066082258     
   4.9349549635455008E-002 -0.18672876725368992     
   5.5659958952687640E-002 -0.16536969114462202     
   6.0148348644590496E-002 -0.14101663952860999     
   6.2355582356951267E-002 -0.11471669063135040     
   6.2035921389059383E-002  -8.7813064097746196E-002
   5.9221535715804269E-002  -6.1743795722713421E-002
   5.4213700819823490E-002  -3.7801591653009309E-002
   4.7504297243178673E-002  -1.6953155610588057E-002
   3.9665525568233925E-002   2.2455736531362723E-004
   3.1250352893110601E-002   1.3504922282598633E-002
   2.2727018463491011E-002   2.2921519121427005E-002
   1.4451271658124633E-002   2.8673243308783049E-002
   6.6672303424935081E-003   3.1049139084733470E-002
  -4.7754117002635579E-004   3.0378829152370914E-002
  -6.9112480955786587E-003   2.7002258997396413E-002
  -1.2616258462342506E-002   2.1251488310741602E-002
  -1.7610400602009073E-002   1.3440352692247574E-002
  -2.1929929497075191E-002   3.8582999547783050E-003
  -2.5621796399363836E-002  -7.2332505694166502E-003
  -2.8739031838106527E-002  -1.9602805384242937E-002
  -3.1335531684078814E-002  -3.3048817630653475E-002
  -3.3462844928136178E-002  -4.7396831887545836E-002
  -3.5170116101470354E-002  -6.2493814446869085E-002
  -3.6503057711459556E-002  -7.8201436314721998E-002
  -3.7498912338343786E-002  -9.4390125733444921E-002
  -3.8182601463951027E-002 -0.11093494709077432     
  -3.8566770945186075E-002 -0.12771414140803772     
  -3.8653005976465843E-002 -0.14461013550576704     
  -3.8435152699492221E-002 -0.16151031738735636     
  -3.7895282884038990E-002 -0.17830214276689993     
  -3.7012942197118051E-002 -0.19486239405649347     
  -3.5767501715989497E-002 -0.21105510486240528     
  -3.4122431329521176E-002 -0.22673731286932372     
  -3.2032053190583151E-002 -0.24175409442861465     
  -2.9459241529439462E-002 -0.25592991136079368     
  -2.6367866528652743E-002 -0.26906968861253522     
  -2.2718957986875361E-002 -0.28095740283651449     
  -1.8468622323203836E-002 -0.29135130415129423     
  -1.3583925522267747E-002 -0.29998849530738791     
  -8.0461073424588220E-003 -0.30659391398883651     
  -1.8843647324551006E-003 -0.31088321697749965     
   4.8512932648331576E-003 -0.31257557487875287     
   1.2065651482196358E-002 -0.31140426580778119     
   1.9599972623905299E-002 -0.30712561380420439     
   2.7241423560217456E-002 -0.29954213670501828     
   3.4764307961999204E-002 -0.28853412682649637     
   4.1865991268694815E-002 -0.27408385563821341     
   4.8254763725817072E-002 -0.25632243857363440     
   5.3628153739630112E-002 -0.23556465024876724     
   5.7590763481732719E-002 -0.21233332411466810     
   5.9723560644631413E-002 -0.18739049300480196     
   5.9622343121946295E-002 -0.16172511192532180     
   5.7162934224796146E-002 -0.13649528598761704     
   5.2595827734530566E-002 -0.11288347901206777     
   4.6361356317425703E-002  -9.1899121060321873E-002
   3.8953423633560760E-002  -7.4242993103888419E-002
   3.0873045455323531E-002  -6.0272864888309075E-002
   2.2497735934192443E-002  -5.0048072546373105E-002
   1.4161542294647569E-002  -4.3439108874534046E-002
   6.1049625899750474E-003  -4.0212897531316141E-002
  -1.4793192651518666E-003  -4.0089825367222498E-002
  -8.4031240456175580E-003  -4.2766607512250962E-002
  -1.4532879296301548E-002  -4.7909895541214151E-002
  -1.9783773603607713E-002  -5.5158814505410776E-002
  -2.4138867326827532E-002  -6.4136275417320893E-002
  -2.7665649656334824E-002  -7.4470675674766534E-002
  -3.0462063263396993E-002  -8.5826265136002292E-002
  -3.2639153023504404E-002  -9.7923202066654419E-002
  -3.4305215146837945E-002 -0.11054507223985256     
  -3.5547749583183873E-002 -0.12353285510946506     
  -3.6428047391979648E-002 -0.13676836503397038     
  -3.6982763534730435E-002 -0.15015516657954178     
  -3.7231784991534879E-002 -0.16360152007509621     
  -3.7187350012424056E-002 -0.17700956084384051     
  -3.6850490352641166E-002 -0.19027271632013179     
  -3.6232255766623783E-002 -0.20327718000280642     
  -3.5341558018541275E-002 -0.21590863879333402     
  -3.4179317826949614E-002 -0.22805783884099751     
  -3.2738346155053999E-002 -0.23962253836823266     
  -3.1008170977774543E-002 -0.25050506068612849     
  -2.8977038979388723E-002 -0.26060704327359524     
  -2.6636041953383250E-002 -0.26982354535166003     
  -2.3964856144960019E-002 -0.27803741785982045     
  -2.0905756134318356E-002 -0.28511371459279011     
  -1.7359616974842059E-002 -0.29088973017957492     
  -1.3230936075472296E-002 -0.29516146230666257     
  -8.4306123401335902E-003 -0.29767629874355805     
  -2.9402985778368721E-003 -0.29812917977944997     
   3.2417181648118480E-003 -0.29617840956951003     
   1.0042727905965516E-002 -0.29146497128960419     
   1.7356978317646436E-002 -0.28364339852932191     
   2.5066110046081787E-002 -0.27241622430476792     
   3.2994704835441618E-002 -0.25756948244412181     
   4.0744386447390639E-002 -0.23900978607516427     
   4.7848957927509608E-002 -0.21683284847802820     
   5.3756916922446364E-002 -0.19138212159763585     
   5.7915807890947545E-002 -0.16329658335853919     
   5.9859651849274775E-002 -0.13351809574896420     
   5.9333534170635645E-002 -0.10323927404779809     
   5.6291439084892182E-002  -7.3780762065877067E-002
   5.1009773252498856E-002  -4.6428645729629715E-002
   4.3995159012801925E-002  -2.2249275563336154E-002
   3.5926862655248505E-002  -1.9516978849759112E-003
   2.7430376503818174E-002   1.4176938012182670E-002
   1.9010983349441599E-002   2.6225568535296222E-002
   1.1019725780896737E-002   3.4536277810668502E-002
   3.6505662085722515E-003   3.9562022614627206E-002
  -2.9792862432219797E-003   4.1748615198490102E-002
  -8.8150494850821881E-003   4.1478610428518227E-002
  -1.3907068423015105E-002   3.9071012793937689E-002
  -1.8297326520518211E-002   3.4795191671321668E-002
  -2.2045771647015967E-002   2.8899841567173346E-002
  -2.5232706342764095E-002   2.1628731057187215E-002
  -2.7909438900633955E-002   1.3217192437817823E-002
  -3.0167358462040664E-002   3.8885298358883663E-003
  -3.2054094935710743E-002  -6.1623868293856406E-003
  -3.3531145033411654E-002  -1.6775903451826304E-002
  -3.4583770569109488E-002  -2.7818186651658524E-002
  -3.5269749625771077E-002  -3.9173800040422924E-002
  -3.5654731531906812E-002  -5.0745303603300790E-002
  -3.5774211580937791E-002  -6.2452994546009506E-002
  -3.5653255993104420E-002  -7.4228144957655937E-002
  -3.5275182195456743E-002  -8.6003830897886713E-002
  -3.4601222544139949E-002  -9.7701623728337017E-002
  -3.3642272820011240E-002 -0.10922190881853153     
  -3.2455206723728459E-002 -0.12044847970565216     
  -3.1045860545195272E-002 -0.13126438624811518     
  -2.9351990361810944E-002 -0.14156115705963440     
  -2.7309036650878828E-002 -0.15123429808804395     
  -2.4869228198784153E-002 -0.16017373476942362     
  -2.1981621978285040E-002 -0.16825235789452420     
  -1.8592343343027104E-002 -0.17531366103141000     
  -1.4640213354846540E-002 -0.18116469324799139     
  -1.0115589179825519E-002 -0.18556965501382014     
  -5.0328496706697834E-003 -0.18825481216295362     
   5.9513261156717641E-004 -0.18891948018066596     
   6.7288645785780173E-003 -0.18724341784970722     
   1.3319128502506904E-002 -0.18290152808493637     
   2.0324968585827125E-002 -0.17558341041381942     
   2.7575999093963143E-002 -0.16501390906607527     
   3.4889428901691222E-002 -0.15101062986172109     
   4.1894031015241230E-002 -0.13353708885210602     
   4.8110163521661559E-002 -0.11277704093661398     
   5.3024566141960716E-002  -8.9192906356135415E-002
   5.6144144512135369E-002  -6.3539036107478991E-002
   5.7002595171696827E-002  -3.6818132993208144E-002
   5.5408946644092009E-002  -1.0191201438143978E-002
   5.1427776470812953E-002   1.5171303179340626E-002
   4.5486634449071001E-002   3.8235403832013813E-002
   3.8127053352409623E-002   5.8244644116889510E-002
   3.0033528215960007E-002   7.4775397859521059E-002
   2.1782926072873292E-002   8.7732299473609707E-002
   1.3753375994731894E-002   9.7273096991406793E-002
   6.1983438387394280E-003  0.10369491953003895     
  -6.6420532044502009E-004  0.10733688476496409     
  -6.7652410005321975E-003  0.10853158612915474     
  -1.2063251453607968E-002  0.10757375965772630     
  -1.6606722466540127E-002  0.10472055427128596     
  -2.0462683841665708E-002  0.10018199155899549     
  -2.3701598681103837E-002   9.4113370232664487E-002
  -2.6390544515897552E-002   8.6612322639678815E-002
  -2.8593201058189913E-002   7.7724955030204781E-002
  -3.0375376543964119E-002   6.7466917912499480E-002
  -3.1798491635787990E-002   5.5852733908654827E-002
  -3.2904148957380253E-002   4.2926891174085886E-002
  -3.3710740851960359E-002   2.8788422071622691E-002
  -3.4237306929558349E-002   1.3602062403632122E-002
  -3.4509113644504888E-002  -2.4094160274104929E-003
  -3.4548153173915123E-002  -1.8988096138866189E-002
  -3.4364291421528768E-002  -3.5868789090496372E-002
  -3.3951121642331224E-002  -5.2801460311938393E-002
  -3.3283098338178489E-002  -6.9562436121401713E-002
  -3.2345819514521909E-002  -8.5953471467341100E-002
  -3.1151554027931051E-002 -0.10179747672522627     
  -2.9725625057214270E-002 -0.11693642286516789     
  -2.8072435653887257E-002 -0.13123238710329777     
  -2.6165793427716279E-002 -0.14456588833848644     
  -2.3960661682698572E-002 -0.15682845493973491     
  -2.1404618161107544E-002 -0.16791160622269272     
  -1.8469506247916146E-002 -0.17769285401982002     
  -1.5118289103652663E-002 -0.18602663922719870     
  -1.1268399155181448E-002 -0.19273773150773890     
  -6.8219569388940178E-003 -0.19761176826547525     
  -1.6953129252101570E-003 -0.20038793876703503     
   4.1885480571361025E-003 -0.20075817307965055     
   1.0850941871175279E-002 -0.19836944209526297     
   1.8246330430081475E-002 -0.19284282521754184     
   2.6211562051877378E-002 -0.18381253293203548     
   3.4370783857030782E-002 -0.17099291302926467     
   4.2130207701853849E-002 -0.15428285284761650     
   4.8752266214414058E-002 -0.13388495517385521     
   5.3520517774211920E-002 -0.11040317367526334     
   5.5896855463697416E-002  -8.4865497162580114E-002
   5.5607047444308437E-002  -5.8633603722633758E-002
   5.2730302740754333E-002  -3.3211578268245903E-002
   4.7652907028314984E-002  -9.9893985166383831E-003
   4.0974480326384691E-002   9.9927313603913603E-003
   3.3400469806543653E-002   2.6178430418682043E-002
   2.5566753973623766E-002   3.8494032136319467E-002
   1.7932727577799026E-002   4.7221110295665725E-002
   1.0801520424459289E-002   5.2809723238245183E-002
   4.3167799216822797E-003   5.5723575258955632E-002
  -1.4639495427801257E-003   5.6352667883015128E-002
  -6.5498350457693852E-003   5.5002969934070119E-002
  -1.1002403220387097E-002   5.1923360752120389E-002
  -1.4891117523094919E-002   4.7328820591759815E-002
  -1.8309108766572043E-002   4.1411492778005161E-002
  -2.1342332099995278E-002   3.4331969293519095E-002
  -2.4060034217832187E-002   2.6211251987491298E-002
  -2.6518293461428560E-002   1.7133350892960298E-002
  -2.8749368128106315E-002   7.1569351264169868E-003
  -3.0759885627471135E-002  -3.6662232514085074E-003
  -3.2540143301071786E-002  -1.5273877267454820E-002
  -3.4062607476634268E-002  -2.7583016805812318E-002
  -3.5293583590666498E-002  -4.0485403330092984E-002
  -3.6199825646623086E-002  -5.3849265394478076E-002
  -3.6755548151122072E-002  -6.7524288847094369E-002
  -3.6938145015164375E-002  -8.1348478778182284E-002
  -3.6729745203821433E-002  -9.5153623589177366E-002
  -3.6119188996868515E-002 -0.10876958998632791     
  -3.5098777720979663E-002 -0.12202793117039859     
  -3.3664063159969372E-002 -0.13476431669800626     
  -3.1809697365804780E-002 -0.14682169564375222     
  -2.9526208603594686E-002 -0.15804793118540636     
  -2.6817423659199036E-002 -0.16829027525901682     
  -2.3677737303034518E-002 -0.17739657747996287     
  -2.0101759099604592E-002 -0.18520268051139469     
  -1.6093416458498343E-002 -0.19152340887353450     
  -1.1650132732812610E-002 -0.19617109136451660     
  -6.7681765941541641E-003 -0.19896557403349863     
  -1.4643793443496246E-003 -0.19971721010503785     
   4.2128573352426708E-003 -0.19822190250999466     
   1.0173285284039149E-002 -0.19428586112691534     
   1.6279164588114670E-002 -0.18775960279229120     
   2.2358397297653609E-002 -0.17856144504956706     
   2.8224206397123142E-002 -0.16668616499152814     
   3.3679729497755481E-002 -0.15220728015566329     
   3.8508747105190151E-002 -0.13528721521470335     
   4.2472760355904048E-002 -0.11619998890711716     
   4.5326223637605419E-002  -9.5354765646674250E-002
   4.6842670955483050E-002  -7.3306474956557025E-002
   4.6844655862559523E-002  -5.0748749334513225E-002
   4.5244284630747596E-002  -2.8481568599376401E-002
   4.2091455401248624E-002  -7.3363768645858841E-003
   3.7594261764792088E-002   1.1938372975827468E-002
   3.2076694080265325E-002   2.8781815892410429E-002
   2.5893083434632497E-002   4.2857337130203385E-002
   1.9359484325769668E-002   5.4018207385516367E-002
   1.2733887312224379E-002   6.2250589781937482E-002
   6.2246760629021880E-003   6.7632316198091139E-002
  -1.7519949731479095E-006   7.0308103229017024E-002
  -5.8180446311253313E-003   7.0470084302955191E-002
  -1.1130603045934185E-002   6.8342202015959308E-002
  -1.5873162427577563E-002   6.4170379584699705E-002
  -2.0004192917012682E-002   5.8215758988993990E-002
  -2.3508035164344153E-002   5.0746785069465956E-002
  -2.6396053410024378E-002   4.2028680293502402E-002
  -2.8704600690496098E-002   3.2311688127524177E-002
  -3.0488632207004165E-002   2.1820875978176155E-002
  -3.1812210216499347E-002   1.0750206643838398E-002
  -3.2738851238088250E-002  -7.3795024653576079E-004
  -3.3324515532726577E-002  -1.2508740268286139E-002
  -3.3614495187292641E-002  -2.4448376141549547E-002
  -3.3643827614407769E-002  -3.6457691308497499E-002
  -3.3439877280044578E-002  -4.8447397963480743E-002
  -3.3025465172240441E-002  -6.0335750083183058E-002
  -3.2421125373240198E-002  -7.2048379989024816E-002
  -3.1645426252928550E-002  -8.3519357593542523E-002
  -3.0712768086871126E-002  -9.4691989724501296E-002
  -2.9628829125005699E-002 -0.10551762807734461     
  -2.8384837326556923E-002 -0.11595107286890866     
  -2.6952637589885219E-002 -0.12594218959737233     
  -2.5282593554262555E-002 -0.13542477802254765     
  -2.3305623085711994E-002 -0.14430490690649767     
  -2.0939420365224039E-002 -0.15245132691102656     
  -1.8097624780184493E-002 -0.15969000052042956     
  -1.4700027554559084E-002 -0.16580350118305925     
  -1.0682337707669987E-002 -0.17053480213874023     
  -6.0050141828057336E-003 -0.17359440523797826     
  -6.6141108743405770E-004 -0.17466973567599831     
   5.3138545012318631E-003 -0.17343640204242436     
   1.1834698653461217E-002 -0.16957234749174904     
   1.8750035430170047E-002 -0.16277798798894988     
   2.5827471311968532E-002 -0.15280788033553275     
   3.2739617735737608E-002 -0.13952064794697372     
   3.9065597560375483E-002 -0.12294982398666461     
   4.4325327818284348E-002 -0.10338410750161620     
   4.8057303805783290E-002  -8.1422760221472462E-002
   4.9925492591823196E-002  -5.7958059987158181E-002
   4.9810065176374756E-002  -3.4058740158786634E-002
   4.7831283847100399E-002  -1.0787351242105156E-002
   4.4292989202905801E-002   1.0967015627342015E-002
   3.9583507697960783E-002   3.0572849411937317E-002
   3.4088877180049298E-002   4.7651819107899521E-002
   2.8146273680913318E-002   6.2027539524237965E-002
   2.2030944529758598E-002   7.3668525352234671E-002
   1.5958274581524351E-002   8.2642475307887014E-002
   1.0089138515439201E-002   8.9082377140811922E-002
   4.5352039923765887E-003   9.3160396844032767E-002
  -6.3452846648970784E-004   9.5066859714239949E-002
  -5.3839083201752871E-003   9.4994539927304028E-002
  -9.6968668869153122E-003   9.3129905370781904E-002
  -1.3564703194531453E-002   8.9651794495630155E-002
  -1.6976896265266741E-002   8.4735791108234551E-002
  -1.9917424550259900E-002   7.8561051872239149E-002
  -2.2366439247373388E-002   7.1316130539292311E-002
  -2.4305340675824124E-002   6.3201377167497602E-002
  -2.5722594943564294E-002   5.4427198611341120E-002
  -2.6618131810257541E-002   4.5208973242148363E-002
  -2.7005264682811239E-002   3.5760185856126031E-002
  -2.6910109905260025E-002   2.6285413714299523E-002
  -2.6369174075130689E-002   1.6974420480480829E-002
  -2.5426085614628034E-002   7.9980487832992473E-003
  -2.4128419946744039E-002  -4.9398217329310427E-004
  -2.2525292955332562E-002  -8.3737497682081826E-003
  -2.0665960823443043E-002  -1.5534930256472764E-002
  -1.8599158109735770E-002  -2.1892378629843397E-002
  -1.6372484817500418E-002  -2.7381773510076132E-002
  -1.4031080480498415E-002  -3.1958972402556685E-002
  -1.1615392786734581E-002  -3.5598123127470419E-002
  -9.1590898844312891E-003  -3.8287607827187813E-002
  -6.6894829406778803E-003  -4.0024098135412009E-002
  -4.2329935798367810E-003  -4.0807254967966507E-002
  -1.8260699287808136E-003  -4.0639657292830290E-002
   4.7232497561281779E-004  -3.9536299750074708E-002
   2.5746241874343820E-003  -3.7543888182412617E-002
   4.3729938201052245E-003  -3.4763030103401801E-002
   5.7636318054869870E-003  -3.1360557780468472E-002
   6.6780449045331230E-003  -2.7560503320566070E-002
   7.1056010790641992E-003  -2.3612698467980267E-002
   7.0956417790803668E-003  -1.9751290351327389E-002
   6.7400067106085171E-003  -1.6160858494688592E-002
   6.1473873611997401E-003  -1.2961068336812209E-002
   5.4214820509391011E-003  -1.0209095821795191E-002
   4.6481428940933810E-003  -7.9122670564045136E-003
   3.8906215304300869E-003  -6.0436562173081885E-003
   3.1901619727660573E-003  -4.5564381589738665E-003
   2.5695444022106467E-003  -3.3951564765758412E-003
   2.0376918229772752E-003  -2.5034795989886138E-003
   1.5940481573146559E-003  -1.8289112479971112E-003
   1.2321837484637176E-003  -1.3252571276545725E-003
   9.4255296464300592E-004  -9.5355614732639310E-004
   7.1445364852468175E-004  -6.8201645048223888E-004
   5.3729366870746667E-004  -4.8538288345280133E-004
   4.0132991662595653E-004  -3.4404480578518792E-004
   2.9804077048225548E-004  -2.4307277138575493E-004
   2.2024919267500673E-004  -1.7129286045155853E-004
   1.6208523735963167E-004  -1.2046208832106160E-004
   1.1885938561345032E-004  -8.4573287959286548E-005
   8.6896491973404021E-005  -5.9291999759207968E-005
   6.3360947173480154E-005  -4.1514749291345098E-005
   4.6091910717497654E-005  -2.9032282692828804E-005
   3.3458977019850295E-005  -2.0278604003616624E-005
   2.4241683684856460E-005  -1.4147023932620087E-005
   1.7532146262283058E-005  -9.8570628190847346E-006
   1.2658350567365118E-005  -6.8591215515139906E-006
   9.1248923151514383E-006  -4.7666429196867546E-006
   6.5678052194585485E-006  -3.3080187717832115E-006
   4.7204605049630424E-006  -2.2925918092761206E-006
   3.3880304906539898E-006  -1.5866660099926261E-006
   2.4284815347872293E-006  -1.0965926468282619E-006
   1.7384878633394310E-006  -7.5685236803747763E-007
   1.2430311444817698E-006  -5.2166467513269607E-007
   8.8774738280426924E-007  -3.5908508594442335E-007
   6.3331084256332983E-007  -2.4685540074069809E-007
   4.5132271138089243E-007  -1.6948943014727239E-007
   3.2130851431628244E-007  -1.1622885458564897E-007
   2.2853012899452021E-007  -7.9611187520639840E-008
   1.6239460247456194E-007  -5.4467933625591784E-008
   1.1529926269974070E-007  -3.7224785851862258E-008
   8.1795108599051777E-008  -2.5413566049593672E-008
   5.7981857881666503E-008  -1.7332378388500116E-008
   4.1071263328567560E-008  -1.1809354620561424E-008
   2.9072425323377039E-008  -8.0386846045650200E-009
   2.0565383295851604E-008  -5.4669984663143208E-009
   1.4538469894961314E-008  -3.7147636894708627E-009
   1.0271641799405981E-008  -2.5219913151832781E-009
   7.2529074690237032E-009  -1.7107899573196423E-009
   5.1185419352710258E-009  -1.1595772690909600E-009
   3.6103717851325832E-009  -7.8534479015741571E-010
   2.5452926631600668E-009  -5.3147771342082149E-010
   1.7935406115440505E-009  -3.5940048732048844E-010
   1.2632197462970710E-009  -2.4285363647560734E-010
   8.8929588565392866E-010  -1.6397772810258957E-010
   6.2577443765702584E-010  -1.1063687516157172E-010
   4.4014622791922576E-010  -7.4591390659788052E-011
   3.0944698946146751E-010  -5.0251468206010038E-011
   2.1746388949467624E-010  -3.3827976181860054E-011
   1.5275666763736424E-010  -2.2754374963010135E-011
   1.0725681137717213E-010  -1.5293549651210112E-011
   7.5276572623743990E-011  -1.0270638427940795E-011
   5.2808353036331571E-011  -6.8916302212159564E-012
   3.7029668142959469E-011  -4.6202962003113219E-012
   2.5953563059887124E-011  -3.0947615428866637E-012
   1.8181874057325088E-011  -2.0709922045663079E-012
   1.2731167301321346E-011  -1.3845419236634011E-012
   8.9100069801777675E-012  -9.2467815665219335E-013
   6.2324563344509547E-012  -6.1689360625230410E-013
   4.3571421924217507E-012  -4.1109405436090178E-013
   3.0443466857628009E-012  -2.7362578443808651E-013
   2.1258057031493498E-012  -1.8189834940831044E-013
   1.4834598961011710E-012  -1.2076041059366110E-013
   1.0345105053192985E-012  -8.0058887411567661E-014
   7.2091349218860370E-013  -5.2996271827477714E-014
   5.0199676127700097E-013  -3.5025938259548045E-014
   3.4927412274965625E-013  -2.3109824382981350E-014
   2.4280380372374690E-013  -1.5220011720407852E-014
   1.6863252325812462E-013  -1.0004344837712480E-014
   1.1700224336172422E-013  -6.5622929726526993E-015
   8.1092538749273829E-014  -4.2948419530321697E-015
   5.6138978057499954E-014  -2.8040586370392381E-015
   3.8815365248593864E-014  -1.8259562161167739E-015
   2.6801065932614533E-014  -1.1856650105728129E-015
   1.8478107948416547E-014  -7.6753010470523606E-016
   1.2719235871735980E-014  -4.9518837670551418E-016
   8.7396837635869420E-015  -3.1831051492811869E-016
   5.9935657588634511E-015  -2.0378964524969493E-016
   4.1014949124527037E-015  -1.2989320256513747E-016
   2.8000480632896243E-015  -8.2387156819228385E-017
   1.9065053698181198E-015  -5.1971380847494971E-017
   1.2942640377434603E-015  -3.2585432617752829E-017
   8.7570706929443336E-016  -2.0291336563876463E-017
   5.9027555674994189E-016  -1.2538268503925848E-017
   3.9617067180453600E-016  -7.6795968906496932E-018
   2.6458579286597688E-016  -4.6563817015484869E-018
   1.7570101976954675E-016  -2.7904614967461450E-018
   1.1590433486282261E-016  -1.6495398523211376E-018
   7.5865809465025821E-017  -9.5947006305803999E-019
   4.9204501284038485E-017  -5.4740543266183905E-019
   3.1566735970198170E-017  -3.0508139400951366E-019
   1.9989602535263429E-017  -1.6519097079207293E-019
   1.2461927816741601E-017  -8.6249748550535278E-020
   7.6217532241859234E-018  -4.2946540175935776E-020
   4.5479061039876072E-018  -2.0025582067895582E-020
   2.6164725632221532E-018  -8.4419829573632367E-021
   1.4014068349517163E-018  -2.9562871096104836E-021
   6.0236594145246935E-019  -6.1900245130935939E-022
   0.0000000000000000        0.0000000000000000     
