 Initial conditions outputted from a previous simulation. Time =    60.600000000000001     
   40.000000000000000        0.0000000000000000              500           1   60.600000000000001     
  -2.1987977952635129E-002 -0.12530773865325648     
  -1.7833085332643821E-002 -0.13528338946342630     
  -1.3086044709601390E-002 -0.14358960113094418     
  -7.6538300277978373E-003 -0.14994951421820304     
  -1.5451173332891241E-003 -0.15406936678950880     
   5.2683888303355093E-003 -0.15561138870423757     
   1.2716787730476020E-002 -0.15424658463031765     
   2.0681054673791346E-002 -0.14963943642853614     
   2.8960156340494723E-002 -0.14148742222846078     
   3.7252779657988885E-002 -0.12956420631146814     
   4.5154839353576566E-002 -0.11378246590854793     
   5.2172147143006373E-002  -9.4275058941420867E-002
   5.7763816231807874E-002  -7.1476575789142974E-002
   6.1421229298489137E-002  -4.6173368586778944E-002
   6.2769371049049325E-002  -1.9480210415831891E-002
   6.1657197354785059E-002   7.2810869696470389E-003
   5.8196166494554100E-002   3.2777832946644721E-002
   5.2726390591790052E-002   5.5868224006987911E-002
   4.5727516712548565E-002   7.5737412560274789E-002
   3.7717831106273123E-002   9.1939257800353738E-002
   2.9181542766572470E-002  0.10436014679628502     
   2.0536297262898830E-002  0.11313682308103008     
   1.2125270130212577E-002  0.11855659711053916     
   4.2134749809413542E-003  0.12096577191393645     
  -3.0165544723387595E-003  0.12070733190911846     
  -9.4625609830554479E-003  0.11809324276959815     
  -1.5090757450876522E-002  0.11340044403144808     
  -1.9919762589972464E-002  0.10687668592704803     
  -2.4005389159283241E-002   9.8748861908538765E-002
  -2.7426244599797842E-002   8.9230747457357706E-002
  -3.0269252074073816E-002   7.8527284377394063E-002
  -3.2617094453869643E-002   6.6833842379533451E-002
  -3.4540202116308941E-002   5.4332262592071856E-002
  -3.6093708282133471E-002   4.1187392299203242E-002
  -3.7318183325806116E-002   2.7546257838823380E-002
  -3.8242112435725423E-002   1.3539426943116422E-002
  -3.8883522249466396E-002  -7.1603424980916321E-004
  -3.9250458479611582E-002  -1.5111614745944702E-002
  -3.9343096877150249E-002  -2.9541688379271576E-002
  -3.9157272948455377E-002  -4.3899878100232582E-002
  -3.8684675157070629E-002  -5.8077264461739796E-002
  -3.7909223062563932E-002  -7.1961044041075409E-002
  -3.6804895514919556E-002  -8.5434221539613234E-002
  -3.5337157390983899E-002  -9.8374774618369451E-002
  -3.3465549965906095E-002 -0.11065293096919378     
  -3.1146108435486750E-002 -0.12212695313641390     
  -2.8333471333083803E-002 -0.13263787632196811     
  -2.4982065627504411E-002 -0.14200383237121178     
  -2.1046570495944349E-002 -0.15001528647852144     
  -1.6483189113236773E-002 -0.15643233915340343     
  -1.1253350754795563E-002 -0.16098458041891550     
  -5.3310966841455349E-003 -0.16337361253351337     
   1.2848759403692109E-003 -0.16327832317851090     
   8.5543607017651742E-003 -0.16036350540560862     
   1.6375245122233182E-002 -0.15429379241124838     
   2.4562306112493448E-002 -0.14475695045397577     
   3.2829548011196606E-002 -0.13150261524699994     
   4.0782797561668249E-002 -0.11440258592800726     
   4.7931979290977908E-002  -9.3533187181391184E-002
   5.3732876284894843E-002  -6.9265973607982034E-002
   5.7662105706687061E-002  -4.2333054783137966E-002
   5.9314723656395014E-002  -1.3820831581539121E-002
   5.8496620000966511E-002   1.4939804962125562E-002
   5.5275982494550333E-002   4.2571623726598284E-002
   4.9969933538018568E-002   6.7868715566429191E-002
   4.3070479370157157E-002   8.9950105153610502E-002
   3.5140260191501328E-002  0.10830639828653243     
   2.6716157568969192E-002  0.12275641321989000     
   1.8246153925476072E-002  0.13336187796582746     
   1.0064232443407253E-002  0.14034113285770827     
   2.3935905710983372E-003  0.14400074560100504     
  -4.6350401820644000E-003  0.14468764051977567     
  -1.0960338456372409E-002  0.14275769786666842     
  -1.6568791723772451E-002  0.13855562677224054     
  -2.1476435654860630E-002  0.13240231014844084     
  -2.5717566716557973E-002  0.12458797721055642     
  -2.9337637739055709E-002  0.11536999551921920     
  -3.2387904062450484E-002  0.10497443877088654     
  -3.4921827681160318E-002   9.3600144220167519E-002
  -3.6991454513722356E-002   8.1422873842257756E-002
  -3.8645841934853382E-002   6.8598610839178786E-002
  -3.9929070140793006E-002   5.5266784614044641E-002
  -4.0876924898724971E-002   4.1553657923950479E-002
  -4.1515148775274770E-002   2.7574152702578087E-002
  -4.1858868850835569E-002   1.3432718149614017E-002
  -4.1915440394344389E-002  -7.7257289743749434E-004
  -4.1685387539802089E-002  -1.4944487427243570E-002
  -4.1159813648841657E-002  -2.8984584634941152E-002
  -4.0321626488708781E-002  -4.2790470436318853E-002
  -3.9147571350506886E-002  -5.6247012128010046E-002
  -3.7610144111544674E-002  -6.9218453952100592E-002
  -3.5672755115675393E-002  -8.1550661711153952E-002
  -3.3286151291629359E-002  -9.3075474393628732E-002
  -3.0396795206974421E-002 -0.10360514513350486     
  -2.6954460670878276E-002 -0.11292654264939012     
  -2.2910691399005135E-002 -0.12080822361271829     
  -1.8201696367542132E-002 -0.12700322313225579     
  -1.2816361472115739E-002 -0.13123914521625482     
  -6.7630579004989639E-003 -0.13323273610322917     
  -6.8053755136549964E-005 -0.13269956632502336     
   7.1715607212741251E-003 -0.12934661397684599     
   1.4801957300355641E-002 -0.12289516440958244     
   2.2643734870954259E-002 -0.11312128822825739     
   3.0418980641759134E-002  -9.9882516337710461E-002
   3.7810142954071639E-002  -8.3167029759679628E-002
   4.4485514165671106E-002  -6.3137241227270130E-002
   5.0022391271124039E-002  -4.0148202792789245E-002
   5.4030593834486336E-002  -1.4780680528087606E-002
   5.6162095110650699E-002   1.2159635883685516E-002
   5.6118420893038951E-002   3.9678453948696353E-002
   5.3763662365547096E-002   6.6650026384128577E-002
   4.9243514772947410E-002   9.1928227497489162E-002
   4.2973304586589871E-002  0.11451029936435597     
   3.5538615297878252E-002  0.13368739693891779     
   2.7463410940486297E-002  0.14912044976012473     
   1.9167022558801892E-002  0.16078993354166959     
   1.0975473227343496E-002  0.16887942629826078     
   3.1193081458558989E-003  0.17366628766030034     
  -4.2022992333999049E-003  0.17544710165266095     
  -1.0865280520976293E-002  0.17452042408815915     
  -1.6818694996550587E-002  0.17118741508709198     
  -2.2056489654199714E-002  0.16575198709550426     
  -2.6583535577171798E-002  0.15851864022225612     
  -3.0390471399338110E-002  0.14978762784245073     
  -3.3466471992828706E-002  0.13985284143113499     
  -3.5844534248592123E-002  0.12900073424691177     
  -3.7601539065208772E-002  0.11750013165501065     
  -3.8853922769802519E-002  0.10559025796091337     
  -3.9705142852503393E-002   9.3466398962788730E-002
  -4.0228409181464218E-002   8.1274836507892245E-002
  -4.0474844985927190E-002   6.9119835123285109E-002
  -4.0464381798194969E-002   5.7076757340248162E-002
  -4.0198586694869080E-002   4.5209964617033110E-002
  -3.9668636734293522E-002   3.3587632812013414E-002
  -3.8856047760773040E-002   2.2290197481242783E-002
  -3.7747230977740617E-002   1.1413051892278219E-002
  -3.6331519703752112E-002   1.0624400376922822E-003
  -3.4595269982630017E-002  -8.6511599349670728E-003
  -3.2518897591173664E-002  -1.7618950380036795E-002
  -3.0085042765015592E-002  -2.5735618048722039E-002
  -2.7273707140030606E-002  -3.2897602801839169E-002
  -2.4058168090312703E-002  -3.8997661431518983E-002
  -2.0410794982613931E-002  -4.3915681752507811E-002
  -1.6292038931777456E-002  -4.7509994222524159E-002
  -1.1647150362193949E-002  -4.9607339379837023E-002
  -6.4143135987575969E-003  -4.9993316896314560E-002
  -5.3448528239799411E-004  -4.8407885982237421E-002
   5.9755140647722626E-003  -4.4543316638455524E-002
   1.3065173614702741E-002  -3.8060262338737279E-002
   2.0661761549703516E-002  -2.8613963770539860E-002
   2.8583629146269218E-002  -1.5888604206608155E-002
   3.6507304632680385E-002   3.4596690699225839E-004
   4.3979941968565112E-002   2.0159473432143259E-002
   5.0434648789164795E-002   4.3380066510377575E-002
   5.5279812581806649E-002   6.9522705436429716E-002
   5.7994953815886208E-002   9.7761676325020849E-002
   5.8270710567473925E-002  0.12696476844965349     
   5.6034265444325534E-002  0.15580641149098806     
   5.1437826254605565E-002  0.18293950360321212     
   4.4908808915543733E-002  0.20717949956226170     
   3.7041905254941124E-002  0.22766781587499563     
   2.8452266890286262E-002  0.24396075021591498     
   1.9708042707005720E-002  0.25601741272628464     
   1.1250653661485362E-002  0.26410859559117889     
   3.3751416279237507E-003  0.26868166979671043     
  -3.7497021145326557E-003  0.27023489481119778     
  -1.0044402195061995E-002  0.26923581705774807     
  -1.5467052759418988E-002  0.26608633110347096     
  -2.0053726999480267E-002  0.26112833490507931     
  -2.3888669948101616E-002  0.25465581574080220     
  -2.7054870381881330E-002  0.24692309183764799     
  -2.9649196632630614E-002  0.23815160705173041     
  -3.1766238153324237E-002  0.22853085177775592     
  -3.3484034699389209E-002  0.21822125548228941     
  -3.4855300273537566E-002  0.20735947259447834     
  -3.5916955621839962E-002  0.19606549321427760     
  -3.6686357140613794E-002  0.18444865832094526     
  -3.7159720968964985E-002  0.17261119640784015     
  -3.7332518932323332E-002  0.16065053780880070     
  -3.7230668370704857E-002  0.14865989845507913     
  -3.6884607353474187E-002  0.13672489999067031     
  -3.6315613126748511E-002  0.12492245973795030     
  -3.5520618453314619E-002  0.11332147268756158     
  -3.4508124898661327E-002  0.10198903890422278     
  -3.3261946095616120E-002   9.0992489790733821E-002
  -3.1742854070356000E-002   8.0404980411083293E-002
  -2.9883401731305742E-002   7.0311812519479641E-002
  -2.7613068248402713E-002   6.0818391384294762E-002
  -2.4881784626417412E-002   5.2057748750879131E-002
  -2.1643785594226566E-002   4.4192073733418040E-002
  -1.7835677212836250E-002   3.7410789466982147E-002
  -1.3425169310645618E-002   3.1932855020960729E-002
  -8.3850733696670451E-003   2.8003378343901403E-002
  -2.6926610077355156E-003   2.5894817531370008E-002
   3.6399825902961045E-003   2.5907548490517636E-002
   1.0556585184887220E-002   2.8363486758570360E-002
   1.7912878155626127E-002   3.3597455769710086E-002
   2.5608554604872477E-002   4.1925566015687039E-002
   3.3459880436617385E-002   5.3617666578558744E-002
   4.1112418696871440E-002   6.8847475843700490E-002
   4.8050201448754347E-002   8.7611487568600890E-002
   5.3652488681839652E-002  0.10963435523106205     
   5.7227985574030971E-002  0.13429163679015327     
   5.8297291957729459E-002  0.16057756225861161     
   5.6679707818704385E-002  0.18718296821831942     
   5.2617468797997530E-002  0.21266392514924448     
   4.6575340622652235E-002  0.23568872175754485     
   3.9181942458518568E-002  0.25525579489853095     
   3.1091945002788984E-002  0.27082256135501126     
   2.2863095600443490E-002  0.28230564761855187     
   1.4861542425109271E-002  0.28996841162304599     
   7.3494059076908338E-003  0.29425140923418153     
   4.5081640913549175E-004  0.29563557318798545     
  -5.7465223778835513E-003  0.29455583993443124     
  -1.1238189249150203E-002  0.29138638027699809     
  -1.6055931352430854E-002  0.28645070111112608     
  -2.0231671745001081E-002  0.28003568969631132     
  -2.3795597095271508E-002  0.27239869840869607     
  -2.6781511750370891E-002  0.26376312843194255     
  -2.9218311335334521E-002  0.25431070484300572     
  -3.1152102677417377E-002  0.24417880097363953     
  -3.2638420652978735E-002  0.23346109511392837     
  -3.3741625641813572E-002  0.22221402138303206     
  -3.4525902877016373E-002  0.21046452926348114     
  -3.5049633033129343E-002  0.19821842971948780     
  -3.5349136213379748E-002  0.18546879447920064     
  -3.5429198687626576E-002  0.17220663597242300     
  -3.5275171886775848E-002  0.15843618260767386     
  -3.4869044252688414E-002  0.14419164428351641     
  -3.4200875226971572E-002  0.12955097155862491     
  -3.3276821870880532E-002  0.11464114796494305     
  -3.2109595045032954E-002   9.9631593469721169E-002
  -3.0704819298200969E-002   8.4719352180804813E-002
  -2.9031829973272305E-002   7.0111276460567515E-002
  -2.7037571831687271E-002   5.6014386889200858E-002
  -2.4660810589686454E-002   4.2634761838304863E-002
  -2.1850600661851276E-002   3.0182844799120288E-002
  -1.8582335294896741E-002   1.8879905996749845E-002
  -1.4858080339862287E-002   8.9594548587796623E-003
  -1.0667554888079725E-002   6.6444211024235258E-004
  -5.9566861217177306E-003  -5.7520498212540053E-003
  -6.2275738383420632E-004  -1.0019605570220887E-002
   5.3907763186995241E-003  -1.1831923565987857E-002
   1.2092022368716281E-002  -1.0839312058438695E-002
   1.9454167603194298E-002  -6.6565458728300936E-003
   2.7355296191368107E-002   1.1095156436668097E-003
   3.5531588173898385E-002   1.2794463560514217E-002
   4.3476725820281094E-002   2.8578372830748863E-002
   5.0466296514498278E-002   4.8352545194712944E-002
   5.5690729480514886E-002   7.1587189711837099E-002
   5.8408575992735093E-002   9.7265754105616511E-002
   5.8223154567256762E-002  0.12393041781460447     
   5.5206375028439156E-002  0.14987990894129685     
   4.9788095828170502E-002  0.17348321215451790     
   4.2662150092480859E-002  0.19349156714744320     
   3.4590586547515761E-002  0.20924538524406344     
   2.6260626502116760E-002  0.22068772150378951     
   1.8194124050462741E-002  0.22820224036437153     
   1.0698021030472843E-002  0.23237391464507842     
   3.9459972714951542E-003  0.23377542592706799     
  -1.9958496040847319E-003  0.23286297152636876     
  -7.1760440252571960E-003  0.22997523043162665     
  -1.1644940722749820E-002  0.22537158465252702     
  -1.5486793458741792E-002  0.21928117743697581     
  -1.8808858574659793E-002  0.21191757098346348     
  -2.1717003349393249E-002  0.20346624994604018     
  -2.4311340798104319E-002  0.19406756382185281     
  -2.6667158883158255E-002  0.18380789379379239     
  -2.8824301705381722E-002  0.17272994961169538     
  -3.0801452343424421E-002  0.16085746120907346     
  -3.2585867685640701E-002  0.14821954723386635     
  -3.4139991369253789E-002  0.13486979772165966     
  -3.5411803853528406E-002  0.12089493058033640     
  -3.6345879340908507E-002  0.10641438823360871     
  -3.6889118836897015E-002   9.1574536556707192E-002
  -3.6999442340964833E-002   7.6542492986717378E-002
  -3.6643673764718790E-002   6.1500138873223129E-002
  -3.5801769112840998E-002   4.6640147289475270E-002
  -3.4468788049814077E-002   3.2162291193167374E-002
  -3.2643057308105926E-002   1.8268194467270828E-002
  -3.0324020312865022E-002   5.1584860099791133E-003
  -2.7513383354530810E-002  -6.9679541688075575E-003
  -2.4215731319920570E-002  -1.7913625740069862E-002
  -2.0440900992703893E-002  -2.7480285042739090E-002
  -1.6193186577853291E-002  -3.5471573386657386E-002
  -1.1477126926486305E-002  -4.1694266802506375E-002
  -6.3149014452860280E-003  -4.5956670459064757E-002
  -7.2444243961625762E-004  -4.8078294417780450E-002
   5.2480970128350466E-003  -4.7890318024530115E-002
   1.1513011684564887E-002  -4.5223889910916103E-002
   1.7946637656688216E-002  -3.9915354403598689E-002
   2.4385611305631952E-002  -3.1842924134030101E-002
   3.0615254527158974E-002  -2.0973595669515309E-002
   3.6386656619479027E-002  -7.3943170694800693E-003
   4.1454417276599695E-002   8.6847318594380895E-003
   4.5592726652728406E-002   2.6942731104886961E-002
   4.8578307024349128E-002   4.6948233949597615E-002
   5.0181438805918938E-002   6.8137416980715251E-002
   5.0201645171983382E-002   8.9799369606838458E-002
   4.8529815414384746E-002  0.11110464069206143     
   4.5193642522287608E-002  0.13118285654056333     
   4.0371318610518299E-002  0.14922704198655387     
   3.4376545657791455E-002  0.16459653841833888     
   2.7607485897023224E-002  0.17688778519344381     
   2.0465394199009678E-002  0.18594291565524118     
   1.3284849860300700E-002  0.19179618259397224     
   6.3129031950199992E-003  0.19459950148590241     
  -2.7379808451721496E-004  0.19456921280906006     
  -6.3489871364911998E-003  0.19195995873678742     
  -1.1827647463857087E-002  0.18704966363839043     
  -1.6660211730145941E-002  0.18012693263746685     
  -2.0825535308347038E-002  0.17148185697377916     
  -2.4325713625413106E-002  0.16139999991505341     
  -2.7184224306000891E-002  0.15015650563744395     
  -2.9444990289865334E-002  0.13800851694656130     
  -3.1169358131249308E-002  0.12518660798192427     
  -3.2429418479070264E-002  0.11188758704988223     
  -3.3298403037996686E-002   9.8271429218332679E-002
  -3.3841030347775282E-002   8.4463822528069832E-002
  -3.4106928088190665E-002   7.0563459964544162E-002
  -3.4128512546616363E-002   5.6651470144703509E-002
  -3.3922561898638716E-002   4.2800251075119491E-002
  -3.3493594278790048E-002   2.9080076247511428E-002
  -3.2837303389426260E-002   1.5563175230528541E-002
  -3.1943021554989938E-002   2.3258253109006638E-003
  -3.0794666358460891E-002  -1.0550684525145205E-002
  -2.9369790478651344E-002  -2.2979121676902466E-002
  -2.7636760239132738E-002  -3.4864038775205657E-002
  -2.5551076597778468E-002  -4.6096893803178302E-002
  -2.3052947833778502E-002  -5.6548207528671367E-002
  -2.0068518293808461E-002  -6.6057932175782305E-002
  -1.6516215266766259E-002  -7.4426505898703199E-002
  -1.2318023028648786E-002  -8.1409347832889917E-002
  -7.4142139095471340E-003  -8.6716776458750977E-002
  -1.7798609379021219E-003  -9.0020301315819645E-002
   4.5580031884198064E-003  -9.0965901460982018E-002
   1.1503554816046320E-002  -8.9195554606491770E-002
   1.8877752993346122E-002  -8.4379165139031445E-002
   2.6410358532029634E-002  -7.6258730544571232E-002
   3.3743636245797251E-002  -6.4703922294688368E-002
   4.0452022464428673E-002  -4.9773247394075022E-002
   4.6079307082842358E-002  -3.1769064606755042E-002
   5.0192261466471273E-002  -1.1269874993437777E-002
   5.2447055852899299E-002   1.0879696407025305E-002
   5.2658054337511903E-002   3.3638651095047885E-002
   5.0846751126854071E-002   5.5900440823095442E-002
   4.7243788001683461E-002   7.6654247669998690E-002
   4.2234102010098633E-002   9.5119850977346501E-002
   3.6266887366093133E-002  0.11080853489297199     
   2.9769284484578610E-002  0.12350459242558351     
   2.3091028846503027E-002  0.13319869835364698     
   1.6484354790246566E-002  0.14001014597214018     
   1.0110728229811183E-002  0.14412116568451844     
   4.0635040458961748E-003  0.14573309920345454     
  -1.6049278471786926E-003  0.14504520045474570     
  -6.8614078994926660E-003  0.14225016173119229     
  -1.1680030527392939E-002  0.13753765207420621     
  -1.6038381123189727E-002  0.13109890089600007     
  -1.9917971779728916E-002  0.12312903182333659     
  -2.3305455017421310E-002  0.11382685518575464     
  -2.6192979151305716E-002  0.10339325419459941     
  -2.8577642312395544E-002   9.2029314365495482E-002
  -3.0460622027186187E-002   7.9934714074497565E-002
  -3.1846336502682301E-002   6.7306423893567988E-002
  -3.2741667606727046E-002   5.4337690320049280E-002
  -3.3155251069123565E-002   4.1217355740085462E-002
  -3.3096998947206337E-002   2.8129539772395549E-002
  -3.2578123454778340E-002   1.5253538042634174E-002
  -3.1611844136533326E-002   2.7635901940296624E-003
  -3.0214682037992970E-002  -9.1719181338213510E-003
  -2.8407908456503799E-002  -2.0392119918528951E-002
  -2.6218510571070882E-002  -3.0746151988430920E-002
  -2.3679093275156070E-002  -4.0095973378944091E-002
  -2.0826484523042883E-002  -4.8318661003367798E-002
  -1.7699394321853051E-002  -5.5307206276526230E-002
  -1.4336183049746397E-002  -6.0969119291384752E-002
  -1.0774453380282120E-002  -6.5222946847110289E-002
  -7.0545157441505814E-003  -6.7994151777663978E-002
  -3.2283545393288009E-003  -6.9213519335178733E-002
   6.2602136166114443E-004  -6.8822824630652160E-002
   4.3884658540522641E-003  -6.6792780103100316E-002
   7.8872587836184144E-003  -6.3155399201680687E-002
   1.0908173654344473E-002  -5.8045032068911859E-002
   1.3230496694437096E-002  -5.1730734569445477E-002
   1.4684581515730880E-002  -4.4615463205010766E-002
   1.5207153213898521E-002  -3.7186793343840646E-002
   1.4864193106595848E-002  -2.9930860582319120E-002
   1.3828087208040497E-002  -2.3246453683837365E-002
   1.2324216615504134E-002  -1.7395277364831648E-002
   1.0576625454193116E-002  -1.2498233586603695E-002
   8.7728970014552092E-003  -8.5623875434362798E-003
   7.0503330743756348E-003  -5.5177536987882038E-003
   5.4963543925467826E-003  -3.2510699883553751E-003
   4.1562894330111145E-003  -1.6318050255464981E-003
   3.0439004605072595E-003  -5.2971716441548857E-004
   2.1515356985525665E-003   1.7473283964325874E-004
   1.4584722056895578E-003   5.8507961549223309E-004
   9.3729296859235069E-004   7.8694029258513274E-004
   5.5848035762368119E-004   8.4830440801856428E-004
   2.9343513292448325E-004   8.2113214676961407E-004
   1.1625161988081727E-004   7.4358441276811823E-004
   4.6124515556173447E-006   6.4245023516391702E-004
  -5.9920771433705987E-005   5.3551464570376255E-004
  -9.2014657577533349E-005   4.3371215777710849E-004
  -1.0290619621084738E-004   3.4298667674961971E-004
  -1.0086875565080640E-004   2.6583296550510357E-004
  -9.1731183143463509E-005   2.0252135795769760E-004
  -7.9396967310856100E-005   1.5202287892675660E-004
  -6.6322403115930738E-005   1.1266770110068601E-004
  -5.3927750170393639E-005   8.2581721123585488E-005
  -4.2929690053301909E-005   5.9950462205722440E-005
  -3.3594792284873955E-005   4.3157930146317106E-005
  -2.5922132406776959E-005   3.0841987768151864E-005
  -1.9767843561605160E-005   2.1898931961064486E-005
  -1.4925323092300583E-005   1.5460706031478698E-005
  -1.1173529892032193E-005   1.0860252976808036E-005
  -8.3035946929949184E-006   7.5943902392425101E-006
  -6.1315016619527745E-006   5.2892387295626360E-006
  -4.5023377945839197E-006   3.6704420138833282E-006
  -3.2898059005758516E-006   2.5387710333924172E-006
  -2.3933713144215041E-006   1.7508334271568731E-006
  -1.7344782221771907E-006   1.2042108291072188E-006
  -1.2526484269166811E-006   8.2623453690179527E-007
  -9.0188252419622802E-007   5.6564279270633733E-007
  -6.4754528963104622E-007   3.8645951946020680E-007
  -4.6377989110708287E-007   2.6355079766179646E-007
  -3.3142336957410848E-007   1.7942831577171262E-007
  -2.3636290274930284E-007   1.2196763024035569E-007
  -1.6826171498203729E-007   8.2790300846108667E-008
  -1.1958498212018983E-007   5.6123437215243813E-008
  -8.4863448006302118E-008   3.7999911341414018E-008
  -6.0141960105334976E-008   2.5700022214782620E-008
  -4.2569758161133995E-008   1.7363289997268115E-008
  -3.0098141016783545E-008   1.1719511221427144E-008
  -2.1258675549867506E-008   7.9030365870380647E-009
  -1.5001318505383398E-008   5.3248888972354390E-009
  -1.0576792070548703E-008   3.5849365963344182E-009
  -7.4514495019248950E-009   2.4117181349406007E-009
  -5.2458692391273825E-009   1.6212992279192065E-009
  -3.6906994835145095E-009   1.0891973133114378E-009
  -2.5949936044166745E-009   7.3125661693294400E-010
  -1.8235581025277553E-009   4.9064120044410525E-010
  -1.2807831418737416E-009   3.2900184697879134E-010
  -8.9912296112428367E-010   2.2048550729983620E-010
  -6.3090336729624496E-010   1.4767758410302121E-010
  -4.4250457381653122E-010   9.8856570117044292E-011
  -3.1023654773668939E-010   6.6138560020840337E-011
  -2.1741818669829916E-010   4.4224424273390506E-011
  -1.5231137765608081E-010   2.9554670880643614E-011
  -1.0666126486032851E-010   1.9739811236529988E-011
  -7.4665832472269514E-011   1.3176723591690167E-011
  -5.2249169585257890E-011   8.7904737694029074E-012
  -3.6549321909692940E-011   5.8606871455851623E-012
  -2.5557627973286187E-011   3.9048589580736917E-012
  -1.7864900468922167E-011   2.5999798347424516E-012
  -1.2482907940772346E-011   1.7299268697122082E-012
  -8.7188869415699121E-012   1.1501698504094306E-012
  -6.0873764575837714E-012   7.6410661443384722E-013
  -4.2483035273641787E-012   5.0720417115817447E-013
  -2.9635228540553058E-012   3.3637633777724130E-013
  -2.0663225724336971E-012   2.2287242637778990E-013
  -1.4400360336507765E-012   1.4751885255208358E-013
  -1.0030458881057445E-012   9.7536753506454966E-014
  -6.9827365519077423E-013   6.4414709554935921E-014
  -4.8581557134822601E-013   4.2487487012750291E-014
  -3.3778455682289876E-013   2.7986982599346955E-014
  -2.3469854879044462E-013   1.8408829379938942E-014
  -1.6295239650650573E-013   1.2089912640928423E-014
  -1.1304878417372204E-013   7.9267328599959220E-015
  -7.8360683157183492E-014   5.1877771072760836E-015
  -5.4265908410309582E-014   3.3886015538981053E-015
  -3.7542092521014449E-014   2.2087229735374530E-015
  -2.5943857974225403E-014   1.4363669290590042E-015
  -1.7907423090834610E-014   9.3176445207351316E-016
  -1.2344310051473981E-014   6.0279085701220344E-016
  -8.4973332904288206E-015   3.8881100474151362E-016
  -5.8401059126889587E-015   2.4997690066789844E-016
  -4.0069434563100768E-015   1.6014479096291128E-016
  -2.7439924454914893E-015   1.0219289864000311E-016
  -1.8751733419383463E-015   6.4929865928170427E-017
  -1.2784593853139495E-015   4.1056142607422499E-017
  -8.6936358722278524E-016   2.5821585525186768E-017
  -5.8945031266525895E-016   1.6142845591900575E-017
  -3.9834763028134807E-016   1.0024013469329842E-017
  -2.6819746230355195E-016   6.1770047735776372E-018
  -1.7980236585912563E-016   3.7733041444500608E-018
  -1.1995239924554264E-016   2.2819563837407385E-018
  -7.9572254178745944E-017   1.3640848445601773E-018
  -5.2438143319321872E-017   8.0438687313900999E-019
  -3.4290133855633479E-017   4.6676675282745010E-019
  -2.2218713719791303E-017   2.6568871178395225E-019
  -1.4241353116640319E-017   1.4774225519646280E-019
  -9.0105579021347767E-018   7.9823546676088211E-020
  -5.6128120157121850E-018   4.1590251898608006E-020
  -3.4302422456480595E-018   2.0667521327468760E-020
  -2.0454523145360256E-018   9.6186544004475271E-021
  -1.1760918500326985E-018   4.0476016829683249E-021
  -6.2961578110568675E-019   1.4151386209414343E-021
  -2.7050192117333358E-019   2.9581198283400089E-022
  -0.0000000000000000        0.0000000000000000     
