 Initial conditions outputted from a previous simulation. Time =    86.800000000000011     
   40.000000000000000        0.0000000000000000              500           1   86.800000000000011     
  -3.3887864056445303E-002  -6.9036395927783475E-002
  -3.2057519778028509E-002  -8.3895651623959400E-002
  -2.9903033703077234E-002  -9.8053556695109262E-002
  -2.7299151000495250E-002 -0.11133840074456750     
  -2.4232522816199434E-002 -0.12359065799624559     
  -2.0590513715851459E-002 -0.13456375949403734     
  -1.6336559755503226E-002 -0.14404731744232196     
  -1.1419732428049756E-002 -0.15177914415088364     
  -5.8021303551023303E-003 -0.15747429984530206     
   5.2671409217789331E-004 -0.16082487778659815     
   7.5427326726001291E-003 -0.16150182431674634     
   1.5170549061037795E-002 -0.15916745872190552     
   2.3264988451483878E-002 -0.15349502342777976     
   3.1593734176934785E-002 -0.14420112417233302     
   3.9824008067169618E-002 -0.13109628585087296     
   4.7521528007205882E-002 -0.11415500998952327     
   5.4172650259927048E-002  -9.3599481319425970E-002
   5.9239435273314871E-002  -6.9976414938151391E-002
   6.2248006162113470E-002  -4.4189643167132163E-002
   6.2889517915553236E-002  -1.7448249281249481E-002
   6.1092661063938306E-002   8.8826304640890683E-003
   5.7032955187129156E-002   3.3491938281978891E-002
   5.1081612163770197E-002   5.5320505816248269E-002
   4.3728149802172572E-002   7.3676606956109572E-002
   3.5504498507035381E-002   8.8240727615459383E-002
   2.6916427577615788E-002   9.8985495961914374E-002
   1.8387091709821491E-002  0.10606927423231780     
   1.0227347451900327E-002  0.10975086893955902     
   2.6388184790570456E-003  0.11033637517454838     
  -4.2641549655437674E-003  0.10814650260143162     
  -1.0431626773491130E-002  0.10349528334678069     
  -1.5860319279773796E-002   9.6678989877538341E-002
  -2.0578768657325334E-002   8.7973675793282302E-002
  -2.4634038126967010E-002   7.7636554397263038E-002
  -2.8080999786819258E-002   6.5907283045069875E-002
  -3.0974847439356648E-002   5.3008216714515728E-002
  -3.3366763589624059E-002   3.9143968231774941E-002
  -3.5302151721458085E-002   2.4500358107822643E-002
  -3.6820114083131822E-002   9.2432050905823428E-003
  -3.7953344792485369E-002  -6.4817379933798823E-003
  -3.8728800443538165E-002  -2.2546719641072396E-002
  -3.9168716407655624E-002  -3.8837786292813190E-002
  -3.9290458713329202E-002  -5.5249135434707976E-002
  -3.9105052991335099E-002  -7.1677431856524657E-002
  -3.8615427937378939E-002  -8.8017161234494296E-002
  -3.7815077544599639E-002 -0.10415743131251043     
  -3.6687567219510851E-002 -0.11998015350780324     
  -3.5207235280413723E-002 -0.13535896997070473     
  -3.3340946719557313E-002 -0.15015796663597983     
  -3.1050247883271303E-002 -0.16422943335363541     
  -2.8293193343929993E-002 -0.17741037060506182     
  -2.5025421186164208E-002 -0.18951786731261425     
  -2.1200684490266571E-002 -0.20034396796344436     
  -1.6771806782886176E-002 -0.20965115647378493     
  -1.1693522097189681E-002 -0.21716982430732867     
  -5.9287501611010934E-003 -0.22259886973388349     
   5.4036092763007988E-004 -0.22561012031190017     
   7.6959487733918863E-003 -0.22585715755179081     
   1.5463172323701290E-002 -0.22298977211763324     
   2.3686692749263587E-002 -0.21667661435051916     
   3.2109368135237744E-002 -0.20664018353071287     
   4.0359724397151631E-002 -0.19270918506575901     
   4.7957306481230491E-002 -0.17489118700202075     
   5.4346521093175851E-002 -0.15345964016054398     
   5.8965750855203440E-002 -0.12903184545897628     
   6.1345858512463360E-002 -0.10259537898754900     
   6.1214070093996716E-002  -7.5438645207573360E-002
   5.8566218009489454E-002  -4.8974944884839659E-002
   5.3673862434937394E-002  -2.4510429487417097E-002
   4.7017779674467124E-002  -3.0490548640802603E-003
   3.9177113990299092E-002   1.4792850143227261E-002
   3.0720372017173214E-002   2.8759526253445709E-002
   2.2131332738104064E-002   3.8866548305584253E-002
   1.3777943034827909E-002   4.5302232982987467E-002
   5.9130519496232584E-003   4.8349286587691935E-002
  -1.3099802950988495E-003   4.8333915620575818E-002
  -7.8153163933667481E-003   4.5595432127287124E-002
  -1.3582600811674629E-002   4.0468072838997067E-002
  -1.8629026236789595E-002   3.3270403530165554E-002
  -2.2992313576714347E-002   2.4298317270208328E-002
  -2.6722077497125921E-002   1.3820238679051508E-002
  -2.9874444305885883E-002   2.0741723116656677E-003
  -3.2505751761543362E-002  -1.0733590014013528E-002
  -3.4669188143328554E-002  -2.4426026019607125E-002
  -3.6415830238901929E-002  -3.8847907048405329E-002
  -3.7792073146032348E-002  -5.3858669581903759E-002
  -3.8831372193989390E-002  -6.9329587499789777E-002
  -3.9557956436804459E-002  -8.5140180357594492E-002
  -3.9992407029058631E-002 -0.10117381834757726     
  -4.0141514753081545E-002 -0.11731803912611981     
  -3.9993038304591472E-002 -0.13346519620643946     
  -3.9522042311536665E-002 -0.14950590470898892     
  -3.8705093435248646E-002 -0.16531964293249415     
  -3.7521090456075573E-002 -0.18077498373707299     
  -3.5939633514992624E-002 -0.19573482633578843     
  -3.3923104031552374E-002 -0.21005121548323399     
  -3.1429541174886097E-002 -0.22355646464044082     
  -2.8410609530920099E-002 -0.23606131722317616     
  -2.4829941665743566E-002 -0.24735194547903955     
  -2.0650576387085090E-002 -0.25718693540988724     
  -1.5844432497134797E-002 -0.26530119065181534     
  -1.0393397209969405E-002 -0.27141589717848252     
  -4.3230602743646127E-003 -0.27524434444324403     
   2.3235327500982137E-003 -0.27650438295305013     
   9.4519871512281466E-003 -0.27492516574744474     
   1.6915082034306545E-002 -0.27025645224162492     
   2.4520494330437143E-002 -0.26229002814001440     
   3.2042459959583207E-002 -0.25088810187016763     
   3.9183496762560041E-002 -0.23601335561676567     
   4.5641160072543034E-002 -0.21777612499081944     
   5.1098088210260337E-002 -0.19647363767646675     
   5.5210302328341891E-002 -0.17261878230964980     
   5.7532242486823801E-002 -0.14695344699649271     
   5.7660490939243060E-002 -0.12045185152720488     
   5.5410932776513280E-002  -9.4262487290354788E-002
   5.0981719393294718E-002  -6.9574241530952652E-002
   4.4827799929270579E-002  -4.7424844299176455E-002
   3.7463892855584845E-002  -2.8546843943924639E-002
   2.9358194375445720E-002  -1.3319724552813340E-002
   2.0940111244681769E-002  -1.8232644374172899E-003
   1.2544201478275160E-002   6.0682466058670408E-003
   4.4297017199801522E-003   1.0589235692415400E-002
  -3.2233409106888150E-003   1.2022971429958026E-002
  -1.0262288501914308E-002   1.0672303997322892E-002
  -1.6540806466338556E-002   6.8559160450152598E-003
  -2.1949518201048682E-002   9.1547765034681106E-004
  -2.6442307402686591E-002  -6.7875304711227024E-003
  -3.0073097944316340E-002  -1.5885755071600127E-002
  -3.2955289304583163E-002  -2.6034871556570451E-002
  -3.5218341456601361E-002  -3.6942219868864909E-002
  -3.6977182725410951E-002  -4.8382399804284680E-002
  -3.8300360985985639E-002  -6.0195472826638584E-002
  -3.9228994748258486E-002  -7.2266663814632356E-002
  -3.9801747170853934E-002  -8.4500777319464440E-002
  -4.0059738643507772E-002  -9.6802616070019540E-002
  -4.0033714909349254E-002 -0.10906846290506045     
  -3.9731297108037099E-002 -0.12118715128416935     
  -3.9150839685417618E-002 -0.13304418982218008     
  -3.8288439741501583E-002 -0.14452713525007677     
  -3.7142846893193242E-002 -0.15552887003632040     
  -3.5712317124281134E-002 -0.16594866156234367     
  -3.3993191385357141E-002 -0.17569054772598133     
  -3.1985590663864742E-002 -0.18465920618798187     
  -2.9676870657723359E-002 -0.19275588470668928     
  -2.7037025406864128E-002 -0.19987165208119984     
  -2.4009885975554694E-002 -0.20587908762345017     
  -2.0526318214466967E-002 -0.21062127595054281     
  -1.6509737712885109E-002 -0.21390132515782107     
  -1.1894768352087538E-002 -0.21547525432562367     
  -6.6305755374721784E-003 -0.21505125940300338     
  -7.1153630064826033E-004 -0.21229507883951684     
   5.8555507646180270E-003 -0.20684707012337128     
   1.2990423928064716E-002 -0.19833992910541223     
   2.0591429022186008E-002 -0.18643247298805543     
   2.8445902618745997E-002 -0.17084489245165030     
   3.6246366950751972E-002 -0.15141496151188413     
   4.3532975880296275E-002 -0.12816223495356943     
   4.9788090044825713E-002 -0.10136524098660141     
   5.4409138958882733E-002  -7.1616326662707661E-002
   5.6876001791141537E-002  -3.9848801906865856E-002
   5.6809770503100293E-002  -7.2912792509364881E-003
   5.4152155966811034E-002   2.4645570358721641E-002
   4.9109906536389407E-002   5.4560118938735115E-002
   4.2199420087245219E-002   8.1264256879588895E-002
   3.4082860497852738E-002  0.10395813985881687     
   2.5443504120039036E-002  0.12230302803862540     
   1.6790758847843323E-002  0.13638024558704018     
   8.5285638589281641E-003  0.14654401378116944     
   9.0037171823584652E-004  0.15326320150749137     
  -5.9419242895821876E-003  0.15699728886196684     
  -1.1931702300023057E-002  0.15814616287282246     
  -1.7073315079296075E-002  0.15705449776241678     
  -2.1451478065388139E-002  0.15403696862446425     
  -2.5158224463029351E-002  0.14939100321798524     
  -2.8284618963977520E-002  0.14339778793381561     
  -3.0902411400544335E-002  0.13631154111414570     
  -3.3076536852773578E-002  0.12835181216276220     
  -3.4843258696433739E-002  0.11969852729417221     
  -3.6237772226018053E-002  0.11049670894570394     
  -3.7290878254859258E-002  0.10086472502615755     
  -3.7991509271882537E-002   9.0901508040337489E-002
  -3.8352433376830461E-002   8.0700388268276788E-002
  -3.8429320633171581E-002   7.0356091759640110E-002
  -3.8258653442520982E-002   5.9962553760025745E-002
  -3.7853567344797501E-002   4.9612180602803542E-002
  -3.7214635232621869E-002   3.9394614391365247E-002
  -3.6327682313605253E-002   2.9395302706440470E-002
  -3.5175668613584260E-002   1.9694852409030815E-002
  -3.3750580067349184E-002   1.0368498698894869E-002
  -3.2030661080546793E-002   1.4872294030603239E-003
  -2.9954813334253486E-002  -6.8744928806845750E-003
  -2.7439700876668031E-002  -1.4621968591699357E-002
  -2.4427687304632434E-002  -2.1620961549034749E-002
  -2.0903213153530800E-002  -2.7687258847784151E-002
  -1.6878718353560838E-002  -3.2590038071061429E-002
  -1.2356167314168005E-002  -3.6065803522380327E-002
  -7.3306107331553719E-003  -3.7831776541337750E-002
  -1.7831525534467588E-003  -3.7595317202428244E-002
   4.2874916323946913E-003  -3.5053852147244449E-002
   1.0871042331027116E-002  -2.9895470191647362E-002
   1.7899009233323007E-002  -2.1801548485435626E-002
   2.5257112760735681E-002  -1.0467471209386247E-002
   3.2761072101275962E-002   4.3544114929452071E-003
   4.0073194505860957E-002   2.2788930606001543E-002
   4.6648217899859186E-002   4.4748605355242298E-002
   5.1853284229135807E-002   6.9832708288018908E-002
   5.5040052673062438E-002   9.7270457070147018E-002
   5.5754424075207469E-002  0.12593427309830391     
   5.3870327068945324E-002  0.15445735127120930     
   4.9545906693315607E-002  0.18144271865015110     
   4.3209275456130694E-002  0.20568893646153324     
   3.5486022101207937E-002  0.22636963418341038     
   2.7067194591029412E-002  0.24310769220176950     
   1.8553892414573489E-002  0.25593484399527594     
   1.0381961267449506E-002  0.26517041638308886     
   2.8572035696191609E-003  0.27127216949283073     
  -3.8815202018534080E-003  0.27472373706640418     
  -9.8656993489300449E-003  0.27596926871776367     
  -1.5092067622908501E-002  0.27537067444538205     
  -1.9591330740463715E-002  0.27320487980525437     
  -2.3415112124025216E-002  0.26965888058256637     
  -2.6599728763300929E-002  0.26482777138967828     
  -2.9167763283165307E-002  0.25872535201206515     
  -3.1178929926031877E-002  0.25130799689644179     
  -3.2726382852384231E-002  0.24250845467585708     
  -3.3904117987442479E-002  0.23227302122140620     
  -3.4749556511292953E-002  0.22059264212284097     
  -3.5319505257934397E-002  0.20753195403075630     
  -3.5660733028220683E-002  0.19323316464002604     
  -3.5799836409608252E-002  0.17790475157603694     
  -3.5742247487432419E-002  0.16179878503252637     
  -3.5483502346604218E-002  0.14518581699507432     
  -3.5009430271760032E-002  0.12833479773247575     
  -3.4285919615564632E-002  0.11149998376794858     
  -3.3293276103469133E-002   9.4917973677235659E-002
  -3.2032398137444379E-002   7.8805608482311162E-002
  -3.0521139856878692E-002   6.3357241209497359E-002
  -2.8768028794789541E-002   4.8739900471297733E-002
  -2.6759277570112896E-002   3.5092691478494809E-002
  -2.4442696955872683E-002   2.2533590781309180E-002
  -2.1739225432032216E-002   1.1174833753842407E-002
  -1.8599022646531349E-002   1.1451875187806001E-003
  -1.4977493927528552E-002  -7.3945363306720194E-003
  -1.0797512326990284E-002  -1.4242818462010186E-002
  -5.9796949029999342E-003  -1.9149571484837789E-002
  -4.5079095652190759E-004  -2.1813507762422694E-002
   5.8819091512230595E-003  -2.1885476590427354E-002
   1.3047488092302139E-002  -1.8971056639479161E-002
   2.0965825934150507E-002  -1.2654184487890833E-002
   2.9385524910256765E-002  -2.5503833349254604E-003
   3.7795445363508977E-002   1.1603286244211699E-002
   4.5460259503705733E-002   2.9817798353934707E-002
   5.1563783894052653E-002   5.1719381625273071E-002
   5.5409879272999091E-002   7.6467121808870053E-002
   5.6573738530481102E-002  0.10277741082639798     
   5.4927826146662966E-002  0.12908399558579745     
   5.0712291253252779E-002  0.15379032015934216     
   4.4469289619729534E-002  0.17555684752697950     
   3.6910811024321227E-002  0.19352201321635565     
   2.8790102275434541E-002  0.20737715136141183     
   2.0726724368754845E-002  0.21728863182155750     
   1.3110285388460969E-002  0.22370985238563829     
   6.1614825658932925E-003  0.22717164639509968     
  -4.8578286972109007E-005  0.22814638213181337     
  -5.5106414976353246E-003  0.22699702340566449     
  -1.0261597565509879E-002  0.22399847250026081     
  -1.4389244934551940E-002  0.21937876075017004     
  -1.7983407774849060E-002  0.21333767137896259     
  -2.1149723695441703E-002  0.20604895353777677     
  -2.3973952887217844E-002  0.19764658680316730     
  -2.6522571303142155E-002  0.18822046648913573     
  -2.8841275955759929E-002  0.17782586433727374     
  -3.0951971324584160E-002  0.16650210596958515     
  -3.2845749217238027E-002  0.15429334888743657     
  -3.4488337538053845E-002  0.14126496357522417     
  -3.5831677052352962E-002  0.12751216554359293     
  -3.6832394552916134E-002  0.11316153354627261     
  -3.7453380013257674E-002   9.8365710104295456E-002
  -3.7670198618650570E-002   8.3296380255512545E-002
  -3.7460267097754997E-002   6.8136335052768018E-002
  -3.6807463217545834E-002   5.3075022759096160E-002
  -3.5705406143161124E-002   3.8304890821836676E-002
  -3.4148960425142753E-002   2.4016900153877543E-002
  -3.2138239756087233E-002   1.0397903068926002E-002
  -2.9670744897746487E-002  -2.3735387950730180E-003
  -2.6737544469524869E-002  -1.4125642084431851E-002
  -2.3342311866464942E-002  -2.4688010248288657E-002
  -1.9479133037523706E-002  -3.3891804615479332E-002
  -1.5150551188391889E-002  -4.1554296029670833E-002
  -1.0375881042267549E-002  -4.7469297074786081E-002
  -5.1649548705755242E-003  -5.1427170940922189E-002
   4.6874608091683782E-004  -5.3226599819311500E-002
   6.4716676730804581E-003  -5.2664712028474940E-002
   1.2735870474524201E-002  -4.9545851082220906E-002
   1.9104775360938856E-002  -4.3719165394418592E-002
   2.5391907478566067E-002  -3.5113378850368589E-002
   3.1402190216655239E-002  -2.3744998616378642E-002
   3.6935375427953582E-002  -9.7099988661369339E-003
   4.1768950242096863E-002   6.8126205068543460E-003
   4.5643889339848989E-002   2.5530820858752912E-002
   4.8275817867667492E-002   4.5997003334684199E-002
   4.9393455129210173E-002   6.7579903080333362E-002
   4.8795271171273018E-002   8.9472143992185837E-002
   4.6414904977438158E-002  0.11074994694088028     
   4.2371031184638835E-002  0.13049160965470488     
   3.6960205306533683E-002  0.14792207511043134     
   3.0579376429665659E-002  0.16251154178595259     
   2.3626864981668407E-002  0.17398204193273534     
   1.6445416961447433E-002  0.18225103860184855     
   9.3159067002066259E-003  0.18737241166091442     
   2.4651502912259593E-003  0.18949855034097590     
  -3.9332818824197669E-003  0.18885207339687421     
  -9.7574679081935366E-003  0.18569974387663438     
  -1.4929219660968740E-002  0.18033283724369387     
  -1.9406717405118103E-002  0.17305461081049170     
  -2.3181866546783694E-002  0.16416962740659730     
  -2.6278766265088144E-002  0.15397165423333267     
  -2.8749098820200134E-002  0.14273114659079819     
  -3.0663402698853787E-002  0.13068512913317548     
  -3.2099703554775830E-002  0.11803205477410662     
  -3.3132603594601170E-002  0.10493264362005895     
  -3.3825790735143260E-002   9.1515469080133277E-002
  -3.4228842183903110E-002   7.7884719975841302E-002
  -3.4377161232432375E-002   6.4127902979022128E-002
  -3.4293410021760437E-002   5.0322451154035101E-002
  -3.3989496118971729E-002   3.6541066704796205E-002
  -3.3468849351643168E-002   2.2855736705781986E-002
  -3.2728626501482783E-002   9.3402207108627799E-003
  -3.1760857645481470E-002  -3.9288560830349562E-003
  -3.0551386698209358E-002  -1.6871257039820703E-002
  -2.9076412863224536E-002  -2.9400922372237962E-002
  -2.7298068537645589E-002  -4.1420736069702348E-002
  -2.5161587164794330E-002  -5.2814140890879581E-002
  -2.2596334577361966E-002  -6.3435238743899780E-002
  -1.9521511253727773E-002  -7.3099982464860380E-002
  -1.5855812413164215E-002  -8.1580759063089342E-002
  -1.1529725794334599E-002  -8.8605639575267375E-002
  -6.4994239251664919E-003  -9.3862777104148518E-002
  -7.6164060988403797E-004  -9.7010397024361358E-002
   5.6312343683395721E-003  -9.7693422526910156E-002
   1.2557761273970207E-002  -9.5568267776104471E-002
   1.9819151734976306E-002  -9.0336626522328836E-002
   2.7139361125278018E-002  -8.1787056205483114E-002
   3.4174295824316005E-002  -6.9841015208780610E-002
   4.0528315066015508E-002  -5.4599553137537449E-002
   4.5778265337706348E-002  -3.6387396382382205E-002
   4.9512198333719275E-002  -1.5786941428635223E-002
   5.1391897609702517E-002   6.3585102829573168E-003
   5.1232969210890052E-002   2.9003462803536360E-002
   4.9069190055967632E-002   5.1035039168019783E-002
   4.5158352739678873E-002   7.1449468707781405E-002
   3.9915956839819626E-002   8.9496645922438445E-002
   3.3809140673229529E-002  0.10473480396940439     
   2.7262289766473879E-002  0.11699517267787633     
   2.0605721006330451E-002  0.12630016001191258     
   1.4067971646171242E-002  0.13278028057790778     
   7.7957412281613641E-003  0.13661425354447201     
   1.8831350974232066E-003  0.13799740700902610     
  -3.6040848851228123E-003  0.13713173711676277     
  -8.6157004149156023E-003  0.13422635304623973     
  -1.3114128758675092E-002  0.12949898711133803     
  -1.7076093809650812E-002  0.12317425517118402     
  -2.0494111286829444E-002  0.11547856273773777     
  -2.3375291772775093E-002  0.10663370194792186     
  -2.5737299607966738E-002   9.6851525564511445E-002
  -2.7602865303448975E-002   8.6331230100962039E-002
  -2.8994654770551277E-002   7.5259541503173044E-002
  -2.9931874907164344E-002   6.3813086613257505E-002
  -3.0429241288008984E-002   5.2161670489830843E-002
  -3.0498129414954275E-002   4.0471104170434730E-002
  -3.0149105230965329E-002   2.8904587618882260E-002
  -2.9394760828842705E-002   1.7622263041953849E-002
  -2.8251868650821521E-002   6.7791842895122715E-003
  -2.6742211241911180E-002  -3.4775652294695126E-003
  -2.4891943297128731E-002  -1.3011625322511291E-002
  -2.2729896673299905E-002  -2.1699049979099334E-002
  -2.0285723408204625E-002  -2.9428370227061840E-002
  -1.7589042168182061E-002  -3.6099103736233970E-002
  -1.4670679041935525E-002  -4.1619566239258173E-002
  -1.1566634588867508E-002  -4.5905543980170202E-002
  -8.3246604466222351E-003  -4.8881806763436696E-002
  -5.0124105866717530E-003  -5.0488458432934084E-002
  -1.7249999316757748E-003  -5.0693609903315680E-002
   1.4116405461639418E-003  -4.9512410093869502E-002
   4.2464249374294209E-003  -4.7029407194834387E-002
   6.6217244224011026E-003  -4.3416625577013174E-002
   8.4038663653103508E-003  -3.8936168902835244E-002
   9.5163045515292786E-003  -3.3918342079379993E-002
   9.9607776537066917E-003  -2.8716630719687396E-002
   9.8155116125496090E-003  -2.3654081526789140E-002
   9.2116973908451076E-003  -1.8981035660282884E-002
   8.3006136527334178E-003  -1.4856732466036499E-002
   7.2252131140572076E-003  -1.1353880715298390E-002
   6.1030522563204912E-003  -8.4767485455757730E-003
   5.0200666286671965E-003  -6.1830861054893126E-003
   4.0316424817611945E-003  -4.4040097599972131E-003
   3.1675582546050545E-003  -3.0594384798753155E-003
   2.4382668587586771E-003  -2.0687257924178548E-003
   1.8409231783169686E-003  -1.3571844005232376E-003
   1.3644348902429359E-003  -8.5953826880157981E-004
   9.9337005746421409E-004  -5.2123919644772457E-004
   7.1077291563708647E-004  -2.9838424887442173E-004
   5.0003241830196487E-004  -1.5680182457862406E-004
   3.4600316719920256E-004  -7.0721007443184974E-005
   2.3557727140184368E-004  -2.1301376119873607E-005
   1.5787184818504108E-004   4.8014352254896050E-006
   1.0416450153414713E-004   1.6729948231152213E-005
   6.7680303642945235E-005   2.0526638592645841E-005
   4.3305703897614430E-005   2.0027860164446397E-005
   2.7281796063532942E-005   1.7557612438184589E-005
   1.6912002682944206E-005   1.4443148292413182E-005
   1.0304830124273561E-005   1.1382261631500356E-005
   6.1606606715878861E-006   8.6941596427470776E-006
   3.6033750359339744E-006   6.4836298598453059E-006
   2.0526641770167601E-006   4.7437303289208179E-006
   1.1304566184194435E-006   3.4168968824083641E-006
   5.9430237625580851E-007   2.4291650324865969E-006
   2.9111454637489153E-007   1.7077850931494681E-006
   1.2573709512148873E-007   1.1890852683307038E-006
   3.9989156280433185E-008   8.2094755882404975E-007
  -1.0693202971713404E-009   5.6254957023522819E-007
  -1.7996692612179871E-008   3.8290820941406326E-007
  -2.2597655069978921E-008   2.5906259137756273E-007
  -2.1445267161439563E-008   1.7431425184324998E-007
  -1.8051010531946449E-008   1.1670370008454071E-007
  -1.4179670645034091E-008   7.7774155633435999E-008
  -1.0631383578471899E-008   5.1610188505008505E-008
  -7.6967997295893226E-009   3.4112577654989822E-008
  -5.4150391890257072E-009   2.2463840808617386E-008
  -3.7149270268019505E-009   1.4741427100229968E-008
  -2.4886838127420135E-009   9.6419025550501502E-009
  -1.6275966497519873E-009   6.2866983739588316E-009
  -1.0370610162751465E-009   4.0867351404879478E-009
  -6.4100131524486772E-010   2.6489312012023863E-009
  -3.8126167657465157E-010   1.7121468747894722E-009
  -2.1497166043696641E-010   1.1036035261278838E-009
  -1.1141237750571010E-010   7.0941802455330831E-010
  -4.9087714872433584E-011   4.5479263818540036E-010
  -1.3268762929677289E-011   2.9076423337975623E-010
   5.9385311893257758E-012   1.8538214583063572E-010
   1.5050448162101353E-011   1.1785964924364266E-010
   1.8270068896451178E-011   7.4712026335412277E-011
   1.8245781411806193E-011   4.7215790524230191E-011
   1.6600364855303968E-011   2.9742824516816903E-011
   1.4293116978633758E-011   1.8671675604744062E-011
   1.1863332728422966E-011   1.1678213526833627E-011
   9.5911461079398968E-012   7.2748023359150886E-012
   7.6018458013464505E-012   4.5117542087321285E-012
   5.9321750079791435E-012   2.7844376505135758E-012
   4.5714886273398516E-012   1.7089763100729537E-012
   3.4865679291916111E-012   1.0423547837384758E-012
   2.6360121116151968E-012   6.3119833471051840E-013
   1.9781255457152695E-012   3.7901976910670170E-013
   1.4748527827246568E-012   2.2532967282237338E-013
   1.0933940090283637E-012   1.3234845725638043E-013
   8.0652446139365232E-013   7.6577141555043042E-014
   5.9224393084833783E-013   4.3465631785028948E-014
   4.3312757259574220E-013   2.4050479054885740E-014
   3.1558879280212219E-013   1.2841467567699516E-014
   2.2916624981905881E-013   6.4978091358352395E-015
   1.6588795663899703E-013   3.0020762003625166E-015
   1.1973148681965789E-013   1.1468753546195378E-015
   8.6180806816287906E-014   2.1733634037590062E-016
   6.1871122773288329E-014  -2.0426061747673415E-016
   4.4309435255426052E-014  -3.5799438600584984E-016
   3.1657815027073760E-014  -3.7891215397074471E-016
   2.2567274882676634E-014  -3.4079606532805644E-016
   1.6051651130304137E-014  -2.8229832185968770E-016
   1.1392636448582322E-014  -2.2237226254384818E-016
   8.0687672189470443E-015  -1.6925728900139260E-016
   5.7026438055364523E-015  -1.2561880150793082E-016
   4.0219104842297592E-015  -9.1421101500415957E-017
   2.8305437254448455E-015  -6.5482665903606154E-017
   1.9878146938365798E-015  -4.6279457208024789E-017
   1.3929335365181302E-015  -3.2329318123121795E-017
   9.7387986909153869E-016  -2.2350670141181288E-017
   6.7930415655112039E-016  -1.5305517418646453E-017
   4.7267301731193063E-016  -1.0387830348269425E-017
   3.2804834913652954E-016  -6.9900503495140893E-018
   2.2705218483487890E-016  -4.6643671422083640E-018
   1.5668949573129662E-016  -3.0865170997997987E-018
   1.0779004086713498E-016  -2.0251030667513038E-018
   7.3895718146782924E-017  -1.3170412033639612E-018
   5.0467736766668768E-017  -8.4864311091494246E-019
   3.4322850717807797E-017  -5.4143253915557700E-019
   2.3233284239563298E-017  -3.4173120121705563E-019
   1.5643384720720218E-017  -2.1313854369546221E-019
   1.0469340587249902E-017  -1.3117598324754881E-019
   6.9578900134957839E-018  -7.9517700724254420E-020
   4.5868402274052851E-018  -4.7365702356756779E-020
   2.9951620264753134E-018  -2.7639090439742999E-020
   1.9339628211420953E-018  -1.5736001618921713E-020
   1.2321681941930926E-018  -8.6942109328314424E-021
   7.7254220260480234E-019  -4.6267107152366802E-021
   4.7495633158932575E-019  -2.3453447988870326E-021
   2.8472173728655702E-019  -1.1119910032878348E-021
   1.6445469933981550E-019  -4.7598614054884847E-022
   8.8375420743827143E-020  -1.6898623297970138E-022
   3.8104365129404936E-020  -3.5875091684045679E-023
   0.0000000000000000        0.0000000000000000     
