 Initial conditions outputted from a previous simulation. Time =    61.400000000000006     
   40.000000000000000        0.0000000000000000              500           1   61.400000000000006     
  -2.1987977952800445E-002  0.12530773864836020     
  -2.5369831986495693E-002  0.11392894040087839     
  -2.8256715561002517E-002  0.10134982896078612     
  -3.0657450160854020E-002   8.7772501273851819E-002
  -3.2643320783465948E-002   7.3365349532119609E-002
  -3.4219382984465613E-002   5.8309611718981365E-002
  -3.5434788160064914E-002   4.2736406721943759E-002
  -3.6315937243496611E-002   2.6778433956199593E-002
  -3.6882594185345549E-002   1.0556065042776707E-002
  -3.7149787968592932E-002  -5.8185536708058767E-003
  -3.7124164215506988E-002  -2.2236464135593072E-002
  -3.6805002312510771E-002  -3.8589973718971632E-002
  -3.6184762954606174E-002  -5.4769631175201623E-002
  -3.5249042847776794E-002  -7.0660823348786275E-002
  -3.3977223197001805E-002  -8.6140368295164166E-002
  -3.2343616235638466E-002 -0.10107248607707532     
  -3.0318967579616746E-002 -0.11530379205845916     
  -2.7872276922246697E-002 -0.12865708032510936     
  -2.4972382030422915E-002 -0.14092395127962654     
  -2.1588264174123441E-002 -0.15185738410758698     
  -1.7687139888665760E-002 -0.16116706879054984     
  -1.3230843572406640E-002 -0.16852175149819471     
  -8.1739220989056581E-003 -0.17356204921783119     
  -2.4691950446121538E-003 -0.17592284577125730     
   3.9148860492084041E-003 -0.17525879075949641     
   1.0966351486699930E-002 -0.17126506228208083     
   1.8598362721645022E-002 -0.16369131253903221     
   2.6622602499857748E-002 -0.15235537129142848     
   3.4732554497293899E-002 -0.13716760136272219     
   4.2501356425361479E-002 -0.11817414457011123     
   4.9404482637425813E-002  -9.5619106211534549E-002
   5.4879236790789022E-002  -7.0011943463084522E-002
   5.8418247551214053E-002  -4.2168885352679673E-002
   5.9669988452736390E-002  -1.3188910165574544E-002
   5.8509485787226707E-002   1.5657067969459870E-002
   5.5056922428870884E-002   4.3101851424763603E-002
   4.9645211680550243E-002   6.8061896969790703E-002
   4.2750921489640659E-002   8.9758877597823333E-002
   3.4906728401555495E-002  0.10775368947108933     
   2.6618580904620350E-002  0.12190576720844341     
   1.8310709835598283E-002  0.13229602112668720     
   1.0304179108548360E-002  0.13914772928475402     
   2.8169746080876114E-003  0.14276080828725390     
  -4.0243115696781259E-003  0.14346586725290192     
  -1.0164251631225765E-002  0.14159750206468122     
  -1.5595771476717283E-002  0.13747995092446921     
  -2.0341685100196384E-002  0.13141875292851624     
  -2.4441854701686819E-002  0.12369556501593644     
  -2.7944305035954572E-002  0.11456509719441724     
  -3.0899687264387271E-002  0.10425412199298136     
  -3.3358518548255715E-002   9.2962915332533508E-002
  -3.5369775411678864E-002   8.0868733467407972E-002
  -3.6979682187893562E-002   6.8130204985361598E-002
  -3.8230224966147891E-002   5.4891586761967370E-002
  -3.9157294430702837E-002   4.1286183831865671E-002
  -3.9788700992203656E-002   2.7438611132492359E-002
  -4.0142583067447869E-002   1.3466047482289141E-002
  -4.0226711447129616E-002  -5.2096579958909759E-004
  -4.0038933431436885E-002  -1.4417415963937892E-002
  -3.9568589771186935E-002  -2.8121636547727445E-002
  -3.8798253232989979E-002  -4.1531631504826250E-002
  -3.7704889505845676E-002  -5.4540124955489294E-002
  -3.6259874023466428E-002  -6.7029163476659145E-002
  -3.4428020387102722E-002  -7.8865349532108803E-002
  -3.2166339088457979E-002  -8.9896520598668511E-002
  -2.9423518558268805E-002  -9.9950053073081011E-002
  -2.6141212051439138E-002 -0.10883231891299569     
  -2.2257873945552887E-002 -0.11632830667222509     
  -1.7715001777674978E-002 -0.12220035300170870     
  -1.2465233112361798E-002 -0.12618587295003125     
  -6.4822967740156834E-003 -0.12799523468615578     
   2.2769904855983206E-004 -0.12731137913124518     
   7.6118423431412148E-003 -0.12379413374426582     
   1.5554723404135084E-002 -0.11709516247360366     
   2.3861767819321231E-002 -0.10688818250192796     
   3.2238190589500643E-002  -9.2916245238142889E-002
   4.0277075096906700E-002  -7.5059798434595093E-002
   4.7472675281251153E-002  -5.3423854770556875E-002
   5.3262240261122411E-002  -2.8425935450921636E-002
   5.7102715404328284E-002  -8.5072844919739220E-004
   5.8598575067619854E-002   2.8172829228938861E-002
   5.7593139104786202E-002   5.7298606882337705E-002
   5.4201865554975151E-002   8.5158259813871359E-002
   4.8792883141879219E-002  0.11056226308607811     
   4.1882640384804749E-002  0.13265105932623733     
   3.4025292127141650E-002  0.15094036796981022     
   2.5737171318896024E-002  0.16526913649749583     
   1.7441044060394196E-002  0.17571591434241571     
   9.4481850591010726E-003  0.18251833128780157     
   1.9708164537693617E-003  0.18600104838556367     
  -4.8785805947673920E-003  0.18652087050347330     
  -1.1041501844330988E-002  0.18443087362484867     
  -1.6500285224444647E-002  0.18006833939765313     
  -2.1274990006015741E-002  0.17374908487774654     
  -2.5406626026805747E-002  0.16575720166005375     
  -2.8943240264381973E-002  0.15634310222130438     
  -3.1937217399165552E-002  0.14573087555712799     
  -3.4442775190916132E-002  0.13412282561932010     
  -3.6517059803027226E-002  0.12170056042282389     
  -3.8208223254358561E-002  0.10862536301373986     
  -3.9553333966703748E-002   9.5038238825726082E-002
  -4.0567344571258018E-002   8.1059496427805647E-002
  -4.1248593338804623E-002   6.6795169121116466E-002
  -4.1595175603532077E-002   5.2347423825605317E-002
  -4.1609118002258791E-002   3.7820466226044347E-002
  -4.1286778138351028E-002   2.3323978063561047E-002
  -4.0613547870617946E-002   8.9797840229625860E-003
  -3.9579676000905943E-002  -5.0722256915791252E-003
  -3.8172790304243351E-002  -1.8677800663805109E-002
  -3.6365516745165027E-002  -3.1674464153097243E-002
  -3.4122031351232353E-002  -4.3892999634865676E-002
  -3.1408713170935805E-002  -5.5155828107822193E-002
  -2.8216020771456407E-002  -6.5275276686764847E-002
  -2.4545446718448861E-002  -7.4059249168513613E-002
  -2.0398474694757422E-002  -8.1317053365595235E-002
  -1.5795856785391766E-002  -8.6859255226426763E-002
  -1.0736470901721700E-002  -9.0496877618944635E-002
  -5.1625040330848908E-003  -9.2029835286112707E-002
   1.0072198453162195E-003  -9.1224094803858569E-002
   7.8181098495153211E-003  -8.7796297673027657E-002
   1.5209138353632476E-002  -8.1419525736753304E-002
   2.2976956555849803E-002  -7.1760211710353294E-002
   3.0834952088009453E-002  -5.8545361676983383E-002
   3.8428015112722015E-002  -4.1635578539682701E-002
   4.5328211238699713E-002  -2.1092196168814178E-002
   5.1067865862364559E-002   2.7691162280378515E-003
   5.5216867971950905E-002   2.9352292761787489E-002
   5.7408008616509160E-002   5.7794152943293639E-002
   5.7395807986360507E-002   8.7016165052028541E-002
   5.5115492132242830E-002  0.11581829788120014     
   5.0710883882614952E-002  0.14300350196164108     
   4.4457867495547615E-002  0.16751557757187527     
   3.6801880979827187E-002  0.18854990027819860     
   2.8325151020288247E-002  0.20562304622278052     
   1.9595628499509490E-002  0.21859040846302685     
   1.1078364102369918E-002  0.22759979055123045     
   3.1224786836464777E-003  0.23299971666648775     
  -4.0768776478267831E-003  0.23523691529079080     
  -1.0443636188221236E-002  0.23476555828001508     
  -1.5979735447705673E-002  0.23199223915729889     
  -2.0714302069475617E-002  0.22725544988225357     
  -2.4711098225863426E-002  0.22083436273535129     
  -2.8050103051416510E-002  0.21296742104429611     
  -3.0789501093893029E-002  0.20386890996564583     
  -3.2985618000459307E-002  0.19374373193882588     
  -3.4695855709449629E-002  0.18279285170786908     
  -3.5974487621444819E-002  0.17121261174442123     
  -3.6869495423795279E-002  0.15919045034384524     
  -3.7422402795779186E-002  0.14689873835855860     
  -3.7684834816873701E-002  0.13449038342448358     
  -3.7709698362566740E-002  0.12209455464986561     
  -3.7528629900784906E-002  0.10981568110166254     
  -3.7145671833627950E-002   9.7738608399862717E-002
  -3.6547277670856027E-002   8.5938965301765757E-002
  -3.5716330567838191E-002   7.4494922010832576E-002
  -3.4633026653193441E-002   6.3494112737418867E-002
  -3.3284832435831913E-002   5.3035434596083363E-002
  -3.1648819435291395E-002   4.3225123132475077E-002
  -2.9665814164255611E-002   3.4173255193259443E-002
  -2.7259513006158174E-002   2.5998299935177421E-002
  -2.4355117917201227E-002   1.8836619590671701E-002
  -2.0886157022563797E-002   1.2854320068443717E-002
  -1.6797335303962626E-002   8.2548971270827720E-003
  -1.2059949906507298E-002   5.2809171119539743E-003
  -6.6837974892221194E-003   4.2088773797381565E-003
  -6.6251590913488762E-004   5.3339024277177195E-003
   5.9600348064668893E-003   8.9606845328699773E-003
   1.3099449161431466E-002   1.5387507019645969E-002
   2.0662668537735025E-002   2.4887707222399778E-002
   2.8508760173454439E-002   3.7688831354530987E-002
   3.6391948757070837E-002   5.3937441593224458E-002
   4.3889961625468550E-002   7.3647406074163063E-002
   5.0462574433712742E-002   9.6621562187204357E-002
   5.5447964635570279E-002  0.12237587660825079     
   5.8180987970174146E-002  0.15008800116042653     
   5.8255267331174906E-002  0.17860483086404022     
   5.5670837206714646E-002  0.20655365471967363     
   5.0789876436685269E-002  0.23254612808015529     
   4.4255509225115515E-002  0.25541103295197998     
   3.6679720529004686E-002  0.27438754142037808     
   2.8592044463487256E-002  0.28917870435311849     
   2.0395379550224163E-002  0.29987729903454835     
   1.2450476985845577E-002  0.30680670583533537     
   5.0245619034524876E-003  0.31037354807839146     
  -1.7031558971427362E-003  0.31097566733233867     
  -7.6644071281500520E-003  0.30897419093324929     
  -1.2880481526080441E-002  0.30470046043044502     
  -1.7445661268922101E-002  0.29847032734947870     
  -2.1366348481631662E-002  0.29057877951534383     
  -2.4661429171787895E-002  0.28130366623769743     
  -2.7387831355764829E-002  0.27090006578476467     
  -2.9621471785865251E-002  0.25959458686387532     
  -3.1419550505026449E-002  0.24758180716444897     
  -3.2855975152476721E-002  0.23502656087195406     
  -3.4004347445077625E-002  0.22206576158188451     
  -3.4897544173494846E-002  0.20881096992760489     
  -3.5530713596034338E-002  0.19535629303233590     
  -3.5891568107762395E-002  0.18178949020837315     
  -3.5980557483336825E-002  0.16820177068634598     
  -3.5805680771644907E-002  0.15469195617356132     
  -3.5385505561207821E-002  0.14136647703847710     
  -3.4728937642707076E-002  0.12833575714731443     
  -3.3819227467253209E-002  0.11571161399764428     
  -3.2621008520104085E-002  0.10360768549173538     
  -3.1110083211387404E-002   9.2141624358205665E-002
  -2.9267675642379143E-002   8.1434057372170993E-002
  -2.7071141490450503E-002   7.1605986604726363E-002
  -2.4481853633203154E-002   6.2777961097813265E-002
  -2.1434565789435273E-002   5.5074014016634913E-002
  -1.7837155736475499E-002   4.8631000837238716E-002
  -1.3619075310208043E-002   4.3613972227951457E-002
  -8.7335221524833702E-003   4.0225360805566240E-002
  -3.1771875328267976E-003   3.8708794992757041E-002
   2.9977549767049184E-003   3.9346740490467741E-002
   9.7502893279132214E-003   4.2447785081615765E-002
   1.7021018244849681E-002   4.8335306218477696E-002
   2.4644350793566201E-002   5.7328608578993800E-002
   3.2355780039145306E-002   6.9700098319941575E-002
   3.9807514003501826E-002   8.5611455092058045E-002
   4.6574530304466934E-002  0.10503136124074613     
   5.2146025945384658E-002  0.12765146966876417     
   5.5984104987481506E-002  0.15281729301717706     
   5.7611525696780803E-002  0.17950207435731574     
   5.6683714818880362E-002  0.20635805995139697     
   5.3188328243932034E-002  0.23185040810303847     
   4.7534391498807137E-002  0.25447618614677731     
   4.0368010524293223E-002  0.27302650658787997     
   3.2396163528941049E-002  0.28678999454139453     
   2.4209686105352679E-002  0.29562644108992947     
   1.6197698584264130E-002  0.29988029301980607     
   8.6342656616482313E-003  0.30017925588143918     
   1.7275500827911010E-003  0.29722660667184403     
  -4.3985316567828354E-003  0.29166234888292281     
  -9.7202286141519715E-003  0.28401140810473380     
  -1.4305341595959788E-002  0.27469291845794169     
  -1.8267417547985297E-002  0.26404775741048320     
  -2.1712851999750100E-002  0.25236102350522427     
  -2.4685097994500117E-002  0.23987150469109250     
  -2.7183615487845546E-002  0.22677821575579007     
  -2.9236885798332703E-002  0.21324919113146545     
  -3.0886760903575641E-002  0.19942469862305365     
  -3.2176262813638175E-002  0.18542029689703349     
  -3.3151533006203590E-002  0.17132974075932123     
  -3.3842248344283413E-002  0.15722686591867363     
  -3.4246326083128512E-002  0.14316902564524961     
  -3.4373597416783627E-002  0.12920443733508899     
  -3.4256797136188386E-002  0.11537602803506576     
  -3.3940806953947161E-002  0.10172117939570932     
  -3.3476187242381196E-002   8.8270193717893131E-002
  -3.2902854501821156E-002   7.5045034452497023E-002
  -3.2215122822507325E-002   6.2062512221361159E-002
  -3.1365073217558867E-002   4.9346463218003865E-002
  -3.0258214286785691E-002   3.6944233736485546E-002
  -2.8781834124820670E-002   2.4947577881542848E-002
  -2.6787916901661137E-002   1.3505918068745616E-002
  -2.4137629115584973E-002   2.8368142300663709E-003
  -2.0723922656057620E-002  -6.7742312146917040E-003
  -1.6457523293043543E-002  -1.4985631347069782E-002
  -1.1312511243655279E-002  -2.1412138865069184E-002
  -5.3044455796129111E-003  -2.5646784891993929E-002
   1.4965829591376046E-003  -2.7282115883629887E-002
   8.9419823923306135E-003  -2.5933842890036331E-002
   1.6825416328691268E-002  -2.1274107749927648E-002
   2.4863943765380602E-002  -1.3069578506570803E-002
   3.2684976812561849E-002  -1.2264057529926932E-003
   3.9883263957808515E-002   1.4155968775478785E-002
   4.6017406324387986E-002   3.2742525876656152E-002
   5.0612461564837501E-002   5.3942105456944660E-002
   5.3318313438008795E-002   7.6908038503838247E-002
   5.3897311959850307E-002  0.10060354853052929     
   5.2336365101634412E-002  0.12390821632490161     
   4.8917899198317183E-002  0.14575841076492421     
   4.4066037034886638E-002  0.16530544958070131     
   3.8241589363163846E-002  0.18201378089781689     
   3.1913255448896956E-002  0.19566711848310672     
   2.5420513986706930E-002  0.20630535585444248     
   1.9006114260406746E-002  0.21410249800328598     
   1.2823447832024309E-002  0.21926188104254035     
   6.8996523763317505E-003  0.22196496844131994     
   1.2661773276194316E-003  0.22234987455114999     
  -4.0722241420854703E-003  0.22053698317570625     
  -9.0936461509874295E-003  0.21664996708139753     
  -1.3755460080908184E-002  0.21082793801044961     
  -1.8026798027010075E-002  0.20323123224548845     
  -2.1879029218640857E-002  0.19403177988514561     
  -2.5282949260555555E-002  0.18340596779501167     
  -2.8226925439816183E-002  0.17153518843709417     
  -3.0696790270294112E-002  0.15860421967901447     
  -3.2686235993203069E-002  0.14480970649075420     
  -3.4205022513976752E-002  0.13036071867865962     
  -3.5266606715623074E-002  0.11545885273371968     
  -3.5891561212744165E-002  0.10028869056704511     
  -3.6105109756266400E-002   8.5024776905400820E-002
  -3.5929501411774985E-002   6.9831563031352822E-002
  -3.5384920501020573E-002   5.4857463757568774E-002
  -3.4486842355661532E-002   4.0236701569416743E-002
  -3.3237788247292552E-002   2.6098362152156555E-002
  -3.1627486716668547E-002   1.2575184795175979E-002
  -2.9643024639148804E-002  -1.9211003021050643E-004
  -2.7278478854501520E-002  -1.2056938304560783E-002
  -2.4537179066755781E-002  -2.2874000654753566E-002
  -2.1426775290820561E-002  -3.2505662921185001E-002
  -1.7951182104355607E-002  -4.0822654108204216E-002
  -1.4104572948262098E-002  -4.7698998375665984E-002
  -9.8700038982095836E-003  -5.3003923654102225E-002
  -5.2216424397569438E-003  -5.6593009895762485E-002
  -1.2997075274801665E-004  -5.8299409482760599E-002
   5.4272155815330882E-003  -5.7926317438484184E-002
   1.1444537418641307E-002  -5.5245027654773349E-002
   1.7861153943151672E-002  -5.0006156836537093E-002
   2.4534418632726058E-002  -4.1970417527939223E-002
   3.1227179481053954E-002  -3.0958517460034737E-002
   3.7615681842764766E-002  -1.6911410932577069E-002
   4.3315722681668847E-002   5.2088913559799830E-005
   4.7919521454420161E-002   1.9591554166164690E-002
   5.1038539690338391E-002   4.1122779051775270E-002
   5.2352794722353178E-002   6.3825538820764680E-002
   5.1666310851355507E-002   8.6693075922814319E-002
   4.8959182537804000E-002  0.10863196163585005     
   4.4416208099453645E-002  0.12860346436174164     
   3.8410443371783391E-002  0.14577108104061592     
   3.1434749595301577E-002  0.15960290745744851     
   2.4002049267331491E-002  0.16989177017016102     
   1.6555415079905489E-002  0.17669752990998674     
   9.4209454088566395E-003  0.18025282905634402     
   2.8057517510330691E-003  0.18087648256740407     
  -3.1794670868351533E-003  0.17891453402541585     
  -8.4928672464002607E-003  0.17470690005436895     
  -1.3137114050737531E-002  0.16857127094106492     
  -1.7140470965824103E-002  0.16079780218775105     
  -2.0544593907324528E-002  0.15164959752328824     
  -2.3398752703721697E-002  0.14136469804256976     
  -2.5758162006665919E-002  0.13015679977283123     
  -2.7683448757320907E-002  0.11821387455519171     
  -2.9238838417214461E-002  0.10569554412301288     
  -3.0487898454713933E-002   9.2731121488561427E-002
  -3.1487357329626736E-002   7.9420312726195527E-002
  -3.2280734754949796E-002   6.5837589863428012E-002
  -3.2893506483146054E-002   5.2039881279089623E-002
  -3.3330659506430327E-002   3.8076348067232438E-002
  -3.3576731240357031E-002   2.3998784799851562E-002
  -3.3598091791932579E-002   9.8712302385091343E-003
  -3.3347051166124589E-002  -4.2223747176506491E-003
  -3.2767118364341215E-002  -1.8173266437621138E-002
  -3.1798461462880526E-002  -3.1845991016418260E-002
  -3.0382501514915235E-002  -4.5079264987648818E-002
  -2.8464827054750196E-002  -5.7688556930295322E-002
  -2.5996325802242499E-002  -6.9468999456029384E-002
  -2.2933364583981979E-002  -8.0197410774210123E-002
  -1.9238556972405497E-002  -8.9632918333904438E-002
  -1.4883792302269206E-002  -9.7516679165494405E-002
  -9.8567272618852002E-003 -0.10357213040987498     
  -4.1711179419654781E-003 -0.10750785519731823     
   2.1195152522510293E-003 -0.10902555799059893     
   8.9063789836506708E-003 -0.10783598685404740     
   1.6011083027657715E-002 -0.10368576403037606     
   2.3177916186971109E-002  -9.6396951309609694E-002
   3.0080195520958988E-002  -8.5916998128845429E-002
   3.6346641482904958E-002  -7.2368951567251510E-002
   4.1605850561665506E-002  -5.6084411264255972E-002
   4.5535759887071987E-002  -3.7602890677735194E-002
   4.7900593414944861E-002  -1.7634899293425505E-002
   4.8567293226283052E-002   2.9975164439093372E-003
   4.7508911581675611E-002   2.3425931926359972E-002
   4.4806548718571301E-002   4.2800887495586006E-002
   4.0649901020627280E-002   6.0359680542035846E-002
   3.5325559775253479E-002   7.5491389915939830E-002
   2.9186455870643210E-002   8.7783138148996145E-002
   2.2608891689210053E-002   9.7034201237120102E-002
   1.5950168630245100E-002  0.10323820539697907     
   9.5166518579452141E-003  0.10654445120758643     
   3.5462424452969610E-003  0.10721167895178792     
  -1.7952584378065656E-003  0.10556473906848207     
  -6.4076857958438975E-003  0.10196001282444810     
  -1.0245119205193038E-002   9.6760786213822184E-002
  -1.3303629873323522E-002   9.0320882113540821E-002
  -1.5610238101368905E-002   8.2974159794190899E-002
  -1.7213823535943217E-002   7.5027885170120184E-002
  -1.8178039970851653E-002   6.6758537441229601E-002
  -1.8575876944244975E-002   5.8409152002205991E-002
  -1.8485372033146600E-002   5.0187751542583071E-002
  -1.7986031527121214E-002   4.2266729379292434E-002
  -1.7155625598907941E-002   3.4783254405680544E-002
  -1.6067191897523724E-002   2.7840896485438141E-002
  -1.4786342068794216E-002   2.1512683178360786E-002
  -1.3369275933423172E-002   1.5845622173731866E-002
  -1.1862155561318760E-002   1.0866313908132422E-002
  -1.0302482267535561E-002   6.5866898267773694E-003
  -8.7226396548821389E-003   3.0083867481339251E-003
  -7.1547952108739262E-003   1.2422427948880594E-004
  -5.6352725492312935E-003  -2.0839438312855803E-003
  -4.2060463852967240E-003  -3.6501272570775732E-003
  -2.9118192812026210E-003  -4.6292390790253872E-003
  -1.7931577793546282E-003  -5.0989183399131792E-003
  -8.7836099778995853E-004  -5.1558030091090083E-003
  -1.7763352003467725E-004  -4.9064478322932217E-003
   3.1800819697417828E-004  -4.4556495242354197E-003
   6.3309726852048851E-004  -3.8959298355086269E-003
   8.0137886726303856E-004  -3.3008919387987222E-003
   8.5929262715239328E-004  -2.7231282396322806E-003
   8.4095890876440785E-004  -2.1957273948250227E-003
   7.7520370293161864E-004  -1.7358305819411767E-003
   6.8439873261461536E-004  -1.3488614658891194E-003
   5.8459341816009000E-004  -1.0325074702196933E-003
   4.8638380660055448E-004  -7.7997695523448162E-004
   3.9606833794247936E-004  -5.8239844210264044E-004
   3.1680120444124455E-004  -4.3043257880080098E-004
   2.4959671069640292E-004  -3.1525098579056186E-004
   1.9412888132079267E-004  -2.2904858558309374E-004
   1.4932227449896148E-004  -1.6523917458372258E-004
   1.1375963536090742E-004  -1.1845507564920976E-004
   8.5944392002858833E-005  -8.4438952708478535E-005
   6.4455679088657478E-005  -5.9886910565119571E-005
   4.8028188961411041E-005  -4.2280103959305894E-005
   3.5582877650225897E-005  -2.9726206138984381E-005
   2.6228049528040303E-005  -2.0820965121860465E-005
   1.9244293578406557E-005  -1.4533093963470407E-005
   1.4062032998619494E-005  -1.0111890057197995E-005
   1.0237111089562512E-005  -7.0150586537456937E-006
   7.4274794956504733E-006  -4.8534650985402381E-006
   5.3724735356997238E-006  -3.3495187890564388E-006
   3.8752110632168868E-006  -2.3062365196280564E-006
   2.7881223701741534E-006  -1.5844955042905122E-006
   2.0013373524683260E-006  -1.0864590605640187E-006
   1.4335349916655660E-006  -7.4359335429772519E-007
   1.0248382968129451E-006  -5.0806285785133238E-007
   7.3136438530892412E-007  -3.4658914185922963E-007
   5.2108625792933225E-007  -2.3609113999691775E-007
   3.7071733268495667E-007  -1.6060511798368605E-007
   2.6338339226091652E-007  -1.0911838408348120E-007
   1.8689425750565716E-007  -7.4051788281765899E-008
   1.3246798838244777E-007  -5.0200604529310333E-008
   9.3793880944436086E-008  -3.3997845681376429E-008
   6.6347407819408264E-008  -2.3003447573474212E-008
   4.6891383170809970E-008  -1.5551076782205121E-008
   3.3114042532268584E-008  -1.0504562651239711E-008
   2.3367315735011260E-008  -7.0903327403364405E-009
   1.6478113095994399E-008  -4.7823888226203640E-009
   1.1612617048612713E-008  -3.2235079243381264E-009
   8.1789248664155366E-009  -2.1713596465672155E-009
   5.7573559858546243E-009  -1.4617235048021090E-009
   4.0506606801718384E-009  -9.8341824992679262E-010
   2.8485101764681676E-009  -6.6123815447030780E-010
   2.0022126804432892E-009  -4.4435412170735157E-010
   1.4067367897070188E-009  -2.9843883503075492E-010
   9.8794728382816806E-010  -2.0032612041993972E-010
   6.9355284486207240E-010  -1.3439263340443073E-010
   4.8669327499944384E-010  -9.0108707811787773E-011
   3.4140110112563195E-010  -6.0382006589717735E-011
   2.3939261948442812E-010  -4.0438234443581904E-011
   1.6780082690817791E-010  -2.7065335171526351E-011
   1.1757499282291109E-010  -1.8103488113363004E-011
   8.2351629269588135E-011  -1.2101190984758113E-011
   5.7658520111271938E-011  -8.0834853159062082E-012
   4.0353888913911595E-011  -5.3958495858034970E-012
   2.8231458142166838E-011  -3.5991160238562591E-012
   1.9742470465940404E-011  -2.3987724409363596E-012
   1.3800125940082664E-011  -1.5974228825808675E-012
   9.6420609057741609E-012  -1.0628374715684050E-012
   6.7336824205250630E-012  -7.0649040531369060E-013
   4.7002473848792430E-012  -4.6915055778797775E-013
   3.2791566918863191E-012  -3.1121209253093358E-013
   2.2864599569548973E-012  -2.0620920870610427E-013
   1.5933459879079545E-012  -1.3646877976431683E-013
   1.1096476110468481E-012  -9.0197696656984297E-014
   7.7227189394105154E-013  -5.9532528492329150E-014
   5.3708773865126557E-013  -3.9234316164445521E-014
   3.7323955997905251E-013  -2.5815630100418120E-014
   2.5916282608508531E-013  -1.6957102725249010E-014
   1.7979304549176254E-013  -1.1117703207217220E-014
   1.2461140074842456E-013  -7.2746046424086111E-015
   8.6276711269829183E-014  -4.7496803637584870E-015
   5.9668167092536484E-014  -3.0938715197649361E-015
   4.1215745585173223E-014  -2.0101878809141206E-015
   2.8432038287288296E-014  -1.3024801721230692E-015
   1.9585038009356700E-014  -8.4139072941878278E-016
   1.3469543608019800E-014  -5.4174508665542587E-016
   9.2475329693062419E-015  -3.4755659953899471E-016
   6.3367498220069611E-015  -2.2209216606625796E-016
   4.3329815704420013E-015  -1.4129913450258492E-016
   2.9558695525462361E-015  -8.9462038131539983E-017
   2.0111485677737176E-015  -5.6336891513060965E-017
   1.3643509451636977E-015  -3.5263351151933748E-017
   9.2250652806055382E-016  -2.1923168932176989E-017
   6.2141628848827846E-016  -1.3525178375813916E-017
   4.1680878234721513E-016  -8.2713405693199760E-018
   2.7819984266352100E-016  -5.0076798185691945E-018
   1.8463298228519343E-016  -2.9966237799363414E-018
   1.2172728746069484E-016  -1.7689040210323913E-018
   7.9633567695624683E-017  -1.0274831678381948E-018
   5.1620880513289829E-017  -5.8542396382840359E-019
   3.3100144601265020E-017  -3.2584535238260474E-019
   2.0950486027724551E-017  -1.7621113693724822E-019
   1.3054993145198520E-017  -9.1891247661750246E-020
   7.9810869695040565E-018  -4.5701852639013131E-020
   4.7604920432738689E-018  -2.1286415170030934E-020
   2.7378530846838739E-018  -8.9640122025207696E-021
   1.4659941552696196E-018  -3.1360391704356874E-021
   6.2995433392676804E-019  -6.5598533126557021E-022
   0.0000000000000000        0.0000000000000000     
