 Initial conditions outputted from a previous simulation. Time =    18.600000000000001     
   40.000000000000000        0.0000000000000000              500           1   18.600000000000001     
  -2.1987977952692358E-002 -0.12530773865563025     
  -1.7823298203576626E-002 -0.13528513865959690     
  -1.3073305524470464E-002 -0.14359303170491841     
  -7.6386926951749166E-003 -0.14995432504983602     
  -1.5313319098899528E-003 -0.15407649311594410     
   5.2818184350106115E-003 -0.15562016285178473     
   1.2729549677582559E-002 -0.15425729952546202     
   2.0693231555614755E-002 -0.14965223725435794     
   2.8972241928179585E-002 -0.14150256997154798     
   3.7265378209840695E-002 -0.12958211193388786     
   4.5168826045562882E-002 -0.11380364533262001     
   5.2188772873814938E-002  -9.4300173586339797E-002
   5.7784869735867377E-002  -7.1506475499622121E-002
   6.1449405590004384E-002  -4.6209195708454408E-002
   6.2808930670744140E-002  -1.9523645428590468E-002
   6.1715073483927164E-002   7.2272755810279992E-003
   5.8283621734647587E-002   3.2708594147744713E-002
   5.2861502956236532E-002   5.5773866003853777E-002
   4.5939075178752078E-002   7.5598914416341451E-002
   3.8049553992046979E-002   9.1718870223886917E-002
   2.9691411138708448E-002  0.10398598452290320     
   2.1285077496154641E-002  0.11248651516252443     
   1.3156175553671410E-002  0.11745155281436076     
   5.5343559292825887E-003  0.11918418133333340     
  -1.4381556796533286E-003  0.11801160897513242     
  -7.6913770595944094E-003  0.11425941396899825     
  -1.3209385150581718E-002  0.10823970297010942     
  -1.8012897629035206E-002  0.10024592144272419     
  -2.2144901236884420E-002   9.0550333622727922E-002
  -2.5659859289886251E-002   7.9402685117293259E-002
  -2.8616032042361021E-002   6.7029789154848848E-002
  -3.1070243354526701E-002   5.3636169286769196E-002
  -3.3074626040436365E-002   3.9405756069336967E-002
  -3.4674985118540953E-002   2.4504302717333171E-002
  -3.5910267599662246E-002   9.0820174475600875E-003
  -3.6812465987391484E-002  -6.7239174548982391E-003
  -3.7406408824769116E-002  -2.2786889147915931E-002
  -3.7709333887821189E-002  -3.8988189407022610E-002
  -3.7730536967033157E-002  -5.5214054397116644E-002
  -3.7471320621073383E-002  -7.1352634803930753E-002
  -3.6925093225565843E-002  -8.7291099035526551E-002
  -3.6077348893482242E-002 -0.10291280735351896     
  -3.4905516439979911E-002 -0.11809439807675763     
  -3.3378936697094214E-002 -0.13270269719834624     
  -3.1459214087699167E-002 -0.14659154425534299     
  -2.9101087255969639E-002 -0.15959876510698986     
  -2.6253892136344312E-002 -0.17154347725642807     
  -2.2863687677477079E-002 -0.18222378836658681     
  -1.8876251219322907E-002 -0.19141490112786522     
  -1.4241359969929901E-002 -0.19886773928942017     
  -8.9189283660204236E-003 -0.20430846948537237     
  -2.8876218489364285E-003 -0.20743966964483179     
   3.8435129557958378E-003 -0.20794437159554852     
   1.1220145179212583E-002 -0.20549487728126853     
   1.9124863724655487E-002 -0.19976925543266436     
   2.7358162070604323E-002 -0.19047969080550570     
   3.5622144699556539E-002 -0.17741760092206862     
   4.3514058027015697E-002 -0.16051876069845367     
   5.0539909945994672E-002 -0.13994488094081084     
   5.6159039639522450E-002 -0.11616449209919884     
   5.9863689163246733E-002  -8.9999151645049513E-002
   6.1280252816032207E-002  -6.2593906864178775E-002
   6.0258440064686655E-002  -3.5290492646758861E-002
   5.6909587833894104E-002  -9.4285178566183570E-003
   5.1576593401727856E-002   1.3855812251166173E-002
   4.4751388187936468E-002   3.3760452730422101E-002
   3.6975560073613703E-002   4.9847127786006001E-002
   2.8756135291080294E-002   6.1990984778315807E-002
   2.0512868225855435E-002   7.0295128328237200E-002
   1.2558317905304005E-002   7.5006462699261728E-002
   5.1021236214486123E-003   7.6449517860194785E-002
  -1.7317527954314109E-003   7.4980491308940286E-002
  -7.8837416619982181E-003   7.0957438906053799E-002
  -1.3339335620352511E-002   6.4721383896807497E-002
  -1.8113259111616629E-002   5.6585039666970302E-002
  -2.2238979474086585E-002   4.6828417047600837E-002
  -2.5761554552780310E-002   3.5699739250671519E-002
  -2.8731317666397957E-002   2.3418287021392283E-002
  -3.1199676968096383E-002   1.0176999262083805E-002
  -3.3216331065444873E-002  -3.8545509862014308E-003
  -3.4827459450230393E-002  -1.8525672930214308E-002
  -3.6072516643610282E-002  -3.3700406982473681E-002
  -3.6981042796253152E-002  -4.9255507944254935E-002
  -3.7573277236706087E-002  -6.5079040462600338E-002
  -3.7862769948493635E-002  -8.1068326158401621E-002
  -3.7857515680460710E-002  -9.7126441079059975E-002
  -3.7559538823330622E-002 -0.11315426327695081     
  -3.6969005646481430E-002 -0.12904119779729659     
  -3.6080398355725810E-002 -0.14466394544893044     
  -3.4875327178650488E-002 -0.15988727989887311     
  -3.3322208924172501E-002 -0.17455796780482691     
  -3.1373167660360100E-002 -0.18850276416500547     
  -2.8967655878349281E-002 -0.20153290306038252     
  -2.6047678293574506E-002 -0.21344074966006660     
  -2.2559016331579803E-002 -0.22399423284997183     
  -1.8448864474392267E-002 -0.23294275516452681     
  -1.3662321558971836E-002 -0.24002057931093265     
  -8.1960200774095441E-003 -0.24494107146791391     
  -2.0676131050916457E-003 -0.24741367086387472     
   4.6790033988003028E-003 -0.24715927435648194     
   1.1930686888756106E-002 -0.24391466848903126     
   1.9513484809487662E-002 -0.23745752881255536     
   2.7217015213340457E-002 -0.22763907630604494     
   3.4751780100425352E-002 -0.21440566875362835     
   4.1808169117200582E-002 -0.19783566239152867     
   4.8093712724892358E-002 -0.17816338304589574     
   5.3263002946287795E-002 -0.15578455450451753     
   5.6987264356755898E-002 -0.13128496599195610     
   5.8937543577694075E-002 -0.10545196843947956     
   5.8841496033427060E-002  -7.9267556014916571E-002
   5.6509314441062698E-002  -5.3854151202341251E-002
   5.2002617619514566E-002  -3.0364763955514237E-002
   4.5749007203257509E-002  -9.8175543706653066E-003
   3.8364383981170126E-002   7.0839267594531670E-003
   3.0365397197340823E-002   2.0036360953933428E-002
   2.2179715630539332E-002   2.9066945010011017E-002
   1.4114758620423423E-002   3.4408082772436448E-002
   6.3631882141910864E-003   3.6376763198085839E-002
  -9.1358436564011915E-004   3.5292340277452969E-002
  -7.6200422752240862E-003   3.1461595523499468E-002
  -1.3682440886106432E-002   2.5182692828340868E-002
  -1.9003111239872961E-002   1.6758833647309415E-002
  -2.3488805661141966E-002   6.5142518409240652E-003
  -2.7115867145144280E-002  -5.2041993598825904E-003
  -2.9949022431458097E-002  -1.8046934977107649E-002
  -3.2122137812645869E-002  -3.1694547378550396E-002
  -3.3780875315006995E-002  -4.5890159021904020E-002
  -3.5037334702511420E-002  -6.0455158843390477E-002
  -3.5963126864983715E-002  -7.5283322639120562E-002
  -3.6600722139927565E-002  -9.0317830384032780E-002
  -3.6972931165310682E-002 -0.10552196123578853     
  -3.7088387992827161E-002 -0.12085521507712092     
  -3.6949181344375880E-002 -0.13625831681006215     
  -3.6541875161672455E-002 -0.15164946107422342     
  -3.5850364831139889E-002 -0.16692516166174221     
  -3.4866886171437475E-002 -0.18196405591153322     
  -3.3582016037619317E-002 -0.19663159072209482     
  -3.1976939886109841E-002 -0.21078099877612613     
  -3.0005944758891564E-002 -0.22425162695347353     
  -2.7612679848788960E-002 -0.23686165720785315     
  -2.4732943914662419E-002 -0.24840276670828151     
  -2.1304642095984497E-002 -0.25863986005711004     
  -1.7302386540228157E-002 -0.26731685526134030     
  -1.2739646009417582E-002 -0.27417277272600232     
  -7.6434424681995072E-003 -0.27895870791441679     
  -2.0151643714447390E-003 -0.28144689955109309     
   4.1885970300098814E-003 -0.28142644497726366     
   1.0959500117823682E-002 -0.27868207365199105     
   1.8233687346765216E-002 -0.27298617094303729     
   2.5881789673923714E-002 -0.26410914175034939     
   3.3666251185825009E-002 -0.25185613049782035     
   4.1221417436920385E-002 -0.23613311871148993     
   4.8075846885154531E-002 -0.21702913968821549     
   5.3726778830257706E-002 -0.19489827846493246     
   5.7651773708212388E-002 -0.17040683308411808     
   5.9386746673614134E-002 -0.14452794754613860     
   5.8724427399180608E-002 -0.11847350625929455     
   5.5744437013075375E-002  -9.3544674113125309E-002
   5.0736887848738733E-002  -7.0939246793765426E-002
   4.4179266723163371E-002  -5.1580049443864379E-002
   3.6609675834277933E-002  -3.6008261051596512E-002
   2.8519399306258627E-002  -2.4382205458817002E-002
   2.0286982630237538E-002  -1.6564715893116543E-002
   1.2236908844665729E-002  -1.2256239063986268E-002
   4.6369535062253534E-003  -1.1105247370479597E-002
  -2.3457711604226569E-003  -1.2765394597264834E-002
  -8.6269998466378412E-003  -1.6912978151400668E-002
  -1.4166185164873208E-002  -2.3243907535644301E-002
  -1.8993726564963599E-002  -3.1464896408822197E-002
  -2.3150963347512266E-002  -4.1300370991332651E-002
  -2.6686510973328303E-002  -5.2498742867201492E-002
  -2.9647789907890076E-002  -6.4837683274947405E-002
  -3.2074211431581359E-002  -7.8123104857082223E-002
  -3.3990355920980944E-002  -9.2181538493260815E-002
  -3.5410471652469397E-002 -0.10685083601538943     
  -3.6357037304758213E-002 -0.12197255413700046     
  -3.6873728533125011E-002 -0.13738979352084862     
  -3.7000931017922109E-002 -0.15295191999282751     
  -3.6770024259681532E-002 -0.16851821309981976     
  -3.6207718826889827E-002 -0.18395895209121971     
  -3.5339947247704839E-002 -0.19915383004304418     
  -3.4193439541426111E-002 -0.21398870350756208     
  -3.2779971549151951E-002 -0.22835327258731600     
  -3.1106058485283992E-002 -0.24213691881550081     
  -2.9178241164071316E-002 -0.25522576183134205     
  -2.7005206645772887E-002 -0.26750107993896638     
  -2.4579274873537733E-002 -0.27883999680201899     
  -2.1870613018999282E-002 -0.28911464470065101     
  -1.8813294680590058E-002 -0.29818794303403501     
  -1.5300943962208284E-002 -0.30590442427159636     
  -1.1205135132358914E-002 -0.31207664573749183     
  -6.4299115002551168E-003 -0.31647039177841102     
  -8.9199114509023504E-004 -0.31880025304812309     
   5.4553681867929547E-003 -0.31872954752999788     
   1.2602611628194475E-002 -0.31588214117476282     
   2.0433520793075220E-002 -0.30986498538910628     
   2.8747222717855375E-002 -0.30031463995383817     
   3.7205440692297892E-002 -0.28696393898738720     
   4.5250470324929293E-002 -0.26972891311744074     
   5.2180006929020806E-002 -0.24881598974173533     
   5.7322902322858194E-002 -0.22481391052239069     
   6.0109088805566153E-002 -0.19871429743322094     
   6.0233640430418275E-002 -0.17184413403167911     
   5.7744753889471409E-002 -0.14569414225781649     
   5.2986457482348807E-002 -0.12167915647368605     
   4.6480928047514705E-002 -0.10090620737511569     
   3.8855573467786057E-002  -8.4029058466553244E-002
   3.0749476943266837E-002  -7.1229398673513342E-002
   2.2682415066089538E-002  -6.2311216122747509E-002
   1.4985058516521359E-002  -5.6859442227852185E-002
   7.8601548367968135E-003  -5.4401141442073482E-002
   1.3853983370425871E-003  -5.4506495752236282E-002
  -4.4495208517516269E-003  -5.6827257122690558E-002
  -9.6700668826580974E-003  -6.1092013386740439E-002
  -1.4312450821162672E-002  -6.7078823603839252E-002
  -1.8433470748323029E-002  -7.4593493449954709E-002
  -2.2090975653029501E-002  -8.3462408266224905E-002
  -2.5339727064324559E-002  -9.3532888803874059E-002
  -2.8211179556860096E-002 -0.10467667366180002     
  -3.0728041813779819E-002 -0.11678511660585589     
  -3.2890035019357507E-002 -0.12976188897970825     
  -3.4683749868335251E-002 -0.14351315569753917     
  -3.6112033062502838E-002 -0.15793867414249793     
  -3.7176302850869800E-002 -0.17293066964536735     
  -3.7866498014774548E-002 -0.18837403592980290     
  -3.8185440697902993E-002 -0.20414442490154111     
  -3.8142444724937878E-002 -0.22010818769555124     
  -3.7742495000825681E-002 -0.23612190558056009     
  -3.6975811344951065E-002 -0.25203239433474250     
  -3.5816919085805317E-002 -0.26767557179925727     
  -3.4224524400128832E-002 -0.28287492855576646     
  -3.2164170182692076E-002 -0.29743924923643755     
  -2.9626886660389137E-002 -0.31116162132912312     
  -2.6598200786184478E-002 -0.32382302238420174     
  -2.3042653220220820E-002 -0.33519409511848774     
  -1.8917299687376803E-002 -0.34503416561582839     
  -1.4195793353798397E-002 -0.35309172794117860     
  -8.8974603885302768E-003 -0.35910845851127271     
  -3.0822183726591586E-003 -0.36283065404309411     
   3.1925361388065589E-003 -0.36402388299755006     
   9.8699931447743649E-003 -0.36247967963657129     
   1.6885979767270066E-002 -0.35801942948645293     
   2.4105066963533213E-002 -0.35049456278878138     
   3.1318821748398187E-002 -0.33980032390878917     
   3.8281899150158574E-002 -0.32590487044472943     
   4.4695161994877684E-002 -0.30888242433280672     
   5.0256575438040373E-002 -0.28895603238445744     
   5.4656576234863453E-002 -0.26653144262462214     
   5.7542044267155271E-002 -0.24221859135810073     
   5.8552634695893266E-002 -0.21684044813551762     
   5.7382490424787116E-002 -0.19140690370559091     
   5.3927702068262723E-002 -0.16704803415759170     
   4.8385323134258709E-002 -0.14489238298067342     
   4.1195900089354365E-002 -0.12590428742985463     
   3.2987495170792379E-002 -0.11074361665291614     
   2.4381973936754914E-002  -9.9685419707125120E-002
   1.5850355384479882E-002  -9.2644440357107685E-002
   7.7251694954415173E-003  -8.9294010452129854E-002
   2.0012349320178044E-004  -8.9204958711188997E-002
  -6.6151944488419909E-003  -9.1956087872823611E-002
  -1.2653464412977530E-002  -9.7181024589930470E-002
  -1.7913497730471382E-002 -0.10455821434346456     
  -2.2395968699358264E-002 -0.11379232073831054     
  -2.6137693343036662E-002 -0.12459282218927727     
  -2.9197545696569425E-002 -0.13667511869368357     
  -3.1640080501099878E-002 -0.14977312157869008     
  -3.3533987639936848E-002 -0.16364984896667889     
  -3.4942425700969150E-002 -0.17810309573886224     
  -3.5916867598343713E-002 -0.19296207693717646     
  -3.6505371614438065E-002 -0.20807859554724750     
  -3.6741475579698112E-002 -0.22331996056050918     
  -3.6653406422639263E-002 -0.23856187221709241     
  -3.6259058928201138E-002 -0.25368573573114878     
  -3.5569877392607682E-002 -0.26857663759828526     
  -3.4589073790602637E-002 -0.28312232850230729     
  -3.3311597139009795E-002 -0.29721184802128525     
  -3.1733776684311404E-002 -0.31073206179558849     
  -2.9846415664948882E-002 -0.32356614498341774     
  -2.7629571175368909E-002 -0.33559226969690914     
  -2.5064295833973235E-002 -0.34668037745200742     
  -2.2135228860485915E-002 -0.35669134513466660     
  -1.8827181207817619E-002 -0.36547770597773360     
  -1.5129060406091278E-002 -0.37288310325405288     
  -1.1031518932798971E-002 -0.37874192592045625     
  -6.5155856705529777E-003 -0.38288093784080879     
  -1.5709773735649360E-003 -0.38511637076002070     
   3.7895653690793612E-003 -0.38525392451092627     
   9.5563261454626198E-003 -0.38310288748843374     
   1.5684829053461562E-002 -0.37848025126048934     
   2.2074372186335581E-002 -0.37120336245086172     
   2.8571414798301248E-002 -0.36109541782874499     
   3.4953317815652904E-002 -0.34802438378269546     
   4.0897997364933353E-002 -0.33197456420685773     
   4.5992674931573968E-002 -0.31313149856519512     
   4.9805208837861666E-002 -0.29194296180492624     
   5.1977624273825365E-002 -0.26912240099156204     
   5.2292539940853977E-002 -0.24558854497665020     
   5.0704310793064172E-002 -0.22235721519725737     
   4.7345761509494308E-002 -0.20041021056271954     
   4.2503305985433802E-002 -0.18057437269840709     
   3.6556265533773932E-002 -0.16344619253992501     
   2.9908609396868277E-002 -0.14937622264483896     
   2.2943141084959675E-002 -0.13849524698547533     
   1.5995377120032052E-002 -0.13075555086346918     
   9.3327689769156733E-003 -0.12597695761776809     
   3.1416868218882418E-003 -0.12389636656800633     
  -2.4695604250914850E-003 -0.12421336817460890     
  -7.4550860972240271E-003 -0.12662299436160970     
  -1.1812685352827772E-002 -0.13083448654944810     
  -1.5567411139963107E-002 -0.13658019828357601     
  -1.8759071225162474E-002 -0.14361840774309614     
  -2.1433889912946414E-002 -0.15173278011441396     
  -2.3639322148622282E-002 -0.16073050071947304     
  -2.5420662475515513E-002 -0.17043991941169051     
  -2.6818819139889438E-002 -0.18070782149526810     
  -2.7869038976501458E-002 -0.19139648195989040     
  -2.8600326045161877E-002 -0.20238071945407157     
  -2.9035328491092756E-002 -0.21354505856823841     
  -2.9190545515071921E-002 -0.22478106601181186     
  -2.9076727009746350E-002 -0.23598491606679264     
  -2.8699378661445209E-002 -0.24705519696485759     
  -2.8059340082667590E-002 -0.25789095110468441     
  -2.7153429066426139E-002 -0.26838995401165738     
  -2.5975156704998430E-002 -0.27844724085846323     
  -2.4515534017601509E-002 -0.28795388919001130     
  -2.2764008223000450E-002 -0.29679607728642299     
  -2.0709581184008535E-002 -0.30485445786618215     
  -1.8342169549578628E-002 -0.31200391289499657     
  -1.5654267521495412E-002 -0.31811378552957637     
  -1.2642968739507892E-002 -0.32304872236047383     
  -9.3123756268521773E-003 -0.32667030233090816     
  -5.6763704533352496E-003 -0.32883966528401232     
  -1.7616646244761139E-003 -0.32942138634197105     
   2.3890514182267567E-003 -0.32828887987740529     
   6.7142051649063342E-003 -0.32533159553866370     
   1.1131179251778070E-002 -0.32046412129068136     
   1.5535478657432095E-002 -0.31363707655931911     
   1.9802054091807193E-002 -0.30484930765908275     
   2.3789751894739222E-002 -0.29416021741243598     
   2.7349313677886677E-002 -0.28170030996884721     
   3.0334491826100814E-002 -0.26767752134829065     
   3.2615333185706544E-002 -0.25237654029258472     
   3.4092063928876287E-002 -0.23614897316011341     
   3.4707066193282649E-002 -0.21939403983729866     
   3.4452193210922258E-002 -0.20253178823314030     
   3.3369665110622213E-002 -0.18597291500739452     
   3.1546417718588744E-002 -0.17009035580914014     
   2.9103323592318511E-002 -0.15519722561646845     
   2.6181724600332440E-002 -0.14153372120274554     
   2.2929908275045773E-002 -0.12926322636432189     
   1.9491566881516816E-002 -0.11847600732728474     
   1.5997326168096893E-002 -0.10919797677611047     
   1.2559559783343494E-002 -0.10140198522761039     
   9.2701128436735187E-003  -9.5019627389450509E-002
   6.2002610821816715E-003  -8.9952249740562554E-002
   3.4021712530089153E-003  -8.6080471250558219E-002
   9.1121237524656744E-004  -8.3271989328113361E-002
  -1.2513875344562749E-003  -8.1387729331369660E-002
  -3.0758904442433708E-003  -8.0286540201303769E-002
  -4.5616194627794426E-003  -7.9828689203500933E-002
  -5.7148658965588406E-003  -7.9878407440080956E-002
  -6.5471742508550245E-003  -8.0305711743802244E-002
  -7.0739999966495876E-003  -8.0987693614674186E-002
  -7.3137064864912359E-003  -8.1809430491625340E-002
  -7.2868528320195105E-003  -8.2664642342088562E-002
  -7.0157191611709604E-003  -8.3456188484660243E-002
  -6.5240158277445727E-003  -8.4096476040590673E-002
  -5.8367262214142060E-003  -8.4507831985238341E-002
  -4.9800367906044155E-003  -8.4622874498189601E-002
  -3.9813114725902711E-003  -8.4384905113722278E-002
  -2.8690704111805133E-003  -8.3748329933293009E-002
  -1.6729345740820758E-003  -8.2679104786732169E-002
  -4.2349897049181567E-004  -8.1155184765133823E-002
   8.4790159031754818E-004  -7.9166942307256655E-002
   2.1095675279240223E-003  -7.6717499857088228E-002
   3.3299775928631449E-003  -7.3822903872342749E-002
   4.4785158967101850E-003  -7.0512048960415782E-002
   5.5263800608704103E-003  -6.6826248221206544E-002
   6.4476409502317389E-003  -6.2818344240203397E-002
   7.2203909107784962E-003  -5.8551271225771140E-002
   7.8278814007979626E-003  -5.4096018154071113E-002
   8.2595202333727285E-003  -4.9529007261574963E-002
   8.5115836315190502E-003  -4.4928986711237906E-002
   8.5875087679409077E-003  -4.0373627127185646E-002
   8.4976735118270467E-003  -3.5936088325104358E-002
   8.2586382361362794E-003  -3.1681862826226710E-002
   7.8919065906169726E-003  -2.7666190986070208E-002
   7.4223385058737532E-003  -2.3932276648166540E-002
   6.8763999993740514E-003  -2.0510425656014891E-002
   6.2804486312948221E-003  -1.7418107164379627E-002
   5.6592301199325018E-003  -1.4660826812331544E-002
   5.0347105440999088E-003  -1.2233622279182604E-002
   4.4253052228715971E-003  -1.0122954710259655E-002
   3.8455049745103301E-003  -8.3087715446441869E-003
   3.3058536572389140E-003  -6.7665472321107407E-003
   2.8132022757376917E-003  -5.4691552850085054E-003
   2.3711539099182965E-003  -4.3884764122043363E-003
   1.9806165362684230E-003  -3.4966947785940164E-003
   1.6403925962642297E-003  -2.7672730426716989E-003
   1.3477503725580805E-003  -2.1756250648446401E-003
   1.0989393542330246E-003  -1.6995233677366719E-003
   8.8962749905628830E-004  -1.3192879698416470E-003
   7.1525136719744321E-004  -1.0178059418946899E-003
   5.7128001335471855E-004  -7.8042882870960626E-004
   4.5340029999430930E-004  -5.9478965504626265E-004
   3.5763525957232536E-004  -4.5057405901870363E-004
   2.8040878235511857E-004  -3.3927235133144500E-004
   2.1856980541054663E-004  -2.5393186670790335E-004
   1.6938789769327021E-004  -1.8892244574914035E-004
   1.3053019636784710E-004  -1.3972257981711717E-004
   1.0002748128118354E-004  -1.0272975550899952E-004
   7.6235094351217314E-005  -7.5095761285160710E-005
   5.7792615086246501E-005  -5.4585969795510065E-005
   4.3584780794975327E-005  -3.9460641763246683E-005
   3.2705095150163179E-005  -2.8375871285985043E-005
   2.4422853403211065E-005  -2.0301705295476049E-005
   1.8153854160508319E-005  -1.4455070279721434E-005
   1.3434791462692965E-005  -1.0245327126257866E-005
   9.9011634491957172E-006  -7.2304921653371055E-006
   7.2684483468282826E-006  -5.0823807630428197E-006
   5.3162544755487769E-006  -3.5591382225321970E-006
   3.8751309115185861E-006  -2.4838187384230221E-006
   2.8157204254881771E-006  -1.7278568195006388E-006
   2.0399420650868062E-006  -1.1984469704691402E-006
   1.4739050281585629E-006  -8.2900568694073216E-007
   1.0622765457424910E-006  -5.7203358513700139E-007
   7.6385253457427445E-007  -3.9382339749387649E-007
   5.4810882542919575E-007  -2.7057077627996634E-007
   3.9254089884542419E-007  -1.8553928901204165E-007
   2.8062958590807853E-007  -1.2700937194039791E-007
   2.0029783095690302E-007  -8.6804669062843048E-008
   1.4274851547178202E-007  -5.9239865066757188E-008
   1.0159506718548704E-007  -4.0373739584404321E-008
   7.2215018443176096E-008  -2.7481637077930185E-008
   5.1271966619119873E-008  -1.8684633720844451E-008
   3.6363812410487479E-008  -1.2689949823064344E-008
   2.5765072157326403E-008  -8.6099215741551112E-009
   1.8238863861881463E-008  -5.8361863720176685E-009
   1.2900225396498715E-008  -3.9525087477993303E-009
   9.1170744965691861E-009  -2.6745455374178846E-009
   6.4386554531143457E-009  -1.8083283954676398E-009
   4.5439814900752934E-009  -1.2217113623129266E-009
   3.2047741945673718E-009  -8.2477440287116716E-010
   2.2588815329406109E-009  -5.5639830218722347E-010
   1.5912491915737653E-009  -3.7508268092829570E-010
   1.1203232246071667E-009  -2.5267554077346054E-010
   7.8834948484993543E-010  -1.7009702428824445E-010
   5.5446326644223513E-010  -1.1442684869634635E-010
   3.8977319984266728E-010  -7.6922851274578729E-011
   2.7386815998424912E-010  -5.1674430124796157E-011
   1.9233806095926902E-010  -3.4688360795382932E-011
   1.3501605709804376E-010  -2.3268731842441405E-011
   9.4733408302150604E-011  -1.5596739894905438E-011
   6.6438256276870386E-011  -1.0446159749806464E-011
   4.6572452977749373E-011  -6.9908333712270090E-012
   3.2631202299274460E-011  -4.6745152827138121E-012
   2.2852099971031419E-011  -3.1229393982746350E-012
   1.5995689832309173E-011  -2.0844519765221484E-012
   1.1190696457349772E-011  -1.3899576344408699E-012
   7.8249341451476134E-012  -9.2591339229961148E-013
   5.4684531201587441E-012  -6.1613205524240152E-013
   3.8194242134105501E-012  -4.0952925106764944E-013
   2.6660530218061794E-012  -2.7187804796409004E-013
   1.8597879999691743E-012  -1.8026399982230962E-013
   1.2964819160631177E-012  -1.1935866321606969E-013
   9.0315148500222302E-013  -7.8916896758413433E-014
   6.2867559576832431E-013  -5.2097205625777581E-014
   4.3726329589272689E-013  -3.4335259579786402E-014
   3.0386872126271344E-013  -2.2588956425635919E-014
   2.1097401224921988E-013  -1.4832869296406082E-014
   1.4633302044815115E-013  -9.7199653008392266E-015
   1.0138953812949960E-013  -6.3554385451462746E-015
   7.0168881485265513E-014  -4.1456319309019433E-015
   4.8501518245471028E-014  -2.6972104036530167E-015
   3.3479518193592491E-014  -1.7499362664738711E-015
   2.3076185528676183E-014  -1.1318941183154849E-015
   1.5880013464685501E-014  -7.2970083123071625E-016
   1.0908695466700304E-014  -4.6870839334303442E-016
   7.4791722944085452E-015  -2.9986378945458715E-016
   5.1168828620582161E-015  -1.9099888066379517E-016
   3.4924293916428304E-015  -1.2106489579276778E-016
   2.3774028563485993E-015  -7.6321808824796976E-017
   1.6135926254761789E-015  -4.7823843703168087E-017
   1.0915401741184613E-015  -2.9763136654222784E-017
   7.3561235381830836E-016  -1.8380728361001065E-017
   4.9362061168885250E-016  -1.1252015914839099E-017
   3.2960785790348286E-016  -6.8189348661624788E-018
   2.1884098127625743E-016  -4.0844071440800325E-018
   1.4433798211757644E-016  -2.4132901379433513E-018
   9.4461953423806981E-017  -1.4030735120044220E-018
   6.1256052916903502E-017  -8.0014534347266709E-019
   3.9292625724593802E-017  -4.4575372884059610E-019
   2.4878676644489510E-017  -2.4126497476120313E-019
   1.5507999939433852E-017  -1.2592291109352671E-019
   9.4837548788753776E-018  -6.2679551539491566E-020
   5.6585014186341757E-018  -2.9217791562466257E-020
   3.2552337492708525E-018  -1.2313709989252107E-020
   1.7434821965754581E-018  -4.3112131744278305E-021
   7.4938416312659345E-019  -9.0249004984858240E-022
   0.0000000000000000        0.0000000000000000     
