 Initial conditions outputted from a previous simulation. Time =    66.200000000000003     
   40.000000000000000        0.0000000000000000              500           1   66.200000000000003     
   4.0184711835815401E-002 -0.11224084890453720     
   4.7707135368349432E-002  -9.5005675695566963E-002
   5.4229877333672960E-002  -7.4183832419088686E-002
   5.9130672686600341E-002  -5.0306877054752543E-002
   6.1980739823771128E-002  -2.4341715228954536E-002
   6.2432266899290531E-002   2.5699387923198373E-003
   6.0448410577651990E-002   2.9047868777219751E-002
   5.6240509131830846E-002   5.3813919724530257E-002
   5.0224070150322382E-002   7.5834046738398525E-002
   4.2924780259672154E-002   9.4413428434551874E-002
   3.4876687544196552E-002  0.10920277029852322     
   2.6552455896784150E-002  0.12013424117219466     
   1.8328448300072936E-002  0.12733741694191542     
   1.0476977057473819E-002  0.13106306390034464     
   3.1751249036703856E-003  0.13162478220494389     
  -3.4794956327731221E-003  0.12935999479958205     
  -9.4522178597120608E-003  0.12460732420502581     
  -1.4756770117509853E-002  0.11769684157478216     
  -1.9441434343552312E-002  0.10895039466282200     
  -2.3571109843978845E-002   9.8686901915657460E-002
  -2.7202788089606592E-002   8.7222504715409738E-002
  -3.0362046385627815E-002   7.4855866531180509E-002
  -3.3035993353169132E-002   6.1840847376782047E-002
  -3.5190595647508684E-002   4.8363445030106020E-002
  -3.6801299383589878E-002   3.4540387895179214E-002
  -3.7875531524187302E-002   2.0440707413672880E-002
  -3.8455086643990881E-002   6.1158926354668314E-003
  -3.8603263172384598E-002  -8.3765573093687925E-003
  -3.8388250429677917E-002  -2.2961257244884865E-002
  -3.7869627182515152E-002  -3.7541954067324017E-002
  -3.7089609404260503E-002  -5.2004021209232053E-002
  -3.6069371908028697E-002  -6.6220728931466924E-002
  -3.4809768349695784E-002  -8.0061097708761214E-002
  -3.3294060997079739E-002  -9.3395594569402246E-002
  -3.1490461201289753E-002 -0.10609661650055276     
  -2.9353850148352807E-002 -0.11803360305982516     
  -2.6827206267823492E-002 -0.12906466333531308     
  -2.3845086623185831E-002 -0.13902725616680192     
  -2.0341769296257563E-002 -0.14773165208699643     
  -1.6260831252153423E-002 -0.15496004824602627     
  -1.1558914445090274E-002 -0.16046918223094028     
  -6.2047401877053255E-003 -0.16399325329344538     
  -1.8276412532444153E-004 -0.16524748736212910     
   6.4947083179421198E-003 -0.16393170325165873     
   1.3771302551361581E-002 -0.15973512838298018     
   2.1529492379174391E-002 -0.15234717043511703     
   2.9572832786619884E-002 -0.14148010760001339     
   3.7609712531659213E-002 -0.12691094746667797     
   4.5245982130254957E-002 -0.10854919913713823     
   5.1998796380476352E-002  -8.6527939404410920E-002
   5.7344483029791185E-002  -6.1295093079576639E-002
   6.0802606476157893E-002  -3.3660294215622950E-002
   6.2036673030791328E-002  -4.7515612788696926E-003
   6.0933475723494501E-002   2.4128476428310168E-002
   5.7626659357538607E-002   5.1701045886050484E-002
   5.2457182314496115E-002   7.6888071783193998E-002
   4.5892771052526232E-002   9.8912920232814283E-002
   3.8439216519510357E-002  0.11731921737567594     
   3.0568537929175094E-002  0.13193404476513174     
   2.2675175392160574E-002  0.14280570250521743     
   1.5059250730755687E-002  0.15013700566436963     
   7.9285466409997982E-003  0.15422506561593810     
   1.4101478918935948E-003  0.15541155546007093     
  -4.4340705567098623E-003  0.15404474373237420     
  -9.5915726810582944E-003  0.15045414518626413     
  -1.4084997444179967E-002  0.14493743892700206     
  -1.7959913295219277E-002  0.13775725913026665     
  -2.1273944586008224E-002  0.12914415229095769     
  -2.4087607718664954E-002  0.11930205785749506     
  -2.6457507182631627E-002  0.10841369715984554     
  -2.8432269148510794E-002   9.6644497599554999E-002
  -3.0051112694985924E-002   8.4144811311106751E-002
  -3.1344847035718437E-002   7.1051196748882800E-002
  -3.2338105264595032E-002   5.7487723241535650E-002
  -3.3050836632585540E-002   4.3567724491834374E-002
  -3.3498893453336231E-002   2.9396321229478058E-002
  -3.3693666733263676E-002   1.5074231437708112E-002
  -3.3640941240074738E-002   7.0288235902508207E-004
  -3.3338737084530327E-002  -1.3610821621088412E-002
  -3.2773627426171355E-002  -2.7752228314310980E-002
  -3.1919670353510329E-002  -4.1598464826498968E-002
  -3.0739892102328584E-002  -5.5016823364515098E-002
  -2.9187639519592329E-002  -6.7861415461261398E-002
  -2.7207962869969942E-002  -7.9970702070036370E-002
  -2.4745040417881288E-002  -9.1165904181250992E-002
  -2.1745886782859110E-002 -0.10124683972277859     
  -1.8159173784783128E-002 -0.10998704632500197     
  -1.3947900771980298E-002 -0.11713745924829154     
  -9.0724554997300057E-003 -0.12243309210389187     
  -3.4996610159064236E-003 -0.12558373290414002     
   2.7581002065799423E-003 -0.12627270824144654     
   9.6609435806516222E-003 -0.12418439480271730     
   1.7102979874631295E-002 -0.11902366658248564     
   2.4908240187698827E-002 -0.11052977567065210     
   3.2840952219569459E-002  -9.8505339808025741E-002
   4.0576616819594305E-002  -8.2856351428970368E-002
   4.7691503959043903E-002  -6.3652592364520533E-002
   5.3771169308535212E-002  -4.1200963652407732E-002
   5.8421528980791872E-002  -1.6070612419894499E-002
   6.1276962570796970E-002   1.0931367330888944E-002
   6.2127770912632004E-002   3.8811704296057369E-002
   6.0920328342222087E-002   6.6489102889053020E-002
   5.7750490242608622E-002   9.2908912611230132E-002
   5.2845993382104557E-002  0.11714487918998040     
   4.6560868747897152E-002  0.13847298941435032     
   3.9327062281507626E-002  0.15640995719294035     
   3.1606525325448893E-002  0.17071900968521359     
   2.3756551027381625E-002  0.18138690317745129     
   1.6081235138789767E-002  0.18855623448380746     
   8.7977180390459413E-003  0.19246270314481462     
   2.0324395892390725E-003  0.19338726948819290     
  -4.1437301090418164E-003  0.19162110743338992     
  -9.7019190581120480E-003  0.18745125958613890     
  -1.4648760790700285E-002  0.18115613388945978     
  -1.9001849763407502E-002  0.17300180965354112     
  -2.2784460851182194E-002  0.16324203800714265     
  -2.6013910888015836E-002  0.15211853292309582     
  -2.8711340534483518E-002  0.13986449510798343     
  -3.0895905284915873E-002  0.12670811286954828     
  -3.2578395757571085E-002  0.11287487139518143     
  -3.3770146808882510E-002   9.8588842518668909E-002
  -3.4492096808212032E-002   8.4069356277057208E-002
  -3.4790613120295084E-002   6.9523407176908858E-002
  -3.4742325695209013E-002   5.5135053054778914E-002
  -3.4426878453796890E-002   4.1054582230133231E-002
  -3.3892563367553558E-002   2.7395399341312944E-002
  -3.3139210877055188E-002   1.4241466121685533E-002
  -3.2136768569376722E-002   1.6644275827081491E-003
  -3.0837909172214382E-002  -1.0256970099406914E-002
  -2.9182968507111964E-002  -2.1420910092344127E-002
  -2.7121499928353131E-002  -3.1693240805268967E-002
  -2.4613320673449290E-002  -4.0907674535836554E-002
  -2.1623660445681179E-002  -4.8871710269787941E-002
  -1.8117873853945528E-002  -5.5375522642587945E-002
  -1.4087225296684993E-002  -6.0198760132377328E-002
  -9.5375937948835709E-003  -6.3116915409671265E-002
  -4.4670765189809428E-003  -6.3905741286437237E-002
   1.1216610424710182E-003  -6.2339328083110310E-002
   7.2287017780612575E-003  -5.8186662230666007E-002
   1.3872793254816241E-002  -5.1208818552158898E-002
   2.1017029119966526E-002  -4.1156792502506007E-002
   2.8579752714772866E-002  -2.7789235794303317E-002
   3.6354785800270524E-002  -1.0907912721661047E-002
   4.3965386964613488E-002   9.5793408884286210E-003
   5.0891945486577460E-002   3.3572298582402738E-002
   5.6570679762907548E-002   6.0690599608143110E-002
   6.0428642737511917E-002   9.0219700768557523E-002
   6.2040154290496100E-002  0.12111192110333979     
   6.1189018741117991E-002  0.15207400737040147     
   5.7979841181887946E-002  0.18172389215644957     
   5.2717923683146130E-002  0.20879646530249441     
   4.5859742093141871E-002  0.23232435993409672     
   3.7933177541544322E-002  0.25174203853081112     
   2.9450572390813959E-002  0.26688700496832785     
   2.0813438843137935E-002  0.27791323818529701     
   1.2415725236799600E-002  0.28515613726977268     
   4.5810193455446567E-003  0.28902399784279625     
  -2.4363172540083373E-003  0.28993029408733290     
  -8.5362425801274715E-003  0.28827420123847775     
  -1.3728665859113028E-002  0.28443446401361938     
  -1.8101267878223307E-002  0.27876300243992502     
  -2.1776887413399365E-002  0.27157297059146479     
  -2.4862236391469630E-002  0.26312649378632136     
  -2.7393688009442314E-002  0.25363151528169769     
  -2.9415183099754522E-002  0.24325745702135668     
  -3.0982762365727494E-002  0.23215217665315813     
  -3.2165414841114300E-002  0.22045702195902198     
  -3.3023890739994850E-002  0.20831275726217602     
  -3.3602803375393252E-002  0.19585894335032977     
  -3.3918601001003058E-002  0.18322984131855274     
  -3.3971928163708393E-002  0.17055059786708399     
  -3.3789026192032216E-002  0.15793698769221459     
  -3.3384616629355400E-002  0.14549362227646451     
  -3.2735871627098082E-002  0.13331678414824935     
  -3.1811612604135321E-002  0.12150341188786741     
  -3.0588577596030224E-002  0.11016032574908968     
  -2.9044490801604400E-002   9.9411286167494256E-002
  -2.7143231597622639E-002   8.9398611498132094E-002
  -2.4859281373646798E-002   8.0281922031664732E-002
  -2.2169742954210349E-002   7.2233221875685483E-002
  -1.9006276889720744E-002   6.5429013529357469E-002
  -1.5291314002059681E-002   6.0050824634296132E-002
  -1.0966401205759783E-002   5.6289522159016676E-002
  -5.9481088336149363E-003   5.4347686394858534E-002
  -2.2764148452867017E-004   5.4449489429347922E-002
   6.1469142316587563E-003   5.6837850105095504E-002
   1.3076661772778140E-002   6.1765111565766119E-002
   2.0413380691655509E-002   6.9476982836573650E-002
   2.7995106965275279E-002   8.0187438140803979E-002
   3.5659287763330556E-002   9.4046462120655636E-002
   4.3093921747072390E-002  0.11109956282431802     
   4.9756751412812508E-002  0.13122628761637820     
   5.5013575775929240E-002  0.15406390024803290     
   5.8340115413881469E-002  0.17894981634139639     
   5.9322823494294526E-002  0.20493172093573159     
   5.7785582053442495E-002  0.23084694330235125     
   5.3927227688708029E-002  0.25546626132161471     
   4.8139622256953979E-002  0.27768152751422515     
   4.0906752527756628E-002  0.29666233522532470     
   3.2849008040684906E-002  0.31193375032636755     
   2.4581604044789134E-002  0.32337447593112711     
   1.6516328164056158E-002  0.33114508217346195     
   8.9469057346685584E-003  0.33556840098777346     
   2.0721662839463090E-003  0.33702279463109180     
  -4.0715801854742861E-003  0.33587601218951474     
  -9.5431958266542650E-003  0.33245396464925581     
  -1.4346567252984587E-002  0.32703638081741626     
  -1.8496231196076976E-002  0.31987802824231787     
  -2.2046691827980709E-002  0.31122828426150401     
  -2.5017277583653824E-002  0.30133742267319891     
  -2.7414539977534187E-002  0.29045479170304228     
  -2.9347745663415171E-002  0.27882094296626420     
  -3.0926352508992783E-002  0.26664482269485079     
  -3.2151709961394589E-002  0.25408749036464712     
  -3.3007326247053069E-002  0.24126942728008796     
  -3.3502946341479614E-002  0.22828684164171067     
  -3.3667004073446041E-002  0.21522932770159664     
  -3.3555726068732569E-002  0.20219040519077294     
  -3.3261404552143811E-002  0.18926657150174656     
  -3.2834147232826322E-002  0.17654669999527658     
  -3.2219360147974295E-002  0.16410344142806133     
  -3.1329570894793816E-002  0.15199684869048496     
  -3.0138760308232475E-002  0.14028229169034900     
  -2.8651198093429052E-002  0.12900974905148840     
  -2.6868653772906755E-002  0.11822109946845052     
  -2.4764921538396000E-002  0.10794989320619679     
  -2.2272283821410613E-002   9.8229032606765493E-002
  -1.9325805683607797E-002   8.9110111839745001E-002
  -1.5874529469390906E-002   8.0682874018670012E-002
  -1.1888304129539503E-002   7.3089714036767034E-002
  -7.3601616550994535E-003   6.6532806285959825E-002
  -2.2573964271751382E-003   6.1270033131191649E-002
   3.4765140094951191E-003   5.7608519475338051E-002
   9.8076660005402393E-003   5.5897322416842421E-002
   1.6618274109845968E-002   5.6504138548119837E-002
   2.3693476272281608E-002   5.9786063389772506E-002
   3.0825174647125628E-002   6.6048211107165800E-002
   3.7789276166397601E-002   7.5510036716994133E-002
   4.4320565860904410E-002   8.8273839370170054E-002
   5.0070150172651665E-002  0.10428768822762735     
   5.4562156023022557E-002  0.12329900588417565     
   5.7220707571048503E-002  0.14479592837193392     
   5.7553741409339901E-002  0.16795199791235960     
   5.5206620375906089E-002  0.19162768724792306     
   5.0213204248743988E-002  0.21444373285399329     
   4.3080196671135593E-002  0.23496148550700294     
   3.4651358586981415E-002  0.25193871364225462     
   2.5856093810708063E-002  0.26457400687929411     
   1.7413907840227234E-002  0.27264406442092587     
   9.6703150460183060E-003  0.27646276091349037     
   2.6978417777266165E-003  0.27668105849891445     
  -3.5314585859935292E-003  0.27403807949049275     
  -8.9741297019326673E-003  0.26916996676194804     
  -1.3585529955778389E-002  0.26254311075215164     
  -1.7411125904613810E-002  0.25448064988337282     
  -2.0531495952797806E-002  0.24521832830845919     
  -2.3060139817872163E-002  0.23495499465188718     
  -2.5123944453551376E-002  0.22387070656313912     
  -2.6841653976527831E-002  0.21212037787829163     
  -2.8319806454321177E-002  0.19982051530788453     
  -2.9642735767260862E-002  0.18704120809976119     
  -3.0855667686751811E-002  0.17381117304181409     
  -3.1969414916226159E-002  0.16013575071897490     
  -3.2958084549942875E-002  0.14601990138215681     
  -3.3772225119456052E-002  0.13149034257732384     
  -3.4351491316409355E-002  0.11661066527524518     
  -3.4633526021002892E-002  0.10148667493898672     
  -3.4552533090831186E-002   8.6263320557932274E-002
  -3.4056305211922627E-002   7.1118348333714110E-002
  -3.3086934893056308E-002   5.6252195171612555E-002
  -3.1599627020395635E-002   4.1883058745884355E-002
  -2.9557274870635974E-002   2.8242051327764972E-002
  -2.6925574020434103E-002   1.5570394322021874E-002
  -2.3700456698802278E-002   4.1190410335442554E-003
  -1.9874652350853745E-002  -5.8584645421274149E-003
  -1.5466348448547496E-002  -1.4108241260279021E-002
  -1.0495574017483087E-002  -2.0383343069711530E-002
  -4.9980486436796050E-003  -2.4448536787718463E-002
   9.5831798313543470E-004  -2.6083953321199945E-002
   7.2685600642086899E-003  -2.5095460520587785E-002
   1.3815207401310578E-002  -2.1330136798652650E-002
   2.0433867334615899E-002  -1.4688384728984710E-002
   2.6941517028333816E-002  -5.1464164565595783E-003
   3.3111038170140536E-002   7.2286857393931000E-003
   3.8683544109979137E-002   2.2265960698023290E-002
   4.3399605535421104E-002   3.9672096327057885E-002
   4.6999601683990845E-002   5.9028419272014479E-002
   4.9236566224498457E-002   7.9806722102108790E-002
   4.9937855428502848E-002  0.10135526535902591     
   4.9089993934536974E-002  0.12289670564414747     
   4.6753701742140760E-002  0.14362944900545851     
   4.3025682316444061E-002  0.16283578846607755     
   3.8072850765740247E-002  0.17989649480034642     
   3.2140072678380302E-002  0.19429460685728148     
   2.5529763106910634E-002  0.20566710764170373     
   1.8567165298206303E-002  0.21384131211855978     
   1.1556964213279225E-002  0.21881200687385222     
   4.7546100169205798E-003  0.22069830532023374     
  -1.6408520398592905E-003  0.21971230191820065     
  -7.4909598310825580E-003  0.21612819394978788     
  -1.2720600283362851E-002  0.21024600556537254     
  -1.7306247165185886E-002  0.20236362227309104     
  -2.1253973378734369E-002  0.19276437712836900     
  -2.4582588950432856E-002  0.18171535616492931     
  -2.7316789069897610E-002  0.16947004706216934     
  -2.9486320685360869E-002  0.15627063141681652     
  -3.1127226450256947E-002  0.14234727788353685     
  -3.2282634896203297E-002  0.12791501816466375     
  -3.3002135229260321E-002  0.11317006332549141     
  -3.3340330783182270E-002   9.8286229269198389E-002
  -3.3354563826530299E-002   8.3411487041342006E-002
  -3.3100617616439509E-002   6.8665562594753760E-002
  -3.2626018495633867E-002   5.4140489618906239E-002
  -3.1962602404938041E-002   3.9905722604938479E-002
  -3.1121176329337433E-002   2.6017740216521350E-002
  -3.0090477542550016E-002   1.2531974697469710E-002
  -2.8840572593281485E-002  -4.8617108518923970E-004
  -2.7328718603499069E-002  -1.2953711888226358E-002
  -2.5505020616435128E-002  -2.4766422818045135E-002
  -2.3316155898048963E-002  -3.5797971004425250E-002
  -2.0706891714757827E-002  -4.5900042539906712E-002
  -1.7620095241217961E-002  -5.4901904195141710E-002
  -1.3996428222239213E-002  -6.2608337627154190E-002
  -9.7754828249378353E-003  -6.8795494529478307E-002
  -4.9008894315313786E-003  -7.3205249985073120E-002
   6.6770609446934305E-004  -7.5540303923979035E-002
   6.9338486815675796E-003  -7.5464383623232378E-002
   1.3835436884224313E-002  -7.2613858242343260E-002
   2.1212752943290870E-002  -6.6628119669715935E-002
   2.8782927766791033E-002  -5.7205038890162534E-002
   3.6134277819594780E-002  -4.4182544122044691E-002
   4.2754410623824748E-002  -2.7635328879252775E-002
   4.8098578580250975E-002  -7.9580042074931662E-003
   5.1687186336241843E-002   1.4106488954058740E-002
   5.3201480655273026E-002   3.7524191088522965E-002
   5.2541664152365691E-002   6.1107002593372886E-002
   4.9830772141645649E-002   8.3683587669439272E-002
   4.5374967262243222E-002  0.10424967149729851     
   3.9601941221847320E-002  0.12206539782653789     
   3.2991847374336601E-002  0.13669283989975844     
   2.6008792676156932E-002  0.14797910718921115     
   1.9043903228136688E-002  0.15599815896223704     
   1.2382042809843955E-002  0.16097292045840297     
   6.1958171203955114E-003  0.16320042408793564     
   5.6049904918448711E-004  0.16299377059701931     
  -4.5197474394261692E-003  0.16064458435158180     
  -9.0824140206826210E-003  0.15640444122588004     
  -1.3180176697777829E-002  0.15048175375684733     
  -1.6861900527307950E-002  0.14304925624505446     
  -2.0163084708202647E-002  0.13425644816684504     
  -2.3104769213128689E-002  0.12424174511225630     
  -2.5697669284592613E-002  0.11314079820888556     
  -2.7947568276290954E-002  0.10108993921827680     
  -2.9858882980512865E-002   8.8225946824312659E-002
  -3.1435111221934042E-002   7.4684471203625494E-002
  -3.2676622367352699E-002   6.0599362174500793E-002
  -3.3577349549516494E-002   4.6104209867885056E-002
  -3.4122222224800221E-002   3.1336157370090358E-002
  -3.4286749289396019E-002   1.6440954776834032E-002
  -3.4039285524803217E-002   1.5776339696501431E-003
  -3.3345533595873576E-002  -1.3078761075774901E-002
  -3.2174104752705164E-002  -2.7337345788481859E-002
  -3.0501714473015158E-002  -4.0994552147038975E-002
  -2.8316836512876559E-002  -5.3839548997555588E-002
  -2.5621215903786351E-002  -6.5660693665997458E-002
  -2.2429336723774413E-002  -7.6251649844569933E-002
  -1.8766590767977001E-002  -8.5416029991850925E-002
  -1.4667396038952644E-002  -9.2969953214898760E-002
  -1.0174781839611334E-002  -9.8742708422805248E-002
  -5.3428687188464699E-003 -0.10257670740002965     
  -2.4307853514615534E-004 -0.10432893502065846     
   5.0262514142940104E-003 -0.10387683740137611     
   1.0328705477225144E-002 -0.10113163201833915     
   1.5480348415044805E-002  -9.6061097265657369E-002
   2.0246258210375900E-002  -8.8721961327556470E-002
   2.4348199908089646E-002  -7.9298822039520850E-002
   2.7489639845542292E-002  -6.8141000049863773E-002
   2.9402898899114127E-002  -5.5780363711118677E-002
   2.9914187769949592E-002  -4.2906973152863029E-002
   2.9005336508809397E-002  -3.0287487881908482E-002
   2.6839376625461181E-002  -1.8640278937330685E-002
   2.3728709884014144E-002  -8.5140015197966573E-003
   2.0057695702417316E-002  -2.2057359604979075E-004
   1.6198076358471949E-002   6.1599443457827953E-003
   1.2451683262971414E-002   1.0725288758895073E-002
   9.0293506716172239E-003   1.3683708909796212E-002
   6.0551843595826153E-003   1.5296600258970351E-002
   3.5825001513642963E-003   1.5837708902337926E-002
   1.6128324522332994E-003   1.5567430560308734E-002
   1.1349966473094895E-004   1.4718561183192059E-002
  -9.6830759012144483E-004   1.3489741874133560E-002
  -1.6950855431699589E-003   1.2043674447022278E-002
  -2.1315818451969758E-003   1.0508280971329737E-002
  -2.3397664202011999E-003   8.9796947930335675E-003
  -2.3757402030246716E-003   7.5262994313286570E-003
  -2.2881495342749665E-003   6.1932151890717732E-003
  -2.1177189001166854E-003   5.0067667654553564E-003
  -1.8975352614922826E-003   3.9785889692014837E-003
  -1.6537211589373402E-003   3.1091855237341450E-003
  -1.4062049979068022E-003   2.3909279383897675E-003
  -1.1694415052436989E-003   1.8105943838991048E-003
  -9.5307850965755195E-004   1.3515599767896130E-003
  -7.6264012822802605E-004   9.9568575533642151E-004
  -6.0028408536635870E-004   7.2487858231785212E-004
  -4.6562644477396458E-004   5.2226302261537921E-004
  -3.5656691772461549E-004   3.7293255048977440E-004
  -2.7002917729670171E-004   2.6430531793605243E-004
  -2.0255272872467378E-004   1.8616177093650757E-004
  -1.5071250859740267E-004   1.3046581278695917E-004
  -1.1137724795451251E-004   9.1067614107792234E-005
  -8.1837993470951564E-005   6.3365625314472105E-005
  -5.9844580939123621E-005   4.3979561501277576E-005
  -4.3584880283657784E-005   3.0462777619113680E-005
  -3.1634057116555106E-005   2.1065018478281892E-005
  -2.2892567589172094E-005   1.4545528446289139E-005
  -1.6524264908494896E-005   1.0030781413112602E-005
  -1.1900603941206491E-005   6.9089395483583990E-006
  -8.5533827843214307E-006   4.7530684185218374E-006
  -6.1363517424958149E-006   3.2660752536664323E-006
  -4.3949264830999521E-006   2.2416398820838511E-006
  -3.1427968357472184E-006   1.5367033198591808E-006
  -2.2441437237328077E-006   1.0521977814321869E-006
  -1.6002783796953077E-006   7.1959771764728166E-007
  -1.1396932406626067E-006   4.9155599841715158E-007
  -8.1070407638088699E-007   3.3539513439131517E-007
  -5.7603793526274701E-007   2.2858845641301728E-007
  -4.0886971649066550E-007   1.5562586737286090E-007
  -2.8993009869040124E-007   1.0584189579307146E-007
  -2.0540175860599066E-007   7.1912041675964974E-008
  -1.4539320721630341E-007   4.8812880814648333E-008
  -1.0283438447907183E-007   3.3103725673039679E-008
  -7.2679268454261127E-008   2.2431038944424875E-008
  -5.1331368191901716E-008   1.5186989554789241E-008
  -3.6230622570894893E-008   1.0274540851176143E-008
  -2.5556912962266251E-008   6.9460658562555444E-009
  -1.8017644866153934E-008   4.6926368747551999E-009
  -1.2695812710999863E-008   3.1681870565863895E-009
  -8.9414949794541482E-009   2.1376325934925186E-009
  -6.2944778561746337E-009   1.4414333109999103E-009
  -4.4291519585725747E-009   9.7141417483144887E-010
  -3.1153203600588985E-009   6.5428979079072740E-010
  -2.1903561595490171E-009   4.4045081136262569E-010
  -1.5394443921739172E-009   2.9634002233581006E-010
  -1.0815750002419091E-009   1.9927427454028697E-010
  -7.5962209824626353E-010   1.3393095797839652E-010
  -5.3332344562596274E-010   8.9966058850833609E-011
  -3.7431620794393100E-010   6.0400701263950313E-011
  -2.6262928139183038E-010   4.0529088941936327E-011
  -1.8420647215712010E-010   2.7179892019305958E-011
  -1.2915866085849868E-010   1.8217028357937203E-011
  -9.0531101265948524E-011   1.2202466010572162E-011
  -6.3434490213757172E-011   8.1686018409098425E-012
  -4.4432760811799802E-011   5.4646972838148231E-012
  -3.1111948114864668E-011   3.6533338852462519E-012
  -2.1776701196410624E-011   2.4406329987197942E-012
  -1.5236734805435099E-011   1.6292538547456727E-012
  -1.0656623418976045E-011   1.0867502995030722E-012
  -7.4501868851293400E-012   7.2427795580101789E-013
  -5.2062550040541992E-012   4.8227316617629430E-013
  -3.6365050783886773E-012   3.2082565049253286E-013
  -2.5388208161988293E-012   2.1320966253671292E-013
  -1.7715619275045049E-012   1.4153955682236813E-013
  -1.2355009000670396E-012   9.3853559344833652E-014
  -8.6114600192423156E-013   6.2157237849812132E-014
  -5.9984699860852085E-013   4.1111543225219758E-014
  -4.1755667182061665E-013   2.7153556641084965E-014
  -2.9045641067411295E-013   1.7907568662937187E-014
  -2.0188979885421679E-013   1.1790860189086300E-014
  -1.4021374507279966E-013   7.7499829781522843E-015
  -9.7293075240191059E-014   5.0844583515434767E-015
  -6.7446245926986720E-014   3.3290001284143472E-015
  -4.6707239028354270E-014   2.1748934880096948E-015
  -3.2308994156472897E-014   1.4175539686185196E-015
  -2.2322016927775663E-014   9.2157857214108144E-016
  -1.5401645042030294E-014   5.9747543550979932E-016
  -1.0611373577806746E-014   3.8618451638720862E-016
  -7.2994022163290388E-015   2.4879145748868145E-016
  -5.0124104642796087E-015   1.5969991390928934E-016
  -3.4353632691645234E-015   1.0210488373202299E-016
  -2.3495100535296668E-015   6.4995388374255789E-017
  -1.6030941751035840E-015   4.1172513978242607E-017
  -1.0909381682444300E-015   2.5940776742218659E-017
  -7.4022398280317019E-016   1.6245431994664759E-017
  -5.0059487497778698E-016   1.0104732715396487E-017
  -3.3727042400097736E-016   6.2369847782123416E-018
  -2.2626110118767072E-016   3.8160518110652798E-018
  -1.5104487982634385E-016   2.3114164766799011E-018
  -1.0026125264792682E-016   1.3838018093489507E-018
  -6.6112722179135159E-017   8.1722716705491020E-019
  -4.3257851743762632E-017   4.7490530635976380E-019
  -2.8045560267919707E-017   2.7070332417378728E-019
  -1.7986080845508234E-017   1.5073790791940022E-019
  -1.1385871905010188E-017   8.1550999978206398E-020
  -7.0959636134350673E-018   4.2545363101131078E-020
  -4.3386583553973011E-018   2.1168556820275655E-020
  -2.5882070240915134E-018   9.8636291405436875E-021
  -1.4886930078437622E-018   4.1553682260443134E-021
  -7.9720318623393426E-019   1.4542984583831623E-021
  -3.4259870458463249E-019   3.0432655146168586E-022
  -0.0000000000000000        0.0000000000000000     
