 Initial conditions outputted from a previous simulation. Time =    23.800000000000001     
   40.000000000000000        0.0000000000000000              500           1   23.800000000000001     
   4.0184711835554644E-002  0.11224084890663789     
   3.1809197161603207E-002  0.12558948136865833     
   2.3403836215349257E-002  0.13512064867586529     
   1.5234226172226530E-002  0.14101667707113844     
   7.5754555132692726E-003  0.14354081272916847     
   5.1411587208044680E-004  0.14304368002859574     
  -5.8508341273169045E-003  0.13984810082993876     
  -1.1500208713164803E-002  0.13428525558455265     
  -1.6447462245320853E-002  0.12666524403365514     
  -2.0726180870341296E-002  0.11727252431591684     
  -2.4384289492030572E-002  0.10636607207450977     
  -2.7475226101848639E-002   9.4178436618202396E-002
  -3.0052835489532782E-002   8.0917020862731101E-002
  -3.2168424877743212E-002   6.6766412810785117E-002
  -3.3868732759553571E-002   5.1890931589971726E-002
  -3.5195037020519772E-002   3.6437598056445822E-002
  -3.6183252631615329E-002   2.0539675324080457E-002
  -3.6864655805128460E-002   4.3210221093460581E-003
  -3.7266640420431492E-002  -1.2098439214310003E-002
  -3.7412522222351238E-002  -2.8596283331401087E-002
  -3.7319273488659981E-002  -4.5041160450920936E-002
  -3.6992474351416199E-002  -6.1288379212515079E-002
  -3.6419134101124739E-002  -7.7180110027048762E-002
  -3.5561443553306697E-002  -9.2551845969817845E-002
  -3.4356184520372750E-002 -0.10724334426458065     
  -3.2722676398850417E-002 -0.12110824850375194     
  -3.0576918831099385E-002 -0.13401581702056059     
  -2.7845332662016095E-002 -0.14584224270879284     
  -2.4472239720199247E-002 -0.15645486356858021     
  -2.0420071049655344E-002 -0.16569558301343626     
  -1.5665897315230742E-002 -0.17336864493950008     
  -1.0199213583392134E-002 -0.17923479432749559     
  -4.0243116143914353E-003 -0.18301158943076110     
   2.8318079905000691E-003 -0.18437917294176254     
   1.0306441410103307E-002 -0.18299172044510145     
   1.8284033683926205E-002 -0.17849647305535665     
   2.6576592639182901E-002 -0.17056395964127233     
   3.4905078335749969E-002 -0.15893367513034232     
   4.2888099567529703E-002 -0.14347818073624399     
   5.0049039550682087E-002 -0.12428340000897790     
   5.5855706774469036E-002 -0.10173110270455103     
   5.9798864005732082E-002  -7.6553512611238730E-002
   6.1495122344467551E-002  -4.9820306944259679E-002
   6.0778069643946574E-002  -2.2831025672630758E-002
   5.7738117496360854E-002   3.0718724686072101E-003
   5.2693912306265245E-002   2.6707274506793756E-002
   4.6112199641592889E-002   4.7202885226498764E-002
   3.8513193488364163E-002   6.4045828958255391E-002
   3.0393080645396246E-002   7.7047052008634750E-002
   2.2175992648402285E-002   8.6260134863770557E-002
   1.4192531382321506E-002   9.1893839957919304E-002
   6.6769113546425764E-003   9.4240545394786851E-002
  -2.2441097265570660E-004   9.3626811703836424E-002
  -6.4379331764409563E-003   9.0383608211142691E-002
  -1.1945928864999122E-002   8.4830600851997992E-002
  -1.6769394803517794E-002   7.7268864623756858E-002
  -2.0952718735179534E-002   6.7977830534536168E-002
  -2.4551236334087387E-002   5.7214075507059772E-002
  -2.7622430176259583E-002   4.5211022635122083E-002
  -3.0220750077386397E-002   3.2179487184378019E-002
  -3.2395193164069212E-002   1.8309221126025343E-002
  -3.4188377160517328E-002   3.7713667916181226E-003
  -3.5635988428393772E-002  -1.1278551135854369E-002
  -3.6765983999006414E-002  -2.6697588358258705E-002
  -3.7597515013972238E-002  -4.2352810921917887E-002
  -3.8139976391580108E-002  -5.8119482919373217E-002
  -3.8392712520277747E-002  -7.3879777595631135E-002
  -3.8345544798918912E-002  -8.9521536940764992E-002
  -3.7979675839654302E-002 -0.10493690547732937     
  -3.7268864448486483E-002 -0.12002060850646026     
  -3.6181699407797210E-002 -0.13466718677138401     
  -3.4684315478709218E-002 -0.14876670996864352     
  -3.2741864369161433E-002 -0.16219902989468990     
  -3.0317982581039814E-002 -0.17482730587915798     
  -2.7373617220716382E-002 -0.18649234645543797     
  -2.3866812364797457E-002 -0.19700916438749494     
  -1.9751086727016778E-002 -0.20616598529662436     
  -1.4979937826593027E-002 -0.21372474899433891     
  -9.5138853719229071E-003 -0.21942165103326164     
  -3.3323913764948094E-003 -0.22296604854219121     
   3.5432160941334611E-003 -0.22404397476455509     
   1.1047100163564572E-002 -0.22232992319365039     
   1.9047309858869457E-002 -0.21749426813853651     
   2.7317450153111725E-002 -0.20922051579677328     
   3.5540631505885482E-002 -0.19726010824237591     
   4.3322895659733851E-002 -0.18151069734931946     
   5.0191328457044021E-002 -0.16209613416764254     
   5.5654244190435513E-002 -0.13944476360282052     
   5.9275026543639621E-002 -0.11432516279473796     
   6.0724072964376451E-002  -8.7804877833745187E-002
   5.9877487436159796E-002  -6.1132263851751058E-002
   5.6810176962444676E-002  -3.5554071247546525E-002
   5.1799325143445873E-002  -1.2156700447253560E-002
   4.5314039255724387E-002   8.2312370681900966E-003
   3.7868554894173623E-002   2.5101408895230191E-002
   2.9912551530191161E-002   3.8248618248329425E-002
   2.1862093132710272E-002   4.7682976474963119E-002
   1.4034191118477124E-002   5.3568656695524755E-002
   6.6327039440778873E-003   5.6175807628578316E-002
  -2.1380224830243037E-004   5.5823530736100836E-002
  -6.4449782532870628E-003   5.2840093701907745E-002
  -1.2034418151438292E-002   4.7535931246923208E-002
  -1.6983746265096543E-002   4.0192512668947175E-002
  -2.1315650831120303E-002   3.1063998525233831E-002
  -2.5067904726615468E-002   2.0382384488402492E-002
  -2.8288109564598724E-002   8.3621192257249521E-003
  -3.1024630825908221E-002  -4.7976266154593217E-003
  -3.3318764169771066E-002  -1.8910939548183597E-002
  -3.5204617955197325E-002  -3.3799943238889012E-002
  -3.6698501773637426E-002  -4.9291160079158874E-002
  -3.7795675937958823E-002  -6.5213334942788290E-002
  -3.8489866173717961E-002  -8.1393251630675248E-002
  -3.8793105868611989E-002  -9.7655497261513194E-002
  -3.8709029363965017E-002 -0.11383024520618644     
  -3.8226924473060059E-002 -0.12975550470037073     
  -3.7339479391884832E-002 -0.14527543397942227     
  -3.6051115628329765E-002 -0.16024162354726751     
  -3.4390794378014761E-002 -0.17451665066253849     
  -3.2398286000575968E-002 -0.18798248325069331     
  -3.0107963482133460E-002 -0.20054443839230726     
  -2.7524641522634782E-002 -0.21212573887284020     
  -2.4596275582324773E-002 -0.22265293083304191     
  -2.1245077006197606E-002 -0.23202999904985508     
  -1.7386231794924482E-002 -0.24011793677763563     
  -1.2942503443183935E-002 -0.24672576428021289     
  -7.8820054383249433E-003 -0.25161154421587745     
  -2.2093928975329504E-003 -0.25449939500017033     
   4.0337491019553943E-003 -0.25509853144968625     
   1.0773177247940472E-002 -0.25312226501566559     
   1.7922516394455995E-002 -0.24830664255093535     
   2.5327655944457322E-002 -0.24042006521136972     
   3.2811359739163402E-002 -0.22928577132338396     
   4.0133886662474354E-002 -0.21480865845129124     
   4.6937750501925640E-002 -0.19701514568581485     
   5.2783815265182721E-002 -0.17611605581893777     
   5.7168318476689940E-002 -0.15257017991160202     
   5.9534583237036073E-002 -0.12712956003375753     
   5.9471557526979711E-002 -0.10084907787474721     
   5.6822834428976551E-002  -7.5009015591952513E-002
   5.1805101599427694E-002  -5.0959106700333885E-002
   4.4936453368412163E-002  -2.9899373788491872E-002
   3.6894341048085248E-002  -1.2676359138737858E-002
   2.8351506020179985E-002   3.2445911119110480E-004
   1.9818481622483050E-002   9.1549334181840174E-003
   1.1617743597770879E-002   1.4161267577653670E-002
   3.9677134325226751E-003   1.5800208444748099E-002
  -3.0225056123946831E-003   1.4510172642722481E-002
  -9.2574738104758622E-003   1.0653615800401677E-002
  -1.4668815550598955E-002   4.5354525355508976E-003
  -1.9258632839315403E-002  -3.5523800076817567E-003
  -2.3052924300481791E-002  -1.3309688850644392E-002
  -2.6127529155673616E-002  -2.4427640225094239E-002
  -2.8587952018040343E-002  -3.6613165265452538E-002
  -3.0526373791648801E-002  -4.9616880417891231E-002
  -3.2044269605502253E-002  -6.3243441657385713E-002
  -3.3248532443290686E-002  -7.7349990105430200E-002
  -3.4218554711198987E-002  -9.1834654282306638E-002
  -3.5001768399133361E-002 -0.10661905222842526     
  -3.5612606375588086E-002 -0.12163274947397443     
  -3.6044279354574792E-002 -0.13680049897016502     
  -3.6259508535970861E-002 -0.15203692032025476     
  -3.6224195677180090E-002 -0.16724329216497549     
  -3.5917837484906692E-002 -0.18230933525018167     
  -3.5312007081671246E-002 -0.19711776886098431     
  -3.4360397848799865E-002 -0.21154662989693473     
  -3.3030639178496940E-002 -0.22546705803248007     
  -3.1310635493505490E-002 -0.23874131240501176     
  -2.9167551116768095E-002 -0.25122302222855675     
  -2.6543221842350664E-002 -0.26275305424902651     
  -2.3381927053340100E-002 -0.27315131967267114     
  -1.9631517317937879E-002 -0.28220863096946719     
  -1.5231165707914690E-002 -0.28968082173467902     
  -1.0132810931839051E-002 -0.29528671479415691     
  -4.3604273469861968E-003 -0.29871205545171431     
   2.0329492474252548E-003 -0.29962810384705213     
   9.0061652629624296E-003 -0.29771484684644128     
   1.6475284328316357E-002 -0.29268078260725172     
   2.4224967164889106E-002 -0.28428424802818841     
   3.1966814081325359E-002 -0.27237445549779776     
   3.9323746864819084E-002 -0.25693852464189654     
   4.5832667389317842E-002 -0.23815243911272121     
   5.1056902215067881E-002 -0.21642749996147367     
   5.4682433688434985E-002 -0.19242670165195327     
   5.6410650027842027E-002 -0.16702715347806107     
   5.6058828216571391E-002 -0.14125801824659021     
   5.3637152888628185E-002 -0.11620489425567104     
   4.9341451107155890E-002  -9.2897362283227244E-002
   4.3469560806955805E-002  -7.2200181795479462E-002
   3.6448095804016922E-002  -5.4742267538582544E-002
   2.8747763723704346E-002  -4.0883498213216012E-002
   2.0778963933471978E-002  -3.0724463468964094E-002
   1.2888674835142560E-002  -2.4156685695689135E-002
   5.4075583520442850E-003  -2.0931777554232159E-002
  -1.4760707493284486E-003  -2.0714954641001659E-002
  -7.6816236868499548E-003  -2.3140384799788482E-002
  -1.3177141080521969E-002  -2.7852375387840529E-002
  -1.7977806228298521E-002  -3.4526779395650090E-002
  -2.2136059538459808E-002  -4.2880478699580102E-002
  -2.5702454589138158E-002  -5.2671790710755548E-002
  -2.8727875946521302E-002  -6.3692316162785145E-002
  -3.1263974817181954E-002  -7.5757644857450554E-002
  -3.3356232613571846E-002  -8.8699770352993396E-002
  -3.5051882145797700E-002 -0.10236026568561646     
  -3.6379995743050279E-002 -0.11658758411098948     
  -3.7345487916191723E-002 -0.13123459910767071     
  -3.7966514257927700E-002 -0.14615450492700141     
  -3.8269053824532960E-002 -0.16120194207071686     
  -3.8264553500483196E-002 -0.17623537085572316     
  -3.7946050058901677E-002 -0.19111851069047159     
  -3.7314619168393980E-002 -0.20571941655375267     
  -3.6390580387087736E-002 -0.21990952069448569     
  -3.5168021636793147E-002 -0.23356665993173240     
  -3.3628237350464191E-002 -0.24657192034178155     
  -3.1757981712242089E-002 -0.25880352664187567     
  -2.9521456214493709E-002 -0.27013150248057538     
  -2.6863561820630537E-002 -0.28040960680756410     
  -2.3743858373438117E-002 -0.28946926072687917     
  -2.0141919280964184E-002 -0.29711965409329472     
  -1.6029136437606284E-002 -0.30315407201664563     
  -1.1354720443522481E-002 -0.30735445731250571     
  -6.0870069944872112E-003 -0.30948881934113592     
  -2.0496196325667414E-004 -0.30930944405411559     
   6.2539184268399894E-003 -0.30654955839835601     
   1.3220821742633556E-002 -0.30093534586668125     
   2.0519726926549745E-002 -0.29220681099432227     
   2.7922231619131294E-002 -0.28016276084934699     
   3.5120563454601503E-002 -0.26471190513017345     
   4.1789847859746987E-002 -0.24593661382595977     
   4.7402283624428609E-002 -0.22413579758134738     
   5.1429316154077115E-002 -0.19988037075962251     
   5.3406095087967446E-002 -0.17402100837730416     
   5.3122198527802041E-002 -0.14764542811508977     
   5.0585736737093226E-002 -0.12195347516757718     
   4.6135164008761699E-002  -9.8094949706441628E-002
   4.0194446222190747E-002  -7.6983817427806744E-002
   3.3290811165320226E-002  -5.9191131570127523E-002
   2.5844270846330342E-002  -4.4914537970781959E-002
   1.8270738218634380E-002  -3.4066574143860037E-002
   1.0809232237563594E-002  -2.6390202017471467E-002
   3.6507024296624294E-003  -2.1589299825308338E-002
  -3.0727658012110097E-003  -1.9401679461188412E-002
  -9.2577916344889228E-003  -1.9616735067809025E-002
  -1.4889162155423749E-002  -2.2050708513455759E-002
  -1.9926583499712148E-002  -2.6526936064932356E-002
  -2.4420290604268508E-002  -3.2847807793000887E-002
  -2.8381735360128793E-002  -4.0803829821965107E-002
  -3.1815198237957483E-002  -5.0176841248901899E-002
  -3.4711892471253822E-002  -6.0747949362215357E-002
  -3.7080779454224277E-002  -7.2302445820112207E-002
  -3.8961604931480966E-002  -8.4631879388480200E-002
  -4.0383320425924664E-002  -9.7540859354612500E-002
  -4.1352678365348366E-002 -0.11084792846866473     
  -4.1883562271447648E-002 -0.12438037446053217     
  -4.1992797122619649E-002 -0.13797088812803279     
  -4.1705631834494397E-002 -0.15145487274559780     
  -4.1055349272232020E-002 -0.16467235540424632     
  -4.0074115783623472E-002 -0.17747413517199959     
  -3.8792352138080653E-002 -0.18972712867493774     
  -3.7235797009745816E-002 -0.20131725400818196     
  -3.5410808679990767E-002 -0.21214888599095655     
  -3.3317636122330976E-002 -0.22213551122694619     
  -3.0940065135047278E-002 -0.23119006082646731     
  -2.8244805316697479E-002 -0.23921398044061976     
  -2.5214271043515896E-002 -0.24608563381048421     
  -2.1804549987791761E-002 -0.25166145540896023     
  -1.7972702385619124E-002 -0.25577228662674484     
  -1.3670300497525645E-002 -0.25822562553902434     
  -8.8372111395411280E-003 -0.25880863719274916     
  -3.4594477630566197E-003 -0.25728462844964567     
   2.4519962414420358E-003 -0.25340231097172156     
   8.8407792533205555E-003 -0.24690524624434040     
   1.5588772882866572E-002 -0.23754788244594741     
   2.2502214200747824E-002 -0.22512442801474039     
   2.9331031578719458E-002 -0.20951058587748814     
   3.5696291971987586E-002 -0.19070812917243168     
   4.1212376582115469E-002 -0.16892009629395757     
   4.5430156709260046E-002 -0.14459421772222034     
   4.7909369505556326E-002 -0.11845286489994911     
   4.8367125575053890E-002  -9.1482558130769817E-002
   4.6659385613063313E-002  -6.4832935598557115E-002
   4.2813566752073096E-002  -3.9674520449711710E-002
   3.7135520992280319E-002  -1.7048479975546260E-002
   3.0115434116039307E-002   2.2880820438025548E-003
   2.2335175815525434E-002   1.7937231939301464E-002
   1.4392041712381818E-002   2.9842501296699690E-002
   6.6886352791762256E-003   3.8216042557537480E-002
  -4.9597209774073609E-004   4.3387851229460254E-002
  -7.0184622521633523E-003   4.5697822101867847E-002
  -1.2835525279979878E-002   4.5481175555614137E-002
  -1.7931598536070709E-002   4.3079593283433477E-002
  -2.2308385242521930E-002   3.8821526508785439E-002
  -2.6003341456718475E-002   3.2999886561796532E-002
  -2.9078645283547460E-002   2.5875135045772660E-002
  -3.1599354137241305E-002   1.7677980076824924E-002
  -3.3625601362294033E-002   8.6063484921109646E-003
  -3.5207562576543450E-002  -1.1665930609292762E-003
  -3.6384872680984170E-002  -1.1479068215959823E-002
  -3.7200651961052968E-002  -2.2177938987077452E-002
  -3.7715143972425619E-002  -3.3130019678954757E-002
  -3.8000547510894829E-002  -4.4237867383574353E-002
  -3.8120319569607951E-002  -5.5445747898833116E-002
  -3.8108757558582194E-002  -6.6728141476393943E-002
  -3.7963521602268853E-002  -7.8066892472100358E-002
  -3.7652809439043401E-002  -8.9430353271181789E-002
  -3.7128110203484777E-002 -0.10076244691236398     
  -3.6332394717724384E-002 -0.11197969432508210     
  -3.5202344686647929E-002 -0.12297006588438442     
  -3.3670404609100438E-002 -0.13359077335125952     
  -3.1670782058431740E-002 -0.14366735367994451     
  -2.9147039652406972E-002 -0.15299755884554064     
  -2.6055171247104842E-002 -0.16135964510505901     
  -2.2358571098482272E-002 -0.16851974022511521     
  -1.8018239293009823E-002 -0.17423181330339060     
  -1.2987613148339815E-002 -0.17822797698255727     
  -7.2215257444133742E-003 -0.18020403652059655     
  -7.0219932789169083E-004 -0.17981072970423209     
   6.5237105223216680E-003 -0.17666159951247151     
   1.4308457792547847E-002 -0.17036453487893113     
   2.2378669448390155E-002 -0.16057896993993925     
   3.0333025157966508E-002 -0.14709581426938151     
   3.7671288218630979E-002 -0.12992921092330320     
   4.3859526799268037E-002 -0.10939533736145778     
   4.8421796022429693E-002  -8.6141294592883902E-002
   5.1028126476367050E-002  -6.1095561140041207E-002
   5.1543271068983494E-002  -3.5347934695315684E-002
   5.0023985206156210E-002  -1.0004281491932436E-002
   4.6684067900760483E-002   1.3937207564998428E-002
   4.1851558404238584E-002   3.5670794335276999E-002
   3.5923032164444924E-002   5.4630755500300394E-002
   2.9310723607840226E-002   7.0500320131273664E-002
   2.2390455443455606E-002   8.3181282478194327E-002
   1.5466427382635622E-002   9.2737928022950750E-002
   8.7588985300466327E-003   9.9336696161570606E-002
   2.4090297544035926E-003  0.10319560999314799     
  -3.5062453255047766E-003  0.10454797019504916     
  -8.9544745506054593E-003  0.10362079539310172     
  -1.3928462621413690E-002  0.10062619985418102     
  -1.8432186503250875E-002   9.5761463645462411E-002
  -2.2473355256034489E-002   8.9212804959811626E-002
  -2.6061230813126376E-002   8.1159083204216872E-002
  -2.9207082238044399E-002   7.1773607653155685E-002
  -3.1924824554463764E-002   6.1223942268035923E-002
  -3.4230473379467122E-002   4.9670752254079159E-002
  -3.6140284520856672E-002   3.7267023161436236E-002
  -3.7668244989198976E-002   2.4158492449559355E-002
  -3.8823791949885680E-002   1.0485433313786810E-002
  -3.9610395157030485E-002  -3.6145924432460460E-003
  -4.0025206687486561E-002  -1.8003643689866466E-002
  -4.0059613556535673E-002  -3.2540569582631865E-002
  -3.9700346173875897E-002  -4.7078816766217835E-002
  -3.8930786954018352E-002  -6.1464998472881768E-002
  -3.7732218479345644E-002  -7.5538159893092358E-002
  -3.6084878264371137E-002  -8.9129565074239969E-002
  -3.3968804610889268E-002 -0.10206279259862082     
  -3.1364554467251761E-002 -0.11415394148733141     
  -2.8253955534993856E-002 -0.12521179601326363     
  -2.4621128103349970E-002 -0.13503787144504864     
  -2.0454077920642289E-002 -0.14342636587883995     
  -1.5747214420911478E-002 -0.15016418331913087     
  -1.0505181318214948E-002 -0.15503138116801576     
  -4.7483898352514422E-003 -0.15780265237223851     
   1.4794022022513267E-003 -0.15825081444911990     
   8.1012745998768794E-003 -0.15615378818539399     
   1.4995275542886686E-002 -0.15130722052623627     
   2.1981468267255735E-002 -0.14354562619956154     
   2.8810315993044327E-002 -0.13277528490843882     
   3.5157194685896023E-002 -0.11902116508371130     
   4.0630959350965216E-002 -0.10248602082557534     
   4.4806703918581478E-002  -8.3610328755211932E-002
   4.7289677580562975E-002  -6.3107538376142761E-002
   4.7803695905771694E-002  -4.1939380670788694E-002
   4.6275911783467620E-002  -2.1207886635231321E-002
   4.2876969450445362E-002  -1.9816248939432375E-003
   3.7990171049537516E-002   1.4880829428049620E-002
   3.2121441943472238E-002   2.8839627432721938E-002
   2.5792817498155329E-002   3.9685882435993670E-002
   1.9460702220849519E-002   4.7481478287624453E-002
   1.3474814503812689E-002   5.2471826147137191E-002
   8.0711446599724228E-003   5.5005266327685688E-002
   3.3848845051901786E-003   5.5472670227909082E-002
  -5.2848304885682142E-004   5.4267780331876694E-002
  -3.6713924301771429E-003   5.1763636304862547E-002
  -6.0853165309326992E-003   4.8299765869132004E-002
  -7.8358474237524393E-003   4.4176064068942457E-002
  -9.0015831227104100E-003   3.9650716842900099E-002
  -9.6662185500359585E-003   3.4940545761172746E-002
  -9.9130969985007141E-003   3.0222822598082223E-002
  -9.8215361714171102E-003   2.5638023953281359E-002
  -9.4643938524694802E-003   2.1293239843657479E-002
  -8.9065115149264910E-003   1.7266084264359965E-002
  -8.2038673383229947E-003   1.3608996647549129E-002
  -7.4034485136955756E-003   1.0353759004067828E-002
  -6.5439383957345667E-003   7.5159000824127943E-003
  -5.6572302687553817E-003   5.0984940274494753E-003
  -4.7705090438624771E-003   3.0948278417969807E-003
  -3.9082986642909488E-003   1.4896432798965104E-003
  -3.0936936390212771E-003   2.5915838738767137E-004
  -2.3481965072964313E-003  -6.2936156849897245E-004
  -1.6901736880939018E-003  -1.2174212357619501E-003
  -1.1326325565762607E-003  -1.5536655283638111E-003
  -6.8139066490781374E-004  -1.6906595059332518E-003
  -3.3450972425681352E-004  -1.6807138457554831E-003
  -8.3239604359690962E-005  -1.5718182046108584E-003
   8.5929779515448132E-005  -1.4046282016060368E-003
   1.8882666417517255E-004  -1.2109601999916275E-003
   2.4140856540512715E-004  -1.0137191592204855E-003
   2.5818534759741859E-004  -8.2785924695118022E-004
   2.5133124756077774E-004  -6.6189414521384453E-004
   2.3038370937990949E-004  -5.1954929937617490E-004
   2.0235300201726502E-004  -4.0128404438760347E-004
   1.7206526188386808E-004  -3.0554447046089505E-004
   1.4259869119597024E-004  -2.2970805264703345E-004
   1.1572030463885232E-004  -1.7074160956439383E-004
   9.2271861586118651E-005  -1.2562239817257863E-004
   7.2483221320785975E-005  -9.1579645924278852E-005
   5.6210353413604112E-005  -6.6209828495901159E-005
   4.3105823895345287E-005  -4.7509626800441278E-005
   3.2734028210588903E-005  -3.3859761959695069E-005
   2.4644116237415313E-005  -2.3983116940056228E-005
   1.8412316815341325E-005  -1.6892588605124409E-005
   1.3663315063595992E-005  -1.1838088057909784E-005
   1.0078095868986072E-005  -8.2578486677861715E-006
   7.3936299155908775E-006  -5.7363944276917176E-006
   5.3981141060409534E-006  -3.9697933604685703E-006
   3.9242000761524408E-006  -2.7378430593589983E-006
   2.8417107259110514E-006  -1.8823572793337108E-006
   2.0506980105081197E-006  -1.2905558587547620E-006
   1.4752694912473093E-006  -8.8257054077477891E-007
   1.0583442027732447E-006  -6.0217911471194620E-007
   7.5734167616604103E-007  -4.1001647852027267E-007
   5.4072502428327344E-007  -2.7865234561199073E-007
   3.8528262728586379E-007  -1.8905477670550526E-007
   2.7402419908244648E-007  -1.2806958114246580E-007
   1.9457351992099418E-007  -8.6636353729827773E-008
   1.3795398093705174E-007  -5.8533682125308067E-008
   9.7679444706552248E-008  -3.9501393302478331E-008
   6.9079070780919917E-008  -2.6629528869579564E-008
   4.8799334606017656E-008  -1.7934832720935742E-008
   3.4438926025337857E-008  -1.2068334155179119E-008
   2.4282462577090105E-008  -8.1141366374323642E-009
   1.7107158283719055E-008  -5.4513864490839680E-009
   1.2043022436766790E-008  -3.6598400102128653E-009
   8.4721240172691749E-009  -2.4554152733247681E-009
   5.9562319663165115E-009  -1.6463018396485048E-009
   4.1849819236356644E-009  -1.1031294804257528E-009
   2.9388377524786217E-009  -7.3872708397886325E-010
   2.0626827038639540E-009  -4.9441011906212708E-010
   1.4470262030934714E-009  -3.3070383990444497E-010
   1.0146532811002746E-009  -2.2107520754988287E-010
   7.1115510238035401E-010  -1.4770249566046788E-010
   4.9822163192825839E-010  -9.8623063696805699E-011
   3.4889665453439528E-010  -6.5812102058743228E-011
   2.4422476765315849E-010  -4.3889570813193202E-011
   1.7088438050696988E-010  -2.9250604697004080E-011
   1.1951828120976398E-010  -1.9481120289513687E-011
   8.3557159269124093E-011  -1.2965347603979022E-011
   5.8391138296451130E-011  -8.6224185008878979E-012
   4.0786769985190758E-011  -5.7296773547509268E-012
   2.8477017147135577E-011  -3.8042289202384196E-012
   1.9873060604004234E-011  -2.5235710585590827E-012
   1.3861840123293046E-011  -1.6724436359175162E-012
   9.6638939297870769E-012  -1.1072523683159464E-012
   6.7335835623058009E-012  -7.3226848937239673E-013
   4.6890969324911998E-012  -4.8371460275759478E-013
   3.2633622353648667E-012  -3.1912920340416126E-013
   2.2696392702055929E-012  -2.1026274372161724E-013
   1.5774085344544862E-012  -1.3833519353374253E-013
   1.0954824095447045E-012  -9.0871891849363762E-014
   7.6017944412518091E-013  -5.9593690862374746E-014
   5.2704684577468586E-013  -3.9010983206695399E-014
   3.6506865684511183E-013  -2.5487403744781230E-014
   2.5261465289146716E-013  -1.6616743829722384E-014
   1.7460784181247446E-013  -1.0808609440419732E-014
   1.2054475197668277E-013  -7.0131085524214744E-015
   8.3112300467789772E-014  -4.5380720803013445E-015
   5.7221857667703351E-014  -2.9278172085095026E-015
   3.9334955776794885E-014  -1.8828094795454442E-015
   2.6992795928314902E-014  -1.2064819756394509E-015
   1.8488112349097565E-014  -7.7007090618918044E-016
   1.2636434797409829E-014  -4.8939207795239730E-016
   8.6167242661536642E-015  -3.0952337016522794E-016
   5.8604046107998413E-015  -1.9471593738176536E-016
   3.9741398000693184E-015  -1.2175936107144922E-016
   2.6861294319389458E-015  -7.5625440681732920E-017
   1.8087859113233863E-015  -4.6613155322808828E-017
   1.2128156855717692E-015  -2.8481108124221549E-017
   8.0923447162147275E-016  -1.7228484041520861E-017
   5.3689861740210193E-016  -1.0301153365991009E-017
   3.5386881929166487E-016  -6.0759504544763095E-018
   2.3143430925022105E-016  -3.5265817293728622E-018
   1.4998239915168177E-016  -2.0078532287203334E-018
   9.6146792455076484E-017  -1.1167823482368469E-018
   6.0841077209334631E-017  -6.0353181304346717E-019
   3.7904185077784676E-017  -3.1453344935164613E-019
   2.3168244628276761E-017  -1.5634043850750951E-019
   1.3817203642728032E-017  -7.2779216338891127E-020
   7.9457645379544903E-018  -3.0633977408687190E-020
   4.2543618426862877E-018  -1.0713126852793552E-020
   1.8280733262877247E-018  -2.2400189959695639E-021
   0.0000000000000000        0.0000000000000000     
