 Initial conditions outputted from a previous simulation. Time =    18.000000000000000     
   40.000000000000000        0.0000000000000000              500           1   18.000000000000000     
   6.2755792175944305E-002  -1.4601146276968719E-012
   6.1277889812781872E-002   2.6779548846329711E-002
   5.7633022490553298E-002   5.2214980043405058E-002
   5.2036957837764561E-002   7.5213740501910986E-002
   4.5076568736860931E-002   9.4876186291311490E-002
   3.7188901522146031E-002  0.11088558391315814     
   2.8906501798450800E-002  0.12302662246519790     
   2.0630914069442945E-002  0.13138864285944624     
   1.2662747112755092E-002  0.13619327987379481     
   5.2088926025523887E-003  0.13773403621379224     
  -1.6080638129700399E-003  0.13634249289070360     
  -7.7293443821641909E-003  0.13235459672419661     
  -1.3142360453334664E-002  0.12609322392177646     
  -1.7866267922015039E-002  0.11786021581451644     
  -2.1940295345893153E-002  0.10793192679005353     
  -2.5415318146320445E-002   9.6558062420778037E-002
  -2.8348159973250017E-002   8.3963197474808307E-002
  -3.0797713227201092E-002   7.0350189638545002E-002
  -3.2821467189307001E-002   5.5904940375853258E-002
  -3.4471037944089733E-002   4.0801038387880198E-002
  -3.5786842761635927E-002   2.5202087307043736E-002
  -3.6794068974755852E-002   9.2606336892339502E-003
  -3.7502316316742765E-002  -6.8848905969866704E-003
  -3.7909153933324703E-002  -2.3112145812821113E-002
  -3.8005344779807292E-002  -3.9313440736835840E-002
  -3.7778924510655475E-002  -5.5390773780265606E-002
  -3.7216735411421314E-002  -7.1249007102063652E-002
  -3.6303771701637795E-002  -8.6789085625104512E-002
  -3.5021519661801143E-002 -0.10190248603116232     
  -3.3346306040130641E-002 -0.11646719928857026     
  -3.1248127560348313E-002 -0.13034493561743715     
  -2.8690118511701460E-002 -0.14337897999133517     
  -2.5628862373375645E-002 -0.15539218978166874     
  -2.2015925171017216E-002 -0.16618490798494059     
  -1.7801030201840033E-002 -0.17553292799850095     
  -1.2937137805735190E-002 -0.18318594833651855     
  -7.3875630702673490E-003 -0.18886707875292361     
  -1.1355360896557667E-003 -0.19227407235664615     
   5.8030464525762977E-003 -0.19308351108659291     
   1.3363531795512758E-002 -0.19096013631025907     
   2.1414303840493653E-002 -0.18557447255172577     
   2.9738755886576918E-002 -0.17663297437045722     
   3.8021212180397154E-002 -0.16392523821826874     
   4.5843497629340410E-002 -0.14739027028149676     
   5.2702052763955225E-002 -0.12719736654038033     
   5.8055725182193388E-002 -0.10382463292929081     
   6.1407496320851809E-002  -7.8101611296750473E-002
   6.2406434278476725E-002  -5.1175098497805861E-002
   6.0935529144340604E-002  -2.4377588445628082E-002
   5.7145217668978829E-002   9.7339962837879215E-004
   5.1414450911539337E-002   2.3772540863176882E-002
   4.4258299315942627E-002   4.3248871644841806E-002
   3.6223633133332461E-002   5.8987892328918656E-002
   2.7808154709028823E-002   7.0878570892701900E-002
   1.9416143087188944E-002   7.9028809116327370E-002
   1.1346214528412809E-002   8.3683035971476943E-002
   3.7991748163825664E-003   8.5157689186838068E-002
  -3.1051946692734135E-003   8.3797071081207680E-002
  -9.3094250633914601E-003   7.9945802218943027E-002
  -1.4800988621336053E-002   7.3932886853424140E-002
  -1.9597643038435423E-002   6.6063287167736753E-002
  -2.3735930598095336E-002   5.6614059908764246E-002
  -2.7262601174533357E-002   4.5833151091584375E-002
  -3.0228478208593566E-002   3.3939818294418764E-002
  -3.2684221848268087E-002   2.1126226170802904E-002
  -3.4677286466605235E-002   7.5599159324694224E-003
  -3.6249566504651394E-002  -6.6133161529140453E-003
  -3.7435958357919200E-002  -2.1266503154992313E-002
  -3.8264326386033165E-002  -3.6288302307061086E-002
  -3.8756379147441775E-002  -5.1578939042697329E-002
  -3.8928232765615023E-002  -6.7045336786648882E-002
  -3.8790057045063123E-002  -8.2596170539147792E-002
  -3.8345422295167450E-002  -9.8137651269608564E-002
  -3.7590451600279851E-002 -0.11357047007077485     
  -3.6512557404871922E-002 -0.12878758647964855     
  -3.5091039280696297E-002 -0.14367223171562937     
  -3.3297679149126742E-002 -0.15809583979102168     
  -3.1096264952759960E-002 -0.17191463099054080     
  -2.8444346963227857E-002 -0.18496433994509534     
  -2.5296289412372514E-002 -0.19705563604144669     
  -2.1602657697733806E-002 -0.20797102385617516     
  -1.7311625439598948E-002 -0.21746245688188412     
  -1.2379037760607774E-002 -0.22525372732501359     
  -6.7665776904860114E-003 -0.23104391632533067     
  -4.5575744220103370E-004 -0.23450186577794910     
   6.5222051301449336E-003 -0.23527231126003700     
   1.4094479477972174E-002 -0.23300442574035923     
   2.2109621049739101E-002 -0.22736904503035163     
   3.0314724005868605E-002 -0.21808280138072009     
   3.8368384593471368E-002 -0.20497170020254471     
   4.5859020428180054E-002 -0.18804262754751924     
   5.2304380203994007E-002 -0.16754621927769595     
   5.7251495988316581E-002 -0.14405238121880420     
   6.0327567173442669E-002 -0.11846662138217508     
   6.1251768255381020E-002  -9.1934699004344173E-002
   5.9924504226394552E-002  -6.5690967513929985E-002
   5.6439517204045109E-002  -4.0902807062763995E-002
   5.1083141420359822E-002  -1.8551510416048626E-002
   4.4301714961640849E-002   6.4874217912349881E-004
   3.6587689410506226E-002   1.6294795897625121E-002
   2.8393667385833789E-002   2.8265363774978323E-002
   2.0136689519036355E-002   3.6639927075792042E-002
   1.2112392270720253E-002   4.1631368856799737E-002
   4.5325538587293887E-003   4.3520112176254996E-002
  -2.4668865829547424E-003   4.2609946190109750E-002
  -8.8164415574808457E-003   3.9204660335938751E-002
  -1.4482852001667473E-002   3.3589724852530374E-002
  -1.9474117978972458E-002   2.6027898264018037E-002
  -2.3827065992745009E-002   1.6758938202065234E-002
  -2.7582544953634169E-002   5.9997152013044775E-003
  -3.0784590117460313E-002  -6.0488132564070389E-003
  -3.3458812560603741E-002  -1.9196534678377199E-002
  -3.5623388517690320E-002  -3.3256927008551887E-002
  -3.7308466353944164E-002  -4.8041998309419985E-002
  -3.8537675710218107E-002  -6.3366652766902801E-002
  -3.9302355341911933E-002  -7.9052833539229289E-002
  -3.9576282946392038E-002  -9.4924884976776661E-002
  -3.9364600450289278E-002 -0.11080406261368593     
  -3.8724594303624897E-002 -0.12651597974726858     
  -3.7762740747544224E-002 -0.14190862078142163     
  -3.6587262098543349E-002 -0.15687259345026455     
  -3.5238040304636224E-002 -0.17134834601506271     
  -3.3691569586596568E-002 -0.18530599224112670     
  -3.1880768661660716E-002 -0.19871282351428268     
  -2.9726885626640453E-002 -0.21150179145092454     
  -2.7159776149883234E-002 -0.22355312932239169     
  -2.4114822141334098E-002 -0.23469455913341364     
  -2.0533880346438056E-002 -0.24471002617245205     
  -1.6366198217572486E-002 -0.25335309711472992     
  -1.1577077339929508E-002 -0.26035785628055036     
  -6.1626386961794568E-003 -0.26544326208233870     
  -1.0524075838552743E-004 -0.26831915566586723     
   6.5640097210680655E-003 -0.26868299438312326     
   1.3758653884475301E-002 -0.26622731614635742     
   2.1353365773331964E-002 -0.26066087619516404     
   2.9119351175435352E-002 -0.25173813806165724     
   3.6727740391812980E-002 -0.23931037369224231     
   4.3777389134774303E-002 -0.22338206140449535     
   4.9894369409634438E-002 -0.20416373528057630     
   5.4771456116893262E-002 -0.18210260108826876     
   5.8073367525320038E-002 -0.15787623761997105     
   5.9478902713791207E-002 -0.13237189598804000     
   5.8787437798436738E-002 -0.10664396206811760     
   5.5901142871700726E-002  -8.1831090882568638E-002
   5.0947613565444264E-002  -5.9053268574866286E-002
   4.4308219537443759E-002  -3.9279884490033189E-002
   3.6518754530443273E-002  -2.3202626372257541E-002
   2.8100880747033076E-002  -1.1157798748984945E-002
   1.9494445046118386E-002  -3.1351805486389433E-003
   1.1092049803890806E-002   1.1308507497775080E-003
   3.2199043274674468E-003   2.0427242753396913E-003
  -3.9219052817195711E-003   4.0482663416947188E-005
  -1.0220552147507566E-002  -4.4641002404439637E-003
  -1.5677705423846271E-002  -1.1106140732347588E-002
  -2.0387101161865567E-002  -1.9567336968938746E-002
  -2.4448821654532157E-002  -2.9573134140128968E-002
  -2.7936550798391559E-002  -4.0885089393981722E-002
  -3.0877280730452358E-002  -5.3294110010368337E-002
  -3.3278693958245911E-002  -6.6610318107399411E-002
  -3.5172050354485049E-002  -8.0654765519394225E-002
  -3.6623899217045147E-002  -9.5258771365268155E-002
  -3.7688584902542316E-002 -0.11027081823670232     
  -3.8388439464454478E-002 -0.12556064879934328     
  -3.8720579175536979E-002 -0.14101616131783512     
  -3.8674515896164156E-002 -0.15653398316313927     
  -3.8242182200995643E-002 -0.17200902314657110     
  -3.7436540283624517E-002 -0.18732541458669866     
  -3.6264537018222173E-002 -0.20235459940582587     
  -3.4709554019828316E-002 -0.21695547190385137     
  -3.2752222900626952E-002 -0.23097396767412789     
  -3.0390820963625276E-002 -0.24424568701105176     
  -2.7645781540485651E-002 -0.25660163003547531     
  -2.4531053497494605E-002 -0.26787647630738304     
  -2.1032204670751779E-002 -0.27791242099667079     
  -1.7116877348115612E-002 -0.28655470297485769     
  -1.2760900475494113E-002 -0.29364296869415496     
  -7.9584563556663098E-003 -0.29900361912579054     
  -2.7088874654797737E-003 -0.30244735886692942     
   3.0019502389141846E-003 -0.30377022076507065     
   9.1700025121501730E-003 -0.30275117358883286     
   1.5781785465547111E-002 -0.29915517379720702     
   2.2782118479779300E-002 -0.29273612787367037     
   3.0074298351828014E-002 -0.28325028662501450     
   3.7522704210392568E-002 -0.27048749099486508     
   4.4824702810059083E-002 -0.25431701617355956     
   5.1463756483454789E-002 -0.23476763839629392     
   5.6825077023755687E-002 -0.21213328769456402     
   6.0288513892830901E-002 -0.18705917626296259     
   6.1345781159132633E-002 -0.16057157435420635     
   5.9733417820434190E-002 -0.13401231557951704     
   5.5528802824506916E-002 -0.10887270882652504     
   4.9103725923300055E-002  -8.6552781748931953E-002
   4.1033701672234156E-002  -6.8119242635803420E-002
   3.2074838656718750E-002  -5.4153485883705367E-002
   2.2947016626605646E-002  -4.4718481405000989E-002
   1.4156617446540747E-002  -3.9461625762473251E-002
   6.0500994555556173E-003  -3.7809410549332179E-002
  -1.1750203240752217E-003  -3.9148196749045037E-002
  -7.4573398894849695E-003  -4.2938750963749918E-002
  -1.2816589127495377E-002  -4.8753081490233809E-002
  -1.7328298631086491E-002  -5.6254911031551488E-002
  -2.1096557617481335E-002  -6.5167902712900266E-002
  -2.4250989140585780E-002  -7.5251079276526397E-002
  -2.6899786172470266E-002  -8.6295713448821532E-002
  -2.9131923138325716E-002  -9.8129120029772240E-002
  -3.1045537091315838E-002 -0.11061660719452991     
  -3.2703438999149272E-002 -0.12366431845116155     
  -3.4140885191280328E-002 -0.13720969862087737     
  -3.5362261808062519E-002 -0.15120786315425613     
  -3.6340707651652107E-002 -0.16561624579098463     
  -3.7051193223067741E-002 -0.18037941617127437     
  -3.7482248048750416E-002 -0.19542261699166613     
  -3.7624037766495422E-002 -0.21065264707565753     
  -3.7458103172703747E-002 -0.22596123406794022     
  -3.6945157708739615E-002 -0.24122699329991537     
  -3.6025554791119997E-002 -0.25631271813203554     
  -3.4641353304678803E-002 -0.27106054003584801     
  -3.2765149727412450E-002 -0.28528927757584116     
  -3.0382122207111156E-002 -0.29879797179615158     
  -2.7451584326397282E-002 -0.31137186508533998     
  -2.3923394427685613E-002 -0.32278193482254902     
  -1.9771020578834286E-002 -0.33278028272624621     
  -1.4967859662986449E-002 -0.34109854927292549     
  -9.4915347919640319E-003 -0.34744634247783102     
  -3.3503673601930073E-003 -0.35151407822156938     
   3.3915498400072558E-003 -0.35298116127963086     
   1.0636903048509479E-002 -0.35153451873170427     
   1.8246238473180947E-002 -0.34689282357246659     
   2.5996725658977728E-002 -0.33883458381334364     
   3.3625593566925766E-002 -0.32724039667725291     
   4.0815199961059812E-002 -0.31213433313928940     
   4.7181466931963657E-002 -0.29372240870780558     
   5.2358191165370341E-002 -0.27242620928719280     
   5.6025535959743918E-002 -0.24888709149306110     
   5.7921950260659452E-002 -0.22393977929065551     
   5.7893100613548291E-002 -0.19855699326349160     
   5.5900750773297155E-002 -0.17376445874471003     
   5.2068043841880796E-002 -0.15054836400848440     
   4.6636605576217474E-002 -0.12975924580838638     
   3.9942931222487932E-002 -0.11204239421290622     
   3.2370781696867197E-002  -9.7805346293178316E-002
   2.4279328034500731E-002  -8.7222330787180335E-002
   1.6040104710426575E-002  -8.0278345004967014E-002
   8.0189819906214266E-003  -7.6818718307896494E-002
   4.9273205414861047E-004  -7.6589575632093565E-002
  -6.3449439655361289E-003  -7.9277363638453113E-002
  -1.2409079291615223E-002  -8.4535632934148841E-002
  -1.7684948574626741E-002  -9.2013120337577387E-002
  -2.2196660899766830E-002 -0.10137565015337704     
  -2.6009988406745468E-002 -0.11231750571530488     
  -2.9190817220132316E-002 -0.12457014441790963     
  -3.1804672276763375E-002 -0.13789909569340567     
  -3.3899091043618192E-002 -0.15209763564202150     
  -3.5504063983485788E-002 -0.16697752234295765     
  -3.6652090263287640E-002 -0.18235962976340395     
  -3.7378026935956266E-002 -0.19807132377138528     
  -3.7709947896006603E-002 -0.21394843211689915     
  -3.7673727591831629E-002 -0.22983793822718068     
  -3.7290548385126375E-002 -0.24560009116741188     
  -3.6580355524665362E-002 -0.26110727663521527     
  -3.5562272840116871E-002 -0.27624034806390185     
  -3.4247036762824173E-002 -0.29088485948986037     
  -3.2629238803109736E-002 -0.30492713056162063     
  -3.0700139315938561E-002 -0.31824902852372683     
  -2.8432421188510380E-002 -0.33072729331649930     
  -2.5801627319573712E-002 -0.34222874373007872     
  -2.2781567363231989E-002 -0.35260932285072472     
  -1.9331099829464807E-002 -0.36171353162111852     
  -1.5439172989995040E-002 -0.36936731790628030     
  -1.1067937521012181E-002 -0.37538406408975811     
  -6.2132558511936199E-003 -0.37955873451751693     
  -8.8480482577298178E-004 -0.38167414060366722     
   4.8879543069157072E-003 -0.38151077455023874     
   1.1012908619358188E-002 -0.37885400990119178     
   1.7385410365215525E-002 -0.37351826555004564     
   2.3884211075386682E-002 -0.36536787246060615     
   3.0308468096390317E-002 -0.35432939993427254     
   3.6424476181500756E-002 -0.34042378961036601     
   4.1962786920167507E-002 -0.32379233945683472     
   4.6571817367385117E-002 -0.30471586779372029     
   4.9960644071153679E-002 -0.28365457883172340     
   5.1860792137048542E-002 -0.26124423748849918     
   5.2086612067005281E-002 -0.23826916333650855     
   5.0574353101213373E-002 -0.21561357326070407     
   4.7407133069796714E-002 -0.19416993676549665     
   4.2762204216085925E-002 -0.17472156905859421     
   3.6974124489970298E-002 -0.15787723071715895     
   3.0437376147921597E-002 -0.14402664469356036     
   2.3530855392853735E-002 -0.13332719730877904     
   1.6593808018517564E-002 -0.12575089055191324     
   9.8810874553434576E-003 -0.12115020055276003     
   3.5732472513880812E-003 -0.11930302849308974     
  -2.2082154318074868E-003 -0.11994146727018938     
  -7.3936915893052920E-003 -0.12277997423035274     
  -1.1955974995281905E-002 -0.12753491811318182     
  -1.5896599232661138E-002 -0.13393295998054133     
  -1.9233481859597716E-002 -0.14171474231588099     
  -2.1995239715004517E-002 -0.15063656177909893     
  -2.4220466089501597E-002 -0.16047136928081643     
  -2.5957085307329132E-002 -0.17101165944622651     
  -2.7259116311108084E-002 -0.18207386365334960     
  -2.8180979826784906E-002 -0.19350070965832528     
  -2.8771105029739310E-002 -0.20515945886735801     
  -2.9067206098257692E-002 -0.21693685765801429     
  -2.9094768299378154E-002 -0.22873260980916252     
  -2.8868282797564815E-002 -0.24045319857890138     
  -2.8393615446171045E-002 -0.25200734887610710     
  -2.7670168501382479E-002 -0.26330315902504831     
  -2.6692322255925247E-002 -0.27424614584234591     
  -2.5450362381435498E-002 -0.28473763355581999     
  -2.3931353888286107E-002 -0.29467332297560894     
  -2.2120243347273187E-002 -0.30394208722031169     
  -2.0001245679887536E-002 -0.31242513793240750     
  -1.7559506428597240E-002 -0.31999570496880192     
  -1.4783055193033554E-002 -0.32651931589557359     
  -1.1665104999203008E-002 -0.33185476840847311     
  -8.2067622963056201E-003 -0.33585596505014004     
  -4.4201578471442125E-003 -0.33837485568116399     
  -3.3190474783482179E-004 -0.33926578414935016     
   4.0133334878988741E-003 -0.33839156073353560     
   8.5495314219442235E-003 -0.33563156071137068     
   1.3186804744837263E-002 -0.33089203815766449     
   1.7810496725642142E-002 -0.32411857463133242     
   2.2282778031556656E-002 -0.31531007800585764     
   2.6447688055969611E-002 -0.30453297703547871     
   3.0140239485498363E-002 -0.29193331780547288     
   3.3199488814464509E-002 -0.27774365298788695     
   3.5484375542237684E-002 -0.26228141275833355     
   3.6889919468970377E-002 -0.24593636638475141     
   3.7360543255421472E-002 -0.22914699726611387     
   3.6897405270847380E-002 -0.21236860366361804     
   3.5557899564143756E-002 -0.19603851899370894     
   3.3447503579061330E-002 -0.18054478066427174     
   3.0706087266897105E-002 -0.16620339280856927     
   2.7491870318366311E-002 -0.15324663773155106     
   2.3966132038205745E-002 -0.14182196383597678     
   2.0280835634022689E-002 -0.13199895264583406     
   1.6570169096541278E-002 -0.12378113517151106     
   1.2946040578116940E-002 -0.11711969125307818     
   9.4968331043209266E-003 -0.11192689278704838     
   6.2883895521361069E-003 -0.10808809050046145     
   3.3663560550599744E-003 -0.10547165568903648     
   7.5928040525817064E-004 -0.10393675326217222     
  -1.5180543303235077E-003 -0.10333916549747023     
  -3.4614741811161993E-003 -0.10353548419704646     
  -5.0746446461261262E-003 -0.10438598603448518     
  -6.3667599120058134E-003 -0.10575650312205520     
  -7.3507112846800827E-003 -0.10751956114926191     
  -8.0417083319935731E-003 -0.10955499541749827     
  -8.4562951170607421E-003 -0.11175021243635586     
  -8.6117025598645806E-003 -0.11400023401827079     
  -8.5254795763805031E-003 -0.11620762999112424     
  -8.2153433376684817E-003 -0.11828242056197009     
  -7.6991932705573821E-003 -0.12014200968156886     
  -6.9952412984676067E-003 -0.12171119245211603     
  -6.1222163588029906E-003 -0.12292226432828031     
  -5.0996055503325852E-003 -0.12371524804860777     
  -3.9478978596120705E-003 -0.12403824320477241     
  -2.6887983465988491E-003 -0.12384789202330322     
  -1.3453820643347689E-003 -0.12310994356319460     
   5.7840926949073307E-005 -0.12179988686744128     
   1.4949754113684616E-003 -0.11990361155037661     
   2.9389282239732245E-003 -0.11741804220895140     
   4.3617500902308690E-003 -0.11435168130294389     
   5.7351414939664285E-003 -0.11072498467477604     
   7.0311207783220562E-003 -0.10657048662869924     
   8.2228380330265291E-003 -0.10193259008280829     
   9.2855008885440529E-003  -9.6866944454867696E-002
   1.0197359677116529E-002  -9.1439351997149546E-002
   1.0940681908569391E-002  -8.5724173602544876E-002
   1.1502632847372400E-002  -7.9802247100825688E-002
   1.1875973801160627E-002  -7.3758381483549046E-002
   1.2059495639181428E-002  -6.7678543141451691E-002
   1.2058123504761578E-002  -6.1646896651041894E-002
   1.1882658677164638E-002  -5.5742893949673099E-002
   1.1549161397104928E-002  -5.0038614637426114E-002
   1.1078018312552809E-002  -4.4596543220215890E-002
   1.0492773176891507E-002  -3.9467928054634623E-002
   9.8188234361981982E-003  -3.4691808230369159E-002
   9.0820946117114686E-003  -3.0294728600938563E-002
   8.3077983589226762E-003  -2.6291100338462561E-002
   7.5193612781943100E-003  -2.2684113590127182E-002
   6.7375845682335397E-003  -1.9467075362181199E-002
   5.9800647757979565E-003  -1.6625030968708605E-002
   5.2608779566775173E-003  -1.4136529229085698E-002
   4.5905068614617451E-003  -1.1975405989430392E-002
   3.9759749318049589E-003  -1.0112482703651681E-002
   3.4211420674555978E-003  -8.5171023503463027E-003
   2.9271143797097716E-003  -7.1584504858235145E-003
   2.4927220274970894E-003  -6.0066325080555287E-003
   2.1150241819949353E-003  -5.0334980402817779E-003
   1.7898068167807009E-003  -4.2132193216458955E-003
   1.5120463325547120E-003  -3.5226426866748276E-003
   1.2763193053108659E-003  -2.9414409376623146E-003
   1.0771454939372555E-003  -2.4521000474803812E-003
   9.0925745948601045E-004  -2.0397765370310131E-003
   7.6779564346349358E-004  -1.6920623641279858E-003
   6.4843246638319389E-004  -1.3986925208376380E-003
   5.4743286366709480E-004  -1.1512270589245390E-003
   4.6166156933263376E-004  -9.4273430286565961E-004
   3.8854927891782061E-004  -7.6749601186730596E-004
   3.2603050032302763E-004  -6.2074874943306570E-004
   2.7246544896037582E-004  -4.9846929295808832E-004
   2.2655689314402539E-004  -3.9720612761728858E-004
   1.8727065648791922E-004  -3.1395437810208211E-004
   1.5376587111281696E-004  -2.4606822802858945E-004
   1.2533841155739581E-004  -1.9120304314302212E-004
   1.0137855037380766E-004  -1.4727893340772897E-004
   8.1341998242964465E-005  -1.1245808763361080E-004
   6.4732241511636959E-005  -8.5129532951532953E-005
   5.1091468292614988E-005  -6.3896638081904967E-005
   3.9997287880277705E-005  -4.7564371414700130E-005
   3.1062749523469205E-005  -3.5124807756611013E-005
   2.3937692299440978E-005  -2.5740517713838824E-005
   1.8310060855330082E-005  -1.8726230007790009E-005
   1.3906390746872296E-005  -1.3529558621836355E-005
   1.0491133284669785E-005  -9.7117051017033316E-006
   7.8648240818681504E-006  -6.9289697423397413E-006
   5.8613032690745965E-006  -4.9157187118298331E-006
   4.3442891970667764E-006  -3.4692268472953407E-006
   3.2036206662278010E-006  -2.4365968088403617E-006
   2.3514452228977177E-006  -1.7037731320689058E-006
   1.7185683840403855E-006  -1.1865364095118891E-006
   1.2511096855176742E-006  -8.2327847677986723E-007
   9.0754823235141442E-007  -5.6931720848989278E-007
   6.5618916360887019E-007  -3.9249941115654771E-007
   4.7304504324175848E-007  -2.6985209073579387E-007
   3.4010184447649621E-007  -1.8506711899146581E-007
   2.4392569054384367E-007  -1.2663506687765827E-007
   1.7456116024912618E-007  -8.6475839274095333E-008
   1.2467219077627956E-007  -5.8943683337848663E-008
   8.8880255028484458E-008  -4.0110523863218348E-008
   6.3259914240776227E-008  -2.7253778491141095E-008
   4.4957900097000379E-008  -1.8492839683340916E-008
   3.1907829946029975E-008  -1.2532656631467516E-008
   2.2618085718943872E-008  -8.4838507860400951E-009
   1.6015096149952740E-008  -5.7371339177080088E-009
   1.1328202183603167E-008  -3.8760138204298851E-009
   8.0054923495816982E-009  -2.6163466038018136E-009
   5.6525483651943584E-009  -1.7646213970645319E-009
   3.9880387013823303E-009  -1.1892593334953408E-009
   2.8116377337053630E-009  -8.0091966045139401E-010
   1.9809208297886409E-009  -5.3901858936938655E-010
   1.3947696908174972E-009  -3.6252061686589313E-010
   9.8148275290546286E-010  -2.4366021166167704E-010
   6.9027526549786928E-010  -1.6366862505158998E-010
   4.8521455423778548E-010  -1.0986985158780777E-010
   3.4090038608481469E-010  -7.3709740704020801E-011
   2.3939313095417261E-010  -4.9420046490450135E-011
   1.6803236298024562E-010  -3.3113864094292810E-011
   1.1788976127983109E-010  -2.2173767656529888E-011
   8.2673132545575977E-011  -1.4838313294163445E-011
   5.7950819770873050E-011  -9.9228303852784940E-012
   4.0603357029781992E-011  -6.6310342846891719E-012
   2.8436120876747043E-011  -4.4280086943717358E-012
   1.9905923623942770E-011  -2.9546229788847462E-012
   1.3928170218108739E-011  -1.9699042034018517E-012
   9.7409293348390898E-012  -1.3122561641021803E-012
   6.8091800456458266E-012  -8.7337674344465342E-013
   4.7573979540444878E-012  -5.8072561220635612E-013
   3.3221185472431601E-012  -3.8574588055052089E-013
   2.3185744283865449E-012  -2.5595567210253387E-013
   1.6172419528912832E-012  -1.6964104896131341E-013
   1.1273613915525032E-012  -1.1229660738613393E-013
   7.8536213598981702E-013  -7.4239580439290506E-014
   5.4673640492831462E-013  -4.9011487385731388E-014
   3.8033635076415644E-013  -3.2308020054098345E-014
   2.6437346324588244E-013  -2.1263039202587884E-014
   1.8361324705883268E-013  -1.3969816363335480E-014
   1.2740883052681649E-013  -9.1611302160875408E-015
   8.8323167784249932E-014  -5.9956628958441194E-015
   6.1164038358935316E-014  -3.9154826499128464E-015
   4.2308442206731496E-014  -2.5510321817394355E-015
   2.9229800017460594E-014  -1.6578415642807756E-015
   2.0167222077578158E-014  -1.0744110811618752E-015
   1.3894259272401821E-014  -6.9420960377547455E-016
   9.5572873536144928E-015  -4.4707688098862793E-016
   6.5626112686934800E-015  -2.8688518627382335E-016
   4.4976426265536243E-015  -1.8336328361589385E-016
   3.0758960906992334E-015  -1.1668540752546018E-016
   2.0986286920022751E-015  -7.3895027804130714E-017
   1.4281023011403506E-015  -4.6544702430945993E-017
   9.6895935569631449E-016  -2.9140938600563128E-017
   6.5525875991090600E-016  -1.8121223740007872E-017
   4.4145830041159877E-016  -1.1182350621558367E-017
   2.9614705737950433E-016  -6.8402753782948563E-018
   1.9769280549333236E-016  -4.1423182880374706E-018
   1.3122200815182036E-016  -2.4794194410186787E-018
   8.6526434650525866E-017  -1.4639780426131225E-018
   5.6613585863655315E-017  -8.5058796019386977E-019
   3.6704037295091787E-017  -4.8476483339642931E-019
   2.3538719753963949E-017  -2.6989228095344942E-019
   1.4900903379013658E-017  -1.4599348885354248E-019
   9.2867222219207876E-018  -7.6155183478857991E-020
   5.6782957824160582E-018  -3.7886980389634075E-020
   3.3875226215544618E-018  -1.7652146246564566E-020
   1.9485886741757836E-018  -7.4360990273461280E-021
   1.0435816020656831E-018  -2.6024143215085225E-021
   4.4852716041931366E-019  -5.4456795709966697E-022
   0.0000000000000000        0.0000000000000000     
