 Initial conditions outputted from a previous simulation. Time =    27.000000000000000     
   40.000000000000000        0.0000000000000000              500           1   27.000000000000000     
  -3.7244207824055693E-002  -2.0427090501516052E-013
  -3.6943585873028123E-002  -1.6379335691221547E-002
  -3.6449509026961320E-002  -3.2658045112393536E-002
  -3.5664413755746950E-002  -4.8714376026391878E-002
  -3.4608023497307239E-002  -6.4462198892954570E-002
  -3.3187682486743787E-002  -7.9724929363031605E-002
  -3.1386519614498211E-002  -9.4391615498306353E-002
  -2.9158140529175845E-002 -0.10830417434675527     
  -2.6450372978208576E-002 -0.12129139808495402     
  -2.3211918873342650E-002 -0.13316395402539005     
  -1.9388552886504779E-002 -0.14370738817285242     
  -1.4928323082413110E-002 -0.15268234186720017     
  -9.7879523618068492E-003 -0.15982333589892378     
  -3.9401469792428329E-003 -0.16483852945992758     
   2.6156568501449272E-003 -0.16741247197590384     
   9.8392823888428741E-003 -0.16721263850682724     
   1.7633011829955903E-002 -0.16390221143357595     
   2.5822888372666199E-002 -0.15716281372583615     
   3.4140908091638604E-002 -0.14673138481528702     
   4.2213963455628292E-002 -0.13245502425242828     
   4.9570440827125507E-002 -0.11436510865261876     
   5.5678447110139639E-002  -9.2763519862221200E-002
   6.0019783442273628E-002  -6.8295693777767424E-002
   6.2181041220310623E-002  -4.1965353320632462E-002
   6.1931194118186157E-002  -1.5047934180948108E-002
   5.9268144124413155E-002   1.1097695299143706E-002
   5.4430062041041512E-002   3.5254482298582884E-002
   4.7861419566357068E-002   5.6512497766394817E-002
   4.0126492027622945E-002   7.4317593595710746E-002
   3.1795634466350108E-002   8.8424604678340527E-002
   2.3354087440526940E-002   9.8816597417911226E-002
   1.5163171151266331E-002  0.10563258534181021     
   7.4646487312816827E-003  0.10911201638151859     
   4.0300140985261826E-004  0.10955133025969353     
  -5.9507297883762463E-003  0.10727026916079684     
  -1.1578309279438216E-002  0.10258788153046329     
  -1.6497410856790171E-002   9.5807657961598888E-002
  -2.0748589725981651E-002   8.7210459863990064E-002
  -2.4385960823872892E-002   7.7053061286938701E-002
  -2.7470380003072177E-002   6.5569592414269656E-002
  -3.0063352082596237E-002   5.2973898790416071E-002
  -3.2221360421026787E-002   3.9461677560841735E-002
  -3.3991985386812341E-002   2.5211646920001184E-002
  -3.5412527041264005E-002   1.0386093836688958E-002
  -3.6510398701555577E-002  -4.8684709219014620E-003
  -3.7304413153617336E-002  -2.0420084862153690E-002
  -3.7806309999426191E-002  -3.6149181054459120E-002
  -3.8021830955771822E-002  -5.1945367976014109E-002
  -3.7950885380764333E-002  -6.7703356647182925E-002
  -3.7586798526584683E-002  -8.3318484464093387E-002
  -3.6914934555207911E-002  -9.8682458649916399E-002
  -3.5911217922923976E-002 -0.11368001481690276     
  -3.4541300320633010E-002 -0.12818685408432262     
  -3.2761129752633733E-002 -0.14206851084603425     
  -3.0519303194060012E-002 -0.15517917929048469     
  -2.7760899279256814E-002 -0.16735940533967461     
  -2.4431900825850564E-002 -0.17843199356986691     
  -2.0483338012849912E-002 -0.18819632096147107     
  -1.5874931790091307E-002 -0.19642227249504668     
  -1.0578757420285361E-002 -0.20284586648867803     
  -4.5839703235497501E-003 -0.20716885685714126     
   2.0958432635011736E-003 -0.20906408180472882     
   9.4108356506259674E-003 -0.20818755084085627     
   1.7257661701611447E-002 -0.20419774211714756     
   2.5458358996258940E-002 -0.19678274666289239     
   3.3740056717746519E-002 -0.18569746464063616     
   4.1723959439290914E-002 -0.17081540591565600     
   4.8935299415230324E-002 -0.15219812682640332     
   5.4844813454043406E-002 -0.13017433433026965     
   5.8943705054640048E-002 -0.10540186673894288     
   6.0839612856522791E-002  -7.8871499919291557E-002
   6.0342591450899034E-002  -5.1820299988587150E-002
   5.7508205474085014E-002  -2.5561871755383651E-002
   5.2621364998917550E-002  -1.2875500250668622E-003
   4.6126959094115925E-002   2.0089526148546501E-002
   3.8544018710594034E-002   3.7999669449311400E-002
   3.0387265436345030E-002   5.2193625981327180E-002
   2.2104816043959623E-002   6.2668013117061341E-002
   1.4044886326856061E-002   6.9578633424391578E-002
   6.4515593621089565E-003   7.3170290708082092E-002
  -5.2710488058568621E-004   7.3732400308315071E-002
  -6.8169996743839851E-003   7.1571841687264520E-002
  -1.2397850425816844E-002   6.6997112530770231E-002
  -1.7287750298516358E-002   6.0309300704747451E-002
  -2.1523347044518314E-002   5.1793738318971647E-002
  -2.5152420203618145E-002   4.1713843204274612E-002
  -2.8228430429328988E-002   3.0308487691327025E-002
  -3.0802843647330495E-002   1.7791650138335842E-002
  -3.2923719285241217E-002   4.3542955360890223E-003
  -3.4636759246522444E-002  -9.8325278788926329E-003
  -3.5984123895328554E-002  -2.4615354979864973E-002
  -3.6998996041806551E-002  -3.9855086439779627E-002
  -3.7706195705348104E-002  -5.5418639816921113E-002
  -3.8127921462393050E-002  -7.1171519515839804E-002
  -3.8278488624467158E-002  -8.6981418292032958E-002
  -3.8158195412037292E-002 -0.10272506053832366     
  -3.7754508726023928E-002 -0.11828538227395932     
  -3.7047631274814842E-002 -0.13354410321210883     
  -3.6004584362069235E-002 -0.14837929021568780     
  -3.4576522652506179E-002 -0.16265993375042737     
  -3.2715239780924464E-002 -0.17623416847015697     
  -3.0373771724483061E-002 -0.18892586575469694     
  -2.7508751288319932E-002 -0.20053987615433588     
  -2.4087244425076683E-002 -0.21086525944165457     
  -2.0087835874437663E-002 -0.21967697220509874     
  -1.5504778547059877E-002 -0.22674263812844078     
  -1.0340021313906036E-002 -0.23183036822705733     
  -4.6215148955668145E-003 -0.23471023828242218     
   1.6153772826909987E-003 -0.23516021999630926     
   8.3033839176354356E-003 -0.23296653566427467     
   1.5327592342636906E-002 -0.22792280736793435     
   2.2534129296015400E-002 -0.21984202598539013     
   2.9814925617900157E-002 -0.20857670553690241     
   3.6988820905625157E-002 -0.19402370887952386     
   4.3814418940675483E-002 -0.17616878167353386     
   4.9862529203497256E-002 -0.15514681976065056     
   5.4532386636456202E-002 -0.13132929952413774     
   5.7239061670100504E-002 -0.10540545652244536     
   5.7680065019590367E-002  -7.8386896782196958E-002
   5.5817073968612754E-002  -5.1488883857104352E-002
   5.1883788200876309E-002  -2.5952929365714087E-002
   4.6232304725571008E-002  -2.8504899523547297E-003
   3.9276077700576929E-002   1.7041662369687564E-002
   3.1452522447645924E-002   3.3273687739465006E-002
   2.3161660622544052E-002   4.5682987862293988E-002
   1.4748923752647469E-002   5.4312451918138063E-002
   6.5236180885866859E-003   5.9333147342119211E-002
  -1.2361651970949688E-003   6.0995276741000755E-002
  -8.2906496161655793E-003   5.9604965500073145E-002
  -1.4466694848117188E-002   5.5517336773425338E-002
  -1.9694531767212715E-002   4.9125495713167225E-002
  -2.4007899054438887E-002   4.0832944785868748E-002
  -2.7530765096647831E-002   3.1019206488557161E-002
  -3.0390972932417180E-002   2.0005821339949135E-002
  -3.2701911815748726E-002   8.0454603225966516E-003
  -3.4551333087459953E-002  -4.6694902647655629E-003
  -3.6003793682874291E-002  -1.7986125465587192E-002
  -3.7104413781654889E-002  -3.1768817388259644E-002
  -3.7877002728024502E-002  -4.5885177148762744E-002
  -3.8333903587856696E-002  -6.0200192080207479E-002
  -3.8492784679749259E-002  -7.4577024355854185E-002
  -3.8366880211234619E-002  -8.8882631410566973E-002
  -3.7967777367210499E-002 -0.10299267556960712     
  -3.7320799588167947E-002 -0.11679514500308047     
  -3.6463762660121531E-002 -0.13019261963827719     
  -3.5403853456036624E-002 -0.14310457457597509     
  -3.4115818447031418E-002 -0.15546304015462384     
  -3.2578649412891764E-002 -0.16720158088097389     
  -3.0749810271667774E-002 -0.17824626150450770     
  -2.8569565636454623E-002 -0.18850330774957855     
  -2.5968878356924713E-002 -0.19784881462170664     
  -2.2882809027434513E-002 -0.20612080317842796     
  -1.9250085817643241E-002 -0.21311543478112391     
  -1.5008370512154720E-002 -0.21858928567639965     
  -1.0122359538484874E-002 -0.22226146863080604     
  -4.5695687459252655E-003 -0.22382157812641745     
   1.6800826518689356E-003 -0.22293887985402672     
   8.5816250887208838E-003 -0.21926686171503743     
   1.6043380248986040E-002 -0.21246536738433516     
   2.3844772276147005E-002 -0.20222762709184749     
   3.1689898479931991E-002 -0.18833468115439905     
   3.9187290841489732E-002 -0.17072146417785805     
   4.5823382087092142E-002 -0.14954793565574920     
   5.0995415010497973E-002 -0.12526623362899322     
   5.4153860145436376E-002  -9.8660150358587176E-002
   5.4850192407029756E-002  -7.0817877220733128E-002
   5.2953754870385228E-002  -4.3041530670378546E-002
   4.8654336507930947E-002  -1.6673463863356955E-002
   4.2455476295729322E-002   7.1032509072321932E-003
   3.4979516620217165E-002   2.7443783651045748E-002
   2.6857721480072559E-002   4.3925540589363758E-002
   1.8610564950418934E-002   5.6520271767969324E-002
   1.0616287136702218E-002   6.5475535941885196E-002
   3.0990351209443773E-003   7.1168703193310201E-002
  -3.7802999454368256E-003   7.3985369482377911E-002
  -9.9616294897379391E-003   7.4267398882919666E-002
  -1.5428279530154361E-002   7.2305339841548244E-002
  -2.0196024838288230E-002   6.8359579170248166E-002
  -2.4305332492396116E-002   6.2680593746566274E-002
  -2.7817097410846151E-002   5.5514818233034377E-002
  -3.0793512624048027E-002   4.7096792170959870E-002
  -3.3308415757834990E-002   3.7637781384561746E-002
  -3.5434405651861532E-002   2.7315757968930422E-002
  -3.7225429899783169E-002   1.6273913601566783E-002
  -3.8705930801848532E-002   4.6284471379548680E-003
  -3.9877086114122558E-002  -7.5179165634269782E-003
  -4.0744611504998640E-002  -2.0061294193469144E-002
  -4.1310862085438882E-002  -3.2890434534949525E-002
  -4.1578903753103399E-002  -4.5886592878745677E-002
  -4.1559825789995765E-002  -5.8927179806825054E-002
  -4.1248026589084094E-002  -7.1890271518139759E-002
  -4.0612426802191695E-002  -8.4653169495548200E-002
  -3.9624475403564383E-002  -9.7085033678435739E-002
  -3.8281927528911415E-002 -0.10904051424402071     
  -3.6589965992044581E-002 -0.12036141920528318     
  -3.4550325540162387E-002 -0.13088332827537327     
  -3.2143565257646951E-002 -0.14044401529842990     
  -2.9318341251090067E-002 -0.14888645763131825     
  -2.6001835634760915E-002 -0.15605281039581093     
  -2.2134563195658308E-002 -0.16177262143825741     
  -1.7692572916278505E-002 -0.16585153316978041     
  -1.2672277832805541E-002 -0.16806879692936999     
  -7.0741182359783964E-003 -0.16818206663833521     
  -9.4396978185268938E-004 -0.16593282997482897     
   5.6723946293116730E-003 -0.16106315808954644     
   1.2674564883531339E-002 -0.15332706949202082     
   1.9914195411634625E-002 -0.14251200275383641     
   2.7189841273037255E-002 -0.12847142992874366     
   3.4149521925581058E-002 -0.11116164182168291     
   4.0368808514546529E-002  -9.0700899619522740E-002
   4.5437551449218141E-002  -6.7425485335152857E-002
   4.8913662917785893E-002  -4.1915889496878328E-002
   5.0450074361957919E-002  -1.5000029316760746E-002
   4.9852946560182701E-002   1.2297993962684295E-002
   4.7107123118111993E-002   3.8853868587351584E-002
   4.2384120753149949E-002   6.3568792030869084E-002
   3.6025813288672798E-002   8.5502637838156412E-002
   2.8560384499427639E-002  0.10397342009027681     
   2.0542610282429707E-002  0.11861692922855269     
   1.2435684825037591E-002  0.12938030007231544     
   4.6503140056319905E-003  0.13645050585474749     
  -2.5456448611153172E-003  0.14016876829506483     
  -9.0288783076797954E-003  0.14094221937925658     
  -1.4745636391701601E-002  0.13917625533637581     
  -1.9713538278948194E-002  0.13524489819647442     
  -2.3961432513229648E-002  0.12947636067873997     
  -2.7545377037896952E-002  0.12215504927678340     
  -3.0561843684299528E-002  0.11352455585127026     
  -3.3070666797592588E-002  0.10378432299218658     
  -3.5087478459360964E-002   9.3097250064609213E-002
  -3.6625052946710937E-002   8.1605556439048377E-002
  -3.7726506445560554E-002   6.9447554438310910E-002
  -3.8463745967732180E-002   5.6766808582640924E-002
  -3.8907111441790487E-002   4.3708429312352623E-002
  -3.9108435653740732E-002   3.0409939327397068E-002
  -3.9088704945935374E-002   1.6993630915996094E-002
  -3.8826524458379488E-002   3.5650771351192047E-003
  -3.8316019214814936E-002  -9.7769331007780489E-003
  -3.7575341441131858E-002  -2.2931257469034981E-002
  -3.6608392067133309E-002  -3.5790534625821005E-002
  -3.5392058677234314E-002  -4.8239455435482720E-002
  -3.3902804689173491E-002  -6.0154856835424500E-002
  -3.2112009463417523E-002  -7.1409960075558776E-002
  -2.9995349968603046E-002  -8.1875890202416771E-002
  -2.7497172757317521E-002  -9.1422418038581116E-002
  -2.4543911575706612E-002  -9.9909173631474307E-002
  -2.1065834999217860E-002 -0.10717204365295749     
  -1.6998568614822265E-002 -0.11301291455259298     
  -1.2300955078705260E-002 -0.11719418956325640     
  -6.9613192367325993E-003 -0.11944262278974796     
  -9.7992401231776971E-004 -0.11946110498221343     
   5.6150395755959742E-003 -0.11694085561309345     
   1.2755587355457844E-002 -0.11157644746491172     
   2.0305944424009886E-002 -0.10308669627535540     
   2.8015043405342829E-002  -9.1246340725826741E-002
   3.5516336937571259E-002  -7.5938705189336944E-002
   4.2362737102259206E-002  -5.7225472303404523E-002
   4.8026009817481299E-002  -3.5413154599534188E-002
   5.2006541396161308E-002  -1.1107294092733663E-002
   5.3905352561949164E-002   1.4785711227398643E-002
   5.3503725312592863E-002   4.1124407079887314E-002
   5.0863179657087379E-002   6.6661817374178492E-002
   4.6264040503250378E-002   9.0229311834416542E-002
   4.0160298872036995E-002  0.11090454481064735     
   3.3077590558914231E-002  0.12811825917851916     
   2.5501937131201545E-002  0.14166596033304377     
   1.7840680775830238E-002  0.15162639730557648     
   1.0416335245385981E-002  0.15823980589626732     
   3.4069310535404813E-003  0.16180690362041314     
  -3.0584459910690007E-003  0.16262002665444036     
  -8.9156641383612133E-003  0.16095332841931501     
  -1.4137390921225739E-002  0.15707262195059563     
  -1.8707488572042595E-002  0.15124496848285979     
  -2.2642752416603400E-002  0.14374245834330013     
  -2.5971128355702242E-002  0.13482964554701954     
  -2.8736025431668831E-002  0.12475218823336484     
  -3.0990028054927336E-002  0.11372946474807188     
  -3.2789252616226748E-002  0.10195294871893203     
  -3.4172178133325001E-002   8.9587988619280384E-002
  -3.5170438945251618E-002   7.6779952744511645E-002
  -3.5807863464459980E-002   6.3658367967682677E-002
  -3.6110581457278232E-002   5.0340924813866178E-002
  -3.6102933295809048E-002   3.6935191769623905E-002
  -3.5808182062173934E-002   2.3541427886366373E-002
  -3.5249227547222796E-002   1.0255496400315048E-002
  -3.4440590359056424E-002  -2.8296637063505142E-003
  -3.3393999271451105E-002  -1.5621651991451768E-002
  -3.2103600877597990E-002  -2.8030304696999669E-002
  -3.0547744403454691E-002  -3.9966185691930022E-002
  -2.8698865039773126E-002  -5.1332707927555676E-002
  -2.6525120061367882E-002  -6.2018846024320874E-002
  -2.3994976778477676E-002  -7.1897630003998736E-002
  -2.1070212155460132E-002  -8.0831574221160232E-002
  -1.7684925907318728E-002  -8.8672731206013392E-002
  -1.3735393971952066E-002  -9.5239993442163939E-002
  -9.0981440849780427E-003 -0.10028288616863823     
  -3.6724102052389015E-003 -0.10346435226099364     
   2.5731470210875579E-003 -0.10437908643376199     
   9.5719869744954195E-003 -0.10259515756213929     
   1.7153335056326487E-002  -9.7700608836328612E-002
   2.5042302995765969E-002  -8.9351105193037808E-002
   3.2859046547038223E-002  -7.7328460620438341E-002
   4.0134158333884340E-002  -6.1615056477244468E-002
   4.6357905864882629E-002  -4.2464684664920371E-002
   5.1047697844240729E-002  -2.0436128293401988E-002
   5.3800098550678473E-002   3.6202321998378738E-003
   5.4330898543489478E-002   2.8605566272412834E-002
   5.2543507938525913E-002   5.3256066294999030E-002
   4.8615181084570205E-002   7.6312596157435492E-002
   4.3005907479301789E-002   9.6756546277651456E-002
   3.6330555665126281E-002  0.11397932180403585     
   2.9176742351989374E-002  0.12777973832053724     
   2.1996552090084841E-002  0.13823914416646096     
   1.5092603669023071E-002  0.14559204011220975     
   8.6364566748379796E-003  0.15013678002419217     
   2.6920258769881885E-003  0.15217165696415269     
  -2.7437867201761529E-003  0.15195599963194537     
  -7.6934501669899333E-003  0.14970558795988639     
  -1.2171860569362248E-002  0.14561065918156060     
  -1.6185955589319519E-002  0.13985398531211526     
  -1.9746041915946727E-002  0.13261711243611105     
  -2.2874792643950349E-002  0.12407567522155291     
  -2.5608036614556819E-002  0.11439049578905590     
  -2.7988370983743859E-002  0.10370111711186951     
  -3.0056513561104677E-002   9.2124679091278111E-002
  -3.1844069597762051E-002   7.9759345356091665E-002
  -3.3368021985659913E-002   6.6690793139664084E-002
  -3.4626543138845278E-002   5.3001329153201319E-002
  -3.5597355365088248E-002   3.8781165823610665E-002
  -3.6240685017311092E-002   2.4139806175075093E-002
  -3.6507425136883785E-002   9.2140590980709040E-003
  -3.6350369306526208E-002  -5.8304048603042514E-003
  -3.5734339159997006E-002  -2.0804700471924734E-002
  -3.4641189752540685E-002  -3.5507351614740397E-002
  -3.3067892080716352E-002  -4.9735705520157478E-002
  -3.1018851621341985E-002  -6.3293808724215223E-002
  -2.8495950724683267E-002  -7.5993959209344028E-002
  -2.5490600485632463E-002  -8.7651657368268465E-002
  -2.1981237929949899E-002  -9.8076148210589270E-002
  -1.7937870785211831E-002 -0.10706034810067019     
  -1.3333173683776152E-002 -0.11437430405531643     
  -8.1577611985699881E-003 -0.11976546498508962     
  -2.4360973532900304E-003 -0.12296758238817723     
   3.7609376134492022E-003 -0.12371843176332227     
   1.0310720538078423E-002 -0.12178458012855842     
   1.7043470520242614E-002 -0.11698900969711032     
   2.3756068465634304E-002 -0.10923533303159774     
   3.0229549226705472E-002  -9.8522660700915310E-002
   3.6241462218635466E-002  -8.4949826585890759E-002
   4.1566742406109379E-002  -6.8715336695748225E-002
   4.5969760269184624E-002  -5.0124211514562304E-002
   4.9200720985890692E-002  -2.9608087310161336E-002
   5.1012634599803139E-002  -7.7498913520663744E-003
   5.1204759520377556E-002   1.4711287432851630E-002
   4.9678646566803590E-002   3.6920295766780638E-002
   4.6478228327525892E-002   5.7994139708726619E-002
   4.1790764885156081E-002   7.7129892824482432E-002
   3.5909576742832641E-002   9.3690384710118355E-002
   2.9181426725894011E-002  0.10724333154024124     
   2.1962007504015377E-002  0.11755917531221259     
   1.4587017809358050E-002  0.12458707314702729     
   7.3537841264649196E-003  0.12842327563191908     
   5.0835223000262469E-004  0.12927713646327202     
  -5.7621918388638758E-003  0.12743704858425925     
  -1.1330916394270765E-002  0.12323907188836132     
  -1.6126121612318214E-002  0.11704070377702146     
  -2.0122238688225168E-002  0.10920091301264052     
  -2.3328956261076776E-002  0.10006627181971028     
  -2.5780634519883178E-002   8.9962206786199692E-002
  -2.7527298104705014E-002   7.9188088500558168E-002
  -2.8627718923338565E-002   6.8014960782070921E-002
  -2.9144559072740408E-002   5.6684945690269432E-002
  -2.9141234415010847E-002   4.5411607770202811E-002
  -2.8680016834309430E-002   3.4380786015547844E-002
  -2.7820873233840696E-002   2.3751606190116577E-002
  -2.6620585998540308E-002   1.3657580090925835E-002
  -2.5131775846009820E-002   4.2078926204362878E-003
  -2.3401561793362287E-002  -4.5108345531285439E-003
  -2.1469781464069315E-002  -1.2431864803646105E-002
  -1.9367001142569531E-002  -1.9504268868814460E-002
  -1.7112987146238091E-002  -2.5687121560568349E-002
  -1.4716830485248871E-002  -3.0942144938161869E-002
  -1.2180319051159010E-002  -3.5225905853567469E-002
  -9.5060607079303396E-003  -3.8483984637764146E-002
  -6.7107684719087202E-003  -4.0650831384196069E-002
  -3.8416189877386740E-003  -4.1659492771354625E-002
  -9.8994841376669283E-004  -4.1463778311650441E-002
   1.7064951063338139E-003  -4.0070584009359637E-002
   4.0805744921735537E-003  -3.7572467823783956E-002
   5.9721335390461663E-003  -3.4164247517896769E-002
   7.2714405128903687E-003  -3.0129332198436710E-002
   7.9495145820135567E-003  -2.5795105780491462E-002
   8.0605453609197009E-003  -2.1474457554650647E-002
   7.7180666931606096E-003  -1.7417887310233068E-002
   7.0603266525148282E-003  -1.3791257317171042E-002
   6.2208040754002953E-003  -1.0678067965725305E-002
   5.3107293356262682E-003  -8.0958355052657208E-003
   4.4124592526696826E-003  -6.0166093518371124E-003
   3.5800659881771138E-003  -4.3858308096241866E-003
   2.8438471645483836E-003  -3.1370330041594692E-003
   2.2161737249562856E-003  -2.2019193915396571E-003
   1.6970391295157360E-003  -1.5165357908675566E-003
   1.2786772624720020E-003  -1.0245757110882417E-003
   9.4913558760133764E-004  -6.7869552637638063E-004
   6.9483085473582998E-004  -4.4052992970250644E-004
   5.0222402903961284E-004  -2.7995808179979027E-004
   3.5882746081974769E-004  -1.7400593131312178E-004
   2.5373337817880275E-004  -1.0562353769893033E-004
   1.7780503017163983E-004  -6.2487691008127996E-005
   1.2364767862834322E-004  -3.5921126680291295E-005
   8.5451919083435232E-005  -1.9971040872905205E-005
   5.8772509239313504E-005  -1.0658036974699415E-005
   4.0286087293764102E-005  -5.3894074754764397E-006
   2.7558112902639839E-005  -2.5189298589753862E-006
   1.8836602983241352E-005  -1.0283663714025387E-006
   1.2879813561880282E-005  -3.0469457630109971E-007
   8.8187241762285350E-006   1.0647795128145968E-008
   6.0514344405938529E-006   1.2069593572822571E-007
   4.1644869670747027E-006   1.3607739085920266E-007
   2.8756347809846500E-006   1.1417340329221500E-007
   1.9930440307637578E-006   8.2732253223273683E-008
   1.3866903009863182E-006   5.3702326496174574E-008
   9.6855275251378229E-007   3.1083420689162082E-008
   6.7903516827093605E-007   1.5214583902860502E-008
   4.7773099134499173E-007   5.0036954848410891E-009
   3.3717781451468016E-007  -9.9014521586953001E-010
   2.3864839953881783E-007  -4.0884486450830356E-009
   1.6932050928527308E-007  -5.3362886640296011E-009
   1.2037521512286322E-007  -5.4894939965838176E-009
   8.5717784658902732E-008  -5.0588760830664898E-009
   6.1115483949517403E-008  -4.3689763547073931E-009
   4.3614597157574192E-008  -3.6126044875605787E-009
   3.1144571665012275E-008  -2.8946428174109884E-009
   2.2247886828436182E-008  -2.2643944462882458E-009
   1.5894733599859927E-008  -1.7380716564195474E-009
   1.1355160902870576E-008  -1.3136507456236613E-009
   8.1103645307877549E-009  -9.8021547774782240E-010
   5.7907991765686426E-009  -7.2352579986604408E-010
   4.1327834108257123E-009  -5.2911425932256751E-010
   2.9479302241846582E-009  -3.8383389493049303E-010
   2.1015249572680108E-009  -2.7648360783007081E-010
   1.4971790735009698E-009  -1.9791743329613307E-010
   1.0659070025006559E-009  -1.4089107448924603E-010
   7.5833345630164489E-010  -9.9796686155841106E-011
   5.3912434746621482E-010  -7.0370715445604423E-011
   3.8300174049101970E-010  -4.9418505763945801E-011
   2.7188982665991081E-010  -3.4574955738684049E-011
   1.9286989225583881E-010  -2.4106759172731537E-011
   1.3671466500645995E-010  -1.6754579785861946E-011
   9.6837935756682376E-011  -1.1610269853173147E-011
   6.8541971721035824E-011  -8.0232080906374438E-012
   4.8478508603765289E-011  -5.5299572499985286E-012
   3.4262909701023639E-011  -3.8021041090180059E-012
   2.4198136632784814E-011  -2.6079904036061418E-012
   1.7077413757556963E-011  -1.7848866441303061E-012
   1.2043254654202594E-011  -1.2189147653620453E-012
   8.4868299622742294E-012  -8.3065864276745266E-013
   5.9761889581299031E-012  -5.6491168018661320E-013
   4.2051026770438246E-012  -3.8341004815153462E-013
   2.9566333799177887E-012  -2.5970605748181568E-013
   2.0772119119986547E-012  -1.7556651603556107E-013
   1.4582067481320830E-012  -1.1845204494801260E-013
   1.0228299089035544E-012  -7.9759038469266521E-014
   7.1684161197471883E-013  -5.3597429947293308E-014
   5.0195664343255853E-013  -3.5943465943437238E-014
   3.5117070410173547E-013  -2.4054037640425191E-014
   2.4545011500541673E-013  -1.6062860865438163E-014
   1.7138888774546555E-013  -1.0702715559728199E-014
   1.1955166454945938E-013  -7.1148322502839663E-015
   8.3302583801501150E-014  -4.7183705723977333E-015
   5.7978162443241327E-014  -3.1212342502426375E-015
   4.0303553597635733E-014  -2.0592557971822640E-015
   2.7980857644412804E-014  -1.3548091764078946E-015
   1.9398980184601898E-014  -8.8869904979147704E-016
   1.3429296438636930E-014  -5.8110448171828469E-016
   9.2818486919135787E-015  -3.7868543421130972E-016
   6.4042176079889192E-015  -2.4587573733613342E-016
   4.4104561914874471E-015  -1.5901454304776062E-016
   3.0311871853530914E-015  -1.0239864175062127E-016
   2.0785884326960781E-015  -6.5632192642515974E-017
   1.4218439849004317E-015  -4.1851091063054361E-017
   9.6994686013965903E-016  -2.6535819171933345E-017
   6.5966206629297712E-016  -1.6719464936685313E-017
   4.4710890848237754E-016  -1.0460561270144431E-017
   3.0187974963943602E-016  -6.4930236083657310E-018
   2.0293489029962392E-016  -3.9942667321264203E-018
   1.3574008624606223E-016  -2.4320066186197460E-018
   9.0272682351336286E-017  -1.4633286600166476E-018
   5.9634347359964100E-017  -8.6838800579885163E-019
   3.9087010145091932E-017  -5.0699757340256222E-019
   2.5383734683842072E-017  -2.9030016689535323E-019
   1.6304909343968540E-017  -1.6235241363320426E-019
   1.0337178346484130E-017  -8.8201189895069183E-020
   6.4514687571464120E-018  -4.6198525971245494E-020
   3.9496875068735120E-018  -2.3073397512340432E-020
   2.3588666411169145E-018  -1.0789590534608293E-020
   1.3581044602626979E-018  -4.5604372676526982E-021
   7.2786068169161804E-019  -1.6008139068811997E-021
   3.1303547275894789E-019  -3.3599658075822026E-022
   0.0000000000000000        0.0000000000000000     
