 Initial conditions outputted from a previous simulation. Time =    71.400000000000006     
   40.000000000000000        0.0000000000000000              500           1   71.400000000000006     
  -2.1987977952814524E-002  0.12530773864821748     
  -2.5383089892777887E-002  0.11392869433962530     
  -2.8274920890078912E-002  0.10135051301252844     
  -3.0678921881721957E-002   8.7774449598849918E-002
  -3.2663020352798132E-002   7.3370748728117288E-002
  -3.4238241712682714E-002   5.8317169707338225E-002
  -3.5451832387113136E-002   4.2746684462632557E-002
  -3.6330620709480690E-002   2.6791607184480586E-002
  -3.6894671778084531E-002   1.0572255051686819E-002
  -3.7158716013420891E-002  -5.7991248677911767E-003
  -3.7129073307094800E-002  -2.2213685434052506E-002
  -3.6804403671482896E-002  -3.8563950965679293E-002
  -3.6175984492495442E-002  -5.4740935210126518E-002
  -3.5227426003935358E-002  -7.0631051242484047E-002
  -3.3934822040814272E-002  -8.6113232029790987E-002
  -3.2267178353286373E-002 -0.10105592230973297     
  -3.0187129911324377E-002 -0.11531385030314009     
  -2.7652238522453160E-002 -0.12872450710319736     
  -2.4617045142182662E-002 -0.14110415443219415     
  -2.1035947690359914E-002 -0.15224326797520155     
  -1.6866832897628605E-002 -0.16190159215621022     
  -1.2074984049550933E-002 -0.16980368779591665     
  -6.6366473607843094E-003 -0.17563730521172202     
  -5.4288377103761903E-004 -0.17905820470471601     
   6.1933063378388905E-003 -0.17970410337939260     
   1.3522793836143432E-002 -0.17721711733897896     
   2.1338306664530151E-002 -0.17127202171774583     
   2.9448893129003836E-002 -0.16160990749707718     
   3.7558137564935971E-002 -0.14808082470415185     
   4.5254547902444618E-002 -0.13069945184768300     
   5.2026290902502291E-002 -0.10971222524915891     
   5.7315348474824446E-002  -8.5662505605902828E-002
   6.0614049295915205E-002  -5.9424364427735625E-002
   6.1577748019034616E-002  -3.2166699835925704E-002
   6.0106536630256724E-002  -5.2261454571597308E-003
   5.6361062919582712E-002   2.0086999379736039E-002
   5.0712894456219765E-002   4.2680678247096350E-002
   4.3657757178588774E-002   6.1799361839089371E-002
   3.5725444433469422E-002   7.7043139445115566E-002
   2.7409444306056668E-002   8.8314223460795024E-002
   1.9123545926216332E-002   9.5735037550473662E-002
   1.1181480642419776E-002   9.9567901572740106E-002
   3.7940025026013727E-003  0.10014901433458752     
  -2.9198328948213900E-003   9.7841574872204060E-002
  -8.9119397170615029E-003   9.3007433151128055E-002
  -1.4182583804312771E-002   8.5991841424889137E-002
  -1.8761513978611581E-002   7.7115222536709174E-002
  -2.2694123609037366E-002   6.6668370669674806E-002
  -2.6032036001875973E-002   5.4909981308906869E-002
  -2.8827602048796360E-002   4.2066665785328923E-002
  -3.1131535280509222E-002   2.8335600013864509E-002
  -3.2992351995161415E-002   1.3889129848426048E-002
  -3.4456213683434309E-002  -1.1200558764879790E-003
  -3.5566132023493340E-002  -1.6554533704406214E-002
  -3.6360105643802543E-002  -3.2289179807654077E-002
  -3.6868494221638931E-002  -4.8209376279853930E-002
  -3.7111454154718664E-002  -6.4209536642753431E-002
  -3.7097272920339777E-002  -8.0191027379214186E-002
  -3.6822031487984803E-002  -9.6058893618330560E-002
  -3.6270488325469578E-002 -0.11171730351974928     
  -3.5417650152547511E-002 -0.12706415191174306     
  -3.4230359762803010E-002 -0.14198563364669001     
  -3.2668508033347685E-002 -0.15635168837003777     
  -3.0685919784857137E-002 -0.17001306217709963     
  -2.8231180791413697E-002 -0.18280027368868779     
  -2.5248800622043748E-002 -0.19452397610107461     
  -2.1681292441341673E-002 -0.20497549875802884     
  -1.7472557196055172E-002 -0.21392620255057571     
  -1.2572650327928375E-002 -0.22112491440895773     
  -6.9443299469118909E-003 -0.22629439792957620     
  -5.7260853478816758E-004 -0.22912948917996304     
   6.5213295922505179E-003 -0.22929948891354868     
   1.4260206333413119E-002 -0.22645778314609491     
   2.2489463380492083E-002 -0.22026441428635618     
   3.0959762290591813E-002 -0.21042726837994660     
   3.9315563507879778E-002 -0.19676318641009399     
   4.7097960189177897E-002 -0.17927528186884731     
   5.3778235854108659E-002 -0.15823401341444307     
   5.8826391654020233E-002 -0.13423498605848536     
   6.1798464832463075E-002 -0.10820029609531483     
   6.2434490032538661E-002  -8.1303062019128319E-002
   6.0704432258854947E-002  -5.4823613191635749E-002
   5.6811525677972888E-002  -2.9980643467769075E-002
   5.1151732217043784E-002  -7.7790847849864312E-003
   4.4217788321826913E-002   1.1092847287098037E-002
   3.6514469064426763E-002   2.6283391632879686E-002
   2.8503048075624746E-002   3.7721408052572486E-002
   2.0553665057419786E-002   4.5533651953263032E-002
   1.2933843935753494E-002   4.9967408907396177E-002
   5.8176336039498476E-003   5.1328248952297435E-002
  -7.0642949615459512E-004   4.9935445601059329E-002
  -6.5928160239970357E-003   4.6095391622817769E-002
  -1.1834385965193504E-002   4.0096419451504509E-002
  -1.6458814114743692E-002   3.2208311600767543E-002
  -2.0501555133207196E-002   2.2677235408631476E-002
  -2.3999766786567605E-002   1.1727781825956093E-002
  -2.6994183062440152E-002  -4.2982338979491512E-004
  -2.9523450122668587E-002  -1.3596890866351144E-002
  -3.1625016305271279E-002  -2.7587096061002573E-002
  -3.3332953710501496E-002  -4.2228900064333080E-002
  -3.4676654397699375E-002  -5.7368060217730048E-002
  -3.5677454302462351E-002  -7.2868158223347829E-002
  -3.6349074429167266E-002  -8.8607097905715831E-002
  -3.6700063986994942E-002 -0.10447123630833115     
  -3.6730378744945079E-002 -0.12034984173244068     
  -3.6429978780625566E-002 -0.13612953406279682     
  -3.5781032950399035E-002 -0.15168860121629826     
  -3.4765517394175625E-002 -0.16689332679835331     
  -3.3351406134276458E-002 -0.18159814668568450     
  -3.1502083019415324E-002 -0.19564412197216935     
  -2.9196051868642589E-002 -0.20885871298206574     
  -2.6435326392039771E-002 -0.22106007173917816     
  -2.3226961563981761E-002 -0.23206457646699793     
  -1.9560661758230773E-002 -0.24169294507310146     
  -1.5438233973760261E-002 -0.24976797043794594     
  -1.0891592975336532E-002 -0.25611146770810878     
  -5.9330886943943185E-003 -0.26054490259159480     
  -5.4462827387293693E-004 -0.26288047138171211     
   5.3439790008439599E-003 -0.26290942392701988     
   1.1799740250994818E-002 -0.26038862380236388     
   1.8771297511748924E-002 -0.25503671135658984     
   2.6126835178529633E-002 -0.24656522798929845     
   3.3631053536898027E-002 -0.23472635425831290     
   4.0943328960035538E-002 -0.21937456465636496     
   4.7682769330679366E-002 -0.20053519738826781     
   5.3412664057805925E-002 -0.17845534252984704     
   5.7713745013613385E-002 -0.15363456836450248     
   6.0276075372762104E-002 -0.12682362185051504     
   6.0873210831646020E-002  -9.8977403013355961E-002
   5.9416141462779890E-002  -7.1177279881373443E-002
   5.5962475615350102E-002  -4.4523419337563888E-002
   5.0692051222020112E-002  -2.0019816421953909E-002
   4.3942759299519581E-002   1.5225836240524706E-003
   3.6171606626099875E-002   1.9555420873430523E-002
   2.7897055818206531E-002   3.3818360417655194E-002
   1.9604318996279211E-002   4.4320983727639540E-002
   1.1661733411944541E-002   5.1288515200411576E-002
   4.3336797148068014E-003   5.5081896147259356E-002
  -2.2287985311408034E-003   5.6120842968959028E-002
  -7.9942787408264424E-003   5.4823392312808972E-002
  -1.2980932400697922E-002   5.1563764872457910E-002
  -1.7249037603729960E-002   4.6657031128559130E-002
  -2.0870436679150683E-002   4.0359255245648318E-002
  -2.3895417338275105E-002   3.2878540256580671E-002
  -2.6372889140951664E-002   2.4394524775727483E-002
  -2.8349712427810123E-002   1.5074948607354010E-002
  -2.9864461961483419E-002   5.0860296601802687E-003
  -3.0972350008290100E-002  -5.4044860700286487E-003
  -3.1730148327257145E-002  -1.6234205219689928E-002
  -3.2173877677677369E-002  -2.7255896923799944E-002
  -3.2327701878774984E-002  -3.8343928036837907E-002
  -3.2231988670942860E-002  -4.9394314515374294E-002
  -3.1926257186203510E-002  -6.0321534869216618E-002
  -3.1433940794180021E-002  -7.1052460188004013E-002
  -3.0779461496408537E-002  -8.1518255699863720E-002
  -2.9967051604703612E-002  -9.1649550620919118E-002
  -2.8955582710078868E-002 -0.10137325052413568     
  -2.7688497667550584E-002 -0.11060778903936708     
  -2.6119620211635379E-002 -0.11925912674635895     
  -2.4197443609909389E-002 -0.12721888359725120     
  -2.1865610931323883E-002 -0.13436176455336357     
  -1.9088347184100938E-002 -0.14054231904846320     
  -1.5839051852172700E-002 -0.14559461593237968     
  -1.2090607716418253E-002 -0.14933303849593896     
  -7.8100646194154931E-003 -0.15155383658798566     
  -2.9767724529921398E-003 -0.15203610113433896     
   2.4245010488431651E-003 -0.15054286846345011     
   8.3958783157311433E-003 -0.14682184670613482     
   1.4920518555300379E-002 -0.14060904492222989     
   2.1906269379564296E-002 -0.13163382413716188     
   2.9248735633108789E-002 -0.11964128708852484     
   3.6770968732331495E-002 -0.10442147814230504     
   4.4154533030915419E-002  -8.5856154257000161E-002
   5.0965657420199165E-002  -6.3988188983628611E-002
   5.6643508034735161E-002  -3.9091878064632213E-002
   6.0634574626933925E-002  -1.1735455436733142E-002
   6.2492405888500920E-002   1.7203373629169950E-002
   6.1950386857670695E-002   4.6592469594610490E-002
   5.9060718825399962E-002   7.5164409912805930E-002
   5.4158283018337174E-002  0.10169520099911000     
   4.7735769388230660E-002  0.12518687863877723     
   4.0395988151383309E-002  0.14499053854390984     
   3.2596913292149338E-002  0.16085032238179930     
   2.4705724519896343E-002  0.17283383333877811     
   1.7001866973758040E-002  0.18121258582306543     
   9.7213296360768014E-003  0.18634139091144750     
   3.0703611098908579E-003  0.18857782587927369     
  -2.8344204650899690E-003  0.18825653518651619     
  -8.0062031095197994E-003  0.18568947004690545     
  -1.2494653740903359E-002  0.18116470665182230     
  -1.6394568280349880E-002  0.17494943953423076     
  -1.9709155237200102E-002  0.16728108639112882     
  -2.2448350510793476E-002  0.15837743044578273     
  -2.4670751326765602E-002  0.14844748756681334     
  -2.6441586438711619E-002  0.13769559208276408     
  -2.7842513698475884E-002  0.12632296803369961     
  -2.8952515509229629E-002  0.11451876373894410     
  -2.9816775739184381E-002  0.10244812126934660     
  -3.0457505944803166E-002   9.0245940644615094E-002
  -3.0871926295537193E-002   7.8016623037372293E-002
  -3.1035858156278143E-002   6.5841706524654861E-002
  -3.0941687338530307E-002   5.3792622397284121E-002
  -3.0593286099085220E-002   4.1939599849346657E-002
  -2.9991338019920280E-002   3.0356140584302943E-002
  -2.9126476750494810E-002   1.9120292643158412E-002
  -2.7980048800087767E-002   8.3149054879784051E-003
  -2.6529321084908374E-002  -1.9714430386221734E-003
  -2.4762309034219561E-002  -1.1641536166968751E-002
  -2.2655978308099671E-002  -2.0587603916284017E-002
  -2.0167604474737810E-002  -2.8687331117141626E-002
  -1.7252615312301520E-002  -3.5796456625177761E-002
  -1.3850046825170203E-002  -4.1741864873319580E-002
  -9.8912374863810385E-003  -4.6312085506791521E-002
  -5.3243794274441718E-003  -4.9250750480101683E-002
  -1.3249829102081697E-004  -5.0256689656336583E-002
   5.6613730631755203E-003  -4.8992021586872860E-002
   1.2040014854980713E-002  -4.5103133514260867E-002
   1.8928061231742573E-002  -3.8240269164580849E-002
   2.6240763731983367E-002  -2.8088957935652005E-002
   3.3901818527143121E-002  -1.4411133422901559E-002
   4.1653191152886251E-002   2.9084886372448553E-003
   4.9035467947873508E-002   2.3782905882510336E-002
   5.5466926972926156E-002   4.7828721356677061E-002
   6.0313625582368448E-002   7.4294457346329029E-002
   6.3042941794892907E-002  0.10204362101817439     
   6.3259514385506893E-002  0.12964333479495282     
   6.0843536493528319E-002  0.15554790101532870     
   5.6070713798266704E-002  0.17834623607130690     
   4.9449515302111932E-002  0.19701543377087952     
   4.1649828507210246E-002  0.21107017928038996     
   3.3362379796257967E-002  0.22056496921877447     
   2.5086145005215180E-002  0.22595625905537217     
   1.7098366659581810E-002  0.22788094220714333     
   9.5847090217237880E-003  0.22695444772034892     
   2.7183731125657710E-003  0.22366296214377565     
  -3.3828427534183273E-003  0.21836058890175922     
  -8.7286947151904038E-003  0.21132768004937988     
  -1.3321750952306175E-002  0.20281984743376319     
  -1.7199108502700847E-002  0.19309760400923559     
  -2.0455394708844520E-002  0.18242262311840049     
  -2.3149341913973047E-002  0.17103023936281114     
  -2.5332157081585732E-002  0.15911157675991883     
  -2.7109327200218969E-002  0.14680892089107186     
  -2.8531843111519677E-002  0.13421623175615599     
  -2.9603677860644391E-002  0.12139698313476463     
  -3.0320358106993638E-002  0.10840498442141716     
  -3.0700045993106755E-002   9.5299588457116974E-002
  -3.0805698468972492E-002   8.2150062002295757E-002
  -3.0731692435960273E-002   6.9026665470764817E-002
  -3.0554058893187751E-002   5.5986327427901258E-002
  -3.0300188495574049E-002   4.3065096870533053E-002
  -2.9940097873760736E-002   3.0282389569531224E-002
  -2.9407681684022986E-002   1.7657596219668694E-002
  -2.8623074578669520E-002   5.2325458943815106E-003
  -2.7472584459888733E-002  -6.9103893232332313E-003
  -2.5830764642463078E-002  -1.8631965604266720E-002
  -2.3567816073593637E-002  -2.9727902701503717E-002
  -2.0546071846511086E-002  -3.9929075435943880E-002
  -1.6691447963014194E-002  -4.8903164912985478E-002
  -1.1951495637881688E-002  -5.6271167485873984E-002
  -6.3191633087265687E-003  -6.1623482858625803E-002
   1.5371099205833459E-004  -6.4539707828901796E-002
   7.3838754521097262E-003  -6.4614592061970219E-002
   1.5193267255581740E-002  -6.1481105601158131E-002
   2.3323117601075180E-002  -5.4845687626327161E-002
   3.1454524701701625E-002  -4.4532377962827628E-002
   3.9187007877102220E-002  -3.0529524821227699E-002
   4.6047036319628927E-002  -1.3038978305848176E-002
   5.1589323278591399E-002   7.4798237647655504E-003
   5.5361495154489800E-002   3.0306415504520921E-002
   5.7096478779766126E-002   5.4485425694052798E-002
   5.6745628392542435E-002   7.8918839611932662E-002
   5.4443220613658826E-002  0.10250705009560969     
   5.0481610898435073E-002  0.12429369007732412     
   4.5258931318293068E-002  0.14357888393921830     
   3.9189852855520325E-002  0.15996309486159310     
   3.2673929923982610E-002  0.17330856307592388     
   2.6014458339053245E-002  0.18365798796242133     
   1.9387120700251281E-002  0.19113946626239806     
   1.2921422568371171E-002  0.19589039220359847     
   6.6589934142898700E-003  0.19803897279129032     
   6.6635727012059128E-004  0.19770421282085363     
  -4.9879079273432818E-003  0.19501964128612370     
  -1.0247004940295915E-002  0.19015064684942756     
  -1.5047385060457647E-002  0.18328867831427076     
  -1.9337456098548575E-002  0.17464251097813110     
  -2.3092431178598834E-002  0.16442925332306657     
  -2.6291520744108354E-002  0.15286600670318043     
  -2.8926754035494009E-002  0.14017986228419158     
  -3.1010019121353160E-002  0.12661189282210691     
  -3.2560938480926026E-002  0.11239499611721750     
  -3.3608020575738459E-002   9.7739961533538700E-002
  -3.4185599193720606E-002   8.2842654109564984E-002
  -3.4325536590503962E-002   6.7885603027016989E-002
  -3.4057311408555703E-002   5.3032692107765803E-002
  -3.3407800893543449E-002   3.8431194119721034E-002
  -3.2394021437381883E-002   2.4219091150550345E-002
  -3.1020542352769312E-002   1.0531363266403188E-002
  -2.9286600495373221E-002  -2.4957722992487007E-003
  -2.7193651593618941E-002  -1.4724647750552567E-002
  -2.4746648359717342E-002  -2.6020275265355136E-002
  -2.1949817020118421E-002  -3.6254181887252136E-002
  -1.8800011382743946E-002  -4.5303642950407778E-002
  -1.5281120896776839E-002  -5.3045901045602230E-002
  -1.1362195754527942E-002  -5.9349062489915075E-002
  -6.9999915832707881E-003  -6.4061610583642820E-002
  -2.1462647134174750E-003  -6.7002498657130885E-002
   3.2387902986667602E-003  -6.7954349601334063E-002
   9.1663038941097365E-003  -6.6663555911618058E-002
   1.5594501917218850E-002  -6.2851840372996681E-002
   2.2406691769526931E-002  -5.6242346644274091E-002
   2.9397788416375383E-002  -4.6599816714361718E-002
   3.6272232735359781E-002  -3.3781369051635854E-002
   4.2652560975767743E-002  -1.7793866397436343E-002
   4.8098782574768024E-002   1.1455871689886440E-003
   5.2144550533280695E-002   2.2553335849592005E-002
   5.4359547538181577E-002   4.5646938402196850E-002
   5.4437896271378565E-002   6.9371096602666688E-002
   5.2288647621219493E-002   9.2510435767847107E-002
   4.8084342551211370E-002  0.11387769031903361     
   4.2232450285083781E-002  0.13251176751949950     
   3.5275369421391471E-002  0.14780246139352252     
   2.7766420535071185E-002  0.15950168358017261     
   2.0175640073041522E-002  0.16764742613689507     
   1.2849212853710755E-002  0.17245900709017978     
   6.0122381528601443E-003  0.17424781758394411     
  -2.0806540765528668E-004  0.17335783221856096     
  -5.7554883880783052E-003  0.17013179375084506     
  -1.0621750250228233E-002  0.16489452210283673     
  -1.4829604047072545E-002  0.15794596204626285     
  -1.8422160939288650E-002  0.14955852827892910     
  -2.1456720561837249E-002  0.13997530479473780     
  -2.4000494754941447E-002  0.12940775633548457     
  -2.6125990782851695E-002  0.11803336751256630     
  -2.7904952627793640E-002  0.10599461594781494     
  -2.9401032843446397E-002   9.3400869969157599E-002
  -3.0662503521614443E-002   8.0334217574906441E-002
  -3.1716895644965520E-002   6.6858995819526160E-002
  -3.2569047200151413E-002   5.3033451606516284E-002
  -3.3202891860882433E-002   3.8921270055741551E-002
  -3.3586208015354314E-002   2.4600853514751948E-002
  -3.3676856560843134E-002   1.0170935346734751E-002
  -3.3428768143550405E-002  -4.2477547045657168E-003
  -3.2796141340379815E-002  -1.8513873471901827E-002
  -3.1735037470700320E-002  -3.2468237967753485E-002
  -3.0202584722211219E-002  -4.5936175073530955E-002
  -2.8154954864392918E-002  -5.8728060855542351E-002
  -2.5545874059677558E-002  -7.0637550420143608E-002
  -2.2327527242670640E-002  -8.1438082312176391E-002
  -1.8455282232832892E-002  -9.0879211924480049E-002
  -1.3896811886157420E-002  -9.8684968312524074E-002
  -8.6451181649455800E-003 -0.10455666761196021     
  -2.7337807420747171E-003 -0.10818248822423704     
   3.7484961598660362E-003 -0.10925559537557064     
   1.0648099128543531E-002 -0.10750141667388065     
   1.7745867535422871E-002 -0.10271235622856319     
   2.4768266343782205E-002  -9.4784874459324084E-002
   3.1408603832192052E-002  -8.3751171474408706E-002
   3.7351365599163210E-002  -6.9798806172979011E-002
   4.2291858273138534E-002  -5.3277569473888051E-002
   4.5950317689148881E-002  -3.4698749418318624E-002
   4.8089658605319587E-002  -1.4728940033337598E-002
   4.8546828166345042E-002   5.8317653498906269E-003
   4.7273094698318432E-002   2.6104278852711771E-002
   4.4360981074847788E-002   4.5220550365546175E-002
   4.0036205411754677E-002   6.2423984748259546E-002
   3.4615496573967952E-002   7.7142350978284702E-002
   2.8453287729426589E-002   8.9013192558690307E-002
   2.1900318162177433E-002   9.7870993431272701E-002
   1.5279994497297817E-002  0.10371769781708026     
   8.8752343582574316E-003  0.10669059125143561     
   2.9188495055553249E-003  0.10703086036423516     
  -2.4135136635007937E-003  0.10505267931640030     
  -7.0059916304481794E-003  0.10111374718610650     
  -1.0799636852365088E-002   9.5589112334583143E-002
  -1.3784796485915031E-002   8.8849809454077389E-002
  -1.5990626600605053E-002   8.1246942255439381E-002
  -1.7473846089815240E-002   7.3100983245859938E-002
  -1.8308356410092843E-002   6.4695559235784697E-002
  -1.8576702012831178E-002   5.6274801647779947E-002
  -1.8363784686201690E-002   4.8043275049078286E-002
  -1.7752749249345993E-002   4.0167513931137995E-002
  -1.6822536980801731E-002   3.2778364609450959E-002
  -1.5646361669628951E-002   2.5973677939852443E-002
  -1.4290427388789466E-002   1.9821351476938462E-002
  -1.2812652441612253E-002   1.4363054009500604E-002
  -1.1261855515087377E-002   9.6188818686448515E-003
  -9.6783544863251608E-003   5.5925601309279750E-003
  -8.0966831682555470E-003   2.2759072855005474E-003
  -6.5499796646235923E-003  -3.4915837075010690E-004
  -5.0741174366086403E-003  -2.3120985281995326E-003
  -3.7089676793242523E-003  -3.6579257980640422E-003
  -2.4951719748553579E-003  -4.4512950059586538E-003
  -1.4672038171958646E-003  -4.7770591657723223E-003
  -6.4581292514118225E-004  -4.7352510657517229E-003
  -3.3486527172543226E-005  -4.4312973697420753E-003
   3.8512140352644077E-004  -3.9646998229237885E-003
   6.3847998861152528E-004  -3.4198596948639467E-003
   7.6160398408215021E-004  -2.8611929207390881E-003
   7.9000980798889415E-004  -2.3325767088916622E-003
   7.5549798175865944E-004  -1.8598300367432890E-003
   6.8395399145486618E-004  -1.4546652830632659E-003
   5.9477828895727696E-004  -1.1188917673162866E-003
   5.0138710945491383E-004  -8.4812838364560559E-004
   4.1225541941762128E-004  -6.3469551370263784E-004
   3.3210512461565955E-004  -4.6965138402505207E-004
   2.6300797900322370E-004  -3.4409590634089588E-004
   2.0530235014042073E-004  -2.4991277696933287E-004
   1.5829604905352561E-004  -1.8011398288613896E-004
   1.2076690412203865E-004  -1.2892636129385537E-004
   9.1294966068263076E-005  -9.1728086561139143E-005
   6.8466931199282768E-005  -6.4910034084324529E-005
   5.0989314510856218E-005  -4.5709957427184204E-005
   3.7740013848058674E-005  -3.2048205542952262E-005
   2.7781341525818474E-005  -2.2380221589753737E-005
   2.0351193351222811E-005  -1.5571904874449415E-005
   1.4843344452690974E-005  -1.0798537908985523E-005
   1.0783713551749202E-005  -7.4653018222544076E-006
   7.8066437692608114E-006  -5.1462360773237041E-006
   5.6333192415564165E-006  -3.5382038321102741E-006
   4.0531855409168963E-006  -2.4266653758614599E-006
   2.9085416690591763E-006  -1.6605325478657950E-006
   2.0821106699375422E-006  -1.1338779762183433E-006
   1.4872200602425185E-006  -7.7273905750843835E-007
   1.0601670325343241E-006  -5.2566475621839702E-007
   7.5435926859560570E-007  -3.5698667508615101E-007
   5.3586765619037279E-007  -2.4205613849106683E-007
   3.8008146269373476E-007  -1.6388954718944214E-007
   2.6921212781937166E-007  -1.1081638649178884E-007
   1.9044309590525424E-007  -7.4837162241434369E-008
   1.3456674564169564E-007  -5.0481346579937610E-008
   9.4985453957064581E-008  -3.4015852186943650E-008
   6.6982946529495199E-008  -2.2898236040083981E-008
   4.7195049522285808E-008  -1.5400097726868287E-008
   3.3226725018119900E-008  -1.0348406546779539E-008
   2.3375891867007809E-008  -6.9482783942190339E-009
   1.6434864151864402E-008  -4.6618398889620689E-009
   1.1547987150725317E-008  -3.1256062448802388E-009
   8.1098182323337335E-009  -2.0942382750662926E-009
   5.6924683768714190E-009  -1.4023256341710252E-009
   3.9938578104363114E-009  -9.3846188839223513E-010
   2.8009330710147157E-009  -6.2768465310169422E-010
   1.9635625905349881E-009  -4.1959832741901418E-010
   1.3760383009315187E-009  -2.8035081746203664E-010
   9.6398474986429221E-010  -1.8722009873276727E-010
   6.7510623681711019E-010  -1.2496565936733332E-010
   4.7265390710778311E-010  -8.3371915516157050E-011
   3.3081782473564981E-010  -5.5595721355140463E-011
   2.3147972218951211E-010  -3.7055729972679927E-011
   1.6192648288343241E-010  -2.4686526957637557E-011
   1.1324129016932463E-010  -1.6438103146134358E-011
   7.9172346885312818E-011  -1.0940197914473508E-011
   5.5337878262316378E-011  -7.2773504459241711E-012
   3.8667756501951579E-011  -4.8382355607178847E-012
   2.7011511039063907E-011  -3.2148103660322304E-012
   1.8863266579578661E-011  -2.1348399740002042E-012
   1.3168807957697161E-011  -1.4167778598351505E-012
   9.1903004528238557E-012  -9.3960924707550905E-013
   6.4114680762588643E-012  -6.2270470404921252E-013
   4.4711506471784251E-012  -4.1236720366600746E-013
   3.1167596087733954E-012  -2.7285273459095034E-013
   2.1716818811517650E-012  -1.8037943325189225E-013
   1.5124576261370836E-012  -1.1913229642217004E-013
   1.0528050372494170E-012  -7.8599870184053428E-014
   7.3244050176899727E-013  -5.1799611165278633E-014
   5.0925642315731488E-013  -3.4095909089358786E-014
   3.5384949345639310E-013  -2.2413195417953775E-014
   2.4569397891578059E-013  -1.4712318649488482E-014
   1.7046605751822247E-013  -9.6422737485783193E-015
   1.1817340376186037E-013  -6.3086790571109334E-015
   8.1847986733838371E-014  -4.1199465793090478E-015
   5.6632712940120262E-014  -2.6851316219291779E-015
   3.9143418333130868E-014  -1.7461411231977473E-015
   2.7023322789718185E-014  -1.1327732563034695E-015
   1.8631979968015204E-014  -7.3291996960829880E-016
   1.2828191365693690E-014  -4.7283372718493542E-016
   8.8185507104678461E-015  -3.0406997889042250E-016
   6.0518158464164248E-015  -1.9485469681588562E-016
   4.1452709013658987E-015  -1.2438292441156144E-016
   2.8334123634725373E-015  -7.9057160042648362E-017
   1.9322081234009847E-015  -5.0008453891554654E-017
   1.3142159865640773E-015  -3.1464884280435009E-017
   8.9127170265904193E-016  -1.9679239012525851E-017
   6.0245092802320173E-016  -1.2225306057669562E-017
   4.0570393457878831E-016  -7.5368344164419970E-018
   2.7204665971786090E-016  -4.6060347057603742E-018
   1.8153002610905739E-016  -2.7868083955938387E-018
   1.2044550842504750E-016  -1.6666114810828155E-018
   7.9389548067009012E-017  -9.8321616067187540E-019
   5.1924182027071570E-017  -5.7078422066350628E-019
   3.3651222944082637E-017  -3.2503438912154079E-019
   2.1573024965263548E-017  -1.8081747777129901E-019
   1.3651638471422755E-017  -9.7732828658556346E-020
   8.5051287490575305E-018  -5.0941027211528836E-020
   5.1985755575615793E-018  -2.5323418811518458E-020
   3.1002545095387087E-018  -1.1789491660642312E-020
   1.7827258465885844E-018  -4.9626117402143026E-021
   9.5442406350197681E-019  -1.7354789755668319E-021
   4.1006677546281050E-019  -3.6287496418699684E-022
   0.0000000000000000        0.0000000000000000     
