 Initial conditions outputted from a previous simulation. Time =    85.800000000000011     
   40.000000000000000        0.0000000000000000              500           1   85.800000000000011     
   4.0184711835376280E-002  0.11224084890644642     
   3.1839297285299807E-002  0.12559389767940032     
   2.3446796795678682E-002  0.13512815969852424     
   1.5285688578302059E-002  0.14102546827911425     
   7.6249384234208257E-003  0.14355274433156487     
   5.6257096111217051E-004  0.14305650242506424     
  -5.8060436100092986E-003  0.13986236277101760     
  -1.1460070386233753E-002  0.13430139616740386     
  -1.6412180210821081E-002  0.12668392631841902     
  -2.0695656378422377E-002  0.11729474844773397     
  -2.4357923087165272E-002  0.10639296517225577     
  -2.7451943643904658E-002   9.4211232820335292E-002
  -3.0030964209237815E-002   8.0957025285383497E-002
  -3.2145309237523421E-002   6.6814848962017614E-002
  -3.3840027514587021E-002   5.1948581350488389E-002
  -3.5153466456157134E-002   3.6503945808003202E-002
  -3.6116643956482126E-002   2.0611018196838027E-002
  -3.6753392623544191E-002   4.3867648390333042E-003
  -3.7081462048929550E-002  -1.2061924217383387E-002
  -3.7114269482164168E-002  -2.8633866486361220E-002
  -3.6861829557692086E-002  -4.5227484796750067E-002
  -3.6328973832688870E-002  -6.1734191394653387E-002
  -3.5510809781921129E-002  -7.8033909633653392E-002
  -3.4388279828002244E-002  -9.3994439505139513E-002
  -3.2927164099131906E-002 -0.10947330207916485     
  -3.1080901057588557E-002 -0.12431879056724314     
  -2.8794702615494144E-002 -0.13836836116385592     
  -2.6008956047202620E-002 -0.15144515919712573     
  -2.2662452874410391E-002 -0.16335413219108949     
  -1.8696930909171426E-002 -0.17387790252617857     
  -1.4063007198353569E-002 -0.18277208018449911     
  -8.7263134248053015E-003 -0.18976109246248343     
  -2.6735041168036784E-003 -0.19453713977450918     
   4.0800972979861917E-003 -0.19676484025612884     
   1.1478512312446202E-002 -0.19609299886319864     
   1.9407435417317747E-002 -0.19217442092783638     
   2.7672537422209362E-002 -0.18469571025355783     
   3.5979333595807600E-002 -0.17342068760579624     
   4.3924269384057836E-002 -0.15825091484626469     
   5.1008771186494363E-002 -0.13930199998623646     
   5.6686014179296251E-002 -0.11698288619028095     
   6.0442047184299970E-002  -9.2048414738238382E-002
   6.1896439696589471E-002  -6.5585273884742834E-002
   6.0889275442487872E-002  -3.8906106686170290E-002
   5.7518622895887994E-002  -1.3366628075438113E-002
   5.2113548635587641E-002   9.8367896595899715E-003
   4.5157281665955486E-002   2.9818487882796563E-002
   3.7192192264536302E-002   4.6061127233186873E-002
   2.8736349368062380E-002   5.8383818750991578E-002
   2.0228336201665000E-002   6.6858214174256025E-002
   1.2002792399192899E-002   7.1714629719879713E-002
   4.2897993600928509E-003   7.3265162970702735E-002
  -2.7716482945081182E-003   7.1852268308127132E-002
  -9.1142074791583528E-003   6.7819468159376520E-002
  -1.4722078216073650E-002   6.1496960471774310E-002
  -1.9613254644729353E-002   5.3195435534940445E-002
  -2.3825516586172497E-002   4.3203328733895471E-002
  -2.7406386720171670E-002   3.1784802697827276E-002
  -3.0406674824903973E-002   1.9177637234727540E-002
  -3.2876935261242073E-002   5.5915357977396746E-003
  -3.4865922334465428E-002  -8.7921358511661232E-003
  -3.6420007232823619E-002  -2.3818364133473841E-002
  -3.7582626304278388E-002  -3.9354068344035313E-002
  -3.8393118395325693E-002  -5.5281899114487935E-002
  -3.8884766264158606E-002  -7.1493572661996699E-002
  -3.9082470417267749E-002  -8.7884076022656091E-002
  -3.9000865156087389E-002 -0.10434751580784667     
  -3.8643296393997890E-002 -0.12077477449213853     
  -3.8001431535914690E-002 -0.13705266576289118     
  -3.7055669555977160E-002 -0.15306376946882308     
  -3.5777047274477454E-002 -0.16868572141899216     
  -3.4129476810027252E-002 -0.18378881667284602     
  -3.2070833174876141E-002 -0.19823161707055209     
  -2.9553058136468306E-002 -0.21185555510305121     
  -2.6522524376396146E-002 -0.22447948079978883     
  -2.2922670865291619E-002 -0.23589462901769878     
  -1.8695507601985885E-002 -0.24586229218429129     
  -1.3784640911740519E-002 -0.25411479988644597     
  -8.1449464399879906E-003 -0.26035565221937079     
  -1.7595368577715991E-003 -0.26425946553233204     
   5.3431392960293566E-003 -0.26548094858917470     
   1.3085393699003947E-002 -0.26367069367628537     
   2.1309613506608219E-002 -0.25848686412964739     
   2.9755942348195754E-002 -0.24962172641393934     
   3.8066021690375915E-002 -0.23686323696511830     
   4.5792098400863672E-002 -0.22017560351139792     
   5.2400976607341526E-002 -0.19978301053096964     
   5.7360407116945303E-002 -0.17625104761852323     
   6.0242726128230048E-002 -0.15051149285012080     
   6.0775217479825006E-002 -0.12378164653540447     
   5.8923129974996720E-002  -9.7395304525501658E-002
   5.4860976055041061E-002  -7.2597534077843778E-002
   4.8955974982708074E-002  -5.0397644264743885E-002
   4.1744111043505609E-002  -3.1499246651094992E-002
   3.3764768457348271E-002  -1.6270484892563979E-002
   2.5458959467070819E-002  -4.7908813335880204E-003
   1.7224437334090993E-002   3.0442356495084229E-003
   9.3397799282677746E-003   7.4571858793098331E-003
   1.9683649529786914E-003   8.7391778457235978E-003
  -4.7877099747424389E-003   7.2007298309174862E-003
  -1.0888332890044965E-002   3.1481811935418704E-003
  -1.6320596099832264E-002  -3.1252740827758256E-003
  -2.1099245351526800E-002  -1.1341109769402533E-002
  -2.5260149801594987E-002  -2.1237008330022948E-002
  -2.8834415281211185E-002  -3.2571777715354903E-002
  -3.1858947826323931E-002  -4.5126149637583025E-002
  -3.4379450826328567E-002  -5.8703029332295688E-002
  -3.6440991436648563E-002  -7.3127120060780648E-002
  -3.8074690340721355E-002  -8.8240239407009757E-002
  -3.9301367752898081E-002 -0.10389143264149338     
  -4.0137888120649973E-002 -0.11992927454633667     
  -4.0582609636618548E-002 -0.13619964057640033     
  -4.0642717717415497E-002 -0.15254181845876646     
  -4.0312724922779451E-002 -0.16879176531536019     
  -3.9574848961921184E-002 -0.18478368674017293     
  -3.8437623294539813E-002 -0.20034924374690705     
  -3.6909829301423572E-002 -0.21532639047798741     
  -3.5012578672575116E-002 -0.22956520538133973     
  -3.2790450615139202E-002 -0.24293050822450604     
  -3.0271188200781073E-002 -0.25530276876207925     
  -2.7448817477107954E-002 -0.26656782148482738     
  -2.4290061638449774E-002 -0.27659963197319015     
  -2.0726069775932016E-002 -0.28524390910390179     
  -1.6662614022242533E-002 -0.29230567502379090     
  -1.2012389335768049E-002 -0.29754517315709822     
  -6.7378528760593179E-003 -0.30068158963122971     
  -8.3168640760190730E-004 -0.30140960137278683     
   5.6467715454686295E-003 -0.29941525226224758     
   1.2586195417420721E-002 -0.29439709819505505     
   1.9867719847915855E-002 -0.28608888316020514     
   2.7321226584383962E-002 -0.27427568048857998     
   3.4763328947494697E-002 -0.25882065612301891     
   4.1918834337270082E-002 -0.23969468904318841     
   4.8387412517685913E-002 -0.21702456826717612     
   5.3662736322716294E-002 -0.19115788994596372     
   5.7185212718512700E-002 -0.16272367427734852     
   5.8434747533519418E-002 -0.13266138491080001     
   5.7130454656616807E-002 -0.10218894043727832     
   5.3296172803314834E-002  -7.2679155794531422E-002
   4.7315620988104330E-002  -4.5471698429573972E-002
   3.9769660698763566E-002  -2.1656602448717036E-002
   3.1326151143821791E-002  -1.9164976111716331E-003
   2.2584094586121768E-002   1.3524704610588021E-002
   1.3976654026743699E-002   2.4833149180025389E-002
   5.7829836486177726E-003   3.2414016673724941E-002
  -1.7909206219109009E-003   3.6750572524343869E-002
  -8.6441700648935728E-003   3.8301067173492624E-002
  -1.4701905121662731E-002   3.7455347083858177E-002
  -1.9919678261460246E-002   3.4547259809879251E-002
  -2.4304453032044013E-002   2.9884449557967444E-002
  -2.7906292382141096E-002   2.3766363985534427E-002
  -3.0800759191196563E-002   1.6483827296858808E-002
  -3.3088331826988525E-002   8.3057831344007273E-003
  -3.4871246324950110E-002  -5.3709501497326126E-004
  -3.6235193732808486E-002  -9.8609271967681489E-003
  -3.7240876235730878E-002  -1.9527035680079144E-002
  -3.7939004481629332E-002  -2.9432390389060703E-002
  -3.8376202183577665E-002  -3.9498048032548999E-002
  -3.8573973999213501E-002  -4.9659709870768343E-002
  -3.8521919634589917E-002  -5.9858656489411854E-002
  -3.8212804796898842E-002  -7.0031599880702344E-002
  -3.7656087691549670E-002  -8.0104085918040302E-002
  -3.6866403904893943E-002  -8.9988588018595009E-002
  -3.5854932461071597E-002  -9.9585678612433060E-002
  -3.4615365856310164E-002 -0.10878639041880109     
  -3.3100746111000390E-002 -0.11747304390303330     
  -3.1233746384541499E-002 -0.12551573351793932     
  -2.8940877912376595E-002 -0.13276613334084306     
  -2.6168040002790532E-002 -0.13905418129382957     
  -2.2870694565233586E-002 -0.14418990306788751     
  -1.9032687452392529E-002 -0.14796642348408590     
  -1.4637895330202646E-002 -0.15016540816814672     
  -9.6612855720225217E-003 -0.15055653060738203     
  -4.0596263438610735E-003 -0.14889095513276487     
   2.1928297294062254E-003 -0.14488949146885083     
   9.0721042129724063E-003 -0.13823676351018005     
   1.6454037274564074E-002 -0.12859093987504075     
   2.4132129677906289E-002 -0.11561913655474441     
   3.1841189637531679E-002  -9.9055640228547029E-002
   3.9251264494438130E-002  -7.8776360545936314E-002
   4.5873627883091760E-002  -5.4875283739524078E-002
   5.1150564828362319E-002  -2.7744078067320283E-002
   5.4546980160763564E-002   1.8802100511409753E-003
   5.5636520251486660E-002   3.2926290919901513E-002
   5.4231363930214216E-002   6.4072883500001829E-002
   5.0460239638658949E-002   9.3909110633213819E-002
   4.4720037470100928E-002  0.12113856990090076     
   3.7562190148118138E-002  0.14476833681038556     
   2.9563326894616368E-002  0.16422346123831114     
   2.1264465192836285E-002  0.17934946170791330     
   1.3076784912684625E-002  0.19032317079101865     
   5.2798984710516594E-003  0.19751342809171094     
  -1.9032789224575368E-003  0.20135144573308564     
  -8.3227449207748157E-003  0.20225899708889791     
  -1.3918956363145557E-002  0.20062809443458368     
  -1.8725457557614202E-002  0.19682879397303776     
  -2.2825050062325054E-002  0.19121582304434448     
  -2.6304059997834753E-002  0.18412268257978992     
  -2.9234229492333980E-002  0.17584815845688467     
  -3.1671680781703543E-002  0.16664397452179266     
  -3.3655571170798912E-002  0.15671049887078475     
  -3.5223279214502114E-002  0.14620373826125427     
  -3.6404320934588508E-002  0.13524753471698830     
  -3.7223160473677686E-002  0.12394706529349110     
  -3.7715989716460972E-002  0.11239913746062490     
  -3.7918418883391439E-002  0.10069536088174734     
  -3.7841927750593786E-002   8.8921002142605232E-002
  -3.7487617266602512E-002   7.7155588841030853E-002
  -3.6871077251490587E-002   6.5476413925444135E-002
  -3.6007060185398711E-002   5.3963103959606906E-002
  -3.4910557382669426E-002   4.2705854983005359E-002
  -3.3592871428265149E-002   3.1813871155239787E-002
  -3.2053118155525161E-002   2.1422641475616535E-002
  -3.0255701285955013E-002   1.1696060364248284E-002
  -2.8159274946629814E-002   2.8240777118715317E-003
  -2.5752360033561773E-002  -4.9851386289808319E-003
  -2.2987512543683693E-002  -1.1519038300215528E-002
  -1.9741152547526480E-002  -1.6567081717202146E-002
  -1.5900221791460879E-002  -1.9911948760306959E-002
  -1.1426972287946376E-002  -2.1320021902852912E-002
  -6.3226921614712535E-003  -2.0546720142808197E-002
  -6.4840398939763574E-004  -1.7354480519929976E-002
   5.5014155082120930E-003  -1.1546864489947600E-002
   1.2076534911966409E-002  -3.0062261384678213E-003
   1.9085814819882672E-002   8.2819644558743220E-003
   2.6467111954574369E-002   2.2225406028029675E-002
   3.3995635813447382E-002   3.8624163633822046E-002
   4.1255014305655299E-002   5.7160557576166185E-002
   4.7620008931799192E-002   7.7382385110085758E-002
   5.2383308116755255E-002   9.8685384592431979E-002
   5.4962482842153673E-002  0.12031821030527715     
   5.4983232359288661E-002  0.14143590071374493     
   5.2352489951635023E-002  0.16118777286455238     
   4.7324181075172347E-002  0.17881954099843095     
   4.0444020115136217E-002  0.19376726044825043     
   3.2470346500695843E-002  0.20571118838154223     
   2.4156662651816561E-002  0.21458602621529838     
   1.6076091073406868E-002  0.22053597993910998     
   8.5077080739071088E-003  0.22383112745259634     
   1.5086965430579316E-003  0.22476962484966262     
  -4.9172903778490389E-003  0.22360227541697997     
  -1.0721049636119211E-002  0.22051027778551791     
  -1.5829285209935082E-002  0.21563156896404964     
  -2.0184854025047213E-002  0.20910349798173650     
  -2.3831664957682453E-002  0.20109825539703369     
  -2.6831473325180686E-002  0.19182178437417602     
  -2.9247915872664679E-002  0.18149755196072032     
  -3.1146971932632196E-002  0.17034579157691634     
  -3.2572235019872893E-002  0.15856574535467347     
  -3.3573912168550386E-002  0.14633029941400141     
  -3.4227753747829395E-002  0.13378378761757678     
  -3.4619746609848144E-002  0.12103861916036895     
  -3.4831698585685099E-002  0.10817238109871455     
  -3.4932449717364790E-002   9.5227245961610488E-002
  -3.4968372465881213E-002   8.2214310963775405E-002
  -3.4962223510830989E-002   6.9124665191632059E-002
  -3.4904650717257200E-002   5.5944168809461133E-002
  -3.4745042662771279E-002   4.2670711376778345E-002
  -3.4402100094299261E-002   2.9332993858970976E-002
  -3.3761239664778134E-002   1.6004494294464943E-002
  -3.2708049016306640E-002   2.8157421889573103E-003
  -3.1137538070032198E-002  -1.0043001371313221E-002
  -2.8947068283395220E-002  -2.2327443406347122E-002
  -2.6081944884164522E-002  -3.3745324660152697E-002
  -2.2484541251062425E-002  -4.3974103443688753E-002
  -1.8132857763109030E-002  -5.2669780570270532E-002
  -1.3031773985315909E-002  -5.9478660112214123E-002
  -7.1891153726517387E-003  -6.4050706399757615E-002
  -6.9283051646013211E-004  -6.6044330358129996E-002
   6.3342097799371968E-003  -6.5147610636136513E-002
   1.3723736340995187E-002  -6.1099843315736140E-002
   2.1213009257133018E-002  -5.3715318703623845E-002
   2.8520411618777042E-002  -4.2926013969759626E-002
   3.5293833282119290E-002  -2.8815402966159441E-002
   4.1102601134445221E-002  -1.1652843030019009E-002
   4.5612157874161140E-002   8.0678185892058933E-003
   4.8508236266438222E-002   2.9644241285680939E-002
   4.9588826271666983E-002   5.2207794557762484E-002
   4.8879523692363744E-002   7.4803882499815552E-002
   4.6498198171958896E-002   9.6522797690773529E-002
   4.2666815875696304E-002  0.11660508537053106     
   3.7735517182991909E-002  0.13449909160113874     
   3.2059645626746722E-002  0.14987843697715678     
   2.5950979595827789E-002  0.16260097890493877     
   1.9676015327359842E-002  0.17263996675303164     
   1.3377040821952057E-002  0.18003458093972766     
   7.1592605117473248E-003  0.18484248950564125     
   1.1149713731698045E-003  0.18712397315178256     
  -4.6711316240434266E-003  0.18696844980061811     
  -1.0103459293751657E-002  0.18451656777032396     
  -1.5095581453893213E-002  0.17994745606140469     
  -1.9590273792747297E-002  0.17345879878404352     
  -2.3555952486728420E-002  0.16526296272509941     
  -2.6976181131645065E-002  0.15558199217194482     
  -2.9848378777033106E-002  0.14463804531219110     
  -3.2185574580424696E-002  0.13264837017477502     
  -3.4015849066439424E-002  0.11982098031882518     
  -3.5379047535681635E-002  0.10634638596558880     
  -3.6317683072170377E-002   9.2392006009679589E-002
  -3.6864703971311898E-002   7.8105718158794732E-002
  -3.7037636055908478E-002   6.3626071861107011E-002
  -3.6842927376190514E-002   4.9092076836951090E-002
  -3.6285015391574561E-002   3.4647052488916183E-002
  -3.5373163130741937E-002   2.0435750544607952E-002
  -3.4123039744658072E-002   6.5983824608337495E-003
  -3.2553967193289297E-002  -6.7341412299032699E-003
  -3.0684716028975708E-002  -1.9442074620903690E-002
  -2.8529800651516408E-002  -3.1416446949908680E-002
  -2.6095680329331572E-002  -4.2557073380225706E-002
  -2.3375565506633455E-002  -5.2768116101060851E-002
  -2.0343937555612045E-002  -6.1949530275803785E-002
  -1.6954782693588244E-002  -6.9984359234092408E-002
  -1.3147441509499511E-002  -7.6725243556520259E-002
  -8.8601783155150271E-003  -8.1985637122896513E-002
  -4.0470344449231631E-003  -8.5539733841138013E-002
   1.3077066760101962E-003  -8.7131017178168582E-002
   7.1799164350924783E-003  -8.6486128836407203E-002
   1.3498831476947750E-002  -8.3331042000200778E-002
   2.0139491578661361E-002  -7.7409796854648369E-002
   2.6913415186021718E-002  -6.8509258648061441E-002
   3.3560153190347247E-002  -5.6493852622499521E-002
   3.9743691670497447E-002  -4.1352419994090138E-002
   4.5058478794672507E-002  -2.3257081479841749E-002
   4.9055002137867482E-002  -2.6285268051793168E-003
   5.1300389054372848E-002   1.9814128892127070E-002
   5.1477996856375760E-002   4.3063405774965972E-002
   4.9493689985643394E-002   6.5935418910449267E-002
   4.5526364776533684E-002   8.7270507510186293E-002
   3.9982147768771535E-002  0.10613671614862474     
   3.3378090666685248E-002  0.12194088627708469     
   2.6223764759105105E-002  0.13442281625097144     
   1.8947616309379512E-002  0.14357928264744524     
   1.1869508330679590E-002  0.14957356152772855     
   5.2029703572804599E-003  0.15265852325438964     
  -9.2491287049370474E-004  0.15312259510110340     
  -6.4469609793551524E-003  0.15125995877064538     
  -1.1334353508326116E-002  0.14735858299633153     
  -1.5585082135909289E-002  0.14169592646719684     
  -1.9219663045660910E-002  0.13453515664350071     
  -2.2279238851006498E-002  0.12611947297076265     
  -2.4822490494905619E-002  0.11666518625121819     
  -2.6919775588659520E-002  0.10635555272897504     
  -2.8644953510736440E-002   9.5337515087146954E-002
  -3.0066473370749903E-002   8.3722723097598747E-002
  -3.1239315063336288E-002   7.1593069842739790E-002
  -3.2199110587730374E-002   5.9010031809783071E-002
  -3.2959500746786559E-002   4.6026346455298760E-002
  -3.3513252413667725E-002   3.2697948182729475E-002
  -3.3836827731348995E-002   1.9093873791775042E-002
  -3.3897145512688936E-002   5.3023082857701041E-003
  -3.3658547654488953E-002  -8.5679553544758865E-003
  -3.3087885064533959E-002  -2.2389961372590989E-002
  -3.2156328135723396E-002  -3.6023071630918183E-002
  -3.0837742722739571E-002  -4.9317105729140956E-002
  -2.9104778483199336E-002  -6.2114113129437341E-002
  -2.6924726758966473E-002  -7.4246788642554851E-002
  -2.4257423888154304E-002  -8.5533893522099197E-002
  -2.1056970034629634E-002  -9.5774256215616221E-002
  -1.7278034654731853E-002 -0.10474163937869389     
  -1.2886392614075697E-002 -0.11218285209942784     
  -7.8723784706680750E-003 -0.11782110062271521     
  -2.2652704611804517E-003 -0.12136596424620422     
   3.8537954247181280E-003 -0.12253070997263531     
   1.0342856586221008E-002 -0.12105687264729913     
   1.6996031062043015E-002 -0.11674505193654393     
   2.3546903174877808E-002 -0.10948999135929348     
   2.9677701200472979E-002  -9.9317828860552348E-002
   3.5034433474100839E-002  -8.6423664410195708E-002
   3.9252254499091532E-002  -7.1205419358304850E-002
   4.1998660429190857E-002  -5.4281816872643204E-002
   4.3035981617739645E-002  -3.6471772869567980E-002
   4.2286428590620817E-002  -1.8714713412266680E-002
   3.9867048448895159E-002  -1.9386394361845033E-003
   3.6069790894247257E-002   1.3079767875748060E-002
   3.1293701548271637E-002   2.5807754832520607E-002
   2.5963516362290291E-002   3.5976723287783556E-002
   2.0467018169885831E-002   4.3546378531183608E-002
   1.5121396848843911E-002   4.8645625057301523E-002
   1.0162179268134596E-002   5.1513785897985241E-002
   5.7458075181872903E-003   5.2451865143444611E-002
   1.9597609472519644E-003   5.1786022187159109E-002
  -1.1641292343431866E-003   4.9842151612015217E-002
  -3.6360931647535033E-003   4.6929107016146214E-002
  -5.4959568637149951E-003   4.3328245316068464E-002
  -6.8024413184440092E-003   3.9287613559034013E-002
  -7.6245925108003113E-003   3.5019500293517428E-002
  -8.0353555051221656E-003   3.0700330386433619E-002
  -8.1070281709844962E-003   2.6472133138687331E-002
  -7.9082355146409735E-003   2.2445013211583955E-002
  -7.5020411960323901E-003   1.8700218686636062E-002
  -6.9448668653555572E-003   1.5293550398041315E-002
  -6.2860358965934355E-003   1.2258934386043000E-002
  -5.5678772574125970E-003   9.6119525419829741E-003
  -4.8263046215656965E-003   7.3530647902728744E-003
  -4.0916362152934134E-003   5.4702845094892370E-003
  -3.3892762280139711E-003   3.9412613327488074E-003
  -2.7399127453126386E-003   2.7350164580973823E-003
  -2.1591617271644425E-003   1.8137731753419001E-003
  -1.6569574382253403E-003   1.1352551834663098E-003
  -1.2372015535791706E-003   6.5549419512877865E-004
  -8.9808299734013693E-004   3.3180212716906089E-004
  -6.3314659517934874E-004   1.2536799937361428E-004
  -4.3285352071286993E-004   3.0323261952352558E-006
  -2.8623027017892031E-004  -6.1929003990912834E-005
  -1.8226722544976856E-004  -8.9898526466705340E-005
  -1.1089551950089718E-004  -9.5616477461782880E-005
  -6.3526859867646420E-005  -8.9187710580159449E-005
  -3.3234446806606356E-005  -7.7154889246246219E-005
  -1.4687491930168760E-005  -6.3480804936724895E-005
  -3.9474659200465986E-006  -5.0361468216604161E-005
   1.7900769417620291E-006  -3.8850066145100955E-005
   4.4536333381473952E-006  -2.9306803529710519E-005
   5.3243829478669572E-006  -2.1705342247410411E-005
   5.2233273940878920E-006  -1.5830010133800872E-005
   4.6557444858147801E-006  -1.1394961577161749E-005
   3.9176052114703836E-006  -8.1106913388886297E-006
   3.1709473977373848E-006  -5.7169558013094090E-006
   2.4953992790629755E-006  -3.9955130989856422E-006
   1.9222132184391640E-006  -2.7716337703455219E-006
   1.4559790648480494E-006  -1.9100447902752175E-006
   1.0879658840707005E-006  -1.3086748610592108E-006
   8.0395981392890923E-007  -8.9205894143828527E-007
   5.8860132595024625E-007  -6.0532177331921056E-007
   4.2757680075083818E-007  -4.0910728515294798E-007
   3.0855112752097932E-007  -2.7551660452982809E-007
   2.2140200960743959E-007  -1.8496827461468533E-007
   1.5809841063495768E-007  -1.2383558509049822E-007
   1.1242403948160091E-007  -8.2705646453301275E-008
   7.9657397122375767E-008  -5.5118062789575702E-008
   5.6265408833741464E-008  -3.6663669298318082E-008
   3.9635884909304554E-008  -2.4347990149055750E-008
   2.7856441260327983E-008  -1.6146062649599197E-008
   1.9538441288756835E-008  -1.0693694094153340E-008
   1.3680459484379624E-008  -7.0748761576189281E-009
   9.5644903769203735E-009  -4.6763187832979925E-009
   6.6782696109633081E-009  -3.0884483681569738E-009
   4.6578557613719134E-009  -2.0383442347737208E-009
   3.2456148882075393E-009  -1.3444955705771805E-009
   2.2597312573960741E-009  -8.8638790643422360E-010
   1.5722354755665281E-009  -5.8412187277312776E-010
   1.0932627794283799E-009  -3.8479194618170640E-010
   7.5983046588568291E-010  -2.5340454695205779E-010
   5.2787062481365859E-010  -1.6683515171202731E-010
   3.6659411949813983E-010  -1.0981464898019133E-010
   2.5451585541263197E-010  -7.2267608966132546E-011
   1.7665897938429281E-010  -4.7549446106186678E-011
   1.2259273300040543E-010  -3.1280238468134243E-011
   8.5058018538904790E-011  -2.0574007343848492E-011
   5.9006220057024462E-011  -1.3529774437256415E-011
   4.0927965193877154E-011  -8.8957172486624029E-012
   2.8384924961968254E-011  -5.8476790307682017E-012
   1.9683566173374679E-011  -3.8431667024999698E-012
   1.3648012554846570E-011  -2.5251475742521360E-012
   9.4620207786933628E-012  -1.6586801542171686E-012
   6.5591070698386751E-012  -1.0891839346913683E-012
   4.5461910588033527E-012  -7.1496493183751415E-013
   3.1505543729520868E-012  -4.6913013641256932E-013
   2.1830075671377761E-012  -3.0768408418498089E-013
   1.5123195784980868E-012  -2.0169526953519045E-013
   1.0474699317771046E-012  -1.3214143598203565E-013
   7.2533271798717656E-013  -8.6517961344715329E-014
   5.0213116316314063E-013  -5.6606503768976571E-014
   3.4750908652908659E-013  -3.7007129860827604E-014
   2.4041824572520950E-013  -2.4172794979586745E-014
   1.6626558007423219E-013  -1.5774333080914524E-014
   1.1493450680343002E-013  -1.0282878609642752E-014
   7.9412542796612817E-014  -6.6953166770582287E-015
   5.4839505074662653E-014  -4.3538077196520761E-015
   3.7847432145501241E-014  -2.8271798358242472E-015
   2.6102839829846493E-014  -1.8330016317094250E-015
   1.7989308900874530E-014  -1.1863990491695889E-015
   1.2387398144112256E-014  -7.6645011708350978E-016
   8.5220535463763633E-015  -4.9413001349128094E-016
   5.8568245057243458E-015  -3.1784339496491964E-016
   4.0205377974659161E-015  -2.0393893350333780E-016
   2.7564774131911288E-015  -1.3049409763100601E-016
   1.8871684166600479E-015  -8.3245469015854506E-017
   1.2899784318328816E-015  -5.2925953420156652E-017
   8.8021762614134601E-016  -3.3523986125726783E-017
   5.9943568251489697E-016  -2.1146553295880245E-017
   4.0732002372482353E-016  -1.3277357785157961E-017
   2.7608901348394827E-016  -8.2933566342361922E-018
   1.8661328721192697E-016  -5.1500824673689090E-018
   1.2573373308160135E-016  -3.1771111763584996E-018
   8.4407838432345109E-017  -1.9453277022492748E-018
   5.6429256185622625E-017  -1.1809337964280603E-018
   3.7543872451029834E-017  -7.0984320658338180E-019
   2.4840011497741371E-017  -4.2180149301468515E-019
   1.6328078536304363E-017  -2.4728731178683571E-019
   1.0651033383612181E-017  -1.4268036024229977E-019
   6.8851592893405585E-018  -8.0764753928838376E-020
   4.4031027980860394E-018  -4.4667986261147048E-020
   2.7798192235710545E-018  -2.4006435590831091E-020
   1.7280489598144457E-018  -1.2444077644971584E-020
   1.0540898302820664E-018  -6.1534038474962323E-021
   6.2748441527181640E-019  -2.8503163548670741E-021
   3.6025895338487960E-019  -1.1941430283929765E-021
   1.9262316103652298E-019  -4.1581340426260961E-022
   8.2659436392727603E-020  -8.6558641742664859E-023
   0.0000000000000000        0.0000000000000000     
