 Initial conditions outputted from a previous simulation. Time =    65.000000000000000     
   40.000000000000000        0.0000000000000000              500           1   65.000000000000000     
  -3.7244207824055693E-002  -4.6276667294583201E-013
  -3.6957640942533669E-002  -1.6379270903364732E-002
  -3.6468347853639858E-002  -3.2657085041424574E-002
  -3.5686574019846054E-002  -4.8712770147459554E-002
  -3.4628512354727602E-002  -6.4457259437528877E-002
  -3.3207565590720828E-002  -7.9718567025542447E-002
  -3.1405382073904781E-002  -9.4383234412388259E-002
  -2.9176182254738857E-002 -0.10829360509252058     
  -2.6468595629931976E-002 -0.12127838350199310     
  -2.3231782892212914E-002 -0.13314783214868819     
  -1.9412417484074507E-002 -0.14368709603619897     
  -1.4959921439806387E-002 -0.15265605827198730     
  -9.8330208473126623E-003 -0.15978791600465800     
  -4.0074591081676464E-003 -0.16478863342263367     
   2.5128246740458758E-003 -0.16733917885683072     
   9.6810851555869729E-003 -0.16710134326019124     
   1.7389983839228403E-002 -0.16372941022098506     
   2.5451382443415625E-002 -0.15689106023947602     
   3.3576398125592245E-002 -0.14630096156718272     
   4.1362140937446515E-002 -0.13176955299973536     
   4.8300323841216124E-002 -0.11326864254718592     
   5.3832058836981937E-002  -9.1012463756067682E-002
   5.7459351218716134E-002  -6.5538733839541369E-002
   5.8875271480692881E-002  -3.7749457641156114E-002
   5.8036437356929059E-002  -8.8620420583604333E-003
   5.5134611632464969E-002   1.9745570681259719E-002
   5.0504928459378755E-002   4.6751683575548528E-002
   4.4542017738069470E-002   7.1086695463031341E-002
   3.7653446751855134E-002   9.2039323495370653E-002
   3.0232520315696322E-002  0.10925699170368582     
   2.2631910756726530E-002  0.12267411795338168     
   1.5141205309327294E-002  0.13241965238441225     
   7.9779159140140540E-003  0.13874005452465499     
   1.2922585514736659E-003  0.14194665192427935     
  -4.8218506711691627E-003  0.14237935225837825     
  -1.0314883186311260E-002  0.14037905420296667     
  -1.5168285469610720E-002  0.13626888646448440     
  -1.9381894292886698E-002  0.13034608155230526     
  -2.2970604310105652E-002  0.12287974728503412     
  -2.5969426111003332E-002  0.11410787072165839     
  -2.8432536868774016E-002  0.10423563540854817     
  -3.0421555150076284E-002   9.3439075541171646E-002
  -3.1994570534329775E-002   8.1871165192600737E-002
  -3.3202141948769227E-002   6.9669253599347919E-002
  -3.4085809906654295E-002   5.6962033334458560E-002
  -3.4677018539917399E-002   4.3872874124337734E-002
  -3.4997664486052592E-002   3.0519883387725207E-002
  -3.5061755837028592E-002   1.7015201964839851E-002
  -3.4877140350944934E-002   3.4648783153973751E-003
  -3.4446929606649607E-002  -1.0030060074227787E-002
  -3.3769699413230297E-002  -2.3370914484218581E-002
  -3.2837656627364549E-002  -3.6457368682598787E-002
  -3.1633387311334520E-002  -4.9183111628050433E-002
  -3.0126747962138677E-002  -6.1431570955814148E-002
  -2.8273428944841014E-002  -7.3071966165582300E-002
  -2.6016211128863216E-002  -8.3955743533833782E-002
  -2.3289027490702250E-002  -9.3913368206350295E-002
  -2.0022984277579665E-002 -0.10275141334827859     
  -1.6153180476984524E-002 -0.11024990989888300     
  -1.1625503041130393E-002 -0.11616010549606544     
  -6.4030681616244808E-003 -0.12020325050898997     
  -4.7253615399498171E-004 -0.12207162158705451     
   6.1486610646451934E-003 -0.12143337843939918     
   1.3402365843098439E-002 -0.11794290050084050     
   2.1175298216088285E-002 -0.11125828698947540     
   2.9280093149850459E-002 -0.10106833450248930     
   3.7434887123935695E-002  -8.7132703378882806E-002
   4.5249857096356608E-002  -6.9339942971652260E-002
   5.2235195178141562E-002  -4.7784829703782866E-002
   5.7846317178568016E-002  -2.2853853737276733E-002
   6.1571843216928233E-002   4.7139996719675259E-003
   6.3042253275446131E-002   3.3838929615337854E-002
   6.2117330372042832E-002   6.3215198896804867E-002
   5.8915847983892468E-002   9.1508498957455289E-002
   5.3772996093578697E-002  0.11756246540799620     
   4.7159010966213825E-002  0.14053393158363287     
   3.9590264429194028E-002  0.15992800178394731     
   3.1551055172636441E-002  0.17555687550755991     
   2.3447767999369859E-002  0.18746047466409191     
   1.5594128451127539E-002  0.19582380443156958     
   8.2076196515050125E-003  0.20091330874018259     
   1.4212738850979114E-003  0.20303372258259758     
  -4.6996818595054406E-003  0.20250086113597349     
  -1.0140057689670769E-002  0.19962582273629689     
  -1.4914833720410350E-002  0.19470493435760947     
  -1.9059184456143605E-002  0.18801260349150462     
  -2.2618983060343146E-002  0.17979568528488926     
  -2.5645294713981696E-002  0.17027109836432436     
  -2.8192169490752161E-002  0.15962803560238115     
  -3.0309738829600544E-002  0.14803181436933238     
  -3.2040771233156067E-002  0.13562618059789172     
  -3.3417081681976560E-002  0.12253535946978861     
  -3.4461249134522011E-002  0.10887136946944542     
  -3.5192393184717841E-002   9.4744520283079864E-002
  -3.5625198331131709E-002   8.0268476048660067E-002
  -3.5766383982151602E-002   6.5559686407133763E-002
  -3.5614705654996665E-002   5.0737877983396865E-002
  -3.5165262528838795E-002   3.5927274292076997E-002
  -3.4401195571161503E-002   2.1253659936821181E-002
  -3.3284297283227418E-002   6.8459919610941592E-003
  -3.1773705377285841E-002  -7.1507807777435569E-003
  -2.9828796816998047E-002  -2.0567440432079986E-002
  -2.7407648937053681E-002  -3.3210901370574385E-002
  -2.4480068011452045E-002  -4.4865424427355631E-002
  -2.1004799306868813E-002  -5.5296629696146272E-002
  -1.6946970398749962E-002  -6.4252882979042039E-002
  -1.2287750883615466E-002  -7.1466795494447996E-002
  -7.0465561535382583E-003  -7.6660595856456001E-002
  -1.2484038418233950E-003  -7.9561269874662874E-002
   5.0648013802646582E-003  -7.9911357912890196E-002
   1.1843709480830359E-002  -7.7474286156112904E-002
   1.8962210022696369E-002  -7.2030742517504714E-002
   2.6305973373380177E-002  -6.3391729547732395E-002
   3.3724833172852332E-002  -5.1402758394373575E-002
   4.1008985104279548E-002  -3.5963445113750742E-002
   4.7866484585506637E-002  -1.7074308516653387E-002
   5.3813870099662424E-002   5.0976278661558280E-003
   5.8267628841019645E-002   3.0128921179130779E-002
   6.0699581710232729E-002   5.7280900380224507E-002
   6.0838382785052283E-002   8.5517666236081452E-002
   5.8706727309651784E-002  0.11362260866397425     
   5.4541435996725597E-002  0.14037839584544115     
   4.8694619801827016E-002  0.16474307706705960     
   4.1615902819045855E-002  0.18595975660258038     
   3.3693693279850112E-002  0.20359517882450134     
   2.5313575143709244E-002  0.21749033473743029     
   1.6831404459750211E-002  0.22768869945947706     
   8.5722506742302688E-003  0.23436721233488761     
   8.5041388948517752E-004  0.23778752173971376     
  -6.0978677870671483E-003  0.23827639573505627     
  -1.2133806269406688E-002  0.23620835552818634     
  -1.7246007567618786E-002  0.23198202700263612     
  -2.1511358903680007E-002  0.22598419147388771     
  -2.5035506612677928E-002  0.21855422377608660     
  -2.7922186180088591E-002  0.20996602641015666     
  -3.0252385095446050E-002  0.20042925931521288     
  -3.2094599057655208E-002  0.19010644541345165     
  -3.3521171286533653E-002  0.17913446598539862     
  -3.4571626570197349E-002  0.16763806395255382     
  -3.5263962977887718E-002  0.15573966006410439     
  -3.5616382839161312E-002  0.14356391141547334     
  -3.5640600472414782E-002  0.13123725321196603     
  -3.5349507234949819E-002  0.11888634720933562     
  -3.4770969905562513E-002  0.10663469840756915     
  -3.3941446475556601E-002   9.4597651829759821E-002
  -3.2878646893745166E-002   8.2877657416697045E-002
  -3.1583390625837371E-002   7.1565465935368763E-002
  -3.0040697826985166E-002   6.0747398399014947E-002
  -2.8208269414283078E-002   5.0516921845702660E-002
  -2.6022540904542441E-002   4.0988801192285693E-002
  -2.3423343808419681E-002   3.2310411809014034E-002
  -2.0354952022974323E-002   2.4664828613567870E-002
  -1.6768756746703358E-002   1.8266729026233688E-002
  -1.2618880471515272E-002   1.3354267555469659E-002
  -7.8709560854485737E-003   1.0184579811675521E-002
  -2.4833064613259785E-003   9.0314753685367000E-003
   3.5487878854328267E-003   1.0190495933608868E-002
   1.0162475188217446E-002   1.3979926187809933E-002
   1.7265841790464326E-002   2.0727352475451630E-002
   2.4710641172863732E-002   3.0748002927743885E-002
   3.2310440764964032E-002   4.4302066861518427E-002
   3.9782475897257343E-002   6.1541958418881264E-002
   4.6731104367196255E-002   8.2446132514150561E-002
   5.2708484344434058E-002  0.10674239827202082     
   5.7139985994866430E-002  0.13385325487779071     
   5.9425300885823117E-002  0.16286696598285774     
   5.9203758617567590E-002  0.19256432528771519     
   5.6423626969243468E-002  0.22154144039416737     
   5.1365082333725796E-002  0.24840392401991798     
   4.4592261051859643E-002  0.27199127634587672     
   3.6780105900986355E-002  0.29155766696802099     
   2.8512166656805303E-002  0.30683982687064271     
   2.0176380895322168E-002  0.31799165954274805     
   1.2126042327710848E-002  0.32541357247692093     
   4.6401101933439756E-003  0.32958421277427657     
  -2.1580062902244327E-003  0.33094887632364878     
  -8.1919804088504185E-003  0.32986857651370721     
  -1.3405380569843171E-002  0.32663157627593209     
  -1.7848330566045796E-002  0.32149305545648965     
  -2.1575664603044341E-002  0.31469700577320736     
  -2.4647666712453432E-002  0.30648619938676541     
  -2.7183130050289193E-002  0.29709497234773657     
  -2.9326071497041004E-002  0.28673042259219178     
  -3.1093185109762226E-002  0.27555345568405537     
  -3.2438944292627843E-002  0.26368569377647738     
  -3.3368867337489963E-002  0.25123023825600932     
  -3.3930173533830668E-002  0.23828704097344966     
  -3.4160410188954243E-002  0.22495743413128519     
  -3.4147704600876364E-002  0.21134483284331748     
  -3.3987450103124699E-002  0.19754573855412566     
  -3.3689430626238914E-002  0.18364243288088336     
  -3.3210179731256360E-002  0.16971316600553321     
  -3.2509071980488191E-002  0.15585190966313550     
  -3.1517800130704515E-002  0.14218443135594078     
  -3.0174063863832243E-002  0.12887932818893849     
  -2.8467051652522782E-002  0.11614413963395984     
  -2.6420926621197591E-002  0.10420595130106643     
  -2.4013579533742755E-002   9.3285800538602678E-002
  -2.1166508680500847E-002   8.3585162036744889E-002
  -1.7806366236311037E-002   7.5289079843955525E-002
  -1.3909571028854102E-002   6.8578279945149423E-002
  -9.4687759785706573E-003   6.3640739754821055E-002
  -4.4471221318538373E-003   6.0681034865217288E-002
   1.1916095512717146E-003   5.9931166287840718E-002
   7.4403514867740581E-003   6.1653906407704864E-002
   1.4250571277487543E-002   6.6133339435544863E-002
   2.1516943336056995E-002   7.3651308659405224E-002
   2.9070253403017970E-002   8.4446021028147342E-002
   3.6565391391324080E-002   9.8665089360362071E-002
   4.3603718041454818E-002  0.11629794555891437     
   4.9731578410846113E-002  0.13712078790473242     
   5.4442547647046063E-002  0.16065770409317121     
   5.7192438889304476E-002  0.18616519514096888     
   5.7557229519756239E-002  0.21264733158663546     
   5.5296367015666502E-002  0.23892343732847013     
   5.0570007998201792E-002  0.26374303554475170     
   4.3936858204985461E-002  0.28596228964993520     
   3.6329078728017043E-002  0.30471952751004733     
   2.8496963449991940E-002  0.31957860316666453     
   2.0817870453997207E-002  0.33052903664476813     
   1.3419320483591466E-002  0.33784622936920161     
   6.3851352197834277E-003  0.34189729177427175     
  -2.2265816574461270E-004  0.34299678125333005     
  -6.2329318031493679E-003  0.34134982300550520     
  -1.1514391713527788E-002  0.33709756129742630     
  -1.6023490928717975E-002  0.33038526720215450     
  -1.9863086039190254E-002  0.32141619943881344     
  -2.3107292003162219E-002  0.31045193872873622     
  -2.5796924852902088E-002  0.29779093925033767     
  -2.8016550214720670E-002  0.28374212848140584     
  -2.9847827764322422E-002  0.26859534571190397     
  -3.1297187893538206E-002  0.25260481168535187     
  -3.2364360585230567E-002  0.23599433822463856     
  -3.3060361784484342E-002  0.21896616998845647     
  -3.3424175827217101E-002  0.20171046803530762     
  -3.3512376071732616E-002  0.18440718851527016     
  -3.3369867538235537E-002  0.16722120614469468     
  -3.3026561739574647E-002  0.15029967533029465     
  -3.2484516889367605E-002  0.13377214181678457     
  -3.1723871332319638E-002  0.11775559404084335     
  -3.0740741046752944E-002  0.10236108827728674     
  -2.9545559832559701E-002   8.7692871278291049E-002
  -2.8152884517846411E-002   7.3841643338107124E-002
  -2.6560215129218058E-002   6.0877286538655366E-002
  -2.4729134456402384E-002   4.8848983556693745E-002
  -2.2570377587064362E-002   3.7798121281129818E-002
  -1.9982641336662561E-002   2.7786068731925576E-002
  -1.6833589727474882E-002   1.8921734125160464E-002
  -1.3001159477340665E-002   1.1387887295024384E-002
  -8.3800592253972014E-003   5.4531130839416469E-003
  -2.8870787088670848E-003   1.4679849245377602E-003
   3.5118378475522604E-003  -1.5139140192926839E-004
   1.0749983896364486E-002   1.0473981112271913E-003
   1.8656527346915672E-002   5.5059961382172657E-003
   2.6903048180587003E-002   1.3598090775358496E-002
   3.5056086236220932E-002   2.5552077137495043E-002
   4.2603854261101318E-002   4.1370931482951748E-002
   4.8970595857112408E-002   6.0763490167783520E-002
   5.3620545058580688E-002   8.3096976765409516E-002
   5.6107119831908379E-002  0.10740670645659089     
   5.6169719040825322E-002  0.13247047883925267     
   5.3854150780294187E-002  0.15694857206088497     
   4.9449005626191853E-002  0.17958167284490836     
   4.3473077922644307E-002  0.19937497792405717     
   3.6543171779873693E-002  0.21572649649251424     
   2.9224540799214535E-002  0.22845249698856951     
   2.1975000037377814E-002  0.23770209243089788     
   1.5106780621421144E-002  0.24381430809237425     
   8.7452332856563092E-003  0.24717994711240387     
   2.9431313901120671E-003  0.24814001618357701     
  -2.3306731639277348E-003  0.24695778434887131     
  -7.1366484791104646E-003  0.24382764477066438     
  -1.1523061160362311E-002  0.23889996860866861     
  -1.5538041900688403E-002  0.23230722628366821     
  -1.9205729995243424E-002  0.22417431705796378     
  -2.2538520283807283E-002  0.21462498832017685     
  -2.5535593224017914E-002  0.20378525967958933     
  -2.8184876731784086E-002  0.19178646052189696     
  -3.0464027517815909E-002  0.17876824283678105     
  -3.2354226334222962E-002  0.16488109017186342     
  -3.3833129183582521E-002  0.15028450072190433     
  -3.4883799306584092E-002  0.13514581086195321     
  -3.5495470694490848E-002  0.11963836194355132     
  -3.5672937454096380E-002  0.10393970744322220     
  -3.5429113521987472E-002   8.8226523509376362E-002
  -3.4774576559322139E-002   7.2670560687396538E-002
  -3.3728529769486516E-002   5.7438062658586163E-002
  -3.2296500215538634E-002   4.2685898171690231E-002
  -3.0476209791081284E-002   2.8567224207420583E-002
  -2.8272153822926114E-002   1.5239886437030394E-002
  -2.5686977023696503E-002   2.8621963136785267E-003
  -2.2719421394440241E-002  -8.4107721107085278E-003
  -1.9362667019246819E-002  -1.8422005756873912E-002
  -1.5601640641847500E-002  -2.7007943825346672E-002
  -1.1423371066999179E-002  -3.3996202688720716E-002
  -6.8309764265990546E-003  -3.9205953571893201E-002
  -1.8455703888040082E-003  -4.2455691774293286E-002
   3.5011002501258381E-003  -4.3573653205222627E-002
   9.1723940010063065E-003  -4.2399716898572963E-002
   1.5124009959723907E-002  -3.8778295799865796E-002
   2.1290058626093778E-002  -3.2553361184952674E-002
   2.7560482278251922E-002  -2.3576381562403971E-002
   3.3756609802773847E-002  -1.1732044018415901E-002
   3.9611743181513566E-002   3.0158309369740545E-003
   4.4766419071244193E-002   2.0556983726433158E-002
   4.8795583774908807E-002   4.0555981576300526E-002
   5.1280451643962568E-002   6.2395939616366837E-002
   5.1908281139911625E-002   8.5191955412374593E-002
   5.0552049772611941E-002  0.10789344064530160     
   4.7289894324283453E-002  0.12943753106859676     
   4.2369386014639625E-002  0.14888816339754754     
   3.6152050290938799E-002  0.16552371079963493     
   2.9060339713739353E-002  0.17887537121321737     
   2.1527027474610477E-002  0.18872691078017115     
   1.3949150114464095E-002  0.19508211913206497     
   6.6565912814017646E-003  0.19811316024022874     
  -1.0279034280457712E-004  0.19810671964844193     
  -6.1681249033781489E-003  0.19541544012283840     
  -1.1462386796623336E-002  0.19041526635998982     
  -1.5978866373221347E-002  0.18347148878430555     
  -1.9760244618399512E-002  0.17491694206921315     
  -2.2877240174373245E-002  0.16504188723576957     
  -2.5411246647091688E-002  0.15409246142376845     
  -2.7442161024991273E-002  0.14227462037759467     
  -2.9041430935755536E-002  0.12976092708089887     
  -3.0269546640474768E-002  0.11669791907551423     
  -3.1176642438687206E-002  0.10321245614095410     
  -3.1804864166531249E-002   8.9416067697954585E-002
  -3.2191010405682674E-002   7.5406884290319054E-002
  -3.2367692845154568E-002   6.1269644028957015E-002
  -3.2361687748910968E-002   4.7075364678197430E-002
  -3.2189429525270929E-002   3.2882870880955851E-002
  -3.1851091916236363E-002   1.8743933975861309E-002
  -3.1325610506885843E-002   4.7123884727474146E-003
  -3.0568843832930830E-002  -9.1441153080909984E-003
  -2.9515982502463872E-002  -2.2732237201819879E-002
  -2.8087888184129297E-002  -3.5923613522226179E-002
  -2.6199871171255530E-002  -4.8549904557472379E-002
  -2.3770911809034533E-002  -6.0402730701663687E-002
  -2.0731649730210754E-002  -7.1237775670663528E-002
  -1.7030247760971777E-002  -8.0781613799873697E-002
  -1.2636021194272087E-002  -8.8739529894638028E-002
  -7.5416591003822355E-003  -9.4802732800905662E-002
  -1.7660907915237132E-003  -9.8654146507540300E-002
   4.6390099980586682E-003  -9.9973631384995099E-002
   1.1576367657970816E-002  -9.8446059309667933E-002
   1.8883444709306776E-002  -9.3778578998212944E-002
   2.6310214556162406E-002  -8.5735266372736166E-002
   3.3505281064156588E-002  -7.4195520153309949E-002
   4.0027088329298771E-002  -5.9233096401020924E-002
   4.5395092865119377E-002  -4.1193795623121525E-002
   4.9178810898248070E-002  -2.0730393873829814E-002
   5.1094513446070522E-002   1.2442865214818634E-003
   5.1062820177512555E-002   2.3686277383702516E-002
   4.9198973368105678E-002   4.5579069899002352E-002
   4.5751548438560198E-002   6.6054196008902888E-002
   4.1033128678584677E-002   8.4443758186158374E-002
   3.5373473489123695E-002  0.10028247913138170     
   2.9094948942337159E-002  0.11328944041974617     
   2.2496656185561400E-002  0.12334395312673897     
   1.5840729579976863E-002  0.13045719391090430     
   9.3425022756374754E-003  0.13474075307830011     
   3.1669752265317923E-003  0.13637569719529535     
  -2.5682163701287192E-003  0.13558581717597692     
  -7.7848912660719478E-003  0.13261744772660325     
  -1.2434173603128710E-002  0.12772652006731408     
  -1.6486999965408210E-002  0.12117177964049254     
  -1.9927232647627423E-002  0.11321205585449332     
  -2.2747979735903898E-002  0.10410529878135114     
  -2.4950571110643274E-002   9.4107569948263720E-002
  -2.6545004369223579E-002   8.3471008540700303E-002
  -2.7550681889182096E-002   7.2440614798022801E-002
  -2.7996659907297654E-002   6.1250211187041763E-002
  -2.7921056812494006E-002   5.0118147424187048E-002
  -2.7369578798670316E-002   3.9243330962126649E-002
  -2.6393325859373668E-002   2.8802086080659182E-002
  -2.5046165698653689E-002   1.8946220955247398E-002
  -2.3382030714290906E-002   9.8025272652134884E-003
  -2.1452506354630616E-002   1.4737547832650855E-003
  -1.9305035355362606E-002  -5.9590782546235987E-003
  -1.6982014351202918E-002  -1.2433323238375708E-002
  -1.4521117848407313E-002  -1.7900711440274081E-002
  -1.1957397076841627E-002  -2.2323444686956493E-002
  -9.3278455521859927E-003  -2.5671677342556987E-002
  -6.6786262639410357E-003  -2.7924510694612988E-002
  -4.0734626171116048E-003  -2.9076918604464815E-002
  -1.5991252043405311E-003  -2.9153606208520408E-002
   6.3765599724286261E-004  -2.8226970769370845E-002
   2.5255444138430369E-003  -2.6431391014182227E-002
   3.9735460173608433E-003  -2.3963799850067198E-002
   4.9355844655562279E-003  -2.1064707716970908E-002
   5.4227026606326716E-003  -1.7983805464109669E-002
   5.4972012731235708E-003  -1.4943159831944710E-002
   5.2532078453142858E-003  -1.2111555771777169E-002
   4.7939970711188612E-003  -9.5958143703538112E-003
   4.2144485124840448E-003  -7.4461335842293634E-003
   3.5913689492270916E-003  -5.6687488159692778E-003
   2.9804323104103644E-003  -4.2402568475016352E-003
   2.4174434803654215E-003  -3.1203676975902097E-003
   1.9218688658338944E-003  -2.2617054687137650E-003
   1.5010385150878687E-003  -1.6164769852437921E-003
   1.1540415023258575E-003  -1.1405052113188780E-003
   8.7492836866364038E-004  -7.9531225167084958E-004
   6.5514953179933574E-004  -5.4885342419309295E-004
   4.8527009500454719E-004  -3.7538592678799682E-004
   3.5607160308034279E-004  -2.5485065223687566E-004
   2.5918927468434369E-004  -1.7203290866155433E-004
   1.8741905099616882E-004  -1.1566911853193300E-004
   1.3479912848013060E-004  -7.7601078695382911E-005
   9.6550332243675906E-005  -5.2034857515292922E-005
   6.8940787774525951E-005  -3.4927047476054730E-005
   4.9119664388549901E-005  -2.3498305662388037E-005
   3.4948367582151801E-005  -1.5862097396951799E-005
   2.4846210102911457E-005  -1.0750694816271212E-005
   1.7658787661506503E-005  -7.3185459326115524E-006
   1.2550964346490542E-005  -5.0044155513967114E-006
   8.9229068113328433E-006  -3.4366547330005396E-006
   6.3460510931999841E-006  -2.3691752738426954E-006
   4.5153287759895603E-006  -1.6387081466517323E-006
   3.2140934228106617E-006  -1.1365275631378550E-006
   2.2886892504322769E-006  -7.8986426540453364E-007
   1.6301882144079756E-006  -5.4972704591780897E-007
   1.1613617154389210E-006  -3.8292404536318703E-007
   8.2742657018087895E-007  -2.6682474921412752E-007
   5.8949098914558215E-007  -1.8590730561967233E-007
   4.1992007992761017E-007  -1.2946882688932666E-007
   2.9905970005524969E-007  -9.0095876890054957E-008
   2.1291965840231585E-007  -6.2634871275422371E-008
   1.5153405465210155E-007  -4.3493496389184942E-008
   1.0779944930000646E-007  -3.0163077121710851E-008
   7.6650468298206226E-008  -2.0889782608870510E-008
   5.4474060204376339E-008  -1.4446979615117968E-008
   3.8692793231323935E-008  -9.9768682826151202E-009
   2.7468065879645161E-008  -6.8799195642291231E-009
   1.9488525219434090E-008  -4.7374965643518888E-009
   1.3819122370920469E-008  -3.2576181341985991E-009
   9.7933713468754101E-009  -2.2369166686038242E-009
   6.9364216811215725E-009  -1.5339549638752194E-009
   4.9101261818705025E-009  -1.0505206665430767E-009
   3.4738170848886566E-009  -7.1852561733171803E-010
   2.4563041149720327E-009  -4.9084222434747322E-010
   1.7358903082278839E-009  -3.3490321340388212E-010
   1.2261158734503117E-009  -2.2823867345838905E-010
   8.6559330973625736E-010  -1.5536930596953672E-010
   6.1076369005637532E-010  -1.0564754297983221E-010
   4.3073772533842208E-010  -7.1759975581865207E-011
   3.0362390418486180E-010  -4.8690326191044202E-011
   2.1391674228283713E-010  -3.3002560063198299E-011
   1.5064029135597571E-010  -2.2346128419542058E-011
   1.0602936863915382E-010  -1.5115062012092147E-011
   7.4593369254456768E-011  -1.0213436428618668E-011
   5.2452098576641085E-011  -6.8942578479352915E-012
   3.6864882721302376E-011  -4.6489426887169892E-012
   2.5896916987540162E-011  -3.1316068421847269E-012
   1.8182996712763025E-011  -2.1072686783343540E-012
   1.2760305137348057E-011  -1.4164569730627273E-012
   8.9501411696464907E-012  -9.5105723532030175E-013
   6.2743091989425862E-012  -6.3784694916933488E-013
   4.3960440815937982E-012  -4.2728469223294743E-013
   3.0782931705931004E-012  -2.8588493030178370E-013
   2.1542705297889890E-012  -1.9103713580704061E-013
   1.5066834616248425E-012  -1.2748931784749088E-013
   1.0530842591861705E-012  -8.4963672616199265E-014
   7.3554599524740274E-013  -5.6541484370546473E-014
   5.1338931679629886E-013  -3.7570178971724667E-014
   3.5806097001391440E-013  -2.4924448393959241E-014
   2.4952912559774331E-013  -1.6507232661512407E-014
   1.7374743469099986E-013  -1.0913028657810102E-014
   1.2087176443111443E-013  -7.2009488835668738E-015
   8.4006787389836661E-014  -4.7419103826584759E-015
   5.8325397966385032E-014  -3.1158455829812915E-015
   4.0450347659418084E-014  -2.0426337987370813E-015
   2.8020222849704855E-014  -1.3357416217918585E-015
   1.9384958571239711E-014  -8.7114077198361269E-016
   1.3392334475064608E-014  -5.6649312235561803E-016
   9.2383441946805139E-015  -3.6722831170958263E-016
   6.3623852538583381E-015  -2.3724335341080956E-016
   4.3738846163381786E-015  -1.5269805886004186E-016
   3.0009610821405776E-015  -9.7881545558158354E-017
   2.0545278200877701E-015  -6.2462550395201199E-017
   1.4032072213227396E-015  -3.9663122217894088E-017
   9.5581309290836024E-016  -2.5047610168706878E-017
   6.4912598971915170E-016  -1.5721057410106185E-017
   4.3936867404634962E-016  -9.7995844901082872E-018
   2.9626645315245214E-016  -6.0611739644958791E-018
   1.9891206298300561E-016  -3.7159004796985523E-018
   1.3288942957148862E-016  -2.2550999082734750E-018
   8.8274971624501997E-017  -1.3526039421674230E-018
   5.8250123829530208E-017  -8.0024196564235272E-019
   3.8139213404619373E-017  -4.6584438947240092E-019
   2.4743064154258340E-017  -2.6598483539344477E-019
   1.5877992809920779E-017  -1.4835061077446210E-019
   1.0057290030557046E-017  -8.0384625849258710E-020
   6.2714127200249788E-018  -4.1999487379151932E-020
   3.8364451214519521E-018  -2.0926599733839837E-020
   2.2896434445434867E-018  -9.7638912976039786E-021
   1.3174708901659975E-018  -4.1183993722443507E-021
   7.0573880365476118E-019  -1.4429543252106690E-021
   3.0338285227846004E-019  -3.0228975178412732E-022
   0.0000000000000000        0.0000000000000000     
