 Initial conditions outputted from a previous simulation. Time =    56.600000000000001     
   40.000000000000000        0.0000000000000000              500           1   56.600000000000001     
  -2.1987977952640469E-002 -0.12530773865423628     
  -1.7833042721612458E-002 -0.13528338950562241     
  -1.3085940770205067E-002 -0.14358960794609255     
  -7.6536249463000838E-003 -0.14994953603848099     
  -1.5447429603767521E-003 -0.15406942269815668     
   5.2690433732386372E-003 -0.15561150750817138     
   1.2717894325709363E-002 -0.15424681623185355     
   2.0682872950080436E-002 -0.14963985765104024     
   2.8963070777898385E-002 -0.14148814389401412     
   3.7257353211893891E-002 -0.12956537838922863     
   4.5161897865843452E-002 -0.11378428056668247     
   5.2182925323068799E-002  -9.4277758779488893E-002
   5.7780220101836720E-002  -7.1480488396624672E-002
   6.1446315024212314E-002  -4.6179010226181379E-002
   6.2808220502384479E-002  -1.9488554277743972E-002
   6.1718432278047089E-002   7.2679340556972109E-003
   5.8294407426800962E-002   3.2755020148796103E-002
   5.2886050647346708E-002   5.5824549840885022E-002
   4.5987434241567551E-002   7.5647669267519008E-002
   3.8133060656306617E-002   9.1750304142678707E-002
   2.9815689722297881E-002  0.10397250079629032     
   2.1441501019698408E-002  0.11239160470701264     
   1.3317737937040986E-002  0.11724098854857010     
   5.6596173698823353E-003  0.11884078264406232     
  -1.3942242384068007E-003  0.11754601143192167     
  -7.7642559112590945E-003  0.11371086359663599     
  -1.3415595917508133E-002  0.10766583839921655     
  -1.8349152962379312E-002   9.9706638007832055E-002
  -2.2595633946797273E-002   9.0094426965470556E-002
  -2.6207191585362732E-002   7.9063339197245189E-002
  -2.9245546135125092E-002   6.6827931246505837E-002
  -3.1770761336500336E-002   5.3585945904933485E-002
  -3.3834961069820799E-002   3.9517477650398133E-002
  -3.5481247494405489E-002   2.4784219759866902E-002
  -3.6745231748803044E-002   9.5307988144375019E-003
  -3.7656764100712510E-002  -6.1121613564493714E-003
  -3.8240736008066718E-002  -2.2024239204869470E-002
  -3.8516707477686138E-002  -3.8091287373131118E-002
  -3.8497600133973402E-002  -5.4201850169198935E-002
  -3.8187960445147495E-002  -7.0244406321332983E-002
  -3.7582396607538301E-002  -8.6105539536049241E-002
  -3.6664821203773824E-002 -0.10166870439645471     
  -3.5408983399719478E-002 -0.11681299414285974     
  -3.3780304543939453E-002 -0.13141101602808175     
  -3.1738343280237051E-002 -0.14532531634878262     
  -2.9239034686787471E-002 -0.15840363049140063     
  -2.6236216813893366E-002 -0.17047379336841734     
  -2.2682550861292308E-002 -0.18133928965291157     
  -1.8530595043273253E-002 -0.19077630974836149     
  -1.3735267826874105E-002 -0.19853279983921709     
  -8.2590328735740338E-003 -0.20432948379310525     
  -2.0808933330294216E-003 -0.20786259916762864     
   4.7902567943747601E-003 -0.20880852105277586     
   1.2298225853450449E-002 -0.20683168844279334     
   2.0319424725469822E-002 -0.20159914639308493     
   2.8642671720235914E-002 -0.19280706458680519     
   3.6953350613958443E-002 -0.18022571288937514     
   4.4829461296403902E-002 -0.16376752691312174     
   5.1760415856810106E-002 -0.14357498375073785     
   5.7198569766540197E-002 -0.12010902406445816     
   6.0643450927795099E-002  -9.4199509592601052E-002
   6.1741084602509815E-002  -6.7012456084611621E-002
   6.0366265422575040E-002  -3.9912715044477957E-002
   5.6655597378267746E-002  -1.4253385602369818E-002
   5.0976450825059090E-002   8.8305363190718054E-003
   4.3843539826477200E-002   2.8548469044800791E-002
   3.5815582735111665E-002   4.4474842184142695E-002
   2.7407052944349562E-002   5.6492221972799482E-002
   1.9035173284961369E-002   6.4704473693403111E-002
   1.1002978390670081E-002   6.9354815599006928E-002
   3.5075215545318159E-003   7.0762893803355306E-002
  -3.3394785200030657E-003   6.9281229733301350E-002
  -9.4882865598277626E-003   6.5266350631753747E-002
  -1.4931279656319759E-002   5.9059977717298755E-002
  -1.9687297713257640E-002   5.0977456572957845E-002
  -2.3791299609385096E-002   4.1302153489829734E-002
  -2.7287888940033273E-002   3.0284077513041876E-002
  -3.0227279644008405E-002   1.8140938410761642E-002
  -3.2662620057852615E-002   5.0613471298905132E-003
  -3.4646618079174157E-002  -8.7895706855148654E-003
  -3.6228684393034845E-002  -2.3263846349948249E-002
  -3.7451734770519156E-002  -3.8226704557736649E-002
  -3.8349230355571126E-002  -5.3554475400790509E-002
  -3.8944871746944880E-002  -6.9132163621532350E-002
  -3.9251376808494477E-002  -8.4851948241133457E-002
  -3.9268905056605290E-002 -0.10061172370609145     
  -3.8987929863957486E-002 -0.11630957396324669     
  -3.8395670005879505E-002 -0.13183760094255279     
  -3.7474769007761144E-002 -0.14708034145037241     
  -3.6202053514669548E-002 -0.16191165341970620     
  -3.4546686327637091E-002 -0.17618872227178248     
  -3.2462351409928987E-002 -0.18975076834898619     
  -2.9895214643838555E-002 -0.20241956550990908     
  -2.6799466931231256E-002 -0.21399754209453981     
  -2.3123186512054628E-002 -0.22426773016849469     
  -1.8817019717644851E-002 -0.23299417449230431     
  -1.3832780286579447E-002 -0.23991938269995433     
  -8.1661125062358810E-003 -0.24476045093018611     
  -1.8250493318525392E-003 -0.24722215523037602     
   5.1355286237188122E-003 -0.24700381589958478     
   1.2575030657566558E-002 -0.24380606599059040     
   2.0292035739581212E-002 -0.23736626648359821     
   2.8077047535678804E-002 -0.22750239129912361     
   3.5647708459075104E-002 -0.21413710591745588     
   4.2674007449950362E-002 -0.19733744340064707     
   4.8832208020477962E-002 -0.17735258589780392     
   5.3743374532306216E-002 -0.15462318280851040     
   5.7048648028162827E-002 -0.12979814536442996     
   5.8445980477533466E-002 -0.10372854204592322     
   5.7693838352531383E-002  -7.7425878223763261E-002
   5.4696034875923692E-002  -5.1996221164621909E-002
   4.9651802429310742E-002  -2.8528986759965364E-002
   4.3005502038907455E-002  -7.9383036726329240E-003
   3.5328708715971407E-002   9.1658197626988992E-003
   2.7128986908730713E-002   2.2525538384119574E-002
   1.8811777008144872E-002   3.2175310738495021E-002
   1.0687682698555407E-002   3.8330370551110458E-002
   2.9590553201031943E-003   4.1287463994757218E-002
  -4.2226519366465815E-003   4.1355805704662206E-002
  -1.0766492538558086E-002   3.8835842010647992E-002
  -1.6632150308841364E-002   3.4020347758094524E-002
  -2.1789598568257358E-002   2.7199723292855669E-002
  -2.6211965440280954E-002   1.8669851132671757E-002
  -2.9894639873048703E-002   8.7349687016813962E-003
  -3.2853091025027516E-002  -2.2997094745880390E-003
  -3.5149381637623454E-002  -1.4139132652444817E-002
  -3.6876687099128155E-002  -2.6516138050229631E-002
  -3.8131728614050467E-002  -3.9205913267287396E-002
  -3.8993238150825386E-002  -5.2032699063417426E-002
  -3.9525033883179649E-002  -6.4865720595370532E-002
  -3.9772527524617025E-002  -7.7607568414673173E-002
  -3.9754042154003660E-002  -9.0181003031608559E-002
  -3.9476650874682086E-002 -0.10251564101516031     
  -3.8935742354903907E-002 -0.11453954051997534     
  -3.8106676519913521E-002 -0.12617450720211007     
  -3.6960825132124654E-002 -0.13733234488434723     
  -3.5481370152179677E-002 -0.14791334988082974     
  -3.3663875182186713E-002 -0.15780776596894966     
  -3.1502236256859599E-002 -0.16690029098322356     
  -2.8992548445896417E-002 -0.17507341008969260     
  -2.6116395480770237E-002 -0.18220995317505384     
  -2.2842411564997903E-002 -0.18819094805682432     
  -1.9139303254009209E-002 -0.19288813213777578     
  -1.4968598093442484E-002 -0.19615514698021841     
  -1.0270880615487555E-002 -0.19781640221070149     
  -4.9895298990803817E-003 -0.19765469857490908     
   9.3048049240537919E-004 -0.19540573542556330     
   7.4733121102598336E-003 -0.19075698752681769     
   1.4585971032065792E-002 -0.18336819312147623     
   2.2124884372658696E-002 -0.17290050003990445     
   2.9867668479068871E-002 -0.15906489254807937     
   3.7490369555746167E-002 -0.14168242027138542     
   4.4537825017163017E-002 -0.12075381684983583     
   5.0430223317704227E-002  -9.6533638830322357E-002
   5.4585062131625207E-002  -6.9593327422412421E-002
   5.6527420960565809E-002  -4.0838068186508217E-002
   5.6016883876384961E-002  -1.1457598451144265E-002
   5.3051981095014779E-002   1.7204752078312784E-002
   4.7887316833095606E-002   4.3832094261721265E-002
   4.0981905028196083E-002   6.7323335840935472E-002
   3.2894438728853274E-002   8.6937782708871175E-002
   2.4223630421617928E-002  0.10234953377696417     
   1.5519670654613666E-002  0.11361020489466270     
   7.2053137512520377E-003  0.12104249364888746     
  -4.6421856618492145E-004  0.12510869468654748     
  -7.3535407353794331E-003  0.12629530006143527     
  -1.3403172438213286E-002  0.12504353122386128     
  -1.8602502109816958E-002  0.12172777994175368     
  -2.2996188489763224E-002  0.11666662766709088     
  -2.6642051684068514E-002  0.11013904453384488     
  -2.9639598172063433E-002  0.10239877465714849     
  -3.2106190613636211E-002   9.3673671606148382E-002
  -3.4139051513795274E-002   8.4158429642808619E-002
  -3.5783625291823197E-002   7.4009382711568678E-002
  -3.7075061140760208E-002   6.3351171832287403E-002
  -3.8040441631884442E-002   5.2288014910683127E-002
  -3.8691216279336763E-002   4.0916113212768994E-002
  -3.9045449226561606E-002   2.9333693713737525E-002
  -3.9140601086854139E-002   1.7643468637332842E-002
  -3.8997890378466404E-002   5.9463248653386621E-003
  -3.8620594614594786E-002  -5.6652314342097564E-003
  -3.8029358725784890E-002  -1.7108972131901035E-002
  -3.7226862053789465E-002  -2.8313153895675128E-002
  -3.6168433656709777E-002  -3.9209524559876863E-002
  -3.4799556611168667E-002  -4.9720129709372236E-002
  -3.3112387219776419E-002  -5.9746291220334133E-002
  -3.1105454771340142E-002  -6.9170031707926752E-002
  -2.8732785847342054E-002  -7.7861716202940454E-002
  -2.5925576346218511E-002  -8.5682045624379130E-002
  -2.2616770035467908E-002  -9.2478111870395091E-002
  -1.8735252406069131E-002  -9.8076087795775355E-002
  -1.4255663133343654E-002 -0.10226864546654799     
  -9.1935513857290419E-003 -0.10480968021357902     
  -3.5606740731698389E-003 -0.10541616341010986     
   2.6375500333057616E-003 -0.10377327716537885     
   9.3670020313835530E-003  -9.9545183094448597E-002
   1.6525939651547861E-002  -9.2393946225161103E-002
   2.3966300340523421E-002  -8.2013968328265074E-002
   3.1466372989877110E-002  -6.8177201940466059E-002
   3.8678482883316323E-002  -5.0788467909656659E-002
   4.5122945629991189E-002  -2.9955173817676789E-002
   5.0234752495967455E-002  -6.0614251618610476E-003
   5.3366433392892688E-002   2.0182410230742270E-002
   5.4046251915096599E-002   4.7726396876461602E-002
   5.2117298288679503E-002   7.5260248372664942E-002
   4.7797331107065889E-002  0.10138484136557176     
   4.1602975910217520E-002  0.12484124579221065     
   3.4191945633764799E-002  0.14472315450613521     
   2.6153834670397703E-002  0.16059055649063192     
   1.7975234591466285E-002  0.17243805505064116     
   1.0002041916878106E-002  0.18056219763223849     
   2.5615776028575015E-003  0.18539030097660666     
  -4.1405325180720598E-003  0.18736795033155110     
  -1.0057811540896380E-002  0.18690587158880637     
  -1.5271683159985151E-002  0.18436633711233721     
  -1.9891290620163753E-002  0.18006150781701821     
  -2.3967661196610746E-002  0.17425148696519077     
  -2.7454500822035703E-002  0.16714826604782188     
  -3.0304710637548863E-002  0.15893646920326121     
  -3.2509409223158141E-002  0.14979128286113536     
  -3.4163326364193156E-002  0.13988961222320417     
  -3.5415550248124372E-002  0.12939723761780236     
  -3.6370919586576379E-002  0.11844097435773215     
  -3.7071369351318696E-002  0.10709016972601158     
  -3.7513462380320751E-002   9.5356746881515547E-002
  -3.7665061736737213E-002   8.3215728266120989E-002
  -3.7514966185505670E-002   7.0640289524174893E-002
  -3.7085357297805994E-002   5.7631980191067689E-002
  -3.6421750737938824E-002   4.4236713184688491E-002
  -3.5575617516477316E-002   3.0545322011014838E-002
  -3.4557716827017811E-002   1.6682416036575318E-002
  -3.3331965530094772E-002   2.7964752247262590E-003
  -3.1862231515346333E-002  -1.0943870346973682E-002
  -3.0122850432390207E-002  -2.4353430120849756E-002
  -2.8087221340018328E-002  -3.7234771063754224E-002
  -2.5718359024312173E-002  -4.9382734084052068E-002
  -2.2972269859786600E-002  -6.0587456842414462E-002
  -1.9799786269517575E-002  -7.0635391686027948E-002
  -1.6168920672433622E-002  -7.9307523314590234E-002
  -1.2060594595039479E-002  -8.6377635093145250E-002
  -7.4418898977348718E-003  -9.1607992985597617E-002
  -2.2295834382256045E-003  -9.4741048347684431E-002
   3.6676218678184385E-003  -9.5483589183952763E-002
   1.0273155560944150E-002  -9.3494459914250469E-002
   1.7524771710133388E-002  -8.8391538023378319E-002
   2.5288526661109888E-002  -7.9785274228708930E-002
   3.3331786202367215E-002  -6.7342805394221328E-002
   4.1198382122966989E-002  -5.0878955082594594E-002
   4.8203540950895567E-002  -3.0481481335505725E-002
   5.3526005978819284E-002  -6.6407613000871715E-003
   5.6367343645954610E-002   1.9672595618627681E-002
   5.6250861089738764E-002   4.7035416146870374E-002
   5.3227353634933208E-002   7.3751809223838061E-002
   4.7771414328507920E-002   9.8166307297112870E-002
   4.0609274211234808E-002  0.11899476265853551     
   3.2510502288077461E-002  0.13554966967282070     
   2.4161470105857740E-002  0.14776351738522531     
   1.6069067151841240E-002  0.15602566238534207     
   8.5353086935593073E-003  0.16093094070374922     
   1.7378540765458361E-003  0.16305688895719780     
  -4.2551761948665823E-003  0.16285704970266454     
  -9.4850670451952519E-003  0.16066245862475187     
  -1.3992885892092542E-002  0.15672699046782532     
  -1.7849744279215787E-002  0.15128195398824501     
  -2.1144834486204567E-002  0.14455284919736433     
  -2.3974945032592558E-002  0.13674598516465736     
  -2.6446475959087543E-002  0.12802642809323680     
  -2.8648860697744454E-002  0.11850216465862605     
  -3.0640189099144257E-002  0.10822925053825203     
  -3.2450725398604482E-002   9.7233709143383668E-002
  -3.4074492608120795E-002   8.5537302342415231E-002
  -3.5485062539549507E-002   7.3180216806954065E-002
  -3.6641761958526642E-002   6.0231874285146203E-002
  -3.7498347189673799E-002   4.6792137897365152E-002
  -3.8006004314073964E-002   3.2986610606670130E-002
  -3.8119839357423350E-002   1.8961541047651274E-002
  -3.7801846067024400E-002   4.8799667629124618E-003
  -3.7023641511697847E-002  -9.0812398343323320E-003
  -3.5772636168591117E-002  -2.2734382295501922E-002
  -3.4040723025753054E-002  -3.5886005966946119E-002
  -3.1823319157028948E-002  -4.8340366368159408E-002
  -2.9119604466840907E-002  -5.9900856188597668E-002
  -2.5932791399632699E-002  -7.0369476916488274E-002
  -2.2269115434771235E-002  -7.9546392872648614E-002
  -1.8126296359252791E-002  -8.7233378682432888E-002
  -1.3502649509403528E-002  -9.3233469133261901E-002
  -8.4160797266168170E-003  -9.7349869937659955E-002
  -2.8778427063101755E-003  -9.9396476799210820E-002
   3.0728285753084702E-003  -9.9195316127452651E-002
   9.3508485874164264E-003  -9.6563333219096034E-002
   1.5843278136297625E-002  -9.1318125956216536E-002
   2.2398162310259484E-002  -8.3311013007588627E-002
   2.8801814213292254E-002  -7.2472399703481322E-002
   3.4791591460576095E-002  -5.8850737093243025E-002
   4.0098504695355155E-002  -4.2627766061306964E-002
   4.4475024088644489E-002  -2.4111210500626833E-002
   4.7684949038644849E-002  -3.7296412546990406E-003
   4.9490822428480137E-002   1.7952502015218291E-002
   4.9684438374652778E-002   4.0220085244407081E-002
   4.8149757573195402E-002   6.2232951721995257E-002
   4.4910412238204744E-002   8.3104421346265583E-002
   4.0140569470573255E-002  0.10200699036156731     
   3.4148150934536312E-002  0.11827285281738625     
   2.7330987359400833E-002  0.13146511207894615     
   2.0104270476581129E-002  0.14139653254373322     
   1.2827911530295024E-002  0.14808814651255311     
   5.7731814435860130E-003  0.15169671677849483     
  -8.6880639374538836E-004  0.15245386171881206     
  -6.9671473586087251E-003  0.15063209346571380     
  -1.2439846598490520E-002  0.14652544653090083     
  -1.7247408985180578E-002  0.14043340000560844     
  -2.1383971602698851E-002  0.13264806164156126     
  -2.4866944420164773E-002  0.12344674680928205     
  -2.7729060931994860E-002  0.11308881325673141     
  -3.0014414398780356E-002  0.10181395771750265     
  -3.1777333645691783E-002   8.9839529196649712E-002
  -3.3081100774550100E-002   7.7356119762221440E-002
  -3.3993765534952654E-002   6.4523118427978851E-002
  -3.4580900251588768E-002   5.1467122736950366E-002
  -3.4897717429516022E-002   3.8285028273230944E-002
  -3.4983459199289357E-002   2.5051332141075015E-002
  -3.4859457956902033E-002   1.1827450786394371E-002
  -3.4530203293854762E-002  -1.3293407347405512E-003
  -3.3985671837100488E-002  -1.4358608651534972E-002
  -3.3203647935721892E-002  -2.7191058681772688E-002
  -3.2151929822806166E-002  -3.9743973449727861E-002
  -3.0790842685810716E-002  -5.1917756858773832E-002
  -2.9075946911902215E-002  -6.3593913598480503E-002
  -2.6960034714741749E-002  -7.4634395029097328E-002
  -2.4393553330445364E-002  -8.4881321220862282E-002
  -2.1323817098032379E-002  -9.4155542293785199E-002
  -1.7695024427525272E-002 -0.10225308483130612     
  -1.3451894297592670E-002 -0.10894017890057607     
  -8.5488721420140679E-003 -0.11394935947213602     
  -2.9647356317132772E-003 -0.11697999017767713     
   3.2795693583868406E-003 -0.11770612291085872     
   1.0102785925233186E-002 -0.11579357823151890     
   1.7347477840887530E-002 -0.11092754303642997     
   2.4768910842704876E-002 -0.10285215424161377     
   3.2032799393247539E-002  -9.1423237805608903E-002
   3.8729237384598325E-002  -7.6671512238178224E-002
   4.4410765401449878E-002  -5.8863663036539067E-002
   4.8654732714273681E-002  -3.8537023434789680E-002
   5.1134962343008628E-002  -1.6482321219863011E-002
   5.1677754026629108E-002   6.3330910075320157E-003
   5.0284432609528473E-002   2.8881742785032517E-002
   4.7120826915636224E-002   5.0198346330659740E-002
   4.2484281735025824E-002   6.9480536050984226E-002
   3.6755690701629158E-002   8.6152902846335838E-002
   3.0341905335331983E-002   9.9886302939858188E-002
   2.3620304007991814E-002  0.11057355105042251     
   1.6900393800800800E-002  0.11827644645012436     
   1.0408592816204484E-002  0.12316571888441412     
   4.2914609108324940E-003  0.12546925640434217     
  -1.3702993955357426E-003  0.12543424809396153     
  -6.5428363569722319E-003  0.12330363921272512     
  -1.1219805943931960E-002  0.11930521426747728     
  -1.5406637832662296E-002  0.11365008456682053     
  -1.9110508880357834E-002  0.10653657420199678     
  -2.2336048486805572E-002   9.8155794822052667E-002
  -2.5085347225093445E-002   8.8696183735974973E-002
  -2.7360097209043449E-002   7.8345661221709231E-002
  -2.9163841621227909E-002   6.7291451007972042E-002
  -3.0503197910079643E-002   5.5718463879538195E-002
  -3.1387882775304840E-002   4.3807294987765442E-002
  -3.1829942648387344E-002   3.1732581687933720E-002
  -3.1842747492728800E-002   1.9662032611138074E-002
  -3.1440168987681434E-002   7.7560850062464359E-003
  -3.0636107793117227E-002  -3.8320191642661969E-003
  -2.9444331998314092E-002  -1.4955935275882163E-002
  -2.7878528699458786E-002  -2.5475793887877844E-002
  -2.5952534212458297E-002  -3.5257669087879244E-002
  -2.3680822817517776E-002  -4.4172944300777103E-002
  -2.1079425930832341E-002  -5.2097654266795905E-002
  -1.8167487281403320E-002  -5.8911999831761742E-002
  -1.4969657376934202E-002  -6.4500362452405730E-002
  -1.1519553012221521E-002  -6.8752300785620613E-002
  -7.8645726604930580E-003  -7.1565277267376007E-002
  -4.0723140741452113E-003  -7.2850340215805831E-002
  -2.3827639507700913E-004  -7.2542602957429189E-002
   3.5070808413135758E-003  -7.0618549983523793E-002
   6.9965236643129277E-003  -6.7120706103036637E-002
   1.0036283854122164E-002  -6.2185662017518538E-002
   1.2433543154921111E-002  -5.6064409083350190E-002
   1.4038231664535413E-002  -4.9119202015923187E-002
   1.4784485447753801E-002  -4.1786196546453359E-002
   1.4711453218663370E-002  -3.4509830777129082E-002
   1.3951711002974576E-002  -2.7672734977288119E-002
   1.2693804698509380E-002  -2.1548079331379092E-002
   1.1138187519463426E-002  -1.6286510757848292E-002
   9.4635883765364377E-003  -1.1931134298249912E-002
   7.8095989762825037E-003  -8.4457633639808023E-003
   6.2725736962345241E-003  -5.7444497315311998E-003
   4.9096564681590706E-003  -3.7162208483332432E-003
   3.7466194833223150E-003  -2.2431306170366807E-003
   2.7864886737408380E-003  -1.2119844233679084E-003
   2.0172623081286308E-003  -5.2109624872885140E-004
   1.4181456975397939E-003  -8.3519636373389732E-005
   9.6426300950380349E-004   1.7211040594011491E-004
   6.2997154109848872E-004   3.0226314593743872E-004
   3.9100374346920201E-004   3.5007108924273259E-004
   2.2570953278724175E-004   3.4730072000203937E-004
   1.1564200395000928E-004   3.1643014330609982E-004
   4.5684886355541573E-005   2.7263618664988585E-004
   3.8847538722049447E-006   2.2557379963672897E-004
  -1.8888343675465378E-005   1.8089209584862525E-004
  -2.9365800026829141E-005   1.4147080475380541E-004
  -3.2330268627211557E-005   1.0838458488108197E-004
  -3.1046878906185265E-005   8.1619362945543065E-005
  -2.7647334581036740E-005   6.0576366465836034E-005
  -2.3451621989467014E-005   4.4405091830153269E-005
  -1.9222875227516729E-005   3.2206775608546514E-005
  -1.5359155061809516E-005   2.3146134188266596E-005
  -1.2031030763699521E-005   1.6502547216366691E-005
  -9.2758876136389071E-006   1.1684294536558956E-005
  -7.0596810261806687E-006   8.2224299813427574E-006
  -5.3154499242724052E-006   5.7551147403750720E-006
  -3.9660089644645736E-006   4.0089206644071868E-006
  -2.9363375663169503E-006   2.7806515518500539E-006
  -2.1595553767606741E-006   1.9213506844550009E-006
  -1.5791079232456034E-006   1.3230548110557362E-006
  -1.1488590649642819E-006   9.0825844717836321E-007
  -8.3214132621377707E-007   6.2177489294318590E-007
  -6.0038613274753833E-007   4.2458608344748020E-007
  -4.3168096802335463E-007   2.8927500497307049E-007
  -3.0943025257246764E-007   1.9668038627015783E-007
  -2.2119594770562922E-007   1.3347458979302871E-007
  -1.5773732679279639E-007   9.0426783029422894E-008
  -1.1223992921912521E-007   6.1167702255831293E-008
  -7.9710426287052200E-008   4.1317351246097238E-008
  -5.6510008900612113E-008   2.7872783066701983E-008
  -3.9999606989729446E-008   1.8780730494701746E-008
  -2.8273203837039116E-008   1.2640685325557546E-008
  -1.9959260369886626E-008   8.4994724712665155E-009
  -1.4074027241262827E-008   5.7096530642969514E-009
  -9.9139169821616089E-009   3.8322463396080852E-009
  -6.9769919361623372E-009   2.5700958944166797E-009
  -4.9059777623804186E-009   1.7223472321304887E-009
  -3.4470806237704662E-009   1.1534215867505454E-009
  -2.4203383513718139E-009   7.7191480506208660E-010
  -1.6983464544543222E-009   5.1627388646549723E-010
  -1.1910382009161301E-009   3.4509108533183210E-010
  -8.3482420514611322E-010   2.3053733089960558E-010
  -5.8486065637302646E-010   1.5392593042030833E-010
  -4.0955616308954320E-010   1.0271937567158514E-010
  -2.8667617117557434E-010   6.8512227661202200E-011
  -2.0058482745167491E-010   4.5673266625070107E-011
  -1.4029501259223054E-010   3.0432353341058741E-011
  -9.8091533320513081E-011   2.0266921153100295E-011
  -6.8560137150085126E-011   1.3490131556370580E-011
  -4.7903447417190135E-011   8.9746235114351249E-012
  -3.3459488270538507E-011   5.9673498586691444E-012
  -2.3363087761222296E-011   3.9655515390551083E-012
  -1.6307941030671909E-011   2.6337357904655419E-012
  -1.1379523498892366E-011   1.7481351693429175E-012
  -7.9378299188795831E-012   1.1595718878979805E-012
  -5.5351272433943611E-012   7.6864145108327518E-013
  -3.8582956721989243E-012   5.0913720648772203E-013
  -2.6884258933492842E-012   3.3698457312084458E-013
  -1.8725201065999754E-012   2.2285700009602152E-013
  -1.3036785461981145E-012   1.4725095164229367E-013
  -9.0723212720939263E-013   9.7202498268588379E-014
  -6.3104002552411729E-013   6.4099316696364133E-014
  -4.3870344222232303E-013   4.2223306866375198E-014
  -3.0482048304630518E-013   2.7780302866040499E-014
  -2.1166919685638062E-013   1.8254381852519713E-014
  -1.4688958119321979E-013   1.1978389141266907E-014
  -1.0186413975542855E-013   7.8484215888788326E-015
  -7.0586782596946841E-014   5.1341155988749407E-015
  -4.8873024061100208E-014   3.3526631671610878E-015
  -3.3808647249590467E-014   2.1851980859117414E-015
  -2.3364942839692490E-014   1.4213377090636300E-015
  -1.6130273539485777E-014   9.2242421953305463E-016
  -1.1122852024478229E-014   5.9717792431016229E-016
  -7.6602032896515857E-015   3.8558406660953485E-016
  -5.2681799050142827E-015   2.4823770572911498E-016
  -3.6175682638671489E-015   1.5930421092397671E-016
  -2.4799356903802513E-015   1.0187302268410064E-016
  -1.6968910594727398E-015   6.4894266213570343E-017
  -1.1586932936586447E-015   4.1161290533630113E-017
  -7.8937203641095590E-016   2.5983671577506757E-017
  -5.3638326006701625E-016   1.6315545507234598E-017
  -3.6342158742131685E-016   1.0183871524132968E-017
  -2.4542898013135773E-016   6.3140175602998331E-018
  -1.6513086909714569E-016   3.8849908822091519E-018
  -1.1063397481703943E-016   2.3697242736545816E-018
  -7.3761666696738264E-017   1.4310761434186733E-018
  -4.8901364106469410E-017   8.5426210440958209E-019
  -3.2207188317967554E-017   5.0306444420479940E-019
  -2.1048904513677265E-017   2.9152896281456718E-019
  -1.3631475168193114E-017   1.6572660656585950E-019
  -8.7326935860807014E-018   9.2039807610879383E-020
  -5.5224557285327314E-018   4.9667146499234504E-020
  -3.4384067417597180E-018   2.5847230393708846E-020
  -2.1004552064186424E-018   1.2829653202933238E-020
  -1.2520148005901695E-018   5.9644165750189874E-021
  -7.1964116672842264E-019   2.5073148249118691E-021
  -3.8514845278456231E-019   8.7580087368589295E-022
  -1.6542753183159983E-019   1.8289719620346545E-022
  -0.0000000000000000        0.0000000000000000     
