 Initial conditions outputted from a previous simulation. Time =    31.400000000000002     
   40.000000000000000        0.0000000000000000              500           1   31.400000000000002     
  -2.1987977952760255E-002  0.12530773864836603     
  -2.5367794534199791E-002  0.11392897772899997     
  -2.8253910332307133E-002  0.10134972059967369     
  -3.0654129259380637E-002   8.7772197513447642E-002
  -3.2640246127466632E-002   7.3364511032334545E-002
  -3.4216393516272092E-002   5.8308437427985360E-002
  -3.5432000233303729E-002   4.2734806215408719E-002
  -3.6313379551378623E-002   2.6776370624279542E-002
  -3.6880210252542275E-002   1.0553498577222816E-002
  -3.7147505442384259E-002  -5.8217027038721756E-003
  -3.7121859293070165E-002  -2.2240302032461589E-002
  -3.6802479693281036E-002  -3.8594654620013498E-002
  -3.6181736995731656E-002  -5.4775385457079225E-002
  -3.5245089414341249E-002  -7.0667991224490009E-002
  -3.3971703874296558E-002  -8.6149450360581623E-002
  -3.2335557103700355E-002 -0.10108421636762660     
  -3.0306846685282270E-002 -0.11531925556737500     
  -2.7853644284108425E-002 -0.12867794428806326     
  -2.4943217366895098E-002 -0.14095296997791282     
  -2.1542044602749454E-002 -0.15189942760475342     
  -1.7613758331233964E-002 -0.16123089353199427     
  -1.3115634378263836E-002 -0.16862253050294115     
  -7.9969674699989588E-003 -0.17372446354077314     
  -2.2050041710965518E-003 -0.17618445440279332     
   4.2968835876041958E-003 -0.17567331091663815     
   1.1499262697686155E-002 -0.17190472243063759     
   1.9311427657187418E-002 -0.16464629520739191     
   2.7529718785589345E-002 -0.15372712540003855     
   3.5817329405992783E-002 -0.13905363257860662     
   4.3705356357602969E-002 -0.12064679539573624     
   5.0628814021254492E-002  -9.8707508787552148E-002
   5.6004687480413047E-002  -7.3697891266122112E-002
   5.9336157900840139E-002  -4.6399717437418490E-002
   6.0307427860707974E-002  -1.7898562749794046E-002
   5.8838527300587633E-002   1.0533670282257150E-002
   5.5090508283826917E-002   3.7629579144670598E-002
   4.9426266596369464E-002   6.2315442543363062E-002
   4.2337941571158048E-002   8.3827169395706960E-002
   3.4358585791301813E-002  0.10173034734624338     
   2.5983231502862532E-002  0.11587156438993378     
   1.7620315762201803E-002  0.12630532347694817     
   9.5753720656926757E-003  0.13322557092528972     
   2.0543026629981664E-003  0.13690959382952664     
  -4.8234127877869156E-003  0.13767638652376749     
  -1.1004897397681733E-002  0.13585895283061472     
  -1.6482546354392502E-002  0.13178611224271949     
  -2.1276818659120317E-002  0.12576987839911527     
  -2.5424443090375698E-002  0.11809703823453242     
  -2.8970793758257542E-002  0.10902458793237736     
  -3.1965471105531794E-002   9.8779005516747009E-002
  -3.4459920746946912E-002   8.7559194967615508E-002
  -3.6505511761175648E-002   7.5541919006144681E-002
  -3.8151119067178517E-002   6.2887730863789196E-002
  -3.9440197020080378E-002   4.9745641662094789E-002
  -4.0407885308468040E-002   3.6255658756392639E-002
  -4.1078897479199218E-002   2.2549403444742547E-002
  -4.1466782143871804E-002   8.7498339017297224E-003
  -4.1574649464667157E-002  -5.0287357180349946E-003
  -4.1396944952013050E-002  -1.8679514410512049E-002
  -4.0921594421325494E-002  -3.2100682944632399E-002
  -4.0131814978478036E-002  -4.5191432608195456E-002
  -3.9006975568983838E-002  -5.7846909321016965E-002
  -3.7522146175645053E-002  -6.9952693652916662E-002
  -3.5646475930856215E-002  -8.1379710457344809E-002
  -3.3341181316849697E-002  -9.1980438516761881E-002
  -3.0558469523025295E-002 -0.10158682547266765     
  -2.7242821904348114E-002 -0.11000955348998750     
  -2.3335411368193091E-002 -0.11703754369088944     
  -1.8781300641998282E-002 -0.12243641594510139     
  -1.3538570859624229E-002 -0.12594579374301107     
  -7.5883974602161128E-003 -0.12727707743382707     
  -9.4507509409968451E-004 -0.12611379080880292     
   6.3317131675382264E-003 -0.12211773368146579     
   1.4124414502959834E-002 -0.11494682254265261     
   2.2243814177587584E-002 -0.10428759885379447     
   3.0410787963053472E-002  -8.9901282774287938E-002
   3.8243886989916293E-002  -7.1685054467696047E-002
   4.5265615166223142E-002  -4.9747920204306462E-002
   5.0937740701398761E-002  -2.4487531382669653E-002
   5.4728706050560641E-002   3.3585654869139219E-003
   5.6232085665746438E-002   3.2723782266075224E-002
   5.5268821516653119E-002   6.2315394236009181E-002
   5.1935589588810907E-002   9.0792085036476983E-002
   4.6581115109819972E-002  0.11696410451845317     
   3.9706230085105897E-002  0.13995180460124998     
   3.1856108801635363E-002  0.15924308783042951     
   2.3537722577608843E-002  0.17465272278259969     
   1.5173928174538902E-002  0.18623882744752032     
   7.0903459337510778E-003  0.19421973771853404     
  -4.8843912790166985E-004  0.19890475193798057     
  -7.4374772926199522E-003  0.20063839520194995     
  -1.3686534610571635E-002  0.19976228516037794     
  -1.9212758431343558E-002  0.19660489677248785     
  -2.4032078580173186E-002  0.19147747248118860     
  -2.8176936784560777E-002  0.18466471241292171     
  -3.1695782276986606E-002  0.17642418378618560     
  -3.4651464255458037E-002  0.16699064919439188     
  -3.7108657841581350E-002  0.15657589657737880     
  -3.9125969662708711E-002  0.14536749391405282     
  -4.0752460483020087E-002  0.13352894100748469     
  -4.2027237373179337E-002  0.12120061989201741     
  -4.2971352091257027E-002  0.10850220095438790     
  -4.3590654977004623E-002   9.5540168745519113E-002
  -4.3892531612560022E-002   8.2417570296804757E-002
  -4.3883124049086501E-002   6.9238354524912810E-002
  -4.3554397922835678E-002   5.6109590869206936E-002
  -4.2885418427057391E-002   4.3148951154201427E-002
  -4.1867673725048273E-002   3.0491903675638032E-002
  -4.0484528092655910E-002   1.8285742417579267E-002
  -3.8704684642783156E-002   6.6837879910264164E-003
  -3.6514107187266449E-002  -4.1543568422223835E-003
  -3.3898527201226977E-002  -1.4067384158279012E-002
  -3.0836286242714141E-002  -2.2892717219011791E-002
  -2.7324765692775813E-002  -3.0464157416837112E-002
  -2.3372356973129282E-002  -3.6615144682820788E-002
  -1.8998115055567852E-002  -4.1178036681191077E-002
  -1.4178641600455151E-002  -4.3982706496217487E-002
  -8.8461600419522252E-003  -4.4840615511925842E-002
  -2.9344683137862491E-003  -4.3520779774608588E-002
   3.6154160310213207E-003  -3.9742508782762864E-002
   1.0744553507875475E-002  -3.3179390579696773E-002
   1.8287162669447837E-002  -2.3498888516403828E-002
   2.6024792017142345E-002  -1.0424789793803834E-002
   3.3622238731753129E-002   6.2045004385974231E-003
   4.0675770822842960E-002   2.6368750365600057E-002
   4.6737728858584994E-002   4.9810799026683734E-002
   5.1350011762125232E-002   7.6005784998074213E-002
   5.4154159129725939E-002  0.10415266633661434     
   5.4861491376577684E-002  0.13321574749716086     
   5.3310447560215392E-002  0.16200167235306123     
   4.9554872399823584E-002  0.18927279760935006     
   4.3823872076497607E-002  0.21389044027855747     
   3.6548020661229093E-002  0.23494627801291337     
   2.8290090619701017E-002  0.25186383110241556     
   1.9629008615985131E-002  0.26443739089357143     
   1.1074714922184654E-002  0.27279470572012970     
   2.9996840855319395E-003  0.27730361089799316     
  -4.3440997606121372E-003  0.27845043829838939     
  -1.0825271438303188E-002  0.27673770768366934     
  -1.6433273642261641E-002  0.27262199024492639     
  -2.1209657392796798E-002  0.26648644186615644     
  -2.5243696088046406E-002  0.25864711509877109     
  -2.8623994557415773E-002  0.24936753112400489     
  -3.1407434462269720E-002  0.23887627360616545     
  -3.3640567102866524E-002  0.22738476736912419     
  -3.5364983672110689E-002  0.21509614572426336     
  -3.6637232709266540E-002  0.20220831810988599     
  -3.7518721327549596E-002  0.18890768694258969     
  -3.8057447330066455E-002  0.17535859872233742     
  -3.8294705296296722E-002  0.16169677001687491     
  -3.8257510362973188E-002  0.14802688133417297     
  -3.7971175393104038E-002  0.13442846022226831     
  -3.7470670440387030E-002  0.12096601289318151     
  -3.6780523191536955E-002  0.10769775363100723     
  -3.5912661209183308E-002   9.4684285389392636E-002
  -3.4855884386712797E-002   8.1994120206340892E-002
  -3.3572271978089333E-002   6.9707933868990268E-002
  -3.2009566210856197E-002   5.7922452431531372E-002
  -3.0117594268466174E-002   4.6752599324567108E-002
  -2.7848243653329965E-002   3.6331547407395456E-002
  -2.5149450466539019E-002   2.6809665862564499E-002
  -2.1963021655436701E-002   1.8355046831735864E-002
  -1.8233480340795645E-002   1.1157336907442517E-002
  -1.3900531836118182E-002   5.4317368694703251E-003
  -8.9338123330425633E-003   1.4256662198264345E-003
  -3.3188900523977568E-003  -5.8022756297882653E-004
   2.9525573660480874E-003  -2.7452617141607007E-004
   9.8662117804601927E-003   2.6805588412355309E-003
   1.7362384108820249E-002   8.6359809400186494E-003
   2.5294348463313781E-002   1.7929201352005111E-002
   3.3370197661605691E-002   3.0836364885020676E-002
   4.1176140645745048E-002   4.7493378317056877E-002
   4.8131463437253608E-002   6.7804718085173632E-002
   5.3558781449126791E-002   9.1349524077046898E-002
   5.6823395634239868E-002  0.11732398248327196     
   5.7514371767241744E-002  0.14456053353601811     
   5.5562369545056410E-002  0.17164731245411649     
   5.1256764852066976E-002  0.19713602482818807     
   4.5121825203396214E-002  0.21978233985815207     
   3.7788069058502204E-002  0.23873193173142315     
   2.9805333950005196E-002  0.25359599134121091     
   2.1648910543266790E-002  0.26438766985338935     
   1.3706126277976387E-002  0.27138225830575302     
   6.2801146279635083E-003  0.27497158744044076     
  -4.3187355379846584E-004  0.27556790789514796     
  -6.3594288395746202E-003  0.27356816105371690     
  -1.1544947627907167E-002  0.26934976768729063     
  -1.6059815873483502E-002  0.26326594001750342     
  -1.9988784142342730E-002  0.25563594505299553     
  -2.3366664619226180E-002  0.24672433634550447     
  -2.6214255464759785E-002  0.23673244398660312     
  -2.8565806194697584E-002  0.22580287597080595     
  -3.0473614749612139E-002  0.21403635772468851     
  -3.1995376598217343E-002  0.20151548009567596     
  -3.3196752409412604E-002  0.18832755976770804     
  -3.4141212655370727E-002  0.17457824165660071     
  -3.4873829018805626E-002  0.16039251201612537     
  -3.5414080155185351E-002  0.14590567926810519     
  -3.5750909439490150E-002  0.13124954207239789     
  -3.5848231624439585E-002  0.11654129907746805     
  -3.5663588992818615E-002  0.10188101811187260     
  -3.5154947463246933E-002   8.7357875772741331E-002
  -3.4282288890458944E-002   7.3062927488695542E-002
  -3.3029247742581813E-002   5.9104066168994697E-002
  -3.1404492019687473E-002   4.5615105758394517E-002
  -2.9414345605258956E-002   3.2755532647632292E-002
  -2.7044316611626928E-002   2.0704617419724531E-002
  -2.4256495663197999E-002   9.6547849969298993E-003
  -2.0982294125972134E-002  -1.9416014455854588E-004
  -1.7163208840447041E-002  -8.6353323863230368E-003
  -1.2773312844381020E-002  -1.5453265044613975E-002
  -7.7946504524437875E-003  -2.0423570851972099E-002
  -2.2031551113938464E-003  -2.3307254789263692E-002
   4.0206195617426077E-003  -2.3842734841743402E-002
   1.0853217528824718E-002  -2.1744626672826655E-002
   1.8116773906101894E-002  -1.6710846666283082E-002
   2.5599919770404118E-002  -8.4648544850872212E-003
   3.3079218540451788E-002   3.1901077771631400E-003
   4.0188837580962915E-002   1.8319474100950899E-002
   4.6515261477167849E-002   3.6791531517450536E-002
   5.1684481751765265E-002   5.8225348951387652E-002
   5.5227525911186889E-002   8.1975348597898415E-002
   5.6689260271493479E-002  0.10713157113079133     
   5.5814545670097089E-002  0.13256725832111607     
   5.2679843090198991E-002  0.15704338228136541     
   4.7654158056109772E-002  0.17936457869375125     
   4.1195899945099985E-002  0.19855628013359319     
   3.3837632793104429E-002  0.21398127131687544     
   2.6068364866465354E-002  0.22538074649235354     
   1.8230692885436457E-002  0.23282749957876894     
   1.0635358716087236E-002  0.23660874264339865     
   3.5564373877134529E-003  0.23711791160610360     
  -2.8421024524880661E-003  0.23477977115456969     
  -8.5072365423247195E-003  0.23000691210942623     
  -1.3526330094599460E-002  0.22318800802096936     
  -1.7908170835180075E-002  0.21466671426883860     
  -2.1643263141342635E-002  0.20474519998650770     
  -2.4778118305951780E-002  0.19369187764780713     
  -2.7331305102607360E-002  0.18173737919418870     
  -2.9344399990749677E-002  0.16908160214417997     
  -3.0927814307936837E-002  0.15589603277121572     
  -3.2161398456077926E-002  0.14231600109622225     
  -3.3117885021814349E-002  0.12844507950356249     
  -3.3829013057068938E-002  0.11435798800780214     
  -3.4294094017348446E-002  0.10011215822878212     
  -3.4510130168934214E-002   8.5762289163788863E-002
  -3.4480656130446527E-002   7.1370138165601282E-002
  -3.4210693161575503E-002   5.7009657280721486E-002
  -3.3696238525143814E-002   4.2766739466683690E-002
  -3.2936325397093277E-002   2.8738053522088695E-002
  -3.1916547378485052E-002   1.5028591825455845E-002
  -3.0605977641860110E-002   1.7517899991858635E-003
  -2.8953532542735277E-002  -1.0967697010502228E-002
  -2.6904110754869145E-002  -2.2986539799376777E-002
  -2.4369832854893001E-002  -3.4137345122157249E-002
  -2.1263239070747304E-002  -4.4218729178074664E-002
  -1.7509851395261625E-002  -5.2989527682385157E-002
  -1.3037042296518562E-002  -6.0169496431918074E-002
  -7.8139374363742284E-003  -6.5441054142977448E-002
  -1.8482302746894268E-003  -6.8461537445551807E-002
   4.7945624513298455E-003  -6.8880160742503971E-002
   1.1975507281095947E-002  -6.6362792148856792E-002
   1.9493937419349808E-002  -6.0626483791072688E-002
   2.7087278261477072E-002  -5.1479685996903113E-002
   3.4419702492727688E-002  -3.8864105849396639E-002
   4.1126065922380772E-002  -2.2899896681751415E-002
   4.6817718128143095E-002  -3.9189426302349128E-003
   5.1079009620970159E-002   1.7522671085299889E-002
   5.3598737706143568E-002   4.0647896023440058E-002
   5.4156524819097294E-002   6.4513374027084944E-002
   5.2719918568973609E-002   8.8093469863169641E-002
   4.9489323295254940E-002  0.11039234796124280     
   4.4790017743365891E-002  0.13057082040615298     
   3.8993125135303251E-002  0.14803169073904857     
   3.2496972103366412E-002  0.16244032379574710     
   2.5638353975703035E-002  0.17369401040249541     
   1.8718146388581061E-002  0.18184490082780425     
   1.1967286178112879E-002  0.18703200362611005     
   5.5066772079243459E-003  0.18943879738176003     
  -5.5119664372003593E-004  0.18926089639718482     
  -6.1572055994859589E-003  0.18670905253061776     
  -1.1267651285016342E-002  0.18200337838773584     
  -1.5851930224660558E-002  0.17536985795111978     
  -1.9907567705646844E-002  0.16703735119297683     
  -2.3441805150203068E-002  0.15722588760927739     
  -2.6460403659369133E-002  0.14614093078612786     
  -2.8984796236020391E-002  0.13397769359714126     
  -3.1028633518267026E-002  0.12092269227140962     
  -3.2609437766666853E-002  0.10716378589404876     
  -3.3755889701622806E-002   9.2892150655529554E-002
  -3.4495937753071956E-002   7.8285152981824452E-002
  -3.4858174191225257E-002   6.3499858111297797E-002
  -3.4869180978096201E-002   4.8683722844845026E-002
  -3.4550436886104381E-002   3.3977702383675354E-002
  -3.3924218437616532E-002   1.9509525107063871E-002
  -3.3012457665724464E-002   5.3908205742829564E-003
  -3.1824775346256468E-002  -8.2783280437369877E-003
  -3.0349916431400260E-002  -2.1400119896171625E-002
  -2.8558300823724809E-002  -3.3867553458268806E-002
  -2.6410890406023554E-002  -4.5555945903697687E-002
  -2.3867045122390660E-002  -5.6321232492985311E-002
  -2.0887414611507386E-002  -6.6002126327392677E-002
  -1.7433075454211692E-002  -7.4420930235580704E-002
  -1.3466241687991277E-002  -8.1381646976190311E-002
  -8.9560667835358095E-003  -8.6668254651554685E-002
  -3.8871141250522130E-003  -9.0046592345498194E-002
   1.7344220290651140E-003  -9.1270009373877428E-002
   7.8773693557776525E-003  -9.0085312907559417E-002
   1.4478909732204712E-002  -8.6236759153494630E-002
   2.1426714241677563E-002  -7.9472949455713940E-002
   2.8529492016190403E-002  -6.9569016408592019E-002
   3.5487828220390275E-002  -5.6376941707610796E-002
   4.1885254119193700E-002  -3.9907167111387740E-002
   4.7219044227778104E-002  -2.0426714797510181E-002
   5.0981626902540912E-002   1.4638755424043626E-003
   5.2782368387694914E-002   2.4830317142699780E-002
   5.2463869773391562E-002   4.8522330951001939E-002
   5.0143833182991662E-002   7.1383807876559333E-002
   4.6147927495582719E-002   9.2452548316074079E-002
   4.0881758506972482E-002  0.11104930586290289     
   3.4734331031449496E-002  0.12675261022091106     
   2.8054853869861687E-002  0.13933796340402566     
   2.1164734661747356E-002  0.14874153618905200     
   1.4353790237331722E-002  0.15504233335631398     
   7.8561316392581453E-003  0.15843458167671218     
   1.8301431952673372E-003  0.15918556710272938     
  -3.6448668432412330E-003  0.15759169240479590     
  -8.5590609928629362E-003  0.15394172056593788     
  -1.2953865618977774E-002  0.14848985706857715     
  -1.6896933606884337E-002  0.14144124906035974     
  -2.0454995765466763E-002  0.13295239690149230     
  -2.3672409609442936E-002  0.12314526193910848     
  -2.6561742408885286E-002  0.11212905870269832     
  -2.9107747889686248E-002  0.10002115672546795     
  -3.1280545055275576E-002   8.6959878881261207E-002
  -3.3050783717029859E-002   7.3106550628497344E-002
  -3.4400688616278000E-002   5.8638934539751587E-002
  -3.5328428196376327E-002   4.3740507966725073E-002
  -3.5846235588436005E-002   2.8589839008537045E-002
  -3.5974036785111685E-002   1.3353129998381140E-002
  -3.5730835592889705E-002  -1.8182467519342461E-003
  -3.5126397576555723E-002  -1.6784715285366347E-002
  -3.4155811325926280E-002  -3.1410867028521035E-002
  -3.2798980750343210E-002  -4.5555576126406948E-002
  -3.1025762165593763E-002  -5.9063274090058085E-002
  -2.8805441257163614E-002  -7.1759807335912265E-002
  -2.6117345272107174E-002  -8.3454897390578056E-002
  -2.2958632079123117E-002  -9.3950852116096814E-002
  -1.9346147585592069E-002 -0.10305479199658171     
  -1.5311352426298283E-002 -0.11059013935963030     
  -1.0889921936100137E-002 -0.11640295869346012     
  -6.1099197226735444E-003 -0.12036005458855444     
  -9.8376716841906990E-004 -0.12233833555540863     
   4.4908420731919457E-003 -0.12220829633396557     
   1.0317534714676118E-002 -0.11981777726657813     
   1.6474980943116672E-002 -0.11498463825474214     
   2.2882234946339893E-002 -0.10750780571640593     
   2.9366311631372630E-002  -9.7203945489649765E-002
   3.5647347322481655E-002  -8.3969766630507883E-002
   4.1354309956937611E-002  -6.7857341965558621E-002
   4.6070497818595846E-002  -4.9138128971575365E-002
   4.9390090825756350E-002  -2.8333168476109290E-002
   5.0964479001079151E-002  -6.2056998009634582E-003
   5.0539522727469227E-002   1.6273175491749309E-002
   4.8005996730099088E-002   3.7989452952949442E-002
   4.3465991562745762E-002   5.7807573597022426E-002
   3.7269719706157334E-002   7.4749614769389669E-002
   2.9967935783109034E-002   8.8166452454435260E-002
   2.2185605858100293E-002   9.7810516518933438E-002
   1.4487072304663978E-002  0.10378492530110131     
   7.2972128099955333E-003  0.10642553981323272     
   8.8698884653214724E-004  0.10618585781325331     
  -4.6042750976163695E-003  0.10355562189985773     
  -9.1347963947887387E-003   9.9012581082955575E-002
  -1.2727009513811019E-002   9.2998442536395554E-002
  -1.5441233546807777E-002   8.5909837661882413E-002
  -1.7357976094889940E-002   7.8096741910285525E-002
  -1.8567110170842456E-002   6.9863836095785753E-002
  -1.9161684401873057E-002   6.1472658587493394E-002
  -1.9234596340355414E-002   5.3143509400275429E-002
  -1.8876498526828697E-002   4.5056863385059411E-002
  -1.8173741660748373E-002   3.7354702043103351E-002
  -1.7205846014454611E-002   3.0142484777228321E-002
  -1.6042553859469809E-002   2.3492500905549177E-002
  -1.4741007981174030E-002   1.7449108238728053E-002
  -1.3343998461110491E-002   1.2035836170560692E-002
  -1.1880328705536155E-002   7.2635817593342438E-003
  -1.0368065077734093E-002   3.1383550392849874E-003
  -8.8206990984337607E-003  -3.3348554507258972E-004
  -7.2550973445484447E-003  -3.1444818396934586E-003
  -5.6988492166875244E-003  -5.2907938907572859E-003
  -4.1939066080076753E-003  -6.7814597400610889E-003
  -2.7940289836217679E-003  -7.6489782205680099E-003
  -1.5558268673683511E-003  -7.9564915445634980E-003
  -5.2633390066149702E-004  -7.7974199847509361E-003
   2.6785170298434071E-004  -7.2863996616797785E-003
   8.2541831616766504E-004  -6.5443739387896190E-003
   1.1678914031280434E-003  -5.6831756708422988E-003
   1.3320786276431631E-003  -4.7943744173363102E-003
   1.3611364675746454E-003  -3.9443779209917323E-003
   1.2971789843838277E-003  -3.1749954727213138E-003
   1.1766002786121423E-003  -2.5073664847535008E-003
   1.0279778588780947E-003  -1.9472198553998460E-003
   8.7188165149198343E-004  -1.4900512028212310E-003
   7.2182189601030522E-004  -1.1254517066305474E-003
   5.8568413471720294E-004  -8.4032949029599663E-004
   4.6721677857408032E-004  -6.2108396375857211E-004
   3.6734901628188084E-004  -4.5492987367227306E-004
   2.8525242289066823E-004  -3.3059029215795285E-004
   2.1913174982214034E-004  -2.3855728069421345E-004
   1.6677282369064733E-004  -1.7108322615876030E-004
   1.2589590179216229E-004  -1.2202304935701581E-004
   9.4363937349821152E-005  -8.6608258323052058E-005
   7.0288246579036095E-005  -6.1204415808899308E-005
   5.2066439814187402E-005  -4.3082347192324768E-005
   3.8379450851078123E-005  -3.0217991807605515E-005
   2.8166415484622487E-005  -2.1125788158535027E-005
   2.0589652222571926E-005  -1.4724908275478200E-005
   1.4997403624132708E-005  -1.0234815566860344E-005
   1.0888681664018215E-005  -7.0954272372141921E-006
   7.8822667907585967E-006  -4.9070737940913097E-006
   5.6905396687649710E-006  -3.3859434087757619E-006
   4.0980776723434609E-006  -2.3313751928770158E-006
   2.9445528753517520E-006  -1.6020581654366722E-006
   2.1113041957091052E-006  -1.0988361829572272E-006
   1.5109404920134737E-006  -7.5236420415434608E-007
   1.0793831979755536E-006  -5.1429581998800493E-007
   7.6983365672661803E-007  -3.5102184960633505E-007
   5.4823579334111057E-007  -2.3924096698296832E-007
   3.8988714615528197E-007  -1.6283901848855675E-007
   2.7692304317367309E-007  -1.1069845195239287E-007
   1.9645887508121645E-007  -7.5165870410053604E-008
   1.3922482775828312E-007  -5.0983437529650778E-008
   9.8566851772393913E-008  -3.4545965139510816E-008
   6.9718449327541172E-008  -2.3385852433817143E-008
   4.9271713013359672E-008  -1.5816922850352278E-008
   3.4794320140883043E-008  -1.0688737657476858E-008
   2.4553012571787796E-008  -7.2174988211201639E-009
   1.7314479971986645E-008  -4.8699082107312519E-009
   1.2202322917905121E-008  -3.2835538310341253E-009
   8.5945261272229984E-009  -2.2124331218253910E-009
   6.0501149409295169E-009  -1.4897383390900299E-009
   4.2567833986204208E-009  -1.0024732044608301E-009
   2.9935592853059573E-009  -6.7416401663494965E-010
   2.1042289326908052E-009  -4.5309941031519255E-010
   1.4784468929634343E-009  -3.0434050279141394E-010
   1.0383250950141543E-009  -2.0429872219248579E-010
   7.2892299528623727E-010  -1.3705997400384876E-010
   5.1151106302233287E-010  -9.1895102410335845E-011
   3.5880340044110294E-010  -6.1575312567130283E-011
   2.5158687269426940E-010  -4.1233236558993203E-011
   1.7633959046674249E-010  -2.7593510969342408E-011
   1.2354961666158680E-010  -1.8453366909581582E-011
   8.6528824424103918E-011  -1.2332239019256026E-011
   6.0576608469917538E-011  -8.2355498570717790E-012
   4.2390603976306919E-011  -5.4955657836678251E-012
   2.9651681254139970E-011  -3.6642425319449066E-012
   2.0731822811589002E-011  -2.4411183831623887E-012
   1.4488594645839559E-011  -1.6248192323653441E-012
   1.0120606810688391E-011  -1.0804617677033696E-012
   7.0659078119179343E-012  -7.1775488180494786E-013
   4.9305883744711922E-012  -4.7629618749091224E-013
   3.4386319468757911E-012  -3.1570497534800949E-013
   2.3967021593053720E-012  -2.0900441112503780E-013
   1.6694271604781281E-012  -1.3818548681875442E-013
   1.1620578048382842E-012  -9.1235160842521368E-014
   8.0830394173064104E-013  -6.0146593294548270E-014
   5.6180561615752276E-013  -3.9587751843143755E-014
   3.9015501776411474E-013  -2.6011122205174424E-014
   2.7070777499082952E-013  -1.7058783491069287E-014
   1.8764904938409963E-013  -1.1165140561969445E-014
   1.2993927787667485E-013  -7.2918437431195243E-015
   8.9876362487116096E-014  -4.7510527679614809E-015
   6.2089710885040511E-014  -3.0877020029533277E-015
   4.2836702835017249E-014  -2.0011408105871999E-015
   2.9510869505582153E-014  -1.2930306390030160E-015
   2.0298226782680489E-014  -8.3273635878342627E-016
   1.3937244679416823E-014  -5.3436321073166473E-016
   9.5512824974851970E-015  -3.4153864767140742E-016
   6.5316729060871278E-015  -2.1733966002866857E-016
   4.4561905580555417E-015  -1.3763488470922019E-016
   3.0322295284650526E-015  -8.6690274025961303E-017
   2.0572261700671214E-015  -5.4273328794530955E-017
   1.3911119530476015E-015  -3.3748099629354761E-017
   9.3715339471278820E-016  -2.0824277640690026E-017
   6.2863579758103353E-016  -1.2737427752556912E-017
   4.1961611052374434E-016  -7.7129283135529815E-018
   2.7850721774161224E-016  -4.6162569940906037E-018
   1.8363096146406612E-016  -2.7254311288982792E-018
   1.2013895218306010E-016  -1.5833504970374753E-018
   7.7882821239894377E-017  -9.0228239889709296E-019
   4.9942882858792394E-017  -5.0228635789486131E-019
   3.1612876663218645E-017  -2.7166845200955476E-019
   1.9700231621989862E-017  -1.4169155973641744E-019
   1.2044251081518249E-017  -7.0479906684322160E-020
   7.1844022559891068E-018  -3.2831679428113530E-020
   4.1320695570206412E-018  -1.3827658398238586E-020
   2.2126158892847131E-018  -4.8381484678681812E-021
   9.5081993081673706E-019  -1.0121475722340098E-021
   0.0000000000000000        0.0000000000000000     
