 Initial conditions outputted from a previous simulation. Time =    75.600000000000009     
   40.000000000000000        0.0000000000000000              500           1   75.600000000000009     
   2.9371262632726289E-003  0.14947051209278781     
  -3.6748494559461068E-003  0.14708710389390894     
  -9.5760087363793590E-003  0.14223871289456466     
  -1.4768524563229147E-002  0.13523711771602259     
  -1.9280712501518023E-002  0.12637976818620128     
  -2.3153307881808360E-002  0.11593454949794307     
  -2.6439817644611306E-002  0.10414200932325067     
  -2.9193655807656121E-002   9.1218169832888371E-002
  -3.1466771921691866E-002   7.7355444894080236E-002
  -3.3307015527664657E-002   6.2725251646430794E-002
  -3.4756063317340630E-002   4.7480920411743080E-002
  -3.5848594244370882E-002   3.1760516276531335E-002
  -3.6611815275051543E-002   1.5689757310795659E-002
  -3.7065133510693127E-002  -6.1508827886254001E-004
  -3.7220053658851199E-002  -1.7044413653771941E-002
  -3.7080235274874210E-002  -3.3492567835285550E-002
  -3.6641728574280524E-002  -4.9855172193775853E-002
  -3.5893583334575999E-002  -6.6026267730645932E-002
  -3.4819022375080166E-002  -8.1894825557121034E-002
  -3.3396931533195021E-002  -9.7339957593966311E-002
  -3.1602518321738618E-002 -0.11222464255749257     
  -2.9405623243353843E-002 -0.12638928175990913     
  -2.6766673250886410E-002 -0.13964785007533317     
  -2.3633018093685079E-002 -0.15178879918172963     
  -1.9939614744297052E-002 -0.16257988924983746     
  -1.5616140572385794E-002 -0.17177329510878375     
  -1.0599293086040755E-002 -0.17910734731448202     
  -4.8470069302734746E-003 -0.18430410610287035     
   1.6482713404341225E-003 -0.18706557299644050     
   8.8478292600182584E-003 -0.18707389768771318     
   1.6654553888639106E-002 -0.18400142756525661     
   2.4898041033282532E-002 -0.17753464387552512     
   3.3317295384287952E-002 -0.16741342557726896     
   4.1546618349007955E-002 -0.15348619171299965     
   4.9116178717957003E-002 -0.13578149150043020     
   5.5481789606192003E-002 -0.11459094108130384     
   6.0093197215619898E-002  -9.0541542181890478E-002
   6.2493929572096346E-002  -6.4615409658050418E-002
   6.2424263632765063E-002  -3.8075125726369646E-002
   5.9886549854096284E-002  -1.2291008804184218E-002
   5.5143035141447590E-002   1.1475113441474626E-002
   4.8648528702861078E-002   3.2245758531719640E-002
   4.0950272953586046E-002   4.9406944711765925E-002
   3.2593017806365761E-002   6.2690564952434760E-002
   2.4052218029018815E-002   7.2098847343734548E-002
   1.5700676151198318E-002   7.7814385212857773E-002
   7.8027547057956627E-003   8.0123243821804593E-002
   5.2547641423382203E-004   7.9360329246915537E-002
  -6.0431336130248809E-003   7.5874710819517674E-002
  -1.1874003117990438E-002   7.0008971782056395E-002
  -1.6978078372096521E-002   6.2087408389898464E-002
  -2.1390544643566621E-002   5.2409502594150156E-002
  -2.5159335079740663E-002   4.1246534432511445E-002
  -2.8337767740917716E-002   2.8840407806387386E-002
  -3.0980372314809490E-002   1.5404408146854518E-002
  -3.3140710318106496E-002   1.1256474666444004E-003
  -3.4869992682599778E-002  -1.3831270102810659E-002
  -3.6215571226937020E-002  -2.9320028392832841E-002
  -3.7218835576102886E-002  -4.5208541519570371E-002
  -3.7912560591564060E-002  -6.1375607962689087E-002
  -3.8318291510743292E-002  -7.7708454005043698E-002
  -3.8444706676767082E-002  -9.4100892197375538E-002
  -3.8287705074470893E-002 -0.11045148442539002     
  -3.7832284782275093E-002 -0.12666105614162562     
  -3.7055550001343043E-002 -0.14262919635888566     
  -3.5929592610809247E-002 -0.15824985244250775     
  -3.4422888247951998E-002 -0.17340658665628730     
  -3.2499858163884766E-002 -0.18796833167603946     
  -3.0119600544139688E-002 -0.20178613141226931     
  -2.7235122433396989E-002 -0.21469027670647156     
  -2.3793711400111012E-002 -0.22648711416147504     
  -1.9738440506083720E-002 -0.23695625673980075     
  -1.5013021817412953E-002 -0.24584883556291137     
  -9.5701716961519474E-003 -0.25288558471015593     
  -3.3844751643027074E-003 -0.25775502703174508     
   3.5316612802959138E-003 -0.26011680599556108     
   1.1117323399762595E-002 -0.25961240532180940     
   1.9241876167647411E-002 -0.25588090987814560     
   2.7684633676134968E-002 -0.24858982288282516     
   3.6134770760398463E-002 -0.23749087701957261     
   4.4192159039175234E-002 -0.22248976237377124     
   5.1371654048817293E-002 -0.20372049009549950     
   5.7148134311757921E-002 -0.18162011965284180     
   6.1033654947716023E-002 -0.15697281188258552     
   6.2658665157358712E-002 -0.13088031451440582     
   6.1865157694332075E-002 -0.10463913075451654     
   5.8733538807046744E-002  -7.9550180186223812E-002
   5.3582546514697536E-002  -5.6740174966235304E-002
   4.6911795116069029E-002  -3.7038314069921828E-002
   3.9259256004346710E-002  -2.0917647452266343E-002
   3.1107740347973339E-002  -8.5333579404252517E-003
   2.2873255749542951E-002   1.7500254533641728E-004
   1.4867088059395921E-002   5.4034854938819401E-003
   7.2888192581156384E-003   7.4295606770697379E-003
   2.6766641074253586E-004   6.5612365651374896E-003
  -6.1288586927276565E-003   3.1075551408628497E-003
  -1.1868743376263292E-002  -2.6328922953941861E-003
  -1.6947054374161167E-002  -1.0376834321601565E-002
  -2.1379914433732793E-002  -1.9859079800353605E-002
  -2.5203756053015822E-002  -3.0834621875421495E-002
  -2.8460681951634131E-002  -4.3081417148374469E-002
  -3.1191428645930303E-002  -5.6400136530021940E-002
  -3.3440139956186193E-002  -7.0611463738583596E-002
  -3.5252303890162630E-002  -8.5553867223251173E-002
  -3.6666391698092653E-002 -0.10108003441831900     
  -3.7715390177626464E-002 -0.11705247286398535     
  -3.8411631587460075E-002 -0.13334205420227369     
  -3.8747802373295927E-002 -0.14982291954999363     
  -3.8712222384953490E-002 -0.16636427553885511     
  -3.8289895800007051E-002 -0.18282561772222650     
  -3.7468980680801768E-002 -0.19905573177868155     
  -3.6243463968479085E-002 -0.21489510013194207     
  -3.4613220690750991E-002 -0.23017912038028807     
  -3.2563719374239436E-002 -0.24474203935335936     
  -3.0089290620479842E-002 -0.25841553600542050     
  -2.7231363050295894E-002 -0.27102981129330400     
  -2.4037954963695929E-002 -0.28242650249612394     
  -2.0523913046862723E-002 -0.29246595847314505     
  -1.6653342916694940E-002 -0.30102037474219701     
  -1.2338844093535990E-002 -0.30795305623055474     
  -7.4674141148228096E-003 -0.31308884895218264     
  -1.9418922753550413E-003 -0.31619322888416795     
   4.2662146446176361E-003 -0.31696876779809385     
   1.1085079968729761E-002 -0.31507426234094327     
   1.8397098427592008E-002 -0.31016741398832542     
   2.5986846697949838E-002 -0.30194419284378643     
   3.3617896763244837E-002 -0.29018542655512020     
   4.1035180790143885E-002 -0.27479528112368701     
   4.7874551275218911E-002 -0.25583094868156586     
   5.3707710764121806E-002 -0.23354328707005548     
   5.8121591376527275E-002 -0.20841532367839483     
   6.0684829663324995E-002 -0.18118107748886508     
   6.1026281191532306E-002 -0.15282113337263104     
   5.8953025265643881E-002 -0.12450843878394573     
   5.4569223317707624E-002  -9.7499577809942423E-002
   4.8226399007968199E-002  -7.2972184268865842E-002
   4.0464689032241687E-002  -5.1856229854582964E-002
   3.1956947988136641E-002  -3.4715188367814079E-002
   2.3286172506635963E-002  -2.1704147388509509E-002
   1.4848574521316795E-002  -1.2633230427868312E-002
   6.9380323201560954E-003  -7.1046217782246377E-003
  -2.6320480362646367E-004  -4.6472202846263811E-003
  -6.6773494235386798E-003  -4.8131865022482383E-003
  -1.2294000967424614E-002  -7.2199688214852759E-003
  -1.7161269410573349E-002  -1.1548200503072408E-002
  -2.1330949032882494E-002  -1.7525441344959938E-002
  -2.4842628722828022E-002  -2.4905825654427109E-002
  -2.7719923254493083E-002  -3.3456860365136835E-002
  -2.9993759088773057E-002  -4.2952799682531115E-002
  -3.1719340508643841E-002  -5.3175664763409035E-002
  -3.2984638972315045E-002  -6.3923115226031058E-002
  -3.3890792063497398E-002  -7.5019559533191699E-002
  -3.4502566672538988E-002  -8.6326219694897968E-002
  -3.4847409797403001E-002  -9.7740932129176006E-002
  -3.4942872643237047E-002 -0.10918828077785948     
  -3.4795135551015086E-002 -0.12060829145842071     
  -3.4410750517627285E-002 -0.13194558139079088     
  -3.3809035838776508E-002 -0.14314284309217334     
  -3.2987372912196201E-002 -0.15413952680227694     
  -3.1912787692311789E-002 -0.16486677907587988     
  -3.0532939006341440E-002 -0.17523861875541086     
  -2.8810563300473633E-002 -0.18514060541626723     
  -2.6720237349051060E-002 -0.19442447676709795     
  -2.4230812224388887E-002 -0.20291150873790154     
  -2.1324859881290934E-002 -0.21040036491547021     
  -1.7985526925129808E-002 -0.21667878807084526     
  -1.4162204262563531E-002 -0.22153340060242471     
  -9.8022813395457591E-003 -0.22474982600403701     
  -4.8848883623023075E-003 -0.22610625750284030     
   6.1544737767620951E-004 -0.22537015991740170     
   6.7253391194096370E-003 -0.22229277469571398     
   1.3401549721195859E-002 -0.21660652376646894     
   2.0572348064470957E-002 -0.20803956865016865     
   2.8067139918255130E-002 -0.19633365756032212     
   3.5719781231288703E-002 -0.18129075211649057     
   4.3173874613302091E-002 -0.16281894441996764     
   4.9893972115021563E-002 -0.14100430103897618     
   5.5273452432548074E-002 -0.11619150628856209     
   5.8800677864732080E-002  -8.9037933145351786E-002
   6.0026223914742133E-002  -6.0503443017936760E-002
   5.8801721417906232E-002  -3.1784346456797480E-002
   5.5215927372741863E-002  -4.1607227917736080E-003
   4.9732433906215102E-002   2.1173473887071945E-002
   4.2882604616212065E-002   4.3294357315628078E-002
   3.5274914906282033E-002   6.1643038835193918E-002
   2.7403200807708677E-002   7.6035851512573874E-002
   1.9605540960056327E-002   8.6582055662346544E-002
   1.2055202222535668E-002   9.3557683215196419E-002
   4.9811633062471572E-003   9.7285575269142735E-002
  -1.4536303668189322E-003   9.8090522196388252E-002
  -7.1035983305265983E-003   9.6290018317067502E-002
  -1.1994894775684233E-002   9.2219409273138805E-002
  -1.6190905001880383E-002   8.6227448286945466E-002
  -1.9760629128842855E-002   7.8658888363678292E-002
  -2.2751273481314466E-002   6.9826635417347391E-002
  -2.5246215225467727E-002   5.9991831715604717E-002
  -2.7311390808134172E-002   4.9352734041271142E-002
  -2.8988229588812746E-002   3.8054501787533036E-002
  -3.0294461473333659E-002   2.6214527965777223E-002
  -3.1243618339032331E-002   1.3951530029615989E-002
  -3.1891961525290356E-002   1.4046888160481686E-003
  -3.2340687348159376E-002  -1.1270014733249704E-002
  -3.2635607048221923E-002  -2.3925331736596417E-002
  -3.2726998734686867E-002  -3.6446059256284524E-002
  -3.2542939397012999E-002  -4.8753616966739965E-002
  -3.2033690128383967E-002  -6.0796366103431469E-002
  -3.1188153626986469E-002  -7.2532050388250363E-002
  -3.0045393551830259E-002  -8.3911600717089765E-002
  -2.8663665364555321E-002  -9.4871211513598966E-002
  -2.7041601283537546E-002 -0.10533215592728873     
  -2.5131039143017415E-002 -0.11519814410602860     
  -2.2910320269417739E-002 -0.12434900223482676     
  -2.0363131377184682E-002 -0.13263962639295404     
  -1.7422090588688509E-002 -0.13990104558891839     
  -1.4042754890535285E-002 -0.14593365647713633     
  -1.0210381729715853E-002 -0.15050619560426229     
  -5.8963269608257656E-003 -0.15335837846511430     
  -1.0337075467956106E-003 -0.15420592350438347     
   4.4099968553650932E-003 -0.15274945911739149     
   1.0356243702429374E-002 -0.14869181258987976     
   1.6707565495004007E-002 -0.14177631546012745     
   2.3419906230931299E-002 -0.13183029803221602     
   3.0342019064982430E-002 -0.11879354073601030     
   3.7251902906026542E-002 -0.10275930771947789     
   4.3856531125800256E-002  -8.4009026873242687E-002
   4.9719051110206032E-002  -6.3036482755677734E-002
   5.4313217927658114E-002  -4.0558577487707470E-002
   5.7175619098435167E-002  -1.7486530106309725E-002
   5.8036111073799232E-002   5.1512305456891793E-003
   5.6690639503688064E-002   2.6343415179854647E-002
   5.3098924506198054E-002   4.5227901958002803E-002
   4.7634627111194920E-002   6.1184037061445463E-002
   4.0890529757858785E-002   7.3896297890618842E-002
   3.3444279348147518E-002   8.3345537026485672E-002
   2.5835467432049466E-002   8.9727252272951835E-002
   1.8423997990426377E-002   9.3349635002895753E-002
   1.1419198758883633E-002   9.4531754836718412E-002
   4.9341673771779102E-003   9.3550125968459588E-002
  -9.0674873131791429E-004   9.0631593033473914E-002
  -6.0582254508119273E-003   8.5985449709968853E-002
  -1.0587428482630824E-002   7.9831259646829855E-002
  -1.4552137571542912E-002   7.2393687212794988E-002
  -1.7964988134667376E-002   6.3885223788894149E-002
  -2.0867294018208728E-002   5.4490892304383282E-002
  -2.3288418365152778E-002   4.4355130087461524E-002
  -2.5279966681593304E-002   3.3588993158430822E-002
  -2.6889584180396140E-002   2.2282880567044711E-002
  -2.8135952282079317E-002   1.0523101132265886E-002
  -2.9018470780220011E-002  -1.5940510664907710E-003
  -2.9562998561732896E-002  -1.3957675323715767E-002
  -2.9834560341778608E-002  -2.6451717099565134E-002
  -2.9909821403940894E-002  -3.8975036556207807E-002
  -2.9860775390086195E-002  -5.1459469627408022E-002
  -2.9740533099426526E-002  -6.3877902383788460E-002
  -2.9575907684955587E-002  -7.6238341494803796E-002
  -2.9362431758029352E-002  -8.8565901580737169E-002
  -2.9061870962219974E-002 -0.10087958586952853     
  -2.8600807365957562E-002 -0.11317006021651839     
  -2.7888918135067862E-002 -0.12538122787704603     
  -2.6810856957899983E-002 -0.13740288228238401     
  -2.5260466575157632E-002 -0.14906653193562497     
  -2.3141890001073112E-002 -0.16015017073020374     
  -2.0360284376527159E-002 -0.17038852443241512     
  -1.6883050455681101E-002 -0.17947807852247488     
  -1.2675569206918666E-002 -0.18709494765658694     
  -7.7392574540484701E-003 -0.19290250600984882     
  -2.1105286976278617E-003 -0.19656128137374931     
   4.1755021023125501E-003 -0.19774570156052082     
   1.0991129207521926E-002 -0.19615117907949536     
   1.8151208710011899E-002 -0.19152083726313532     
   2.5454925431018089E-002 -0.18367908831807150     
   3.2601372597825758E-002 -0.17255566155079782     
   3.9277325872304134E-002 -0.15822713370604810     
   4.5151333469427700E-002 -0.14094335003943684     
   4.9836503521125335E-002 -0.12113742236666532     
   5.3071866579736254E-002  -9.9436254362363127E-002
   5.4672754420311054E-002  -7.6616942970093957E-002
   5.4548727374079613E-002  -5.3536797234089953E-002
   5.2804951567628981E-002  -3.1050939305168505E-002
   4.9639560050308597E-002  -9.9064856090337761E-003
   4.5322984158979444E-002   9.3262529482680909E-003
   4.0171116712916649E-002   2.6271612833221290E-002
   3.4460532752490738E-002   4.0728831380410793E-002
   2.8417802470094195E-002   5.2614175684004054E-002
   2.2230594978165402E-002   6.1903619892088577E-002
   1.5992810488995913E-002   6.8610010489340165E-002
   9.8071604730343293E-003   7.2762779633529881E-002
   3.7766081994584626E-003   7.4410529053020771E-002
  -1.9966126198400357E-003   7.3645695554304211E-002
  -7.4076938150568102E-003   7.0618424472902466E-002
  -1.2365839181904781E-002   6.5519909327941897E-002
  -1.6808654761687553E-002   5.8562487408590568E-002
  -2.0702299733641266E-002   4.9974691045178675E-002
  -2.4033340985571215E-002   3.9993383708892251E-002
  -2.6804603816426478E-002   2.8852053808667628E-002
  -2.9033619954223235E-002   1.6775147826020284E-002
  -3.0749162205203226E-002   3.9749845833713729E-003
  -3.1986016676886657E-002  -9.3524777937981276E-003
  -3.2778568693915988E-002  -2.3028533942826536E-002
  -3.3155873263806333E-002  -3.6887807380052207E-002
  -3.3142345656753086E-002  -5.0773769110997194E-002
  -3.2762874407283524E-002  -6.4537416465955733E-002
  -3.2046787556219411E-002  -7.8039899502674412E-002
  -3.1027432117565614E-002  -9.1157315202818209E-002
  -2.9737897223081847E-002 -0.10378434980984691     
  -2.8204759587804509E-002 -0.11583428123422974     
  -2.6441678662745681E-002 -0.12723493666721103     
  -2.4444056651570196E-002 -0.13792122459653108     
  -2.2185383638343752E-002 -0.14782482976714173     
  -1.9616193034042696E-002 -0.15686187976435484     
  -1.6667098077041319E-002 -0.16492028803834666     
  -1.3256625927721442E-002 -0.17184939772474420     
  -9.3025664053137634E-003 -0.17745443984342468     
  -4.7340701491861434E-003 -0.18149673151140425     
   4.9775199693472504E-004 -0.18369841896060926     
   6.4106796620002661E-003 -0.18374959640552754     
   1.2981194611911219E-002 -0.18131673318997182     
   2.0129829809850810E-002 -0.17605416078422215     
   2.7699795883514979E-002 -0.16762397297453169     
   3.5429890193616399E-002 -0.15573329318202486     
   4.2928996047377765E-002 -0.14020007925950156     
   4.9670135649172401E-002 -0.12105446052126860     
   5.5032522858858166E-002  -9.8662095467607069E-002
   5.8413426834192157E-002  -7.3816292451082607E-002
   5.9390927842524276E-002  -4.7715711520748098E-002
   5.7862115950529550E-002  -2.1779940076634693E-002
   5.4070097331339571E-002   2.6364731304035498E-003
   4.8502625967843077E-002   2.4486428097306955E-002
   4.1735570680358609E-002   4.3123900896684393E-002
   3.4311151397347847E-002   5.8263245251551909E-002
   2.6681480769046292E-002   6.9885036236255749E-002
   1.9195167337899905E-002   7.8146135523400703E-002
   1.2101193604666985E-002   8.3309488149374000E-002
   5.5592328497962480E-003   8.5692614140747622E-002
  -3.4799627373148083E-004   8.5630618257880153E-002
  -5.6016842956975827E-003   8.3448760149397117E-002
  -1.0231596104414863E-002   7.9442356832561872E-002
  -1.4298152063035238E-002   7.3864552151249596E-002
  -1.7874350629575996E-002   6.6922278210223562E-002
  -2.1030190837430168E-002   5.8779605981559430E-002
  -2.3821466492356787E-002   4.9566860898859096E-002
  -2.6284132838393242E-002   3.9392909255401988E-002
  -2.8434155308899645E-002   2.8357545558952153E-002
  -3.0271275402459937E-002   1.6561484463145298E-002
  -3.1784448459131823E-002   4.1126701296471850E-003
  -3.2956850798118359E-002  -8.8710558720574411E-003
  -3.3769003791005441E-002  -2.2261811327372080E-002
  -3.4199526493783446E-002  -3.5922426361306291E-002
  -3.4224006725847723E-002  -4.9706604106307964E-002
  -3.3813144466416749E-002  -6.3457626904614747E-002
  -3.2931517515060044E-002  -7.7005583924375495E-002
  -3.1538067064020105E-002  -9.0163854311598027E-002
  -2.9588839767941154E-002 -0.10272602519490683     
  -2.7041866054285841E-002 -0.11446446623546928     
  -2.3863499284223866E-002 -0.12513148659981449     
  -2.0035192672899715E-002 -0.13446351016828034     
  -1.5559571873690274E-002 -0.14218815265215040     
  -1.0464785654960822E-002 -0.14803354749084718     
  -4.8065623007959258E-003 -0.15173881133656505     
   1.3317345970526777E-003 -0.15306433094975466     
   7.8395498299927233E-003 -0.15180093804084785     
   1.4577572964282243E-002 -0.14777841835330841     
   2.1371943429270481E-002 -0.14087617193516117     
   2.8004671279278723E-002 -0.13104112257351128     
   3.4205594167586818E-002 -0.11831774240421077     
   3.9655484721937292E-002 -0.10288974107814496     
   4.4008973841428982E-002  -8.5122959530284523E-002
   4.6937555061729141E-002  -6.5590279849891062E-002
   4.8182121324787983E-002  -4.5060275348989619E-002
   4.7600720833676870E-002  -2.4443161421376987E-002
   4.5202687238434319E-002  -4.7009525673735479E-003
   4.1164934329944940E-002   1.3264237778712797E-002
   3.5822556187691867E-002   2.8724046831584728E-002
   2.9624284134881960E-002   4.1210855966326669E-002
   2.3057626388926736E-002   5.0548733453434448E-002
   1.6569445075611883E-002   5.6821132024391020E-002
   1.0511213508696254E-002   6.0298156603543297E-002
   5.1199346109408756E-003   6.1357200182494243E-002
   5.2617756733069085E-004   6.0418834402890753E-002
  -3.2248596504159889E-003   5.7903365201270027E-002
  -6.1493477252671392E-003   5.4204944465705583E-002
  -8.3033511755742015E-003   4.9678153356079294E-002
  -9.7662201679415452E-003   4.4632367246322302E-002
  -1.0628919053170051E-002   3.9330437812466923E-002
  -1.0986199073862611E-002   3.3989595187821429E-002
  -1.0931315390405179E-002   2.8783513268468300E-002
  -1.0552171033495454E-002   2.3845212397921856E-002
  -9.9282252667946807E-003   1.9270945028819944E-002
  -9.1281792031776311E-003   1.5125279394042972E-002
  -8.2089909771024764E-003   1.1447194915471540E-002
  -7.2168007668953283E-003   8.2563371094635969E-003
  -6.1897476030514020E-003   5.5580963706346066E-003
  -5.1617049896272122E-003   3.3463346154528921E-003
  -4.1652632253446334E-003   1.6035169069841602E-003
  -3.2324337169784396E-003   2.9930417571740939E-004
  -2.3926338265589076E-003  -6.1044164018096865E-004
  -1.6689563083362728E-003  -1.1824224591080125E-003
  -1.0746429553642120E-003  -1.4817853698818838E-003
  -6.1149456210695177E-004  -1.5759741574730654E-003
  -2.7084643794293142E-004  -1.5283466994727741E-003
  -3.6507010465221532E-005  -1.3932663884948884E-003
   1.1157073195437445E-004  -1.2135270128087556E-003
   1.9398802830877053E-004  -1.0200222788503369E-003
   2.2955490314837301E-004  -8.3300654060565460E-004
   2.3399992796707889E-004  -6.6417488910105050E-004
   2.1955412764879589E-004  -5.1893511759760558E-004
   1.9512643880403071E-004  -3.9847012587118088E-004
   1.6679678552205789E-004  -3.0139961245184477E-004
   1.3841927599974311E-004  -2.2500224353432796E-004
   1.1220791415082901E-004  -1.6604448509564598E-004
   8.9240596357429875E-005  -1.2129542316942395E-004
   6.9858002364335176E-005  -8.7811117633030775E-005
   5.3958646085322348E-005  -6.3062581639858713E-005
   4.1204589387217126E-005  -4.4965996802358138E-005
   3.1156787649140637E-005  -3.1857447777657655E-005
   2.3358321704258226E-005  -2.2440637359937775E-005
   1.7381107766495555E-005  -1.5725545360231258E-005
   1.2848467909669508E-005  -1.0968382043439950E-005
   9.4426967175773335E-006  -7.6180109978105238E-006
   6.9039471689338514E-006  -5.2708210564880406E-006
   5.0246227452578359E-006  -3.6342147447115767E-006
   3.6419202245251379E-006  -2.4979363618029579E-006
   2.6300770472275697E-006  -1.7120650413397176E-006
   1.8931522963057028E-006  -1.1704292541072704E-006
   1.3587222076121547E-006  -7.9829496758438233E-007
   9.7260474343019423E-007  -5.4334111261709485E-007
   6.9457777374009878E-007  -3.6911484025989298E-007
   4.9498240301767084E-007  -2.5032880883671361E-007
   3.5207679507446757E-007  -1.6950930656765809E-007
   2.5000471310528999E-007  -1.1462400404822572E-007
   1.7725463309424239E-007  -7.7413421633733996E-008
   1.2550269034193804E-007  -5.2223841147534442E-008
   8.8751299694900812E-008  -3.5194977749459100E-008
   6.2692609037123233E-008  -2.3697038740616531E-008
   4.4241079702812473E-008  -1.5942124311146603E-008
   3.1192152295947040E-008  -1.0716912180069787E-008
   2.1974191777013028E-008  -7.1993436863415532E-009
   1.5468982894634365E-008  -4.8332620506075891E-009
   1.0882314741250351E-008  -3.2428941155822987E-009
   7.6509839714082556E-009  -2.1746410495800410E-009
   5.3761619843742943E-009  -1.4575351289382319E-009
   3.7757744181956014E-009  -9.7642398197228434E-010
   2.6505455422508024E-009  -6.5381427040941339E-010
   1.8598352166748012E-009  -4.3759560349836220E-010
   1.3044751049392087E-009  -2.9275057738312024E-010
   9.1459609764300677E-010  -1.9576283187261704E-010
   6.4100775467915491E-010  -1.3084877916203565E-010
   4.4910098424256268E-010  -8.7420510962399831E-011
   3.1454026796762121E-010  -5.8378990048822340E-011
   2.2022327083070797E-010  -3.8966631845591846E-011
   1.5413689387836177E-010  -2.5996440731879817E-011
   1.0784667899812571E-010  -1.7334429653883251E-011
   7.5433236487895513E-011  -1.1552288607386326E-011
   5.2743899169775782E-011  -7.6944172749609604E-012
   3.6866485144993508E-011  -5.1217377857371346E-012
   2.5759445144537420E-011  -3.4070282422062046E-012
   1.7992047230703238E-011  -2.2648110222843407E-012
   1.2561942021429217E-011  -1.5044065220123051E-012
   8.7671146348096706E-012  -9.9851046366376297E-013
   6.1160438063481843E-012  -6.6216967832606831E-013
   4.2646901005531517E-012  -4.3872064711116637E-013
   2.9723159258044098E-012  -2.9038852232025131E-013
   2.0705189919966016E-012  -1.9200445914596211E-013
   1.4415338429552467E-012  -1.2680862535996102E-013
   1.0030320200413985E-012  -8.3647690663808013E-014
   6.9747756454752302E-013  -5.5104303696734202E-014
   4.8467473332820475E-013  -3.6249206774426531E-014
   3.3655206571522317E-013  -2.3809146877692800E-014
   2.3351272602697027E-013  -1.5612333594301406E-014
   1.6188152166531371E-013  -1.0219076341141402E-014
   1.1211958418064303E-013  -6.6759127823479218E-015
   7.7576261268235774E-014  -4.3520473772964939E-015
   5.3616845496186583E-014  -2.8306212364723809E-015
   3.7013166932667329E-014  -1.8364863240964768E-015
   2.5517981818024694E-014  -1.1882671189528290E-015
   1.7567833676806521E-014  -7.6657032373551019E-016
   1.2075687574130548E-014  -4.9292298857687608E-016
   8.2862746262584552E-015  -3.1583265853736034E-016
   5.6752268475619121E-015  -2.0157137421583330E-016
   3.8787792520576337E-015  -1.2808996246705585E-016
   2.6448005729017343E-015  -8.1004545677396997E-017
   1.7986999633685972E-015  -5.0953345435480404E-017
   1.2197045016458749E-015  -3.1858553559228599E-017
   8.2436321183833745E-016  -1.9785230660133559E-017
   5.5508400183665161E-016  -1.2193490253116841E-017
   3.7217382257533700E-016  -7.4493676952786555E-018
   2.4831581586216987E-016  -4.5055632986997494E-018
   1.6474062988555534E-016  -2.6935419092927628E-018
   1.0857466991431365E-016  -1.5884887379693342E-018
   7.1005335017603637E-017  -9.2183217043839921E-019
   4.6012898498181914E-017  -5.2475128146328917E-019
   2.9495030988757124E-017  -2.9181586375180348E-019
   1.8663103168768896E-017  -1.5767171029559614E-019
   1.1626373634293086E-017  -8.2153680681633600E-020
   7.1058543599589869E-018  -4.0825337567679243E-020
   4.2374404918806543E-018  -1.9000012421526831E-020
   2.4365328110993824E-018  -7.9951038989220130E-021
   1.3044203208050051E-018  -2.7949861098018189E-021
   5.6042990881232991E-019  -5.8422773101267910E-022
   0.0000000000000000        0.0000000000000000     
