 Initial conditions outputted from a previous simulation. Time =    85.600000000000009     
   40.000000000000000        0.0000000000000000              500           1   85.600000000000009     
   2.9371262632479516E-003  0.14947051209278855     
  -3.6748663511928597E-003  0.14708708057635986     
  -9.5760274424844319E-003  0.14223866796300341     
  -1.4768537378115114E-002  0.13523704708118545     
  -1.9280716941831706E-002  0.12637966766057709     
  -2.3153290640613472E-002  0.11593441564647376     
  -2.6439768850169187E-002  0.10414183574414154     
  -2.9193558983023560E-002   9.1217948449415581E-002
  -3.1466598639402613E-002   7.7355164719342048E-002
  -3.3306718563906802E-002   6.2724896089443760E-002
  -3.4755562504931253E-002   4.7480462837291605E-002
  -3.5847753484580615E-002   3.1759911002066092E-002
  -3.6610404048069284E-002   1.5688921868832209E-002
  -3.7062760400212079E-002  -6.1630852903281222E-004
  -3.7216051632784380E-002  -1.7046318318461963E-002
  -3.7073468237652125E-002  -3.3495754062734362E-002
  -3.6630288408742002E-002  -4.9860847738665719E-002
  -3.5874377867441340E-002  -6.6036851963441542E-002
  -3.4787358107578922E-002  -8.1914988043551074E-002
  -3.3346412259303300E-002  -9.7378139129897331E-002
  -3.1525791231728245E-002 -0.11229472904678296     
  -2.9296315502985483E-002 -0.12651155023471780     
  -2.6622062682962182E-002 -0.13984812685156345     
  -2.3456198233704560E-002 -0.15209544854137796     
  -1.9740111319563387E-002 -0.16301934885536171     
  -1.5408931686366090E-002 -0.17236536027907631     
  -1.0402675010034024E-002 -0.17986113485167984     
  -4.6793815165876293E-003 -0.18521558119171064     
   1.7725117637747633E-003 -0.18811799961497130     
   8.9218814315507825E-003 -0.18824218764528561     
   1.6679854347799242E-002 -0.18525903011998782     
   2.4880580509151397E-002 -0.17885900724121054     
   3.3260675512111725E-002 -0.16878650888325636     
   4.1445260249634901E-002 -0.15489082681021629     
   4.8953067365068284E-002 -0.13719866683577689     
   5.5233839444575453E-002 -0.11600211900019017     
   5.9743184687794992E-002  -9.1933875322463929E-002
   6.2042695141123934E-002  -6.5982922213520798E-002
   6.1894934928934574E-002  -3.9412037232222939E-002
   5.9316904228071725E-002  -1.3581956706856977E-002
   5.4570284091571275E-002   1.0258903140237889E-002
   4.8096122134021542E-002   3.1140491419669791E-002
   4.0424157983009898E-002   4.8445071201271415E-002
   3.2087329543833580E-002   6.1891728088684192E-002
   2.3558409233525719E-002   7.1466703976953580E-002
   1.5213674190627946E-002   7.7338336303639732E-002
   7.3215441099478765E-003   7.9782010016620733E-002
   4.9854253190440599E-005   7.9125161457907198E-002
  -6.5160681122736997E-003   7.5711985915855373E-002
  -1.2351320823509336E-002   6.9882750476562200E-002
  -1.7470288318062500E-002   6.1961972470992069E-002
  -2.1909475115014527E-002   5.2251430086914095E-002
  -2.5715479658321553E-002   4.1026186315540378E-002
  -2.8937910061853884E-002   2.8533106626861524E-002
  -3.1626175607190062E-002   1.4991556308808029E-002
  -3.3828550108488564E-002   5.9574691318005184E-004
  -3.5591872251342818E-002  -1.4481939093505137E-002
  -3.6960713257310082E-002  -3.0087306605739036E-002
  -3.7975477747317798E-002  -4.6080952133767936E-002
  -3.8669561673210000E-002  -6.2335501944299841E-002
  -3.9066330851612562E-002  -7.8733576008493289E-002
  -3.9177010767204042E-002  -9.5166190374697715E-002
  -3.9000281039125465E-002 -0.11153101769462428     
  -3.8523670108815640E-002 -0.12772985985405777     
  -3.7726222559741784E-002 -0.14366490676650959     
  -3.6581406578959828E-002 -0.15923379446424493     
  -3.5059046837273983E-002 -0.17432389941344587     
  -3.3125653702667540E-002 -0.18880667561432102     
  -3.0743451789433232E-002 -0.20253293088830476     
  -2.7869070916419308E-002 -0.21532925494628630     
  -2.4452783971005747E-002 -0.22699544005126654     
  -2.0438822788878899E-002 -0.23730340845574333     
  -1.5769508754192064E-002 -0.24599760167202697     
  -1.0393396378740283E-002 -0.25279516300641469     
  -4.2777513498865457E-003 -0.25738552056089858     
   2.5743880817265794E-003 -0.25943314761665270     
   1.0111644329226878E-002 -0.25858585160829056     
   1.8213092592582768E-002 -0.25448764073324376     
   2.6664584073276640E-002 -0.24680656114457633     
   3.5154004569610521E-002 -0.23528858914859063     
   4.3271265627698501E-002 -0.21982952873514405     
   5.0510757499994313E-002 -0.20055819805250749     
   5.6314849319537764E-002 -0.17792361330895257     
   6.0162623683201098E-002 -0.15274333063005424     
   6.1666281856107841E-002 -0.12616394628748726     
   6.0673534506353800E-002  -9.9524513995039962E-002
   5.7289224223967906E-002  -7.4155403841526607E-002
   5.1863812526275747E-002  -5.1191869582687066E-002
   4.4927343323732313E-002  -3.1452973028154474E-002
   3.7041217764809203E-002  -1.5394442722882302E-002
   2.8701478866675640E-002  -3.1536807730664787E-003
   2.0333053920173427E-002   5.3496374162426601E-003
   1.2250158830025075E-002   1.0334885900421434E-002
   4.6514951784489972E-003   1.2103500302784783E-002
  -2.3401013027444743E-003   1.0986531616551087E-002
  -8.6660243536450694E-003   7.3135424069123963E-003
  -1.4304338735226022E-002   1.3977039661752359E-003
  -1.9264426388145479E-002  -6.4708716187146060E-003
  -2.3582179889964063E-002  -1.6028802640574061E-002
  -2.7300993631071607E-002  -2.7042378998019020E-002
  -3.0464184312488471E-002  -3.9304321799382924E-002
  -3.3118997492807487E-002  -5.2627342510791611E-002
  -3.5309590790364248E-002  -6.6841349564340860E-002
  -3.7070413302867339E-002  -8.1789425864828388E-002
  -3.8436417506333601E-002  -9.7320605970935642E-002
  -3.9442331379000196E-002 -0.11328790838810908     
  -4.0104639115041599E-002 -0.12955084025890315     
  -4.0423118505559255E-002 -0.14597380558409140     
  -4.0387156527217499E-002 -0.16242179349508970     
  -3.9978131700640497E-002 -0.17875541546839824     
  -3.9177450893475844E-002 -0.19482573187524574     
  -3.7974646243754080E-002 -0.21047116214041800     
  -3.6360860319536580E-002 -0.22551950811221347     
  -3.4324122546842757E-002 -0.23979220272635110     
  -3.1867397436978126E-002 -0.25310762894239669     
  -2.8995113787335023E-002 -0.26528993563294329     
  -2.5732656564484320E-002 -0.27617458486593471     
  -2.2105147308765522E-002 -0.28561169249628265     
  -1.8087593336470122E-002 -0.29346322886247456     
  -1.3600903983637440E-002 -0.29958355373148549     
  -8.5467108575016503E-003 -0.30379030296093873     
  -2.8156783281226504E-003 -0.30584410951918944     
   3.6052219559885280E-003 -0.30543762170506278     
   1.0615201395197693E-002 -0.30221700129811807     
   1.8034025103186649E-002 -0.29582743282115709     
   2.5639413130698341E-002 -0.28596511240166023     
   3.3208424430137759E-002 -0.27242847916533353     
   4.0469457350908115E-002 -0.25515739572056945     
   4.7040732641264821E-002 -0.23426752568287981     
   5.2513158802397944E-002 -0.21009286515614034     
   5.6440014104812003E-002 -0.18321520292743032     
   5.8379158541463062E-002 -0.15447831536652706     
   5.8001241233256430E-002 -0.12496789041131556     
   5.5195976778062289E-002  -9.5936361821839469E-002
   5.0110357010799654E-002  -6.8669753522246191E-002
   4.3171562504461219E-002  -4.4318463916552114E-002
   3.5003494700785641E-002  -2.3732480024425871E-002
   2.6279083117309282E-002  -7.3564356188490013E-003
   1.7517209965284511E-002   4.7821567096777377E-003
   9.0975573431024675E-003   1.2976038715924188E-002
   1.2708666379759276E-003   1.7692377619078461E-002
  -5.8381212507367282E-003   1.9437602892468184E-002
  -1.2170755683483435E-002   1.8667852843217602E-002
  -1.7707550179357257E-002   1.5761096968156623E-002
  -2.2474422394592627E-002   1.1031510818159821E-002
  -2.6486722433924303E-002   4.7543378546875447E-003
  -2.9773806972005861E-002  -2.8079272226537123E-003
  -3.2396290902209780E-002  -1.1394946334468723E-002
  -3.4438046660616638E-002  -2.0753496400423829E-002
  -3.5989249640683389E-002  -3.0650866939102323E-002
  -3.7128524489894808E-002  -4.0889605774246870E-002
  -3.7921911244246223E-002  -5.1314756104891494E-002
  -3.8415546363392547E-002  -6.1812926475421977E-002
  -3.8640782372672426E-002  -7.2303249278689308E-002
  -3.8629021134116717E-002  -8.2723701049352144E-002
  -3.8400922988136993E-002  -9.3019176623044722E-002
  -3.7953216732075634E-002 -0.10313151283183297     
  -3.7264102936824327E-002 -0.11299247978567392     
  -3.6313560089040978E-002 -0.12252078764367870     
  -3.5097764386134850E-002 -0.13162339155339359     
  -3.3597283090397327E-002 -0.14020186831147552     
  -3.1778894450884748E-002 -0.14815408243233108     
  -2.9590970345824974E-002 -0.15536954634887812     
  -2.6957523644268611E-002 -0.16171882855175934     
  -2.3802041105064162E-002 -0.16703865580873081     
  -2.0086370515585952E-002 -0.17112143632146079     
  -1.5800041926275873E-002 -0.17371866662119387     
  -1.0956747469034377E-002 -0.17455050956097934     
  -5.5448342142340075E-003 -0.17332297161552787     
   4.7106112244768740E-004 -0.16973708182641042     
   7.0735341998579282E-003 -0.16348830562321331     
   1.4252309390109552E-002 -0.15428004607991219     
   2.1840522734009212E-002 -0.14183071004466613     
   2.9636039904173933E-002 -0.12591744677983024     
   3.7365231699393382E-002 -0.10643015945749515     
   4.4553035253577442E-002  -8.3429954223027472E-002
   5.0569330300868798E-002  -5.7225517992543509E-002
   5.4811431258181921E-002  -2.8435222964352105E-002
   5.6682217567401660E-002   2.0082950570717859E-003
   5.5894598078985253E-002   3.2900642255806530E-002
   5.2490288089950723E-002   6.2908350509007283E-002
   4.6974584794355193E-002   9.0748527730539291E-002
   3.9968364300233185E-002  0.11539598016787041     
   3.2051920251125153E-002  0.13621154669196972     
   2.3755627608233406E-002  0.15295103771311289     
   1.5487890050409030E-002  0.16568811601519731     
   7.5022795596271239E-003  0.17468963045133559     
   1.0099782918990974E-004  0.18029509554619080     
  -6.5228721300559633E-003  0.18286964541195266     
  -1.2300843348491502E-002  0.18278067802411227     
  -1.7324462351532791E-002  0.18039122793489662     
  -2.1697778398924516E-002  0.17603722930257168     
  -2.5449066494529392E-002  0.17000674876322783     
  -2.8593547078615791E-002  0.16254261553116736     
  -3.1153284791533807E-002  0.15385479934866572     
  -3.3188162108984245E-002  0.14414129622393707     
  -3.4796512087943390E-002  0.13360098621099717     
  -3.6072192617007733E-002  0.12243227246387625     
  -3.7058864450956144E-002  0.11082382375629690     
  -3.7769262618417919E-002   9.8946519362525479E-002
  -3.8210812342747105E-002   8.6948854405387715E-002
  -3.8390433778536306E-002   7.4955381011899455E-002
  -3.8309639772167607E-002   6.3069045867419724E-002
  -3.7960475230977377E-002   5.1377106451215411E-002
  -3.7320696936781091E-002   3.9958935173905974E-002
  -3.6382734892981917E-002   2.8895534544972883E-002
  -3.5145327853685501E-002   1.8272929895700299E-002
  -3.3607015326608085E-002   8.1815694972777291E-003
  -3.1760708340960807E-002  -1.2870335099550068E-003
  -2.9593233968041487E-002  -1.0041998424316722E-002
  -2.7077976891939755E-002  -1.7988912926050541E-002
  -2.4165794428689765E-002  -2.5018571273482892E-002
  -2.0806212338342959E-002  -3.0986588516394475E-002
  -1.6945405550627592E-002  -3.5693044712946008E-002
  -1.2525868615115522E-002  -3.8869075609247877E-002
  -7.5388005701219661E-003  -4.0173968036520888E-002
  -2.0148903227917656E-003  -3.9215331836183247E-002
   4.0062141308599706E-003  -3.5585133618122530E-002
   1.0469667046281867E-002  -2.8899325885531651E-002
   1.7348409575839375E-002  -1.8838582610682223E-002
   2.4576074344826244E-002  -5.1784852481347853E-003
   3.1993169485290407E-002   1.2172622157197778E-002
   3.9279262689706204E-002   3.3118390159179313E-002
   4.5954765212364877E-002   5.7292953621304515E-002
   5.1376547482635537E-002   8.3977942475900180E-002
   5.4858028772506368E-002  0.11205569599271539     
   5.5860024457646366E-002  0.14005363665120699     
   5.4152115528657882E-002  0.16631866976250098     
   4.9883916800037266E-002  0.18929871575352009     
   4.3551315537902577E-002  0.20784560290890011     
   3.5783510998437192E-002  0.22142941560084098     
   2.7259587035358732E-002  0.23015910894360689     
   1.8640686654869589E-002  0.23462118808810514     
   1.0441492790785269E-002  0.23562469549420795     
   2.9567498133500139E-003  0.23395964938926650     
  -3.7109829318393173E-003  0.23024748447796994     
  -9.5627855739500514E-003  0.22489944236347831     
  -1.4683669725807213E-002  0.21816148225601470     
  -1.9138130890033557E-002  0.21018700419681097     
  -2.2923244194018182E-002  0.20110276956284706     
  -2.6082790029478390E-002  0.19105398881602362     
  -2.8723578847359869E-002  0.18020739936631003     
  -3.0903043897364983E-002  0.16872634091300065     
  -3.2649606759025750E-002  0.15675288781787095     
  -3.3974147523727065E-002  0.14440011458307994     
  -3.4905309161150096E-002  0.13176118607747098     
  -3.5476328928292493E-002  0.11892071572576039     
  -3.5738375623221609E-002  0.10596295256131395     
  -3.5771814894385412E-002   9.2971206004310233E-002
  -3.5657766149637594E-002   8.0016542172272095E-002
  -3.5451216718418242E-002   6.7146134650868800E-002
  -3.5179042421082010E-002   5.4379134607036098E-002
  -3.4833773570796929E-002   4.1712085983599247E-002
  -3.4384645251370367E-002   2.9134998697240361E-002
  -3.3775757888042129E-002   1.6650936007708197E-002
  -3.2919818382150356E-002   4.2967010665558242E-003
  -3.1698762463348185E-002  -7.8393977095936648E-003
  -2.9974716179167894E-002  -1.9605666177543894E-002
  -2.7637939316233952E-002  -3.0780324253173376E-002
  -2.4588292342926865E-002  -4.1080240787024547E-002
  -2.0757813360698967E-002  -5.0172266616131098E-002
  -1.6104703885678973E-002  -5.7690277480565891E-002
  -1.0603078673802819E-002  -6.3252878470417565E-002
  -4.3105548024110520E-003  -6.6472240872202118E-002
   2.6820785750499001E-003  -6.6975110416202188E-002
   1.0211617786473722E-002  -6.4419704987608351E-002
   1.8046715184706505E-002  -5.8523595595562770E-002
   2.5899174126584094E-002  -4.9104421245304085E-002
   3.3389576488649292E-002  -3.6125559236747429E-002
   4.0059987208683132E-002  -1.9750396951834205E-002
   4.5494356801954905E-002  -3.9521262640753520E-004
   4.9309164130909050E-002   2.1261648076857067E-002
   5.1225099377363262E-002   4.4312037867415506E-002
   5.1150999895522721E-002   6.7701705353469185E-002
   4.9121330570256166E-002   9.0368257715626579E-002
   4.5394691612206356E-002  0.11137190943997526     
   4.0383427328511148E-002  0.13000962454873347     
   3.4527910274310826E-002  0.14587500337032888     
   2.8221284033628051E-002  0.15883430532946383     
   2.1803343644668995E-002  0.16894060962004620     
   1.5449637871091717E-002  0.17634502193675622     
   9.2829934131837353E-003  0.18120930098150978     
   3.3650377448185735E-003  0.18367557355303796     
  -2.2826558359411320E-003  0.18387154006618919     
  -7.6209505569010700E-003  0.18191973603068698     
  -1.2608648220253361E-002  0.17795301153323012     
  -1.7206879682296065E-002  0.17211902867950385     
  -2.1372194435872922E-002  0.16457459025269722     
  -2.5072519245071794E-002  0.15549385259592394     
  -2.8290929860436364E-002  0.14507541525690418     
  -3.1015119377847403E-002  0.13352686754109408     
  -3.3245878792239850E-002  0.12104934830520793     
  -3.4997185908691407E-002  0.10783687756225277     
  -3.6286697320743265E-002   9.4076346075432124E-002
  -3.7137810735705275E-002   7.9944128368617834E-002
  -3.7581916368969119E-002   6.5602322700837212E-002
  -3.7650126366156729E-002   5.1195182100955132E-002
  -3.7363000597859956E-002   3.6850468190541233E-002
  -3.6726158639789667E-002   2.2689059723769556E-002
  -3.5733480342733846E-002   8.8364431458046403E-003
  -3.4376199479375473E-002  -4.5725055974503628E-003
  -3.2651909222769719E-002  -1.7396865003197211E-002
  -3.0567095835469342E-002  -2.9496842458747886E-002
  -2.8132803767191669E-002  -4.0739733880297960E-002
  -2.5358022955153180E-002  -5.1001588334917448E-002
  -2.2244655615241311E-002  -6.0164637157381969E-002
  -1.8784530796566612E-002  -6.8112406022488053E-002
  -1.4957165826581882E-002  -7.4723341758194950E-002
  -1.0728515450371108E-002  -7.9862010523449642E-002
  -6.0542410621516581E-003  -8.3367816183281040E-002
  -8.9190375147256591E-004  -8.5044825831000162E-002
   4.7776642172938861E-003  -8.4659320389102247E-002
   1.0925918359220847E-002  -8.1950710772952740E-002
   1.7457804236443348E-002  -7.6656532184947626E-002
   2.4203404644124311E-002  -6.8547278077326135E-002
   3.0918301535821979E-002  -5.7466102000564435E-002
   3.7288779724565159E-002  -4.3371890915856193E-002
   4.2942754203517862E-002  -2.6386618847789509E-002
   4.7473271318676021E-002  -6.8435870384556067E-003
   5.0480888452342713E-002   1.4676784029380384E-002
   5.1634062713973243E-002   3.7344741124770028E-002
   5.0738680958729139E-002   6.0133025668430137E-002
   4.7799633842301931E-002   8.1931821206360750E-002
   4.3047261428815008E-002  0.10171051553603339     
   3.6902327654616027E-002  0.11867557655986080     
   2.9881876447231399E-002  0.13235998461574242     
   2.2488654367267588E-002  0.14261431518836379     
   1.5134865783036517E-002  0.14952845707055634     
   8.1167930785556695E-003  0.15333871515691352     
   1.6222626001455730E-003  0.15435390793868523     
  -4.2499415360979596E-003  0.15290511945296925     
  -9.4666462410385750E-003  0.14931442704481113     
  -1.4036050762477130E-002  0.14387931952275682     
  -1.7987666163588656E-002  0.13686900057424678     
  -2.1360040884155346E-002  0.12852710214011118     
  -2.4196093422983199E-002  0.11907561837678676     
  -2.6543365780269043E-002  0.10871661780083577     
  -2.8455558745256012E-002   9.7630565364377572E-002
  -2.9992121503908377E-002   8.5972376905174910E-002
  -3.1214445538265582E-002   7.3867788157892925E-002
  -3.2179345581547898E-002   6.1412607507870198E-002
  -3.2931781924883961E-002   4.8676173146098609E-002
  -3.3498871720620521E-002   3.5708904341904733E-002
  -3.3886587254742376E-002   2.2552761668115571E-002
  -3.4079750717032169E-002   9.2527584851446031E-003
  -3.4045252091816400E-002  -4.1325314168584584E-003
  -3.3737771617265641E-002  -1.7523262432146851E-002
  -3.3106685280388418E-002  -3.0814548027272345E-002
  -3.2102450657065698E-002  -4.3876802418562073E-002
  -3.0680837300801046E-002  -5.6559237078524539E-002
  -2.8804006167967858E-002  -6.8694647666462300E-002
  -2.6438562004417215E-002  -8.0103286945290772E-002
  -2.3551971028675511E-002  -9.0594021927032406E-002
  -2.0109700486261237E-002  -9.9962062754263198E-002
  -1.6075699250038593E-002 -0.10798403729474791     
  -1.1418243030470676E-002 -0.11441262187117265     
  -6.1218867610345262E-003 -0.11897391937190051     
  -2.0466804054594477E-004 -0.12137114786522765     
   6.2619370583220056E-003 -0.12129805971901265     
   1.3134437510350159E-002 -0.11846487121383568     
   2.0185736817333332E-002 -0.11263788429842178     
   2.7106629330866966E-002 -0.10369058966575070     
   3.3524545119644415E-002  -9.1658767946363948E-002
   3.9038848423208865E-002  -7.6787051616107702E-002
   4.3266749717487084E-002  -5.9553108707686903E-002
   4.5892453802055762E-002  -4.0659072164610982E-002
   4.6714546661595600E-002  -2.0984631542072574E-002
   4.5686263906310566E-002  -1.5005208404677507E-003
   4.2936394451391795E-002   1.6849320902421940E-002
   3.8754611369611648E-002   3.3270464487756134E-002
   3.3537201675319463E-002   4.7206171179722548E-002
   2.7712225266613266E-002   5.8363576324730805E-002
   2.1674317094761940E-002   6.6682612746093953E-002
   1.5747636459086608E-002   7.2276373683962003E-002
   1.0175540185852899E-002   7.5370719478717887E-002
   5.1258380751399591E-003   7.6256288538523315E-002
   7.0215516738187365E-004   7.5254495983202982E-002
  -3.0436689182245253E-003   7.2694664618052879E-002
  -6.1003024897828750E-003   6.8898766747472903E-002
  -8.4872177910610535E-003   6.4171025168084719E-002
  -1.0246288632704274E-002   5.8790791489980176E-002
  -1.1434490925537173E-002   5.3007931047409640E-002
  -1.2117703600820942E-002   4.7040283148788650E-002
  -1.2365652670768307E-002   4.1072877366889242E-002
  -1.2248038664743104E-002   3.5258585228484914E-002
  -1.1831826914690313E-002   2.9719829960650545E-002
  -1.1179547125895861E-002   2.4550963914668676E-002
  -1.0348349488579267E-002   1.9821001355703815E-002
  -9.3895871587738149E-003   1.5576514890916597E-002
  -8.3488269761924916E-003   1.1844569175689148E-002
  -7.2663195853245443E-003   8.6355083628425981E-003
  -6.1779227967430428E-003   5.9452858477242942E-003
  -5.1162045971508644E-003   3.7570114360430977E-003
  -4.1111292730325114E-003   2.0416690165745341E-003
  -3.1896875999050320E-003   7.5848222461070709E-004
  -2.3742757934925580E-003  -1.4415486266580843E-004
  -1.6803759143753101E-003  -7.2631054175192466E-004
  -1.1146367789024285E-003  -1.0524796171630529E-003
  -6.7437093702368259E-004  -1.1865304981700791E-003
  -3.4880566514809745E-004  -1.1868482212238796E-003
  -1.2163030430058482E-004  -1.1027975338306335E-003
   2.6035538872343199E-005  -9.7304033973894650E-004
   1.1303855370688745E-004  -8.2558203099750041E-004
   1.5636983879380000E-004  -6.7902460968574739E-004
   1.7018525076054587E-004  -5.4442535738867439E-004
   1.6551927951534510E-004  -4.2727412408212896E-004
   1.5046884891423487E-004  -3.2927742890950931E-004
   1.3063116213568509E-004  -2.4979965979144726E-004
   1.0962960181599197E-004  -1.8693044996547187E-004
   8.9622935801089251E-005  -1.3821612054154512E-004
   7.1744175514272667E-005  -1.0112147021901883E-004
   5.6449623998986015E-005  -7.3292248010389720E-005
   4.3779116211074139E-005  -5.2680873694774152E-005
   3.3539337865815517E-005  -3.7585303622462689E-005
   2.5426084414032161E-005  -2.6637493769905215E-005
   1.9100999656791566E-005  -1.8766248362003574E-005
   1.4236127924084424E-005  -1.3150254403961442E-005
   1.0536886197243259E-005  -9.1705992944447602E-006
   7.7513642910288095E-006  -6.3676215812402703E-006
   5.6715091241392220E-006  -4.4041307771347884E-006
   4.1299138224197874E-006  -3.0353948788043463E-006
   2.9945929510678537E-006  -2.0854229817372048E-006
   2.1631798594991114E-006  -1.4286775380201910E-006
   1.5573438653180989E-006  -9.7624595089223560E-007
   1.1178189912170421E-006  -6.6555058619771076E-007
   8.0019049458863529E-007  -4.5279388642360714E-007
   5.7144475767589977E-007  -3.0747411945129333E-007
   4.0721544258596024E-007  -2.0844276583443453E-007
   2.8962849559483897E-007  -1.4109403678441818E-007
   2.0564233224992053E-007  -9.5376128351593537E-008
   1.4578587671676334E-007  -6.4392976868652211E-008
   1.0320935381932853E-007  -4.3426740670735552E-008
   7.2976778374711899E-008  -2.9257829922397090E-008
   5.1542664789858798E-008  -1.9694000913598213E-008
   3.6367548903525121E-008  -1.3245508884537998E-008
   2.5637114001685374E-008  -8.9017943334496585E-009
   1.8058023599185412E-008  -5.9784402837754954E-009
   1.2710156240425368E-008  -4.0125742956719694E-009
   8.9400670368523463E-009  -2.6915537518446705E-009
   6.2844299510488840E-009  -1.8044485983845174E-009
   4.4151857593952785E-009  -1.2090971353006829E-009
   3.1003436073350286E-009  -8.0977442843874371E-010
   2.1760331978445673E-009  -5.4207765866973586E-010
   1.5266189850441073E-009  -3.6270999835358827E-010
   1.0705762651265049E-009  -2.4258381976360353E-010
   7.5047572511780578E-010  -1.6216980146958720E-010
   5.2589147621000609E-010  -1.0836362259438651E-010
   3.6838559152236306E-010  -7.2376901213927209E-011
   2.5796517281605366E-010  -4.8318681056320869E-011
   1.8058214821251380E-010  -3.2242047578107020E-011
   1.2637051015618048E-010  -2.1503772824416533E-011
   8.8404493327777958E-011  -1.4334465260182110E-011
   6.1824380068881224E-011  -9.5501817332656210E-012
   4.3221505636063695E-011  -6.3590442044261840E-012
   3.0205866884260356E-011  -4.2316243224702646E-012
   2.1102279425140724E-011  -2.8141069029577651E-012
   1.4736970635340372E-011  -1.8701378368095634E-012
   1.0287758146915958E-011  -1.2418969658359060E-012
   7.1789114517546235E-012  -8.2405046611460981E-013
   5.0073982332137561E-012  -5.4632817293617035E-013
   3.4911650992956234E-012  -3.6187445456802910E-013
   2.4328818261154081E-012  -2.3946243269851857E-013
   1.6945336716284974E-012  -1.5829237215679602E-013
   1.1796212600980572E-012  -1.0451795612783815E-013
   8.2069379373720554E-013  -6.8927460555587383E-014
   5.7062007256665505E-013  -4.5396551042827218E-014
   3.9647835193357709E-013  -2.9856417759863432E-014
   2.7528053068025236E-013  -1.9605942510429795E-014
   1.9098081961763378E-013  -1.2853436710870372E-014
   1.3238361774796659E-013  -8.4115005817936932E-015
   9.1680715154043846E-014  -5.4939627891377365E-015
   6.3428822857059809E-014  -3.5808382425423736E-015
   4.3835106359287611E-014  -2.3285826258098809E-015
   3.0258104127554071E-014  -1.5104944401538758E-015
   2.0859220011908948E-014  -9.7716914369583919E-016
   1.4359449280962404E-014  -6.3028147293338025E-016
   9.8696277140752403E-015  -4.0522018493011976E-016
   6.7720318286981351E-015  -2.5959780399820835E-016
   4.6378321462650571E-015  -1.6565603803010954E-016
   3.1695696208113005E-015  -1.0525199315514336E-016
   2.1610898261421146E-015  -6.6552403149017637E-017
   1.4696517052440669E-015  -4.1857029016127178E-017
   9.9652273118815604E-016  -2.6167680691453356E-017
   6.7348677826705789E-016  -1.6248969685572849E-017
   4.5346941472967823E-016  -1.0012908365448283E-017
   3.0402884559366762E-016  -6.1164719287939122E-018
   2.0284010229766353E-016  -3.6989786812951772E-018
   1.3456476900082734E-016  -2.2111048353550628E-018
   8.8683141223788131E-017  -1.3038398139394917E-018
   5.7994405766349480E-017  -7.5656813367756995E-019
   3.7580102921751016E-017  -4.3063303587346220E-019
   2.4088581272552587E-017  -2.3945393483278310E-019
   1.5241618779884178E-017  -1.2936828063062865E-019
   9.4946184972584493E-018  -6.7400625619910164E-020
   5.8027929845407529E-018  -3.3491288946572748E-020
   3.4603015919540830E-018  -1.5585613791559408E-020
   1.9896407288351762E-018  -6.5579144614198205E-021
   1.0651590608270583E-018  -2.2924400721305079E-021
   4.5762880800353162E-019  -4.7915423875666133E-022
   0.0000000000000000        0.0000000000000000     
