 Initial conditions outputted from a previous simulation. Time =    39.800000000000004     
   40.000000000000000        0.0000000000000000              500           1   39.800000000000004     
   4.0184711835509514E-002  0.11224084890577223     
   3.1837122125017853E-002  0.12559357955323330     
   2.3443678211360567E-002  0.13512761369906792     
   1.5281927962922536E-002  0.14102482296814481     
   7.6212699160609805E-003  0.14355186222963442     
   5.5889208573572946E-004  0.14305554596317679     
  -5.8096025643715188E-003  0.13986129334652059     
  -1.1463538496594884E-002  0.13430018637560370     
  -1.6415715559988806E-002  0.12668254149565222     
  -2.0699559996291923E-002  0.11729314941961166     
  -2.4362739501213621E-002  0.10639114883667698     
  -2.7458608174289110E-002   9.4209289086483738E-002
  -3.0041069864085057E-002   8.0955259317783759E-002
  -3.2161582694236371E-002   6.6814049823724353E-002
  -3.3867147919383153E-002   5.1950600939348196E-002
  -3.5199415009988126E-002   3.6512923403944221E-002
  -3.6194734386492788E-002   2.0635861263731795E-002
  -3.6884718469370088E-002   4.4457862328821877E-003
  -3.7296322580492432E-002  -1.1933549643951907E-002
  -3.7449705620979483E-002  -2.8374844164304192E-002
  -3.7352826627048918E-002  -4.4743364049516968E-002
  -3.6994792882175713E-002  -6.0898308505346457E-002
  -3.6342904020713190E-002  -7.6699384020156400E-002
  -3.5347076758739486E-002  -9.2014007311079060E-002
  -3.3950015879708292E-002 -0.10671915388095762     
  -3.2097473240346855E-002 -0.12069541586319016     
  -2.9744020026408864E-002 -0.13381564236873517     
  -2.6853516427157796E-002 -0.14593252748635996     
  -2.3395719021753560E-002 -0.15686892208317577     
  -1.9341136511875332E-002 -0.16641349772612396     
  -1.4657445258903912E-002 -0.17432257583015917     
  -9.3117973754030768E-003 -0.18032598235100256     
  -3.2814981064043054E-003 -0.18413287303957873     
   3.4288932709451102E-003 -0.18543517536973292     
   1.0768976787557170E-002 -0.18391080459664919     
   1.8626248220702937E-002 -0.17923284560024516     
   2.6812661444486390E-002 -0.17109231176996637     
   3.5053222784910402E-002 -0.15924100087456700     
   4.2979114416667845E-002 -0.14355736376167733     
   5.0134304029497090E-002 -0.12412989815375246     
   5.6007798017763268E-002 -0.10133851690614294     
   6.0097536052644701E-002  -7.5901911753309667E-002
   6.1998545443265031E-002  -4.8858874973768153E-002
   6.1494020315278300E-002  -2.1468439481950825E-002
   5.8617922665619986E-002   4.9558331495580350E-003
   5.3658081450544376E-002   2.9232288511629241E-002
   4.7089633883306864E-002   5.0460138146597035E-002
   3.9465101874074066E-002   6.8087101070794756E-002
   3.1310751181819169E-002   8.1890648774597286E-002
   2.3065368400586164E-002   9.1905510085031963E-002
   1.5062001911072511E-002   9.8338375307137293E-002
   7.5325508923391469E-003  0.10149285389178242     
   6.2062648548936409E-004  0.10171104628955528     
  -5.6010503407815391E-003   9.9333996263510971E-002
  -1.1111181213412221E-002   9.4681635769350792E-002
  -1.5922613289071103E-002   8.8047942133889903E-002
  -2.0069499327932252E-002   7.9703781861937953E-002
  -2.3598405170877992E-002   6.9900906066524715E-002
  -2.6562237310804992E-002   5.8873453913109094E-002
  -2.9016005805824124E-002   4.6836214344538080E-002
  -3.1013625388332230E-002   3.3981142633133878E-002
  -3.2605455445103612E-002   2.0474587817026942E-002
  -3.3836575497726160E-002   6.4572124422463311E-003
  -3.4745572260701990E-002  -7.9527182042092408E-003
  -3.5363424266329727E-002  -2.2653335239450151E-002
  -3.5712271369243688E-002  -3.7551879840635710E-002
  -3.5804165210116333E-002  -5.2557652808389241E-002
  -3.5640034645551058E-002  -6.7576515005619661E-002
  -3.5209347709777211E-002  -8.2507839706658162E-002
  -3.4491353007372223E-002  -9.7243751696657263E-002
  -3.3458326626211315E-002 -0.11166908511535495     
  -3.2079156302236789E-002 -0.12566035571829429     
  -3.0321095142292351E-002 -0.13908356001527841     
  -2.8149168014423766E-002 -0.15179140167801861     
  -2.5524802408964296E-002 -0.16361959099271053     
  -2.2405800514766063E-002 -0.17438282534939117     
  -1.8744658813487670E-002 -0.18387318426006166     
  -1.4490000795726573E-002 -0.19186000151272486     
  -9.5917104377146838E-003 -0.19808694780739303     
  -4.0149725524197362E-003 -0.20226881317531373     
   2.2413819207658591E-003 -0.20409807747744457     
   9.1430853258006855E-003 -0.20325815359695276     
   1.6596845272960428E-002 -0.19943115301646866     
   2.4428321817856754E-002 -0.19231637557768566     
   3.2379657220478857E-002 -0.18167583852896360     
   4.0123649252507027E-002 -0.16739228484780413     
   4.7269138848420628E-002 -0.14952459813956528     
   5.3384593918295961E-002 -0.12836224964836282     
   5.8048209090920733E-002 -0.10446468827862067     
   6.0911217215268883E-002  -7.8657113781013699E-002
   6.1775008385321767E-002  -5.1957132041237947E-002
   6.0572318791691206E-002  -2.5446549667037872E-002
   5.7408387401199731E-002  -1.6339575326883575E-004
   5.2599392486045365E-002   2.2989824790188119E-002
   4.6549026703940566E-002   4.3353113127806320E-002
   3.9653439727046311E-002   6.0548761587039798E-002
   3.2319755830571922E-002   7.4426763743049879E-002
   2.4898843152797480E-002   8.5005763304637258E-002
   1.7654087783602529E-002   9.2426399792845837E-002
   1.0775030003352211E-002   9.6901668028926552E-002
   4.3697031913125369E-003   9.8681383916094129E-002
  -1.4951990305878641E-003   9.8029460307896790E-002
  -6.7950225136730706E-003   9.5210956439972169E-002
  -1.1526645524164599E-002   9.0478328519261991E-002
  -1.5700651910357917E-002   8.4061195078228970E-002
  -1.9341716521849572E-002   7.6163707646221976E-002
  -2.2484572659824037E-002   6.6967721090278168E-002
  -2.5172764203475379E-002   5.6639593097428179E-002
  -2.7445172367094969E-002   4.5335537167573201E-002
  -2.9325715476626123E-002   3.3206347243859125E-002
  -3.0840967082899191E-002   2.0401850528681504E-002
  -3.2000583066733278E-002   7.0689059539699685E-003
  -3.2807084309092870E-002  -6.6469644349718242E-003
  -3.3263211274972726E-002  -2.0599867469280348E-002
  -3.3362499394123522E-002  -3.4644285650722126E-002
  -3.3118912661835961E-002  -4.8632130142155061E-002
  -3.2532140336057433E-002  -6.2416106631198100E-002
  -3.1579458495301430E-002  -7.5850626274577018E-002
  -3.0265427980927739E-002  -8.8788028130867599E-002
  -2.8626107450591569E-002 -0.10108245011565187     
  -2.6693285428993335E-002 -0.11259828645740606     
  -2.4493417563785615E-002 -0.12321292927215911     
  -2.2031703751471510E-002 -0.13281553859340264     
  -1.9279478565248025E-002 -0.14129880713540605     
  -1.6189850340882828E-002 -0.14854514308745129     
  -1.2702035353592741E-002 -0.15441386274577273     
  -8.7465662195788559E-003 -0.15873365171485798     
  -4.2799948927828872E-003 -0.16129999153777885     
   7.0666605889875837E-004 -0.16188202895555479     
   6.2021288023889265E-003 -0.16023716252425371     
   1.2163977992698517E-002 -0.15612597552696314     
   1.8531330682119131E-002 -0.14932900764421139     
   2.5218145014140346E-002 -0.13965918718617434     
   3.2099140533373038E-002 -0.12697225914380936     
   3.9054218757913886E-002 -0.11118393816166458     
   4.5875568112164623E-002  -9.2285072239573704E-002
   5.2289722903260567E-002  -7.0376961096805288E-002
   5.7910851734149317E-002  -4.5716164481098054E-002
   6.2234164756474003E-002  -1.8766098563291207E-002
   6.4704939637802758E-002   9.7602751912887337E-003
   6.4921807734836065E-002   3.8894861471482231E-002
   6.2719558540489703E-002   6.7483067941338334E-002
   5.8298386634863773E-002   9.4316399801350731E-002
   5.2075831529819781E-002  0.11832006586615844     
   4.4627946566950301E-002  0.13871301168217209     
   3.6497590964856455E-002  0.15510008303056813     
   2.8140386924823454E-002  0.16745342119809412     
   1.9890741520926486E-002  0.17600893838240181     
   1.2010589340550295E-002  0.18113066298718419     
   4.6751620839700905E-003  0.18320538215357432     
  -1.9544191153811749E-003  0.18258514922403313     
  -7.8107451122998535E-003  0.17958899612552415     
  -1.2848085374941722E-002  0.17451631598567111     
  -1.7057968770726538E-002  0.16766422779366860     
  -2.0489280723134589E-002  0.15933059548341341     
  -2.3243856127067121E-002  0.14980198504551043     
  -2.5424676175851969E-002  0.13933586051966435     
  -2.7132974652977964E-002  0.12814983957112419     
  -2.8463863687641460E-002  0.11642005685650730     
  -2.9479909643879657E-002  0.10428629079522377     
  -3.0204693580001871E-002   9.1861791748833632E-002
  -3.0657354742712199E-002   7.9244765145599694E-002
  -3.0857214735329652E-002   6.6525266537795780E-002
  -3.0811080404582712E-002   5.3788309366807743E-002
  -3.0518353737343625E-002   4.1117112045636776E-002
  -2.9976306227450712E-002   2.8597052864946921E-002
  -2.9172318790350881E-002   1.6319588002744800E-002
  -2.8094641607856782E-002   4.3866802198642219E-003
  -2.6727796701359174E-002  -7.0875433181381911E-003
  -2.5040980164893437E-002  -1.7978107284896128E-002
  -2.3001268220151399E-002  -2.8150306996781761E-002
  -2.0583642595804377E-002  -3.7460678968313385E-002
  -1.7740187400272635E-002  -4.5758026541618230E-002
  -1.4421564912994629E-002  -5.2877933607670013E-002
  -1.0574881133487634E-002  -5.8636344528839549E-002
  -6.1593628278555270E-003  -6.2822451283186351E-002
  -1.1383115684177139E-003  -6.5195011120196156E-002
   4.5122956849837741E-003  -6.5481974262661863E-002
   1.0830530799770158E-002  -6.3386274061512440E-002
   1.7789498096711726E-002  -5.8591368684187066E-002
   2.5320913189817718E-002  -5.0782751693887795E-002
   3.3236535552722053E-002  -3.9676544705098724E-002
   4.1279520579807862E-002  -2.5072573822150890E-002
   4.9038028573063150E-002  -6.9134808607488833E-003
   5.6002431437400690E-002   1.4639677012747198E-002
   6.1523969937008448E-002   3.9144494020415407E-002
   6.4946038136165243E-002   6.5831881809387816E-002
   6.5712339661101224E-002   9.3617995724666322E-002
   6.3651149592124090E-002  0.12118290456414883     
   5.8992399473301663E-002  0.14713648966697085     
   5.2258929164824726E-002  0.17022770598536024     
   4.4051670451711038E-002  0.18953962948632211     
   3.5113770570862665E-002  0.20458745202359471     
   2.6126668916459345E-002  0.21532622645221294     
   1.7558296295169692E-002  0.22205966200377056     
   9.6694782942156523E-003  0.22528994057548771     
   2.6048256552676421E-003  0.22556676196242245     
  -3.6452517992216632E-003  0.22338759769487776     
  -9.1483782075500730E-003  0.21914973816926472     
  -1.3897939301617646E-002  0.21314863090386724     
  -1.7877665858585884E-002  0.20561082775147085     
  -2.1201591823967136E-002  0.19673417469667503     
  -2.3966077872603832E-002  0.18669842192897795     
  -2.6205343236105377E-002  0.17566968432539146     
  -2.8015058871627262E-002  0.16380867272202521     
  -2.9467203197345505E-002  0.15126533043855614     
  -3.0571782655719228E-002  0.13818049237268992     
  -3.1348852497660187E-002  0.12469356982038519     
  -3.1834567660669361E-002  0.11094407356958631     
  -3.2054654992514385E-002   9.7068201215511921E-002
  -3.2035551588121443E-002   8.3192510399932112E-002
  -3.1809382975409875E-002   6.9428768486456571E-002
  -3.1351557928378730E-002   5.5871753816501800E-002
  -3.0584114502361766E-002   4.2607702653534682E-002
  -2.9474964955017269E-002   2.9732257801876362E-002
  -2.8027180233386382E-002   1.7360043131687892E-002
  -2.6202225285246742E-002   5.6251015544977849E-003
  -2.3948623734169970E-002  -5.3163057558288148E-003
  -2.1221174032462417E-002  -1.5285681671441936E-002
  -1.7965591286855560E-002  -2.4084750427247260E-002
  -1.4150280335389604E-002  -3.1496203786248324E-002
  -9.7570702936676211E-003  -3.7289365457076590E-002
  -4.7626458578428612E-003  -4.1225479542525936E-002
   8.5445480615304454E-004  -4.3061213807569623E-002
   7.0888675595593663E-003  -4.2551022800417670E-002
   1.3883381999831813E-002  -3.9450824328114073E-002
   2.1162112774731578E-002  -3.3533618299891925E-002
   2.8758349109681013E-002  -2.4608922249966209E-002
   3.6425418707959144E-002  -1.2561353421458111E-002
   4.3835691340308611E-002   2.5960006171051619E-003
   5.0480362476188818E-002   2.0667377088917364E-002
   5.5759552364186955E-002   4.1216124579563286E-002
   5.9172301274347867E-002   6.3532755873042177E-002
   6.0314410577013797E-002   8.6668306993423483E-002
   5.8951441042886354E-002  0.10952475304251051     
   5.5147189169452729E-002  0.13099580654836798     
   4.9324096946695123E-002  0.15012659361498437     
   4.2091462622603423E-002  0.16625334473946690     
   3.4074223608730067E-002  0.17906537795976593     
   2.5835858684420704E-002  0.18856303315229314     
   1.7732167894877797E-002  0.19494786378171755     
   9.9423676071717284E-003  0.19848746438691645     
   2.6652254133740757E-003  0.19941470317883836     
  -3.8934259278910746E-003  0.19791163011265586     
  -9.6236153181103162E-003  0.19414973449369491     
  -1.4525438343595331E-002  0.18833507609659805     
  -1.8668562598708312E-002  0.18072605655205631     
  -2.2117267134397208E-002  0.17161515515440859     
  -2.4929198790028483E-002  0.16129872122230732     
  -2.7156715187356874E-002  0.15004821871854684     
  -2.8877210915291815E-002  0.13809472397512257     
  -3.0191688884192255E-002  0.12562339055697258     
  -3.1190308610557698E-002  0.11277309479292304     
  -3.1941357627139066E-002   9.9642196902672328E-002
  -3.2497930405224196E-002   8.6297849587073941E-002
  -3.2887307744128118E-002   7.2786050390564266E-002
  -3.3115793946304366E-002   5.9143571763631678E-002
  -3.3168174332018061E-002   4.5409298800166753E-002
  -3.3011697815375940E-002   3.1635508377288860E-002
  -3.2595765520267550E-002   1.7896883365780353E-002
  -3.1859157998496875E-002   4.2983442983868256E-003
  -3.0734366268719459E-002  -9.0207714763390554E-003
  -2.9143696926684108E-002  -2.1886735474035964E-002
  -2.7032374639875005E-002  -3.4091139540123779E-002
  -2.4337171870334701E-002  -4.5398995896207051E-002
  -2.1013760059848598E-002  -5.5551921880372383E-002
  -1.7033177167069136E-002  -6.4274091299166558E-002
  -1.2360401026310266E-002  -7.1280043467298493E-002
  -7.0249961607439281E-003  -7.6274522237478715E-002
  -1.0654291807761489E-003  -7.8965351311786558E-002
   5.4468063473199491E-003  -7.9071720451193123E-002
   1.2383721650498034E-002  -7.6335460583572226E-002
   1.9572096768481834E-002  -7.0542857710698750E-002
   2.6788948880304482E-002  -6.1552542798644201E-002
   3.3692519987082496E-002  -4.9325529980461205E-002
   3.9992670802265533E-002  -3.3980700260472556E-002
   4.5347701804593091E-002  -1.5816862522312822E-002
   4.9412637283160428E-002   4.6691905283286431E-003
   5.1938893989469673E-002   2.6786139146038529E-002
   5.2725417576291560E-002   4.9700501393383709E-002
   5.1684055987286148E-002   7.2502841289253356E-002
   4.8906284620806317E-002   9.4290291359306014E-002
   4.4608646060823459E-002  0.11426789096076403     
   3.9125379772870991E-002  0.13181889239404621     
   3.2846666939534586E-002  0.14654130418314779     
   2.6082852870500044E-002  0.15824924806579152     
   1.9145063137534231E-002  0.16690699015261659     
   1.2270451452933829E-002  0.17257100625338168     
   5.6214451775513045E-003  0.17536690098868615     
  -6.6005581665346794E-004  0.17547965647089112     
  -6.4567679543154439E-003  0.17313661156089122     
  -1.1696348566316135E-002  0.16858680683309044     
  -1.6347481615698368E-002  0.16208873103138643     
  -2.0400646410308265E-002  0.15389998328745039     
  -2.3861333117167007E-002  0.14426815402179088     
  -2.6748729161698431E-002  0.13342950025039027     
  -2.9091559717869593E-002  0.12161031253812328     
  -3.0928214546371950E-002  0.10902315467307497     
  -3.2308204267291966E-002   9.5859323139519073E-002
  -3.3285856077297664E-002   8.2283440048465620E-002
  -3.3909667172946460E-002   6.8434026770882450E-002
  -3.4215784859400439E-002   5.4429674272714029E-002
  -3.4227378321987197E-002   4.0377052409224110E-002
  -3.3957136386311017E-002   2.6377042966552793E-002
  -3.3410105149316346E-002   1.2528178904584979E-002
  -3.2585172927993074E-002  -1.0712654200476046E-003
  -3.1475240945118436E-002  -1.4321307227824469E-002
  -3.0067166547806393E-002  -2.7118153787550680E-002
  -2.8341720122659592E-002  -3.9352149126387216E-002
  -2.6272737861781571E-002  -5.0905571800808236E-002
  -2.3825198077941492E-002  -6.1649357728669890E-002
  -2.0953535834658144E-002  -7.1437813357579011E-002
  -1.7602492379857584E-002  -8.0101616609688189E-002
  -1.3712239765514977E-002  -8.7440992386957433E-002
  -9.2278125669699607E-003  -9.3221581556984720E-002
  -4.1113947109949079E-003  -9.7174859455287865E-002
   1.6441454048742893E-003  -9.9003849472763514E-002
   8.0012147832664669E-003  -9.8394466021458279E-002
   1.4863172334742365E-002  -9.5033517017746913E-002
   2.2060705864230590E-002  -8.8635515247106805E-002
   2.9341552972125585E-002  -7.8980797093288577E-002
   3.6367720947583046E-002  -6.5966218109243857E-002
   4.2725560858260098E-002  -4.9666493085068868E-002
   4.7955584238960014E-002  -3.0397902292378924E-002
   5.1608928602491728E-002  -8.7649530595629715E-003
   5.3329443750000705E-002   1.4341591833757408E-002
   5.2940976668675185E-002   3.7824843340268990E-002
   5.0501014999462961E-002   6.0537744356094131E-002
   4.6288137247078760E-002   8.1463713023794113E-002
   4.0726711067707554E-002   9.9849109197948246E-002
   3.4287976254790332E-002  0.11524615419531896     
   2.7409426208216139E-002  0.12747908902218272     
   2.0449600113971015E-002  0.13657407915035061     
   1.3673473025344789E-002  0.14268617826138782     
   7.2579194155324642E-003  0.14603957957645833     
   1.3080302897308727E-003  0.14688615804376878     
  -4.1237190498962248E-003  0.14548086135617633     
  -9.0209873270946459E-003  0.14206902325673149     
  -1.3391715982023293E-002  0.13688040176874780     
  -1.7260344586620305E-002  0.13012624946073054     
  -2.0662430762762248E-002  0.12199740353078418     
  -2.3639836834212336E-002  0.11266281657585163     
  -2.6235315201265628E-002  0.10226920998036820     
  -2.8486491911327360E-002   9.0943056535679898E-002
  -3.0420326356043064E-002   7.8795526438627472E-002
  -3.2049576844362826E-002   6.5929875184602943E-002
  -3.3372324233881437E-002   5.2449721575552305E-002
  -3.4374471736793574E-002   3.8466268001884033E-002
  -3.5034070250826908E-002   2.4102970462227858E-002
  -3.5325889509049205E-002   9.4971962222281155E-003
  -3.5224944050525175E-002  -5.2005877851051844E-003
  -3.4708375089566076E-002  -1.9829002661431405E-002
  -3.3755780272010594E-002  -3.4218184990964212E-002
  -3.2348534681515349E-002  -4.8191611796539670E-002
  -3.0468835432701159E-002  -6.1566913623807007E-002
  -2.8099201395910826E-002  -7.4155697373402829E-002
  -2.5223031658016086E-002  -8.5762757192882011E-002
  -2.1826610780048609E-002  -9.6185300558111947E-002
  -1.7902686450168036E-002 -0.10521294259359484     
  -1.3455481312467078E-002 -0.11262924011151176     
  -8.5067477506088427E-003 -0.11821549702090170     
  -3.1021605080638636E-003 -0.12175749613701142     
   2.6831316513469560E-003 -0.12305557495349861     
   8.7414509481842564E-003 -0.12193776681514816     
   1.4933413519803547E-002 -0.11827442566665546     
   2.1091880662018506E-002 -0.11199159255980735     
   2.7024361903167992E-002 -0.10308147891372556     
   3.2506826848733718E-002  -9.1613964325464467E-002
   3.7267381234928620E-002  -7.7760883893180033E-002
   4.0974458060243461E-002  -6.1845101785618251E-002
   4.3260406113574797E-002  -4.4406123258930716E-002
   4.3803814613296618E-002  -2.6236985300300601E-002
   4.2450319607072337E-002  -8.3296049259728236E-003
   3.9302468667971498E-002   8.2903070094428530E-003
   3.4712325379026215E-002   2.2770808812053105E-002
   2.9178841304677555E-002   3.4574365482404688E-002
   2.3218865404256345E-002   4.3497720667712673E-002
   1.7277925313523023E-002   4.9605111380081009E-002
   1.1694458534138752E-002   5.3138347443636387E-002
   6.6969112064878848E-003   5.4439425200417481E-002
   2.4158024293770876E-003   5.3892992170533921E-002
  -1.0972428432457684E-003   5.1887324296820629E-002
  -3.8492672536287165E-003   4.8790192147940961E-002
  -5.8882999862236753E-003   4.4934613056123104E-002
  -7.2886029588763264E-003   4.0610852613632245E-002
  -8.1385034266214205E-003   3.6062950096859323E-002
  -8.5309818549022080E-003   3.1488613037249411E-002
  -8.5568314694915697E-003   2.7041503082772932E-002
  -8.2999077706554739E-003   2.2835259383487360E-002
  -7.8341839192086257E-003   1.8948742334863673E-002
  -7.2224250277427033E-003   1.5431937036723308E-002
  -6.5162645464715008E-003   1.2311921799288380E-002
  -5.7574575090188311E-003   9.5982865531223753E-003
  -4.9799436800771462E-003   7.2874161709737140E-003
  -4.2120808736118270E-003   5.3652882833031199E-003
  -3.4782720745390049E-003   3.8089148556446767E-003
  -2.7994279778976714E-003   2.5870845376325126E-003
  -2.1922586333447138E-003   1.6613232378222414E-003
  -1.6679951116750919E-003   9.8777740176805070E-004
  -1.2314253756458610E-003   5.2012403157784153E-004
  -8.8090661470231182E-004   2.1298129210335227E-004
  -6.0946682625741429E-004   2.5004870934574659E-005
  -4.0660921300730396E-004  -7.8984105253802257E-005
  -2.6024895061521310E-004  -1.2707593196653515E-004
  -1.5833399541450134E-004  -1.4040114880479264E-004
  -8.9945821851160525E-005  -1.3396022813017759E-004
  -4.5878830563269220E-005  -1.1778783443792266E-004
  -1.8805677076642159E-005  -9.8167892186114671E-005
  -3.1689996296750856E-006  -7.8723357641516823E-005
   5.0714889299155745E-006  -6.1299774310111591E-005
   8.7408504706191774E-006  -4.6629074899498188E-005
   9.7409351884638932E-006  -3.4797595373849213E-005
   9.3029772619549942E-006  -2.5556956704387224E-005
   8.1902596403728845E-006  -1.8517977031173772E-005
   6.8516394908169197E-006  -1.3262963960758302E-005
   5.5325839754724184E-006  -9.4043885396339366E-006
   4.3523583844755047E-006  -6.6103817426065809E-006
   3.3557250515538082E-006  -4.6110779827756160E-006
   2.5462902314298602E-006  -3.1949400889604369E-006
   1.9071704512548019E-006  -2.2006759461312111E-006
   1.4132201906541443E-006  -1.5079478817410578E-006
   1.0378350838174829E-006  -1.0285371462269701E-006
   7.5639579647438913E-007  -6.9870239002349391E-007
   5.4772424901667156E-007  -4.7294574519050399E-007
   3.9443046441849516E-007  -3.1912599624438039E-007
   2.8269054251829613E-007  -2.1473818298595943E-007
   2.0177545594949879E-007  -1.4414475563675351E-007
   1.4351022524448048E-007  -9.6551908132690504E-008
   1.0175625035480588E-007  -6.4552148043800526E-008
   7.1958224117658918E-008  -4.3087432071216498E-008
   5.0768454329945426E-008  -2.8719110461337953E-008
   3.5746547751653027E-008  -1.9118398059596326E-008
   2.5125568500344801E-008  -1.2713414815091258E-008
   1.7633529499651199E-008  -8.4462612676551624E-009
   1.2359221436680935E-008  -5.6067594717408133E-009
   8.6526111950324660E-009  -3.7192123040373684E-009
   6.0516441917534081E-009  -2.4655955092251612E-009
   4.2288965354144511E-009  -1.6336499018842196E-009
   2.9529634001878427E-009  -1.0819116573331180E-009
   2.0606757025134626E-009  -7.1621757746837487E-010
   1.4372067309504998E-009  -4.7395710562646525E-010
   1.0018878277862490E-009  -3.1353837223661228E-010
   6.9813094816846707E-010  -2.0735436832753377E-010
   4.8629094620818513E-010  -1.3709340096673367E-010
   3.3862333321464214E-010  -9.0616624747638262E-011
   2.3573039322462626E-010  -5.9881345242570028E-011
   1.6406120879195032E-010  -3.9561191313460138E-011
   1.1415601021705495E-010  -2.6130079188063650E-011
   7.9415023122734667E-011  -1.7254515395081588E-011
   5.5236197327900382E-011  -1.1390700310760390E-011
   3.8411939463657630E-011  -7.5175538248494913E-012
   2.6707440657546060E-011  -4.9598886800743478E-012
   1.8566169185586493E-011  -3.2713376857493336E-012
   1.2904318268758608E-011  -2.1568687345453229E-012
   8.9674237547143236E-012  -1.4215161576999315E-012
   6.2303979095272815E-012  -9.3646706146154468E-013
   4.3278624859748917E-012  -6.1663289973759435E-013
   3.0056150478525958E-012  -4.0581972454788938E-013
   2.0868282533091349E-012  -2.6692456321487246E-013
   1.4485159219024209E-012  -1.7545561941779793E-013
   1.0051510891782514E-012  -1.1525013590237397E-013
   6.9726475800285016E-013  -7.5645065438406491E-014
   4.8351236995714276E-013  -4.9607991638372067E-014
   3.3515409710569709E-013  -3.2502635445100957E-014
   2.3221504544931969E-013  -2.1273662387362919E-014
   1.6081441818250028E-013  -1.3908494870178304E-014
   1.1130798325058540E-013  -9.0820909271403791E-015
   7.6996328700531662E-014  -5.9225517589231974E-015
   5.3226673399604140E-014  -3.8565059240522830E-015
   3.6768401748061109E-014  -2.5071530875579402E-015
   2.5378958546679641E-014  -1.6270583709866811E-015
   1.7502115605485965E-014  -1.0538721087909868E-015
   1.2058276753225855E-014  -6.8116868660841957E-016
   8.2987702629717263E-015  -4.3925249858982340E-016
   5.7046215795457389E-015  -2.8253185710062732E-016
   3.9162420410599691E-015  -1.8121888481900357E-016
   2.6846025604429795E-015  -1.1587721082015766E-016
   1.8373357339992049E-015  -7.3843280146078596E-017
   1.2552087643273016E-015  -4.6879536778867389E-017
   8.5579950780140621E-016  -2.9636958463638442E-017
   5.8217432936732434E-016  -1.8648916375924402E-017
   3.9503826655767476E-016  -1.1673530618331351E-017
   2.6729499532829648E-016  -7.2643802419349392E-018
   1.8027865791939131E-016  -4.4906827022721016E-018
   1.2114515892920651E-016  -2.7551920663278928E-018
   8.1067242933183634E-017  -1.6758991066117666E-018
   5.3986523845548966E-017  -1.0093283311903948E-018
   3.5751236673914210E-017  -6.0091182367891132E-019
   2.3520972879264489E-017  -3.5295735626649159E-019
   1.5356094889519829E-017  -2.0402699575706270E-019
   9.9348064479723133E-018  -1.1570001692921027E-019
   6.3583908115896545E-018  -6.4103309543509690E-020
   4.0172856745829066E-018  -3.4511776500397808E-020
   2.4990889307757292E-018  -1.7920017253076436E-020
   1.5254216009443099E-018  -8.8757248310334441E-021
   9.0860064262308984E-019  -4.1178079493440718E-021
   5.2192539489222255E-019  -1.7277270915373450E-021
   2.7918441838914104E-019  -6.0243781341056656E-022
   1.1985419353713164E-019  -1.2558465792859240E-022
   0.0000000000000000        0.0000000000000000     
