 Initial conditions outputted from a previous simulation. Time =    30.600000000000001     
   40.000000000000000        0.0000000000000000              500           1   30.600000000000001     
  -2.1987977952676166E-002 -0.12530773865328795     
  -1.7830104011524538E-002 -0.13528392142923476     
  -1.3082171894794332E-002 -0.14359064283786466     
  -7.6492422302472619E-003 -0.14995097051005904     
  -1.5409721061019209E-003 -0.15407152261905213     
   5.2723744390616332E-003 -0.15561403343360392     
   1.2720486696773123E-002 -0.15424979851536319     
   2.0684444469364856E-002 -0.14964324998767359     
   2.8963317759556670E-002 -0.14149189418129465     
   3.7255795959150129E-002 -0.12956943385837308     
   4.5157829872390684E-002 -0.11378857009342566     
   5.2175273869894838E-002  -9.4282194685168311E-002
   5.7767288848501935E-002  -7.1484937687570041E-002
   6.1425327739756473E-002  -4.6183203439879625E-002
   6.2774472969923237E-002  -1.9491835020752829E-002
   6.1663836468459660E-002   7.2672739380783549E-003
   5.8205078878448717E-002   3.2761339595574916E-002
   5.2738613313811133E-002   5.5848565170152034E-002
   4.5745497801948296E-002   7.5714384802996013E-002
   3.7748788763175299E-002   9.1912119130261385E-002
   2.9241027041145062E-002  0.10432276179770864     
   2.0645478811785467E-002  0.11306853492139600     
   1.2298448685516869E-002  0.11841615479270648     
   4.4433991132638104E-003  0.12069806722983493     
  -2.7623149668018466E-003  0.12026257718140891     
  -9.2302158232905607E-003  0.11744566407735005     
  -1.4923499713089554E-002  0.11255401308005437     
  -1.9847202498441577E-002  0.10585738988321879     
  -2.4041839900770797E-002   9.7591831599458570E-002
  -2.7573150032530629E-002   8.7969367946401242E-002
  -3.0517337677949972E-002   7.7186175634142470E-002
  -3.2947341551581327E-002   6.5424851234235595E-002
  -3.4924695726390835E-002   5.2852460596760270E-002
  -3.6497406469999258E-002   3.9618396894745729E-002
  -3.7701920304704234E-002   2.5854572003705653E-002
  -3.8566475752578357E-002   1.1678035676028729E-002
  -3.9113026759149745E-002  -2.8045781128489067E-003
  -3.9357359690894572E-002  -1.7491159661765197E-002
  -3.9309858314877717E-002  -3.2278515245834222E-002
  -3.8976850549873189E-002  -4.7059333500467780E-002
  -3.8358954506167831E-002  -6.1720995857341955E-002
  -3.7446958822753736E-002  -7.6144637197901807E-002
  -3.6220291027001222E-002  -9.0204764884760133E-002
  -3.4649317958674083E-002 -0.10376785625640024     
  -3.2698284324318067E-002 -0.11668887310447994     
  -3.0327229725363367E-002 -0.12880667353725087     
  -2.7493025215173210E-002 -0.13993948076803370     
  -2.4149624105889955E-002 -0.14988136445721154     
  -2.0248325614003543E-002 -0.15840067084276049     
  -1.5739753768827771E-002 -0.16524066756035627     
  -1.0579033634088070E-002 -0.17012191790278389     
  -4.7350857062705837E-003 -0.17274581291145175     
   1.7955415732291606E-003 -0.17279918214084780     
   8.9709035606071082E-003 -0.16996087573919058     
   1.6683890279409232E-002 -0.16391280958141580     
   2.4743332397697989E-002 -0.15436032834146912     
   3.2859750863261934E-002 -0.14106921536987049     
   4.0641275939950823E-002 -0.12392645844146852     
   4.7607475476713741E-002 -0.10302459417180966     
   5.3229383985100832E-002  -7.8753138318578136E-002
   5.6999955659929012E-002  -5.1860445484734466E-002
   5.8527508703515398E-002  -2.3439653380129023E-002
   5.7626789354609416E-002   5.1890544840994708E-003
   5.4370256343602395E-002   3.2678200358383126E-002
   4.9072834747332907E-002   5.7862727491868472E-002
   4.2215782373492536E-002   7.9900147321768408E-002
   3.4344242158384906E-002   9.8305975446333099E-002
   2.5976451298315242E-002  0.11290589706039025     
   1.7545606030995638E-002  0.12375242267590242     
   9.3768361832863006E-003  0.13104484962314944     
   1.6910414234714640E-003  0.13506859296590146     
  -5.3767126937337758E-003  0.13615293830594796     
  -1.1755777541354930E-002  0.13464114380193060     
  -1.7421778078339542E-002  0.13086894801880786     
  -2.2381374331612948E-002  0.12515022684941299     
  -2.6662332019198768E-002  0.11776916233622582     
  -3.0307282457836305E-002  0.10897747991076064     
  -3.3368524898162361E-002   9.8996290962405392E-002
  -3.5903303605432875E-002   8.8021779460577779E-002
  -3.7968232765735410E-002   7.6231038024192968E-002
  -3.9614802513033592E-002   6.3785182503277457E-002
  -4.0886873990990683E-002   5.0831150170294978E-002
  -4.1818824634268566E-002   3.7504033557161330E-002
  -4.2434338099184073E-002   2.3928408015661901E-002
  -4.2745697102000546E-002   1.0218163642011793E-002
  -4.2758396782488155E-002  -3.5219086158161947E-003
  -4.2474250564837508E-002  -1.7192658562281787E-002
  -4.1891480228112947E-002  -3.0696039991976055E-002
  -4.1005481111845786E-002  -4.3927839616792606E-002
  -3.9802587822672514E-002  -5.6769909389236123E-002
  -3.8260660614979833E-002  -6.9087346085915408E-002
  -3.6346809145632493E-002  -8.0732361706285324E-002
  -3.4016875923201753E-002  -9.1545530787257898E-002
  -3.1219248639471685E-002 -0.10134863548953270     
  -2.7900266012795327E-002 -0.10993998413417601     
  -2.4007321818810136E-002 -0.11710080057672062     
  -1.9483719100181922E-002 -0.12259481315122904     
  -1.4324287063378375E-002 -0.12615625618604986     
  -8.5410047051418560E-003 -0.12750270501354261     
  -2.1583614699074482E-003 -0.12634885364762860     
   4.7413293307111727E-003 -0.12240674553253340     
   1.2017869244277267E-002 -0.11540751043425714     
   1.9502250304641585E-002 -0.10513816253741892     
   2.6961430821069804E-002  -9.1467628887213520E-002
   3.4117578970219165E-002  -7.4381970914189161E-002
   4.0658953370946951E-002  -5.4015737025200246E-002
   4.6196728875356460E-002  -3.0673665758196484E-002
   5.0383890445679501E-002  -4.8687284393946926E-003
   5.2848823894653556E-002   2.2674535337503930E-002
   5.3249774600422461E-002   5.1029369005474487E-002
   5.1392823431312781E-002   7.9104356209757531E-002
   4.7302694550919434E-002  0.10574886289743286     
   4.1335856979992751E-002  0.12990341855994242     
   3.4099285519708054E-002  0.15077056753814724     
   2.6123446581537112E-002  0.16793122976416047     
   1.7854367930800211E-002  0.18130851850110721     
   9.6566091483967619E-003  0.19105591083430870     
   1.7540419644482223E-003  0.19744517995175609     
  -5.6496851822887394E-003  0.20077196405591446     
  -1.2428101866857019E-002  0.20133191450877355     
  -1.8511449837626169E-002  0.19941768952100405     
  -2.3854464471883732E-002  0.19532135751678334     
  -2.8443576927728292E-002  0.18933963975356113     
  -3.2281277563572512E-002  0.18176921305879287     
  -3.5383220214013016E-002  0.17290008256548656     
  -3.7795906684339547E-002  0.16301009359158236     
  -3.9582292355884036E-002  0.15235420255191567     
  -4.0837670178718324E-002  0.14115693624724071     
  -4.1663510584917622E-002  0.12960227700645088     
  -4.2146659256909511E-002  0.11782773057253615     
  -4.2354351469576480E-002  0.10592719873148009     
  -4.2314248004938153E-002   9.3960923026436355E-002
  -4.2022806230217390E-002   8.1974390303305375E-002
  -4.1470116455697585E-002   7.0019069283663221E-002
  -4.0653627118598171E-002   5.8167188225187780E-002
  -3.9573283941577594E-002   4.6516198420156619E-002
  -3.8220493679839256E-002   3.5183604692225368E-002
  -3.6584120795727391E-002   2.4298087606439298E-002
  -3.4644703649484576E-002   1.3989159687358942E-002
  -3.2383384141447022E-002   4.3819904029979749E-003
  -2.9775814495710099E-002  -4.4026051722392406E-003
  -2.6782871316465118E-002  -1.2242828493439883E-002
  -2.3365951642569972E-002  -1.9003966313102392E-002
  -1.9489522596651432E-002  -2.4528740774972663E-002
  -1.5115693187797123E-002  -2.8630195631014654E-002
  -1.0214538279789378E-002  -3.1087230183315870E-002
  -4.7111698958630351E-003  -3.1648758418318615E-002
   1.4310059659003354E-003  -3.0028391476262337E-002
   8.2200601674737705E-003  -2.5914215336146740E-002
   1.5562155428653138E-002  -1.8982694990201630E-002
   2.3249874237075370E-002  -8.9283918245962272E-003
   3.1064799392311750E-002   4.4800899962825370E-003
   3.8642310473131949E-002   2.1351386400154916E-002
   4.5474894767648905E-002   4.1605409209550782E-002
   5.1064265729656423E-002   6.4896308780200182E-002
   5.4809027869527877E-002   9.0574349028112441E-002
   5.6160541048132930E-002  0.11766822173817940     
   5.4893265176121871E-002  0.14492988748642097     
   5.1067591347691954E-002  0.17097986741702645     
   4.5074575555578401E-002  0.19450262174118299     
   3.7519810666809386E-002  0.21446566187391844     
   2.9132155432693187E-002  0.23026997395376031     
   2.0526073890747783E-002  0.24179431592453968     
   1.2132997682326041E-002  0.24930873603958412     
   4.2890998616017823E-003  0.25330019102792201     
  -2.7845763996296991E-003  0.25430888315545458     
  -9.0458810632442991E-003  0.25282527356899798     
  -1.4444232677980158E-002  0.24923746318364318     
  -1.9050548395831982E-002  0.24385422976807772     
  -2.2975630951311405E-002  0.23692899742094969     
  -2.6285191426637846E-002  0.22868186157942855     
  -2.9006027901150484E-002  0.21931676911642367     
  -3.1208773715055215E-002  0.20902958514322936     
  -3.2962030167320015E-002  0.19800067009028674     
  -3.4336555325111810E-002  0.18638708809332072     
  -3.5382666039549204E-002  0.17431415981366186     
  -3.6149343142651127E-002  0.16187707142374211     
  -3.6659304199266343E-002  0.14914749483201131     
  -3.6925445578734659E-002  0.13618678293478820     
  -3.6970626916337603E-002  0.12305830888547278     
  -3.6837793424919142E-002  0.10983516499904701     
  -3.6526619612217280E-002   9.6597456281780847E-002
  -3.6014415104408427E-002   8.3431284238554865E-002
  -3.5297445380424113E-002   7.0428720272277659E-002
  -3.4342705032151324E-002   5.7684219329834210E-002
  -3.3071981370703475E-002   4.5299604114868761E-002
  -3.1400788480819689E-002   3.3397380950708232E-002
  -2.9252720047018791E-002   2.2132939589970944E-002
  -2.6587117155856013E-002   1.1701457348101650E-002
  -2.3390542864827876E-002   2.3297789770928864E-003
  -1.9646981178666374E-002  -5.7391085062714784E-003
  -1.5288455124124949E-002  -1.2262102814862020E-002
  -1.0244246833185059E-002  -1.6998525837142783E-002
  -4.5318411865245319E-003  -1.9696854079885012E-002
   1.8596001817647988E-003  -2.0090777892969834E-002
   8.9219414465797186E-003  -1.7890567495882328E-002
   1.6463384459869012E-002  -1.2783696056634585E-002
   2.4215595357701382E-002  -4.4790957774336173E-003
   3.1924238957436180E-002   7.2307811314818735E-003
   3.9245907080105634E-002   2.2410420554369273E-002
   4.5775016016914354E-002   4.0917433815259516E-002
   5.1084546708185179E-002   6.2357911313456901E-002
   5.4746258447124996E-002   8.6066149844527887E-002
   5.6289801384752862E-002  0.11112518375869436     
   5.5422059229349292E-002  0.13642023205731502     
   5.2246374262302241E-002  0.16074348378396822     
   4.7148610864330073E-002  0.18296082940867028     
   4.0641303304457303E-002  0.20217847137423903     
   3.3301323563787344E-002  0.21784863622116710     
   2.5587570731817565E-002  0.22979356808146503     
   1.7851427587075423E-002  0.23812667512184574     
   1.0382152857032619E-002  0.24312901940361659     
   3.3923954086552579E-003  0.24514122547210687     
  -2.9758136178985183E-003  0.24449684661930832     
  -8.6607496223989940E-003  0.24150398859021277     
  -1.3682671428803134E-002  0.23644976156042621     
  -1.8104791464906275E-002  0.22960451929426370     
  -2.1974004309818374E-002  0.22122045182787084     
  -2.5284424807383576E-002  0.21152607897220588     
  -2.8048288582596743E-002  0.20072788738062569     
  -3.0327122493537046E-002  0.18901088979932534     
  -3.2158423824956622E-002  0.17653355820135772     
  -3.3564944160658500E-002  0.16343104845148695     
  -3.4581800239392030E-002  0.14982263731750087     
  -3.5238683346521846E-002  0.13581762683604529     
  -3.5568703940056262E-002  0.12152041070432595     
  -3.5640611209345842E-002  0.10703400285343936     
  -3.5471688478928051E-002   9.2454987648226142E-002
  -3.5023286136571290E-002   7.7876006123185126E-002
  -3.4297804357269167E-002   6.3396472420252301E-002
  -3.3328345865014118E-002   4.9124262675538335E-002
  -3.2119182108991139E-002   3.5170948541395686E-002
  -3.0667349557370917E-002   2.1649599265298462E-002
  -2.8953496888588316E-002   8.6743418742180663E-003
  -2.6901027420298859E-002  -3.6336232043647594E-003
  -2.4397630405511673E-002  -1.5131853378459858E-002
  -2.1399864352215008E-002  -2.5638977395835701E-002
  -1.7885163291823623E-002  -3.4934646900444878E-002
  -1.3796990918643290E-002  -4.2769937786855089E-002
  -9.1015287362410241E-003  -4.8874358101708232E-002
  -3.7984362497347551E-003  -5.2963648009089738E-002
   2.1488056672673652E-003  -5.4747636153457735E-002
   8.7251641518402492E-003  -5.3923538383355452E-002
   1.5846719981437326E-002  -5.0179516496146361E-002
   2.3372051780276130E-002  -4.3211418254623928E-002
   3.1092764139394241E-002  -3.2757199008312705E-002
   3.8704577850276860E-002  -1.8655532429071472E-002
   4.5749951382475645E-002  -9.2094546772382685E-004
   5.1666111314224668E-002   2.0165580549792422E-002
   5.5866927502773375E-002   4.3981124821119648E-002
   5.7795115248886197E-002   6.9543064990716164E-002
   5.7140561178214484E-002   9.5564132682149486E-002
   5.3957697637955972E-002  0.12061057531889319     
   4.8621315332578824E-002  0.14333548763941009     
   4.1762101194865252E-002  0.16270786548057359     
   3.4080758614191270E-002  0.17816736187401733     
   2.6189044614720651E-002  0.18963677593812833     
   1.8518639865241649E-002  0.19740002629514330     
   1.1303724347967680E-002  0.20191454464586284     
   4.6760437887417954E-003  0.20363762587717202     
  -1.3153192871103450E-003  0.20293896978679044     
  -6.7020501789262039E-003  0.20009581031709239     
  -1.1498676463076231E-002  0.19532347798544303     
  -1.5735091162182652E-002  0.18882108584216414     
  -1.9450860114940707E-002  0.18079083996122053     
  -2.2687371797649146E-002  0.17143439882179676     
  -2.5496990097366674E-002  0.16094040672845117     
  -2.7928614868793066E-002  0.14947136423480867     
  -3.0017621352923653E-002  0.13716196148923979     
  -3.1788105622080891E-002  0.12412759127040850     
  -3.3246536015444146E-002  0.11047595034465769     
  -3.4389103759247197E-002   9.6318243056445263E-002
  -3.5205301603992767E-002   8.1774759798036306E-002
  -3.5682587583469788E-002   6.6975828722369901E-002
  -3.5801213018382884E-002   5.2059486332063337E-002
  -3.5542015330710587E-002   3.7170745072762509E-002
  -3.4889849880352757E-002   2.2461348447685044E-002
  -3.3830466161500997E-002   8.0893399990445009E-003
  -3.2360079195665338E-002  -5.7808064425077903E-003
  -3.0471380248443761E-002  -1.8981420787337035E-002
  -2.8152746256510305E-002  -3.1342761805986975E-002
  -2.5395785974035554E-002  -4.2692172460024554E-002
  -2.2189623339277997E-002  -5.2853561292947528E-002
  -1.8527772734387341E-002  -6.1644283406665869E-002
  -1.4404297413301438E-002  -6.8877610514294557E-002
  -9.8016367253981138E-003  -7.4365152075272917E-002
  -4.7182358659341832E-003  -7.7912646952797343E-002
   8.4871423561618312E-004  -7.9328433583157221E-002
   6.8728220748244893E-003  -7.8421918446589994E-002
   1.3279876120941017E-002  -7.4989095622107552E-002
   1.9962335408780910E-002  -6.8816769595918842E-002
   2.6767764011823254E-002  -5.9714258641597712E-002
   3.3454146525766004E-002  -4.7561393787080040E-002
   3.9681708447888119E-002  -3.2371469477717955E-002
   4.5059908181235155E-002  -1.4351735275269823E-002
   4.9208612126348597E-002   6.0650141720694243E-003
   5.1799739442528497E-002   2.8222211508055987E-002
   5.2591193946088084E-002   5.1268584317454013E-002
   5.1475403406000292E-002   7.4224572878839087E-002
   4.8518123413850409E-002   9.6094191529074544E-002
   4.3944207722574694E-002  0.11598956334936110     
   3.8082083567190235E-002  0.13321496823956799     
   3.1317743350815580E-002  0.14729950412546960     
   2.4067585188518668E-002  0.15800698662095669     
   1.6736912105124787E-002  0.16532954621404491     
   9.6616260758384306E-003  0.16944496413276461     
   3.0723171401053542E-003  0.17064409966297445     
  -2.9008581305897531E-003  0.16926444405646340     
  -8.2056308323573916E-003  0.16564906800113993     
  -1.2849463603601429E-002  0.16012178508915481     
  -1.6883244621064154E-002  0.15296853241311242     
  -2.0379246853827259E-002  0.14442718388139161     
  -2.3407186487354591E-002  0.13469033954897322     
  -2.6018263174939923E-002  0.12391927196326138     
  -2.8243163078357416E-002  0.11226110884864168     
  -3.0101832036816347E-002   9.9860050432729081E-002
  -3.1616222949875546E-002   8.6857987730506306E-002
  -3.2816970267486548E-002   7.3387082942298010E-002
  -3.3740683204630147E-002   5.9561174147275180E-002
  -3.4420699129154249E-002   4.5472057444076570E-002
  -3.4876445760474349E-002   3.1193047963776491E-002
  -3.5105380348083880E-002   1.6788882454711721E-002
  -3.5079347559591981E-002   2.3293800492625591E-003
  -3.4745904354578361E-002  -1.2096060096507454E-002
  -3.4034731213073516E-002  -2.6366037327909438E-002
  -3.2868610177264578E-002  -4.0319702828043501E-002
  -3.1176947958076445E-002  -5.3756596865041126E-002
  -2.8908183806935873E-002  -6.6444344859262428E-002
  -2.6037068392062063E-002  -7.8132274174612229E-002
  -2.2564421314137009E-002  -8.8566854736036038E-002
  -1.8509988399558319E-002  -9.7504111933490026E-002
  -1.3902099328007572E-002 -0.10471525662506195     
  -8.7696016480884910E-003 -0.10998450511824165     
  -3.1411488755546933E-003 -0.11310154674638512     
   2.9455140923662121E-003 -0.11385407461741838     
   9.4250592831952359E-003 -0.11202727953466943     
   1.6181347954721224E-002 -0.10741704100507740     
   2.3028065693197743E-002  -9.9861363147293214E-002
   2.9705578312221603E-002  -8.9288591388619235E-002
   3.5905073709231274E-002  -7.5769730420874606E-002
   4.1318652124811457E-002  -5.9550695710993022E-002
   4.5693264780551607E-002  -4.1042257892450078E-002
   4.8855632755605505E-002  -2.0770378022104258E-002
   5.0693497023660439E-002   6.7851468043487887E-004
   5.1116703421315864E-002   2.2679123567202301E-002
   5.0042128050978546E-002   4.4553754835088298E-002
   4.7425071563238490E-002   6.5563015348744064E-002
   4.3316814857483274E-002   8.4943145613658538E-002
   3.7904094691086174E-002  0.10199408787266241     
   3.1498484602548955E-002  0.11617921015379537     
   2.4477413326226962E-002  0.12718592956320060     
   1.7207923615025506E-002  0.13492235783972822     
   9.9904383496034373E-003  0.13946422394099153     
   3.0414318198121095E-003  0.14098801447479836     
  -3.4919615507342933E-003  0.13972013797209806     
  -9.5059836631137800E-003  0.13591164354968288     
  -1.4920237968744530E-002  0.12983189691357239     
  -1.9670031729230961E-002  0.12176947946958618     
  -2.3708564051550831E-002  0.11203127718739889     
  -2.7012769294726249E-002  0.10093606795898051     
  -2.9587322023730673E-002   8.8803369683384009E-002
  -3.1464108108957597E-002   7.5940431331972189E-002
  -3.2697101520058253E-002   6.2630370599729618E-002
  -3.3354045009472096E-002   4.9123675339980993E-002
  -3.3506874571412708E-002   3.5634314212016883E-002
  -3.3222900108221494E-002   2.2340696283846388E-002
  -3.2558455592182539E-002   9.3906996224243939E-003
  -3.1556051830766402E-002  -3.0908778956657158E-003
  -3.0245111671240922E-002  -1.4994544138619751E-002
  -2.8645367706984733E-002  -2.6219951310455594E-002
  -2.6771251038516408E-002  -3.6672501269650257E-002
  -2.4635368700174340E-002  -4.6262690242268499E-002
  -2.2249592360201586E-002  -5.4906963684392601E-002
  -1.9623309900032866E-002  -6.2528035096030374E-002
  -1.6759808396817972E-002  -6.9052539044162184E-002
  -1.3653208478837645E-002  -7.4404769883866212E-002
  -1.0289372447720636E-002  -7.8497111798811789E-002
  -6.6542229099710356E-003  -8.1220256321361831E-002
  -2.7515291369305957E-003  -8.2438784050559655E-002
   1.3707542892901707E-003  -8.1999425194394210E-002
   5.5913038499138326E-003  -7.9759430758974320E-002
   9.6956825140780880E-003  -7.5639075173668441E-002
   1.3384080497121736E-002  -6.9691985427830019E-002
   1.6321753990132290E-002  -6.2168830506930471E-002
   1.8227573713263528E-002  -5.3534309789026846E-002
   1.8965237853220258E-002  -4.4406416786763964E-002
   1.8586971706150410E-002  -3.5430038465183777E-002
   1.7304495100458065E-002  -2.7143650426902928E-002
   1.5410268824685677E-002  -1.9900721930173938E-002
   1.3197443748636137E-002  -1.3863119827869070E-002
   1.0910213459364935E-002  -9.0404494497741336E-003
   8.7257835047803729E-003  -5.3418111609976832E-003
   6.7558560661824547E-003  -2.6215759976446242E-003
   5.0577283116028165E-003  -7.1346833782860687E-004
   3.6486141195147216E-003   5.4731603527877735E-004
   2.5188743118894465E-003   1.3115243957525593E-003
   1.6425473846568407E-003   1.7096146767127598E-003
   9.8534401463920736E-004   1.8496063907621604E-003
   5.1036840028492573E-004   1.8175870738740630E-003
   1.8180369882885738E-004   1.6797433509337500E-003
  -3.2947934174603160E-005   1.4850840187176891E-003
  -1.6218890523543182E-004   1.2683644550594106E-003
  -2.2958400742307500E-004   1.0529155709739200E-003
  -2.5427417230468498E-004   8.5319920958622166E-004
  -2.5122663155895673E-004   6.7702857134689252E-004
  -2.3170776744534899E-004   5.2745597518521353E-004
  -2.0382587959812487E-004   4.0433608112940976E-004
  -1.7310216016778844E-004   3.0557130611668916E-004
  -1.4303247943533954E-004   2.2805490186810951E-004
  -1.1560740978399017E-004   1.6833846229072011E-004
  -9.1762748301319136E-005   1.2306305491936671E-004
  -7.1743902632739082E-005   8.9203593333893728E-005
  -5.5381966403610853E-005   6.4178301948619666E-005
  -4.2289945715251751E-005   4.5869399297228065E-005
  -3.1993024465804000E-005   3.2591796164619814E-005
  -2.4008514683497642E-005   2.3036498774173782E-005
  -1.7890140108549379E-005   1.6206109271602827E-005
  -1.3248646943657770E-005   1.1352518572180184E-005
  -9.7577438891143614E-006   7.9218416059381493E-006
  -7.1517157368341784E-006   5.5084270025521765E-006
  -5.2188950374894764E-006   3.8179115922580960E-006
  -3.7935708820806511E-006   2.6383724772018268E-006
  -2.7478188668332884E-006   1.8182851669542879E-006
  -1.9840234066167005E-006   1.2499648132040693E-006
  -1.4284199735861081E-006   8.5729402684221319E-007
  -1.0257296000076487E-006   5.8672882627115641E-007
  -7.3482337430825935E-007   4.0076879741829180E-007
  -5.2529206735505080E-007   2.7325418867059888E-007
  -3.7477617823552310E-007   1.8600240634384656E-007
  -2.6691537306242316E-007   1.2641730038081189E-007
  -1.8979095353176950E-007   8.5799229226876752E-008
  -1.3475376705048411E-007   5.8156387751113350E-008
  -9.5549174059751239E-008   3.9372463059989086E-008
  -6.7668288038481680E-008   2.6626173314265623E-008
  -4.7869869882685218E-008   1.7987961214309963E-008
  -3.3829850122752601E-008   1.2140720625722077E-008
  -2.3885613471184145E-008   8.1870065591961676E-009
  -1.6850200406537062E-008   5.5163200649650421E-009
  -1.1877809553974401E-008   3.7139818044273020E-009
  -8.3667587496265790E-009   2.4987077090041013E-009
  -5.8896799249600276E-009   1.6799372699189584E-009
  -4.1434381635466121E-009   1.1287206697636653E-009
  -2.9132874168693576E-009   7.5789150580908308E-010
  -2.0472708391959127E-009   5.0858515704669405E-010
  -1.4379730348903720E-009   3.4108532494488916E-010
  -1.0095354551848487E-009   2.2861753146902489E-010
  -7.0843139518634002E-010   1.5314594108990247E-010
  -4.9692129825630717E-010   1.0253005679384821E-010
  -3.4841554363119241E-010   6.8603293077893241E-011
  -2.4419257024591442E-010   4.5875749801694683E-011
  -1.7107863881510162E-010   3.0659166250982131E-011
  -1.1980901525570433E-010   2.0477130802889511E-011
  -8.3871449946189045E-011   1.3667852000595394E-011
  -5.8690656321349571E-011   9.1168074137832576E-012
  -4.1053657397662059E-011   6.0769229577741011E-012
  -2.8705124261293385E-011   4.0476999041597961E-012
  -2.0062591588612792E-011   2.6940134171752827E-012
  -1.4016148934282656E-011   1.7915928061924987E-012
  -9.7876219970698886E-012   1.1904361741887652E-012
  -6.8316230921379412E-012   7.9027294482780786E-013
  -4.7660530145951071E-012   5.2411540111695925E-013
  -3.3233088624624308E-012   3.4723834132477636E-013
  -2.3160424049692819E-012   2.2979937269704298E-013
  -1.6131389304129497E-012   1.5189973260057002E-013
  -1.1228721049279269E-012   1.0028030380024268E-013
  -7.8109528195498909E-013   6.6112679457676901E-014
  -5.4296630213760842E-013   4.3523178961961824E-014
  -3.7715044354881287E-013   2.8607193325964834E-014
  -2.6176077604109665E-013   1.8771374778654623E-014
  -1.8151617882743967E-013   1.2294907632349867E-014
  -1.2575247592029850E-013   8.0370951250263855E-015
  -8.7031084713768810E-014   5.2426060014774206E-015
  -6.0166017062963130E-014   3.4118634548744606E-015
  -4.1543694782000544E-014   2.2148571346177878E-015
  -2.8647643137512066E-014   1.4338799023666846E-015
  -1.9726484739524863E-014   9.2551729683445264E-016
  -1.3562127966893985E-014   5.9544160458996260E-016
  -9.3079846384581242E-015   3.8171475370576840E-016
  -6.3761144750189683E-015   2.4374026531060481E-016
  -4.3585389969224321E-015   1.5496198099205665E-016
  -2.9724084432684996E-015   9.8045258095069731E-017
  -2.0218125107989149E-015   6.1701098196830466E-017
  -1.3711990225695155E-015   3.8596274169524469E-017
  -9.2688421668874966E-016   2.3980377450337117E-017
  -6.2420045509859655E-016   1.4785471696403103E-017
  -4.1856923476086525E-016   9.0368220456461447E-018
  -2.7930566240965949E-016   5.4680405040492084E-018
  -1.8532237487941121E-016   3.2703182856863365E-018
  -1.2215336950166536E-016   1.9294416133565196E-018
  -7.9894310536177803E-017   1.1201555734210461E-018
  -5.1778642367642475E-017   6.3790640398380339E-019
  -3.3194374740834391E-017   3.5488492068201481E-019
  -2.1005961230027347E-017   1.9182539833966466E-019
  -1.3087138021379676E-017   9.9988906806104348E-020
  -7.9993961610654716E-018   4.9707987212297318E-020
  -4.7707204939055823E-018   2.3143087916134582E-020
  -2.7434124600803252E-018   9.7423466511174010E-021
  -1.4688372667353680E-018   3.4073032880852796E-021
  -6.3112299394811075E-019   7.1248433558193998E-022
  -0.0000000000000000        0.0000000000000000     
