  -0.801603E-001   0.100000E+001  -0.410572E-001   0.540575E-001
   0.000000E+000   0.100000E+001  -0.255371E-001   0.114907E+000
   0.801603E-001   0.100000E+001  -0.284361E-001   0.102304E+000
   0.160321E+000   0.100000E+001  -0.308441E-001   0.887117E-001
   0.240481E+000   0.100000E+001  -0.328065E-001   0.743065E-001
   0.320641E+000   0.100000E+001  -0.343689E-001   0.592477E-001
   0.400802E+000   0.100000E+001  -0.355653E-001   0.436794E-001
   0.480962E+000   0.100000E+001  -0.364265E-001   0.277309E-001
   0.561122E+000   0.100000E+001  -0.369741E-001   0.115225E-001
   0.641283E+000   0.100000E+001  -0.372224E-001  -0.483255E-002
   0.721443E+000   0.100000E+001  -0.371779E-001  -0.212250E-001
   0.801603E+000   0.100000E+001  -0.368395E-001  -0.375465E-001
   0.881764E+000   0.100000E+001  -0.361981E-001  -0.536869E-001
   0.961924E+000   0.100000E+001  -0.352370E-001  -0.695312E-001
   0.104208E+001   0.100000E+001  -0.339317E-001  -0.849564E-001
   0.112224E+001   0.100000E+001  -0.322503E-001  -0.998288E-001
   0.120240E+001   0.100000E+001  -0.301537E-001  -0.114001E+000
   0.128257E+001   0.100000E+001  -0.275963E-001  -0.127308E+000
   0.136273E+001   0.100000E+001  -0.245276E-001  -0.139566E+000
   0.144289E+001   0.100000E+001  -0.208946E-001  -0.150569E+000
   0.152305E+001   0.100000E+001  -0.166444E-001  -0.160085E+000
   0.160321E+001   0.100000E+001  -0.117301E-001  -0.167857E+000
   0.168337E+001   0.100000E+001  -0.611759E-002  -0.173601E+000
   0.176353E+001   0.100000E+001   0.204762E-003  -0.177008E+000
   0.184369E+001   0.100000E+001   0.721340E-002  -0.177748E+000
   0.192385E+001   0.100000E+001   0.148340E-001  -0.175483E+000
   0.200401E+001   0.100000E+001   0.229234E-001  -0.169885E+000
   0.208417E+001   0.100000E+001   0.312518E-001  -0.160666E+000
   0.216433E+001   0.100000E+001   0.394890E-001  -0.147631E+000
   0.224449E+001   0.100000E+001   0.472027E-001  -0.130747E+000
   0.232465E+001   0.100000E+001   0.538797E-001  -0.110224E+000
   0.240481E+001   0.100000E+001   0.589795E-001  -0.865914E-001
   0.248497E+001   0.100000E+001   0.620224E-001  -0.607359E-001
   0.256513E+001   0.100000E+001   0.626920E-001  -0.338462E-001
   0.264529E+001   0.100000E+001   0.609156E-001  -0.726806E-002
   0.272545E+001   0.100000E+001   0.568837E-001   0.177007E-001
   0.280561E+001   0.100000E+001   0.509996E-001   0.399967E-001
   0.288577E+001   0.100000E+001   0.437830E-001   0.588953E-001
   0.296593E+001   0.100000E+001   0.357711E-001   0.740192E-001
   0.304609E+001   0.100000E+001   0.274446E-001   0.852798E-001
   0.312625E+001   0.100000E+001   0.191898E-001   0.927936E-001
   0.320641E+001   0.100000E+001   0.112897E-001   0.968037E-001
   0.328657E+001   0.100000E+001   0.393109E-002   0.976201E-001
   0.336673E+001   0.100000E+001  -0.277864E-002   0.955784E-001
   0.344689E+001   0.100000E+001  -0.879436E-002   0.910148E-001
   0.352705E+001   0.100000E+001  -0.141163E-001   0.842537E-001
   0.360721E+001   0.100000E+001  -0.187748E-001   0.756014E-001
   0.368737E+001   0.100000E+001  -0.228168E-001   0.653454E-001
   0.376754E+001   0.100000E+001  -0.262932E-001   0.537529E-001
   0.384770E+001   0.100000E+001  -0.292503E-001   0.410688E-001
   0.392786E+001   0.100000E+001  -0.317249E-001   0.275125E-001
   0.400802E+001   0.100000E+001  -0.337458E-001   0.132736E-001
   0.408818E+001   0.100000E+001  -0.353378E-001  -0.148817E-002
   0.416834E+001   0.100000E+001  -0.365269E-001  -0.166413E-001
   0.424850E+001   0.100000E+001  -0.373424E-001  -0.320768E-001
   0.432866E+001   0.100000E+001  -0.378155E-001  -0.477009E-001
   0.440882E+001   0.100000E+001  -0.379753E-001  -0.634274E-001
   0.448898E+001   0.100000E+001  -0.378439E-001  -0.791712E-001
   0.456914E+001   0.100000E+001  -0.374324E-001  -0.948429E-001
   0.464930E+001   0.100000E+001  -0.367385E-001  -0.110344E+000
   0.472946E+001   0.100000E+001  -0.357467E-001  -0.125566E+000
   0.480962E+001   0.100000E+001  -0.344288E-001  -0.140387E+000
   0.488978E+001   0.100000E+001  -0.327459E-001  -0.154668E+000
   0.496994E+001   0.100000E+001  -0.306505E-001  -0.168258E+000
   0.505010E+001   0.100000E+001  -0.280907E-001  -0.180984E+000
   0.513026E+001   0.100000E+001  -0.250139E-001  -0.192658E+000
   0.521042E+001   0.100000E+001  -0.213685E-001  -0.203069E+000
   0.529058E+001   0.100000E+001  -0.171047E-001  -0.211985E+000
   0.537074E+001   0.100000E+001  -0.121771E-001  -0.219147E+000
   0.545090E+001   0.100000E+001  -0.655317E-002  -0.224268E+000
   0.553106E+001   0.100000E+001  -0.223870E-003  -0.227039E+000
   0.561122E+001   0.100000E+001   0.678537E-002  -0.227134E+000
   0.569138E+001   0.100000E+001   0.144003E-001  -0.224220E+000
   0.577154E+001   0.100000E+001   0.224759E-001  -0.217968E+000
   0.585170E+001   0.100000E+001   0.307722E-001  -0.208080E+000
   0.593186E+001   0.100000E+001   0.389441E-001  -0.194349E+000
   0.601202E+001   0.100000E+001   0.465551E-001  -0.176748E+000
   0.609218E+001   0.100000E+001   0.531032E-001  -0.155519E+000
   0.617234E+001   0.100000E+001   0.580615E-001  -0.131245E+000
   0.625251E+001   0.100000E+001   0.609551E-001  -0.104863E+000
   0.633267E+001   0.100000E+001   0.614667E-001  -0.775936E-001
   0.641283E+001   0.100000E+001   0.595350E-001  -0.507787E-001
   0.649299E+001   0.100000E+001   0.553932E-001  -0.256800E-001
   0.657315E+001   0.100000E+001   0.494736E-001  -0.331588E-002
   0.665331E+001   0.100000E+001   0.422550E-001   0.156186E-001
   0.673347E+001   0.100000E+001   0.342174E-001   0.307531E-001
   0.681363E+001   0.100000E+001   0.258607E-001   0.420050E-001
   0.689379E+001   0.100000E+001   0.176291E-001   0.495233E-001
   0.697395E+001   0.100000E+001   0.981310E-002   0.536001E-001
   0.705411E+001   0.100000E+001   0.256488E-002   0.545703E-001
   0.713427E+001   0.100000E+001  -0.402614E-002   0.527545E-001
   0.721443E+001   0.100000E+001  -0.991099E-002   0.484644E-001
   0.729459E+001   0.100000E+001  -0.150996E-001   0.420148E-001
   0.737475E+001   0.100000E+001  -0.196317E-001   0.336989E-001
   0.745491E+001   0.100000E+001  -0.235259E-001   0.237646E-001
   0.753507E+001   0.100000E+001  -0.267936E-001   0.124374E-001
   0.761523E+001   0.100000E+001  -0.295027E-001  -0.459065E-004
   0.769539E+001   0.100000E+001  -0.317527E-001  -0.134484E-001
   0.777555E+001   0.100000E+001  -0.335990E-001  -0.275799E-001
   0.785571E+001   0.100000E+001  -0.350563E-001  -0.423166E-001
   0.793587E+001   0.100000E+001  -0.361505E-001  -0.575691E-001
   0.801603E+001   0.100000E+001  -0.369144E-001  -0.732344E-001
   0.809619E+001   0.100000E+001  -0.373812E-001  -0.891756E-001
   0.817635E+001   0.100000E+001  -0.375879E-001  -0.105252E+000
   0.825651E+001   0.100000E+001  -0.375369E-001  -0.121367E+000
   0.833667E+001   0.100000E+001  -0.371543E-001  -0.137458E+000
   0.841683E+001   0.100000E+001  -0.363927E-001  -0.153429E+000
   0.849699E+001   0.100000E+001  -0.353320E-001  -0.169096E+000
   0.857715E+001   0.100000E+001  -0.340237E-001  -0.184249E+000
   0.865731E+001   0.100000E+001  -0.323499E-001  -0.198721E+000
   0.873747E+001   0.100000E+001  -0.301949E-001  -0.212406E+000
   0.881764E+001   0.100000E+001  -0.275964E-001  -0.225191E+000
   0.889780E+001   0.100000E+001  -0.245354E-001  -0.236908E+000
   0.897796E+001   0.100000E+001  -0.209016E-001  -0.247311E+000
   0.905812E+001   0.100000E+001  -0.166906E-001  -0.256120E+000
   0.913828E+001   0.100000E+001  -0.117544E-001  -0.263063E+000
   0.921844E+001   0.100000E+001  -0.595796E-002  -0.267846E+000
   0.929860E+001   0.100000E+001   0.517615E-003  -0.270118E+000
   0.937876E+001   0.100000E+001   0.759061E-002  -0.269538E+000
   0.945892E+001   0.100000E+001   0.152497E-001  -0.265852E+000
   0.953908E+001   0.100000E+001   0.233220E-001  -0.258862E+000
   0.961924E+001   0.100000E+001   0.316528E-001  -0.248324E+000
   0.969940E+001   0.100000E+001   0.397585E-001  -0.233944E+000
   0.977956E+001   0.100000E+001   0.470976E-001  -0.215544E+000
   0.985972E+001   0.100000E+001   0.533954E-001  -0.193310E+000
   0.993988E+001   0.100000E+001   0.582724E-001  -0.167959E+000
   0.100200E+002   0.100000E+001   0.608350E-001  -0.140749E+000
   0.101002E+002   0.100000E+001   0.607184E-001  -0.113257E+000
   0.101804E+002   0.100000E+001   0.582574E-001  -0.869219E-001
   0.102605E+002   0.100000E+001   0.538627E-001  -0.626990E-001
   0.103407E+002   0.100000E+001   0.477711E-001  -0.411707E-001
   0.104208E+002   0.100000E+001   0.405997E-001  -0.228374E-001
   0.105010E+002   0.100000E+001   0.328776E-001  -0.811757E-002
   0.105812E+002   0.100000E+001   0.248727E-001   0.284579E-002
   0.106613E+002   0.100000E+001   0.168359E-001   0.101951E-001
   0.107415E+002   0.100000E+001   0.910876E-002   0.141845E-001
   0.108216E+002   0.100000E+001   0.190263E-002   0.150729E-001
   0.109018E+002   0.100000E+001  -0.477882E-002   0.131234E-001
   0.109820E+002   0.100000E+001  -0.108489E-001   0.860579E-002
   0.110621E+002   0.100000E+001  -0.161705E-001   0.180406E-002
   0.111423E+002   0.100000E+001  -0.206914E-001  -0.695535E-002
   0.112224E+002   0.100000E+001  -0.244999E-001  -0.173133E-001
   0.113026E+002   0.100000E+001  -0.276569E-001  -0.289431E-001
   0.113828E+002   0.100000E+001  -0.302623E-001  -0.416004E-001
   0.114629E+002   0.100000E+001  -0.323740E-001  -0.551182E-001
   0.115431E+002   0.100000E+001  -0.340704E-001  -0.693681E-001
   0.116232E+002   0.100000E+001  -0.353338E-001  -0.842229E-001
   0.117034E+002   0.100000E+001  -0.362760E-001  -0.995430E-001
   0.117836E+002   0.100000E+001  -0.369364E-001  -0.115191E+000
   0.118637E+002   0.100000E+001  -0.373093E-001  -0.131044E+000
   0.119439E+002   0.100000E+001  -0.374167E-001  -0.146985E+000
   0.120240E+002   0.100000E+001  -0.373304E-001  -0.162925E+000
   0.121042E+002   0.100000E+001  -0.368966E-001  -0.178821E+000
   0.121844E+002   0.100000E+001  -0.361532E-001  -0.194623E+000
   0.122645E+002   0.100000E+001  -0.350698E-001  -0.210187E+000
   0.123447E+002   0.100000E+001  -0.339049E-001  -0.225283E+000
   0.124248E+002   0.100000E+001  -0.325914E-001  -0.239730E+000
   0.125050E+002   0.100000E+001  -0.306284E-001  -0.253427E+000
   0.125852E+002   0.100000E+001  -0.280264E-001  -0.266252E+000
   0.126653E+002   0.100000E+001  -0.251776E-001  -0.278047E+000
   0.127455E+002   0.100000E+001  -0.217108E-001  -0.288644E+000
   0.128257E+002   0.100000E+001  -0.173200E-001  -0.297783E+000
   0.129058E+002   0.100000E+001  -0.120722E-001  -0.305056E+000
   0.129860E+002   0.100000E+001  -0.605024E-002  -0.310011E+000
   0.130661E+002   0.100000E+001   0.797306E-003  -0.312243E+000
   0.131463E+002   0.100000E+001   0.837154E-002  -0.311351E+000
   0.132265E+002   0.100000E+001   0.163698E-001  -0.306953E+000
   0.133066E+002   0.100000E+001   0.246665E-001  -0.298821E+000
   0.133868E+002   0.100000E+001   0.329325E-001  -0.286900E+000
   0.134669E+002   0.100000E+001   0.405311E-001  -0.271158E+000
   0.135471E+002   0.100000E+001   0.468123E-001  -0.251596E+000
   0.136273E+002   0.100000E+001   0.519180E-001  -0.228637E+000
   0.137074E+002   0.100000E+001   0.554315E-001  -0.203471E+000
   0.137876E+002   0.100000E+001   0.567539E-001  -0.177553E+000
   0.138677E+002   0.100000E+001   0.559507E-001  -0.151425E+000
   0.139479E+002   0.100000E+001   0.534771E-001  -0.124700E+000
   0.140281E+002   0.100000E+001   0.490958E-001  -0.980794E-001
   0.141082E+002   0.100000E+001   0.431761E-001  -0.744754E-001
   0.141884E+002   0.100000E+001   0.361587E-001  -0.558957E-001
   0.142685E+002   0.100000E+001   0.280971E-001  -0.395489E-001
   0.143487E+002   0.100000E+001   0.205598E-001  -0.206970E-001
   0.144289E+002   0.100000E+001   0.124202E-001  -0.143987E-002
   0.145090E+002   0.100000E+001   0.912773E-002   0.700169E-002
   0.145892E+002   0.100000E+001  -0.388467E-002  -0.419672E-002
   0.146693E+002   0.100000E+001  -0.898111E-002  -0.292470E-001
   0.147495E+002   0.100000E+001  -0.934944E-002  -0.514141E-001
   0.148297E+002   0.100000E+001  -0.139077E-001  -0.606875E-001
   0.149098E+002   0.100000E+001  -0.218502E-001  -0.630115E-001
   0.149900E+002   0.100000E+001  -0.200879E-001  -0.700029E-001
   0.150701E+002   0.100000E+001  -0.234405E-001  -0.846009E-001
   0.151503E+002   0.100000E+001  -0.241915E-001  -0.100942E+000
   0.152305E+002   0.100000E+001  -0.275964E-001  -0.113837E+000
   0.153106E+002   0.100000E+001  -0.295404E-001  -0.124306E+000
   0.153908E+002   0.100000E+001  -0.314614E-001  -0.136069E+000
   0.154709E+002   0.100000E+001  -0.328938E-001  -0.150417E+000
   0.155511E+002   0.100000E+001  -0.338401E-001  -0.165782E+000
   0.156313E+002   0.100000E+001  -0.343270E-001  -0.180591E+000
   0.157114E+002   0.100000E+001  -0.344949E-001  -0.194869E+000
   0.157916E+002   0.100000E+001  -0.343361E-001  -0.209343E+000
   0.158717E+002   0.100000E+001  -0.339287E-001  -0.224200E+000
   0.159519E+002   0.100000E+001  -0.333170E-001  -0.239030E+000
   0.160321E+002   0.100000E+001  -0.323740E-001  -0.253409E+000
   0.161122E+002   0.100000E+001  -0.313452E-001  -0.267170E+000
   0.161924E+002   0.100000E+001  -0.300989E-001  -0.280341E+000
   0.162725E+002   0.100000E+001  -0.282729E-001  -0.293005E+000
   0.163527E+002   0.100000E+001  -0.260530E-001  -0.305134E+000
   0.164329E+002   0.100000E+001  -0.233811E-001  -0.316491E+000
   0.165130E+002   0.100000E+001  -0.205831E-001  -0.326703E+000
   0.165932E+002   0.100000E+001  -0.173084E-001  -0.335464E+000
   0.166733E+002   0.100000E+001  -0.124295E-001  -0.342525E+000
   0.167535E+002   0.100000E+001  -0.653847E-002  -0.347559E+000
   0.168337E+002   0.100000E+001  -0.537099E-003  -0.350253E+000
   0.169138E+002   0.100000E+001   0.637248E-002  -0.350371E+000
   0.169940E+002   0.100000E+001   0.141904E-001  -0.347539E+000
   0.170741E+002   0.100000E+001   0.225837E-001  -0.341198E+000
   0.171543E+002   0.100000E+001   0.314586E-001  -0.330845E+000
   0.172345E+002   0.100000E+001   0.401718E-001  -0.316220E+000
   0.173146E+002   0.100000E+001   0.484577E-001  -0.297320E+000
   0.173948E+002   0.100000E+001   0.552840E-001  -0.274432E+000
   0.174749E+002   0.100000E+001   0.602236E-001  -0.248300E+000
   0.175551E+002   0.100000E+001   0.630607E-001  -0.220164E+000
   0.176353E+002   0.100000E+001   0.627840E-001  -0.191604E+000
   0.177154E+002   0.100000E+001   0.593434E-001  -0.164260E+000
   0.177956E+002   0.100000E+001   0.542428E-001  -0.139441E+000
   0.178758E+002   0.100000E+001   0.476217E-001  -0.117909E+000
   0.179559E+002   0.100000E+001   0.395684E-001  -0.100120E+000
   0.180361E+002   0.100000E+001   0.309264E-001  -0.864231E-001
   0.181162E+002   0.100000E+001   0.221833E-001  -0.768765E-001
   0.181964E+002   0.100000E+001   0.137286E-001  -0.711426E-001
   0.182766E+002   0.100000E+001   0.591812E-002  -0.687400E-001
   0.183567E+002   0.100000E+001  -0.105773E-002  -0.692910E-001
   0.184369E+002   0.100000E+001  -0.725304E-002  -0.724948E-001
   0.185170E+002   0.100000E+001  -0.126775E-001  -0.780108E-001
   0.185972E+002   0.100000E+001  -0.173448E-001  -0.854589E-001
   0.186774E+002   0.100000E+001  -0.212830E-001  -0.944941E-001
   0.187575E+002   0.100000E+001  -0.245555E-001  -0.104841E+000
   0.188377E+002   0.100000E+001  -0.272781E-001  -0.116285E+000
   0.189178E+002   0.100000E+001  -0.294651E-001  -0.128661E+000
   0.189980E+002   0.100000E+001  -0.311404E-001  -0.141806E+000
   0.190782E+002   0.100000E+001  -0.323864E-001  -0.155527E+000
   0.191583E+002   0.100000E+001  -0.333275E-001  -0.169633E+000
   0.192385E+002   0.100000E+001  -0.339618E-001  -0.184000E+000
   0.193186E+002   0.100000E+001  -0.343185E-001  -0.198573E+000
   0.193988E+002   0.100000E+001  -0.344028E-001  -0.213291E+000
   0.194790E+002   0.100000E+001  -0.342169E-001  -0.228033E+000
   0.195591E+002   0.100000E+001  -0.337824E-001  -0.242649E+000
   0.196393E+002   0.100000E+001  -0.330825E-001  -0.257018E+000
   0.197194E+002   0.100000E+001  -0.321079E-001  -0.271069E+000
   0.197996E+002   0.100000E+001  -0.309237E-001  -0.284742E+000
   0.198798E+002   0.100000E+001  -0.294889E-001  -0.297957E+000
   0.199599E+002   0.100000E+001  -0.277295E-001  -0.310585E+000
   0.200401E+002   0.100000E+001  -0.256541E-001  -0.322444E+000
   0.201202E+002   0.100000E+001  -0.232714E-001  -0.333338E+000
   0.202004E+002   0.100000E+001  -0.204925E-001  -0.343081E+000
   0.202806E+002   0.100000E+001  -0.172128E-001  -0.351501E+000
   0.203607E+002   0.100000E+001  -0.133400E-001  -0.358405E+000
   0.204409E+002   0.100000E+001  -0.892605E-002  -0.363562E+000
   0.205210E+002   0.100000E+001  -0.413208E-002  -0.366706E+000
   0.206012E+002   0.100000E+001   0.114936E-002  -0.367560E+000
   0.206814E+002   0.100000E+001   0.683900E-002  -0.365843E+000
   0.207615E+002   0.100000E+001   0.128759E-001  -0.361319E+000
   0.208417E+002   0.100000E+001   0.192400E-001  -0.353858E+000
   0.209218E+002   0.100000E+001   0.256508E-001  -0.343492E+000
   0.210020E+002   0.100000E+001   0.319129E-001  -0.330428E+000
   0.210822E+002   0.100000E+001   0.377261E-001  -0.314947E+000
   0.211623E+002   0.100000E+001   0.428468E-001  -0.297205E+000
   0.212425E+002   0.100000E+001   0.469663E-001  -0.277250E+000
   0.213226E+002   0.100000E+001   0.494292E-001  -0.255388E+000
   0.214028E+002   0.100000E+001   0.501688E-001  -0.232552E+000
   0.214830E+002   0.100000E+001   0.496949E-001  -0.210093E+000
   0.215631E+002   0.100000E+001   0.479842E-001  -0.189130E+000
   0.216433E+002   0.100000E+001   0.449736E-001  -0.170210E+000
   0.217234E+002   0.100000E+001   0.407073E-001  -0.153519E+000
   0.218036E+002   0.100000E+001   0.355100E-001  -0.139202E+000
   0.218838E+002   0.100000E+001   0.299811E-001  -0.127443E+000
   0.219639E+002   0.100000E+001   0.243351E-001  -0.118356E+000
   0.220441E+002   0.100000E+001   0.186731E-001  -0.111924E+000
   0.221242E+002   0.100000E+001   0.131714E-001  -0.107986E+000
   0.222044E+002   0.100000E+001   0.791142E-002  -0.106237E+000
   0.222846E+002   0.100000E+001   0.298317E-002  -0.106297E+000
   0.223647E+002   0.100000E+001  -0.152035E-002  -0.107850E+000
   0.224449E+002   0.100000E+001  -0.558322E-002  -0.110751E+000
   0.225251E+002   0.100000E+001  -0.921778E-002  -0.114993E+000
   0.226052E+002   0.100000E+001  -0.123371E-001  -0.120543E+000
   0.226854E+002   0.100000E+001  -0.148809E-001  -0.127198E+000
   0.227655E+002   0.100000E+001  -0.169350E-001  -0.134623E+000
   0.228457E+002   0.100000E+001  -0.186025E-001  -0.142525E+000
   0.229259E+002   0.100000E+001  -0.198366E-001  -0.150789E+000
   0.230060E+002   0.100000E+001  -0.205871E-001  -0.159395E+000
   0.230862E+002   0.100000E+001  -0.208945E-001  -0.168272E+000
   0.231663E+002   0.100000E+001  -0.208150E-001  -0.177239E+000
   0.232465E+002   0.100000E+001  -0.203729E-001  -0.186080E+000
   0.233267E+002   0.100000E+001  -0.195787E-001  -0.194624E+000
   0.234068E+002   0.100000E+001  -0.184625E-001  -0.202749E+000
   0.234870E+002   0.100000E+001  -0.170607E-001  -0.210355E+000
   0.235671E+002   0.100000E+001  -0.153916E-001  -0.217330E+000
   0.236473E+002   0.100000E+001  -0.134594E-001  -0.223561E+000
   0.237275E+002   0.100000E+001  -0.112727E-001  -0.228941E+000
   0.238076E+002   0.100000E+001  -0.885185E-002  -0.233372E+000
   0.238878E+002   0.100000E+001  -0.622240E-002  -0.236764E+000
   0.239679E+002   0.100000E+001  -0.341060E-002  -0.239030E+000
   0.240481E+002   0.100000E+001  -0.447163E-003  -0.240092E+000
   0.241283E+002   0.100000E+001   0.262775E-002  -0.239888E+000
   0.242084E+002   0.100000E+001   0.576364E-002  -0.238372E+000
   0.242886E+002   0.100000E+001   0.890174E-002  -0.235521E+000
   0.243687E+002   0.100000E+001   0.119766E-001  -0.231336E+000
   0.244489E+002   0.100000E+001   0.149170E-001  -0.225849E+000
   0.245291E+002   0.100000E+001   0.176477E-001  -0.219125E+000
   0.246092E+002   0.100000E+001   0.200937E-001  -0.211266E+000
   0.246894E+002   0.100000E+001   0.221854E-001  -0.202408E+000
   0.247695E+002   0.100000E+001   0.238627E-001  -0.192722E+000
   0.248497E+002   0.100000E+001   0.250805E-001  -0.182405E+000
   0.249299E+002   0.100000E+001   0.258115E-001  -0.171674E+000
   0.250100E+002   0.100000E+001   0.260490E-001  -0.160754E+000
   0.250902E+002   0.100000E+001   0.258073E-001  -0.149868E+000
   0.251703E+002   0.100000E+001   0.251199E-001  -0.139226E+000
   0.252505E+002   0.100000E+001   0.240369E-001  -0.129017E+000
   0.253307E+002   0.100000E+001   0.226201E-001  -0.119399E+000
   0.254108E+002   0.100000E+001   0.209383E-001  -0.110497E+000
   0.254910E+002   0.100000E+001   0.190631E-001  -0.102403E+000
   0.255711E+002   0.100000E+001   0.170641E-001  -0.951726E-001
   0.256513E+002   0.100000E+001   0.150061E-001  -0.888336E-001
   0.257315E+002   0.100000E+001   0.129468E-001  -0.833854E-001
   0.258116E+002   0.100000E+001   0.109352E-001  -0.788058E-001
   0.258918E+002   0.100000E+001   0.901170E-002  -0.750545E-001
   0.259719E+002   0.100000E+001   0.720757E-002  -0.720781E-001
   0.260521E+002   0.100000E+001   0.554606E-002  -0.698135E-001
   0.261323E+002   0.100000E+001   0.404304E-002  -0.681913E-001
   0.262124E+002   0.100000E+001   0.270804E-002  -0.671389E-001
   0.262926E+002   0.100000E+001   0.154531E-002  -0.665820E-001
   0.263727E+002   0.100000E+001   0.554773E-003  -0.664473E-001
   0.264529E+002   0.100000E+001  -0.267049E-003  -0.666630E-001
   0.265331E+002   0.100000E+001  -0.926253E-003  -0.671604E-001
   0.266132E+002   0.100000E+001  -0.143089E-002  -0.678744E-001
   0.266934E+002   0.100000E+001  -0.179041E-002  -0.687439E-001
   0.267735E+002   0.100000E+001  -0.201524E-002  -0.697123E-001
   0.268537E+002   0.100000E+001  -0.211639E-002  -0.707277E-001
   0.269339E+002   0.100000E+001  -0.210524E-002  -0.717429E-001
   0.270140E+002   0.100000E+001  -0.199334E-002  -0.727154E-001
   0.270942E+002   0.100000E+001  -0.179221E-002  -0.736076E-001
   0.271743E+002   0.100000E+001  -0.151328E-002  -0.743866E-001
   0.272545E+002   0.100000E+001  -0.116779E-002  -0.750239E-001
   0.273347E+002   0.100000E+001  -0.766759E-003  -0.754957E-001
   0.274148E+002   0.100000E+001  -0.320877E-003  -0.757825E-001
   0.274950E+002   0.100000E+001   0.159489E-003  -0.758693E-001
   0.275752E+002   0.100000E+001   0.664362E-003  -0.757448E-001
   0.276553E+002   0.100000E+001   0.118420E-002  -0.754020E-001
   0.277355E+002   0.100000E+001   0.170993E-002  -0.748376E-001
   0.278156E+002   0.100000E+001   0.223303E-002  -0.740518E-001
   0.278958E+002   0.100000E+001   0.274556E-002  -0.730483E-001
   0.279760E+002   0.100000E+001   0.324024E-002  -0.718339E-001
   0.280561E+002   0.100000E+001   0.371049E-002  -0.704180E-001
   0.281363E+002   0.100000E+001   0.415049E-002  -0.688129E-001
   0.282164E+002   0.100000E+001   0.455523E-002  -0.670328E-001
   0.282966E+002   0.100000E+001   0.492053E-002  -0.650940E-001
   0.283768E+002   0.100000E+001   0.524309E-002  -0.630141E-001
   0.284569E+002   0.100000E+001   0.552049E-002  -0.608120E-001
   0.285371E+002   0.100000E+001   0.575116E-002  -0.585072E-001
   0.286172E+002   0.100000E+001   0.593440E-002  -0.561198E-001
   0.286974E+002   0.100000E+001   0.607030E-002  -0.536697E-001
   0.287776E+002   0.100000E+001   0.615971E-002  -0.511767E-001
   0.288577E+002   0.100000E+001   0.620417E-002  -0.486600E-001
   0.289379E+002   0.100000E+001   0.620581E-002  -0.461377E-001
   0.290180E+002   0.100000E+001   0.616728E-002  -0.436271E-001
   0.290982E+002   0.100000E+001   0.609166E-002  -0.411442E-001
   0.291784E+002   0.100000E+001   0.598234E-002  -0.387032E-001
   0.292585E+002   0.100000E+001   0.584294E-002  -0.363173E-001
   0.293387E+002   0.100000E+001   0.567725E-002  -0.339976E-001
   0.294188E+002   0.100000E+001   0.548907E-002  -0.317539E-001
   0.294990E+002   0.100000E+001   0.528220E-002  -0.295943E-001
   0.295792E+002   0.100000E+001   0.506035E-002  -0.275252E-001
   0.296593E+002   0.100000E+001   0.482704E-002  -0.255516E-001
   0.297395E+002   0.100000E+001   0.458564E-002  -0.236771E-001
   0.298196E+002   0.100000E+001   0.433925E-002  -0.219038E-001
   0.298998E+002   0.100000E+001   0.409072E-002  -0.202328E-001
   0.299800E+002   0.100000E+001   0.384260E-002  -0.186639E-001
   0.300601E+002   0.100000E+001   0.359716E-002  -0.171960E-001
   0.301403E+002   0.100000E+001   0.335639E-002  -0.158274E-001
   0.302204E+002   0.100000E+001   0.312196E-002  -0.145553E-001
   0.303006E+002   0.100000E+001   0.289529E-002  -0.133765E-001
   0.303808E+002   0.100000E+001   0.267750E-002  -0.122875E-001
   0.304609E+002   0.100000E+001   0.246950E-002  -0.112840E-001
   0.305411E+002   0.100000E+001   0.227194E-002  -0.103617E-001
   0.306212E+002   0.100000E+001   0.208528E-002  -0.951614E-002
   0.307014E+002   0.100000E+001   0.190979E-002  -0.874264E-002
   0.307816E+002   0.100000E+001   0.174557E-002  -0.803652E-002
   0.308617E+002   0.100000E+001   0.159258E-002  -0.739310E-002
   0.309419E+002   0.100000E+001   0.145066E-002  -0.680779E-002
   0.310220E+002   0.100000E+001   0.131956E-002  -0.627610E-002
   0.311022E+002   0.100000E+001   0.119891E-002  -0.579370E-002
   0.311824E+002   0.100000E+001   0.108830E-002  -0.535643E-002
   0.312625E+002   0.100000E+001   0.987270E-003  -0.496033E-002
   0.313427E+002   0.100000E+001   0.895304E-003  -0.460165E-002
   0.314228E+002   0.100000E+001   0.811871E-003  -0.427685E-002
   0.315030E+002   0.100000E+001   0.736420E-003  -0.398267E-002
   0.315832E+002   0.100000E+001   0.668396E-003  -0.371602E-002
   0.316633E+002   0.100000E+001   0.607244E-003  -0.347408E-002
   0.317435E+002   0.100000E+001   0.552418E-003  -0.325426E-002
   0.318236E+002   0.100000E+001   0.503386E-003  -0.305417E-002
   0.319038E+002   0.100000E+001   0.459634E-003  -0.287166E-002
   0.319840E+002   0.100000E+001   0.420671E-003  -0.270475E-002
   0.320641E+002   0.100000E+001   0.386029E-003  -0.255168E-002
   0.321443E+002   0.100000E+001   0.355270E-003  -0.241088E-002
   0.322244E+002   0.100000E+001   0.327979E-003  -0.228093E-002
   0.323046E+002   0.100000E+001   0.303775E-003  -0.216057E-002
   0.323848E+002   0.100000E+001   0.282302E-003  -0.204869E-002
   0.324649E+002   0.100000E+001   0.263236E-003  -0.194434E-002
   0.325451E+002   0.100000E+001   0.246278E-003  -0.184664E-002
   0.326253E+002   0.100000E+001   0.231158E-003  -0.175488E-002
   0.327054E+002   0.100000E+001   0.217635E-003  -0.166840E-002
   0.327856E+002   0.100000E+001   0.205488E-003  -0.158666E-002
   0.328657E+002   0.100000E+001   0.194524E-003  -0.150918E-002
   0.329459E+002   0.100000E+001   0.184571E-003  -0.143558E-002
   0.330261E+002   0.100000E+001   0.175477E-003  -0.136551E-002
   0.331062E+002   0.100000E+001   0.167110E-003  -0.129868E-002
   0.331864E+002   0.100000E+001   0.159357E-003  -0.123487E-002
   0.332665E+002   0.100000E+001   0.152118E-003  -0.117387E-002
   0.333467E+002   0.100000E+001   0.145311E-003  -0.111552E-002
   0.334269E+002   0.100000E+001   0.138866E-003  -0.105968E-002
   0.335070E+002   0.100000E+001   0.132724E-003  -0.100624E-002
   0.335872E+002   0.100000E+001   0.126837E-003  -0.955113E-003
   0.336673E+002   0.100000E+001   0.121166E-003  -0.906209E-003
   0.337475E+002   0.100000E+001   0.115681E-003  -0.859467E-003
   0.338277E+002   0.100000E+001   0.110359E-003  -0.814829E-003
   0.339078E+002   0.100000E+001   0.105181E-003  -0.772243E-003
   0.339880E+002   0.100000E+001   0.100135E-003  -0.731663E-003
   0.340681E+002   0.100000E+001   0.952116E-004  -0.693046E-003
   0.341483E+002   0.100000E+001   0.904068E-004  -0.656349E-003
   0.342285E+002   0.100000E+001   0.857179E-004  -0.621530E-003
   0.343086E+002   0.100000E+001   0.811447E-004  -0.588549E-003
   0.343888E+002   0.100000E+001   0.766886E-004  -0.557360E-003
   0.344689E+002   0.100000E+001   0.723524E-004  -0.527920E-003
   0.345491E+002   0.100000E+001   0.681395E-004  -0.500181E-003
   0.346293E+002   0.100000E+001   0.640537E-004  -0.474095E-003
   0.347094E+002   0.100000E+001   0.600990E-004  -0.449611E-003
   0.347896E+002   0.100000E+001   0.562795E-004  -0.426677E-003
   0.348697E+002   0.100000E+001   0.525987E-004  -0.405237E-003
   0.349499E+002   0.100000E+001   0.490600E-004  -0.385236E-003
   0.350301E+002   0.100000E+001   0.456661E-004  -0.366616E-003
   0.351102E+002   0.100000E+001   0.424191E-004  -0.349318E-003
   0.351904E+002   0.100000E+001   0.393205E-004  -0.333283E-003
   0.352705E+002   0.100000E+001   0.363710E-004  -0.318451E-003
   0.353507E+002   0.100000E+001   0.335707E-004  -0.304761E-003
   0.354309E+002   0.100000E+001   0.309190E-004  -0.292154E-003
   0.355110E+002   0.100000E+001   0.284144E-004  -0.280570E-003
   0.355912E+002   0.100000E+001   0.260550E-004  -0.269949E-003
   0.356713E+002   0.100000E+001   0.238383E-004  -0.260235E-003
   0.357515E+002   0.100000E+001   0.217610E-004  -0.251369E-003
   0.358317E+002   0.100000E+001   0.198196E-004  -0.243297E-003
   0.359118E+002   0.100000E+001   0.180100E-004  -0.235964E-003
   0.359920E+002   0.100000E+001   0.163276E-004  -0.229319E-003
   0.360721E+002   0.100000E+001   0.147677E-004  -0.223312E-003
   0.361523E+002   0.100000E+001   0.133252E-004  -0.217894E-003
   0.362325E+002   0.100000E+001   0.119948E-004  -0.213021E-003
   0.363126E+002   0.100000E+001   0.107711E-004  -0.208647E-003
   0.363928E+002   0.100000E+001   0.964861E-005  -0.204731E-003
   0.364729E+002   0.100000E+001   0.862168E-005  -0.201235E-003
   0.365531E+002   0.100000E+001   0.768474E-005  -0.198121E-003
   0.366333E+002   0.100000E+001   0.683225E-005  -0.195355E-003
   0.367134E+002   0.100000E+001   0.605871E-005  -0.192905E-003
   0.367936E+002   0.100000E+001   0.535877E-005  -0.190740E-003
   0.368737E+002   0.100000E+001   0.472719E-005  -0.188832E-003
   0.369539E+002   0.100000E+001   0.415890E-005  -0.187156E-003
   0.370341E+002   0.100000E+001   0.364901E-005  -0.185686E-003
   0.371142E+002   0.100000E+001   0.319282E-005  -0.184403E-003
   0.371944E+002   0.100000E+001   0.278588E-005  -0.183284E-003
   0.372745E+002   0.100000E+001   0.242392E-005  -0.182313E-003
   0.373547E+002   0.100000E+001   0.210292E-005  -0.181471E-003
   0.374349E+002   0.100000E+001   0.181911E-005  -0.180744E-003
   0.375150E+002   0.100000E+001   0.156895E-005  -0.180119E-003
   0.375952E+002   0.100000E+001   0.134911E-005  -0.179582E-003
   0.376754E+002   0.100000E+001   0.115654E-005  -0.179123E-003
   0.377555E+002   0.100000E+001   0.988373E-006  -0.178731E-003
   0.378357E+002   0.100000E+001   0.841997E-006  -0.178398E-003
   0.379158E+002   0.100000E+001   0.715002E-006  -0.178117E-003
   0.379960E+002   0.100000E+001   0.605187E-006  -0.177879E-003
   0.380762E+002   0.100000E+001   0.510545E-006  -0.177679E-003
   0.381563E+002   0.100000E+001   0.429259E-006  -0.177511E-003
   0.382365E+002   0.100000E+001   0.359686E-006  -0.177371E-003
   0.383166E+002   0.100000E+001   0.300347E-006  -0.177255E-003
   0.383968E+002   0.100000E+001   0.249918E-006  -0.177158E-003
   0.384770E+002   0.100000E+001   0.207216E-006  -0.177078E-003
   0.385571E+002   0.100000E+001   0.171191E-006  -0.177013E-003
   0.386373E+002   0.100000E+001   0.140913E-006  -0.176959E-003
   0.387174E+002   0.100000E+001   0.115564E-006  -0.176915E-003
   0.387976E+002   0.100000E+001   0.944232E-007  -0.176880E-003
   0.388778E+002   0.100000E+001   0.768632E-007  -0.176851E-003
   0.389579E+002   0.100000E+001   0.623381E-007  -0.176828E-003
   0.390381E+002   0.100000E+001   0.503778E-007  -0.176809E-003
   0.391182E+002   0.100000E+001   0.405766E-007  -0.176794E-003
   0.391984E+002   0.100000E+001   0.325837E-007  -0.176782E-003
   0.392786E+002   0.100000E+001   0.260990E-007  -0.176773E-003
   0.393587E+002   0.100000E+001   0.208749E-007  -0.176766E-003
   0.394389E+002   0.100000E+001   0.167077E-007  -0.176760E-003
   0.395190E+002   0.100000E+001   0.134194E-007  -0.176756E-003
   0.395992E+002   0.100000E+001   0.108487E-007  -0.176753E-003
   0.396794E+002   0.100000E+001   0.886827E-008  -0.176750E-003
   0.397595E+002   0.100000E+001   0.740083E-008  -0.176748E-003
   0.398397E+002   0.100000E+001   0.640515E-008  -0.176747E-003
   0.399198E+002   0.100000E+001   0.584349E-008  -0.176747E-003
   0.400000E+002   0.100000E+001   0.566289E-008  -0.176747E-003
   0.400802E+002   0.100000E+001   0.586816E-008  -0.176747E-003

