 Initial conditions outputted from a previous simulation. Time =    16.199999999999999     
   40.000000000000000        0.0000000000000000              500           1   16.199999999999999     
   4.0184711835670808E-002 -0.11224084890447407     
   4.7735590549860554E-002  -9.5010105599783304E-002
   5.4270967865493222E-002  -7.4187652711725061E-002
   5.9184292308834451E-002  -5.0312298397193984E-002
   6.2039087720222277E-002  -2.4338455122837763E-002
   6.2495846960230118E-002   2.5791714907605501E-003
   6.0517534714289459E-002   2.9063254425925510E-002
   5.6313630914700506E-002   5.3837726091399231E-002
   5.0300671376757269E-002   7.5866209852515770E-002
   4.3004056033036163E-002   9.4454777020330255E-002
   3.4957777499658414E-002  0.10925465568634463     
   2.6635062294664759E-002  0.12019832691902169     
   1.8413280699907428E-002  0.12741628609881861     
   1.0566565151689109E-002  0.13116026718652968     
   3.2752235187468188E-003  0.13174442776458481     
  -3.3574522205949680E-003  0.12950562054359163     
  -9.2868544886794118E-003  0.12477879235926603     
  -1.4510263667292328E-002  0.11788291313949723     
  -1.9052832447541378E-002  0.10911374044223220     
  -2.2956582784039677E-002   9.8740815222207776E-002
  -2.6272162655445665E-002   8.7007013420487625E-002
  -2.9052918567970012E-002   7.4129628604716072E-002
  -3.1350802224181490E-002   6.0302362558450097E-002
  -3.3213666732933356E-002   4.5697842010542784E-002
  -3.4683574394692766E-002   3.0470426082167400E-002
  -3.5795812540458674E-002   1.4759160180210559E-002
  -3.6578384593714063E-002  -1.3092066828263456E-003
  -3.7051803901544771E-002  -1.7617179435684676E-002
  -3.7229064978491905E-002  -3.4053454730797288E-002
  -3.7115700206719122E-002  -5.0509822823429390E-002
  -3.6709852369670247E-002  -6.6878009460841159E-002
  -3.6002310217395882E-002  -8.3046444069061698E-002
  -3.4976474696575346E-002  -9.8896971609787956E-002
  -3.3608263982251807E-002 -0.11430156721409807     
  -3.1866037510623516E-002 -0.12911914735326277     
  -2.9710702656519331E-002 -0.14319259279527088     
  -2.7096241526326833E-002 -0.15634610527014836     
  -2.3970998495307892E-002 -0.16838298929368914     
  -2.0280192222515474E-002 -0.17908387239646215     
  -1.5970061010322813E-002 -0.18820533278839241     
  -1.0993757480753390E-002 -0.19547907947936344     
  -5.3190523050747470E-003 -0.20061235208484143     
   1.0615462394154022E-003 -0.20329081419127487     
   8.1172032726184538E-003 -0.20318531345564358     
   1.5761449579446224E-002 -0.19996370600617908     
   2.3833179016097432E-002 -0.19331032552205840     
   3.2080694944909574E-002 -0.18295931715454788     
   4.0154597280237909E-002 -0.16874957853210193     
   4.7613537592939480E-002 -0.15070208482535952     
   5.3946664536213565E-002 -0.12910538478502467     
   5.8622707908007457E-002 -0.10458017590675465     
   6.1176735881513879E-002  -7.8087233780100365E-002
   6.1321626590357052E-002  -5.0851527730146770E-002
   5.9034371627911343E-002  -2.4204909145500348E-002
   5.4564615376055559E-002   6.0875215482189635E-004
   4.8360340834340786E-002   2.2598341026383150E-002
   4.0955933154444284E-002   4.1109395153219201E-002
   3.2874162293972560E-002   5.5820953367759760E-002
   2.4566083716691032E-002   6.6685458448209445E-002
   1.6386986583887785E-002   7.3848927850857754E-002
   8.5960769345489966E-003   7.7575888219364328E-002
   1.3675790254382323E-003   7.8189775596055694E-002
  -5.1945508420407609E-003   7.6031405339860594E-002
  -1.1041826859507822E-002   7.1433428723903444E-002
  -1.6168263962948556E-002   6.4706704959287167E-002
  -2.0600049803830546E-002   5.6135400399933914E-002
  -2.4386472431035561E-002   4.5978577892528120E-002
  -2.7589807188695178E-002   3.4474881793676873E-002
  -3.0274179451784330E-002   2.1845840939696326E-002
  -3.2496311538350073E-002   8.2952014651469334E-003
  -3.4300990394741347E-002  -5.9943675509843471E-003
  -3.5721312586699180E-002  -2.0863854081225285E-002
  -3.6782275200600366E-002  -3.6177438787806541E-002
  -3.7505943762090106E-002  -5.1818164647604525E-002
  -3.7914702128672595E-002  -6.7680000677354787E-002
  -3.8030162934791556E-002  -8.3658739940711851E-002
  -3.7868121185019206E-002  -9.9645716411272289E-002
  -3.7433177045521411E-002 -0.11552568114755969     
  -3.6715639151655897E-002 -0.13117759137850635     
  -3.5689007408110214E-002 -0.14647741791195537     
  -3.4314188292494267E-002 -0.16129987331293977     
  -3.2548244878062030E-002 -0.17551523306571884     
  -3.0347048043463398E-002 -0.18898197581727635     
  -2.7660591238210491E-002 -0.20153789433010666     
  -2.4437665981709801E-002 -0.21299657038290565     
  -2.0622293198246953E-002 -0.22314818857588548     
  -1.6153896903001237E-002 -0.23175575219347222     
  -1.1007617979382491E-002 -0.23855202428508787     
  -5.1757607505756647E-003 -0.24324495025963017     
   1.3428546937033475E-003 -0.24550429655735773     
   8.4929922971413319E-003 -0.24496296602874143     
   1.6192942869772478E-002 -0.24127889098478564     
   2.4290057746080895E-002 -0.23417331404389860     
   3.2476629690880027E-002 -0.22342613519703899     
   4.0335152875266303E-002 -0.20893143454090365     
   4.7450714098334554E-002 -0.19079705258739330     
   5.3354318136538112E-002 -0.16939827843461072     
   5.7627080019707337E-002 -0.14538547861075973     
   5.9971301497023975E-002 -0.11964435906519874     
   6.0205691135396387E-002  -9.3247518531934040E-002
   5.8295679972838223E-002  -6.7382828186375657E-002
   5.4353787852330401E-002  -4.3146237425662627E-002
   4.8641911012675169E-002  -2.1428641212719091E-002
   4.1594142393867668E-002  -2.9064250490718879E-003
   3.3718852654822773E-002   1.2009613930768701E-002
   2.5488526835484804E-002   2.3199292617848088E-002
   1.7314528622416510E-002   3.0740051961451013E-002
   9.4748806900112805E-003   3.4838175602253919E-002
   2.1846447018851892E-003   3.5752317724457035E-002
  -4.4681547387972372E-003   3.3784563826788953E-002
  -1.0488111072343790E-002   2.9261206271672262E-002
  -1.5859219765895386E-002   2.2470125243623486E-002
  -2.0577852526572099E-002   1.3647068900381554E-002
  -2.4663745406551335E-002   3.0127043499874485E-003
  -2.8142565410048725E-002  -9.2093759956175577E-003
  -3.1069801021903966E-002  -2.2790463185765390E-002
  -3.3472492817479091E-002  -3.7514234402977333E-002
  -3.5355338862300821E-002  -5.3194895980681979E-002
  -3.6715306443544093E-002  -6.9670907468507751E-002
  -3.7575617658135226E-002  -8.6761140723329216E-002
  -3.8002311657307365E-002 -0.10422691999510385     
  -3.8031425988410410E-002 -0.12183058930976455     
  -3.7696507966088810E-002 -0.13941641927415560     
  -3.7093397496833554E-002 -0.15687466887111745     
  -3.6304158209480651E-002 -0.17405367693639484     
  -3.5325076952010009E-002 -0.19075642778035484     
  -3.4099907563480469E-002 -0.20679336724130509     
  -3.2597113824715376E-002 -0.22202295938317329     
  -3.0752354188226069E-002 -0.23637264922724646     
  -2.8522307599987806E-002 -0.24981680561221112     
  -2.5877616105170011E-002 -0.26231078319620360     
  -2.2758802002363562E-002 -0.27369502751230784     
  -1.9159721565493917E-002 -0.28367131373283766     
  -1.5065471779352862E-002 -0.29195229264042349     
  -1.0428526274838154E-002 -0.29840475087890167     
  -5.2538367567394675E-003 -0.30295522531529595     
   4.2911982461181291E-004 -0.30541890673024807     
   6.6683232717181665E-003 -0.30547902177632885     
   1.3514483980764094E-002 -0.30273982373148511     
   2.0850075106407115E-002 -0.29684709677208010     
   2.8519207530590208E-002 -0.28751905106050279     
   3.6370827470722907E-002 -0.27456608093753887     
   4.3955467673218576E-002 -0.25777659635889999     
   5.0727732111891709E-002 -0.23702081087057908     
   5.6116249250321458E-002 -0.21266706180664086     
   5.9436269746422986E-002 -0.18583359675556263     
   6.0348698329120855E-002 -0.15782281790099451     
   5.8768022698815918E-002 -0.13025607586399099     
   5.4706717995867384E-002 -0.10444686347309007     
   4.8621462737147202E-002  -8.1101273879962174E-002
   4.1121359392087754E-002  -6.1183723336837359E-002
   3.2758168524351552E-002  -4.5698777720431211E-002
   2.4070434615214634E-002  -3.4709170106975051E-002
   1.5501153747054039E-002  -2.7820409195960859E-002
   7.4022890835441424E-003  -2.4580675511206587E-002
   1.3304702774812567E-004  -2.4548710480989954E-002
  -6.2488794188623673E-003  -2.7295599234959254E-002
  -1.1709583830326406E-002  -3.2307495924745133E-002
  -1.6313453544786544E-002  -3.9170721410092972E-002
  -2.0181257952540017E-002  -4.7535772778631642E-002
  -2.3417419532236982E-002  -5.7135442398579289E-002
  -2.6124065071936788E-002  -6.7829273039308621E-002
  -2.8447418877732677E-002  -7.9496831315430921E-002
  -3.0449961582677862E-002  -9.1974615020869399E-002
  -3.2161926658083158E-002 -0.10515658595440047     
  -3.3565279637778250E-002 -0.11902465925965744     
  -3.4693280370816384E-002 -0.13347902156669464     
  -3.5587040304264989E-002 -0.14830935394576705     
  -3.6225170726087094E-002 -0.16337667709789139     
  -3.6612740707455564E-002 -0.17865450410646846     
  -3.6731477667537218E-002 -0.19409722645416247     
  -3.6577380250236942E-002 -0.20956930427964879     
  -3.6138780252460173E-002 -0.22491947775259447     
  -3.5355914858032127E-002 -0.24004594836263721     
  -3.4166201324879540E-002 -0.25486081296964841     
  -3.2513531256849817E-002 -0.26923724245641140     
  -3.0325526270574728E-002 -0.28298731274201933     
  -2.7521125227367271E-002 -0.29584893879222163     
  -2.4072267562068286E-002 -0.30747584954702317     
  -1.9986111694354949E-002 -0.31751127303253601     
  -1.5205275554935442E-002 -0.32575802149542260     
  -9.8194180088021429E-003 -0.33198926623478303     
  -3.9896188179335710E-003 -0.33586430489331626     
   2.3386203048227504E-003 -0.33720273897240488     
   9.0615382941498981E-003 -0.33580412524458031     
   1.6000108942815443E-002 -0.33131133806359864     
   2.3056910909398751E-002 -0.32368061498157052     
   3.0089226710425809E-002 -0.31300491890952470     
   3.6881676287001890E-002 -0.29924651270397384     
   4.3242125329637573E-002 -0.28227829057853177     
   4.8845877167241349E-002 -0.26219343472982437     
   5.3331266422571473E-002 -0.23944810829779831     
   5.6237768829520793E-002 -0.21490359895771513     
   5.7373065527912215E-002 -0.18934373464525900     
   5.6574570629478536E-002 -0.16348490501133470     
   5.3683101760767828E-002 -0.13821813219550147     
   4.8699841782648773E-002 -0.11505081771656735     
   4.2055895752662539E-002  -9.5203368147096415E-002
   3.4282287831684688E-002  -7.9159419608013731E-002
   2.5841681383646738E-002  -6.7035902229911432E-002
   1.7157587602070382E-002  -5.8988928988252212E-002
   8.7961667827008636E-003  -5.4882996893774100E-002
   1.0258081476089529E-003  -5.4371019480295268E-002
  -5.9932599048013492E-003  -5.6953442138981639E-002
  -1.2079732880222538E-002  -6.2164160902721338E-002
  -1.7229768946272102E-002  -6.9533393267841442E-002
  -2.1513343196624186E-002  -7.8650180066789727E-002
  -2.5004049359170132E-002  -8.9193822966931235E-002
  -2.7813206888443541E-002 -0.10091301594797844     
  -3.0034412243059666E-002 -0.11354148198653770     
  -3.1746394206530332E-002 -0.12681747477873812     
  -3.3025868667081217E-002 -0.14056701338007710     
  -3.3948674250772790E-002 -0.15469482587819600     
  -3.4608126955187071E-002 -0.16910619346660380     
  -3.5038471553370074E-002 -0.18369294702455644     
  -3.5234708357200606E-002 -0.19835211031232727     
  -3.5226265653659779E-002 -0.21299992988489380     
  -3.5026629381848133E-002 -0.22758402775379408     
  -3.4619822646902457E-002 -0.24207850346662546     
  -3.3991676546197384E-002 -0.25645178727760520     
  -3.3122684430475384E-002 -0.27061788590816732     
  -3.1959834679182640E-002 -0.28442674617734875     
  -3.0454166893775385E-002 -0.29772469796137990     
  -2.8498451725993031E-002 -0.31039125867323519     
  -2.6095547693792669E-002 -0.32228005167415474     
  -2.3201697837508119E-002 -0.33322063148158204     
  -1.9667340747425495E-002 -0.34301057846433375     
  -1.5487730406060010E-002 -0.35135127642812519     
  -1.0661392623232428E-002 -0.35790811794975447     
  -5.1046697290795763E-003 -0.36238963821120695     
   1.1584006796406014E-003 -0.36447474150000164     
   8.0369472723653308E-003 -0.36382873663377735     
   1.5588725729007496E-002 -0.36011862808794887     
   2.3530326235972700E-002 -0.35298217212614691     
   3.1463245102562098E-002 -0.34215697535171263     
   3.9075109487281330E-002 -0.32751958201448111     
   4.6047667318981758E-002 -0.30923666732264321     
   5.1903098572498751E-002 -0.28768524668722600     
   5.6010517755476455E-002 -0.26348599281425800     
   5.8085531160522681E-002 -0.23773551606201271     
   5.7959876489264435E-002 -0.21167113970496337     
   5.5674237622872637E-002 -0.18636010931695179     
   5.1321491058884547E-002 -0.16289328000777106     
   4.5180481935842676E-002 -0.14225759241418798     
   3.7643645418237531E-002 -0.12510607239109731     
   2.9553065962333067E-002 -0.11182370865701788     
   2.1385389653963843E-002 -0.10242399324518484     
   1.3559233908625514E-002  -9.6642582963401627E-002
   6.2975559086056619E-003  -9.4085860799523205E-002
  -2.8892834567194000E-004  -9.4357469138142941E-002
  -6.1360205890896146E-003  -9.7068000330848808E-002
  -1.1258228204278400E-002 -0.10188822402316657     
  -1.5729654075150683E-002 -0.10855037462667427     
  -1.9566235560285413E-002 -0.11679059557821631     
  -2.2801559786921496E-002 -0.12634296294658873     
  -2.5471445345466560E-002 -0.13697451375750500     
  -2.7617753371301002E-002 -0.14849424630795593     
  -2.9312314175502150E-002 -0.16072733319414875     
  -3.0602003007305503E-002 -0.17349781842769563     
  -3.1527160216379732E-002 -0.18663421183880985     
  -3.2142516209610020E-002 -0.19999471825147999     
  -3.2497667937250174E-002 -0.21347231204626452     
  -3.2606224546147089E-002 -0.22698133726165140     
  -3.2451165857057727E-002 -0.24043661967440585     
  -3.2035969546920361E-002 -0.25375972689341847     
  -3.1372181690350782E-002 -0.26689084091682153     
  -3.0477182829294187E-002 -0.27974450000632195     
  -2.9322466237646189E-002 -0.29219868786952652     
  -2.7871868064878499E-002 -0.30413891144917271     
  -2.6091701381008366E-002 -0.31545040331079061     
  -2.3973623991305492E-002 -0.32599881101333095     
  -2.1484609904030675E-002 -0.33564538462866450     
  -1.8574217960097394E-002 -0.34424122826482262     
  -1.5219418277605591E-002 -0.35161532328326206     
  -1.1417440354488191E-002 -0.35758491421001359     
  -7.1658875497960586E-003 -0.36195364740379060     
  -2.5041682642592475E-003 -0.36452440315645379     
   2.5279800974483883E-003 -0.36512205701586564     
   7.9115171908073420E-003 -0.36357184412271981     
   1.3521831105818789E-002 -0.35969624714646475     
   1.9292670008329026E-002 -0.35337831081266580     
   2.5095357706927356E-002 -0.34455811088224658     
   3.0728600019714870E-002 -0.33320535725791917     
   3.5953867206142333E-002 -0.31937506101031604     
   4.0524246709263252E-002 -0.30326223772777416     
   4.4141916630738104E-002 -0.28520628418884519     
   4.6561303121785143E-002 -0.26568714474312732     
   4.7555878085145914E-002 -0.24530195857253051     
   4.7030917854902175E-002 -0.22475141655299530     
   4.5053418375054534E-002 -0.20480863137539976     
   4.1773832178626763E-002 -0.18620745164703550     
   3.7423101835542490E-002 -0.16953252736865831     
   3.2309373882190170E-002 -0.15518060832114416     
   2.6756402700918211E-002 -0.14336863521718266     
   2.1053460830376246E-002 -0.13415245177986088     
   1.5438191749632567E-002 -0.12745914282908977     
   1.0091469523176006E-002 -0.12313179511915857     
   5.1376057255222490E-003 -0.12096610542505318     
   6.5287123043926399E-004 -0.12073297724326895     
  -3.3229318953139249E-003 -0.12219507374609993     
  -6.7770172333191979E-003 -0.12511871455935980     
  -9.7159559618527104E-003 -0.12928002585258569     
  -1.2158568278788419E-002 -0.13446783937581699     
  -1.4130983929405462E-002 -0.14048524427253584     
  -1.5663696766284426E-002 -0.14715030165105211     
  -1.6788899063198925E-002 -0.15429618722858582     
  -1.7537720390916479E-002 -0.16177050119264663     
  -1.7938298034000544E-002 -0.16943359352396722     
  -1.8015031759975902E-002 -0.17715638860433713     
  -1.7788684671353222E-002 -0.18481832057937647     
  -1.7276982303399514E-002 -0.19230570940349556     
  -1.6495376227813958E-002 -0.19951063751452652     
  -1.5457691081551235E-002 -0.20633019548325185     
  -1.4176673601939407E-002 -0.21266592011051566     
  -1.2664658518129777E-002 -0.21842338619807855     
  -1.0934451125354424E-002 -0.22351207455544306     
  -9.0003414007265390E-003 -0.22784565693273812     
  -6.8791238499441723E-003 -0.23134274320953419     
  -4.5910647219985735E-003 -0.23392806679024697     
  -2.1608073234125444E-003 -0.23553409504068135     
   3.8181981893946435E-004 -0.23610308165928029     
   3.0011937187774292E-003 -0.23558956049725532     
   5.6556325078088348E-003 -0.23396321008229640     
   8.2976162490898866E-003 -0.23121192783229746     
   1.0874596580702478E-002 -0.22734487095686542     
   1.3330456455075258E-002 -0.22239515368615023     
   1.5607631594399807E-002 -0.21642183364543616     
   1.7649827228060362E-002 -0.20951078538612647     
   1.9405153283925558E-002 -0.20177408091898108     
   2.0829387522192457E-002 -0.19334760738590409     
   2.1888999734887841E-002 -0.18438685043822509     
   2.2563556051289176E-002 -0.17506102477017907     
   2.2847176511726706E-002 -0.16554599043516841     
   2.2748837566936228E-002 -0.15601659962116479     
   2.2291478082234084E-002 -0.14663922040504079     
   2.1510046734488135E-002 -0.13756514932817904     
   2.0448773785168420E-002 -0.12892546227226656     
   1.9158028147377729E-002 -0.12082761182589359     
   1.7691125252409363E-002 -0.11335382323844895     
   1.6101396288169451E-002 -0.10656112408843491     
   1.4439737408043846E-002 -0.10048269708179228     
   1.2752753640708665E-002  -9.5130179792620215E-002
   1.1081518932878549E-002  -9.0496538460523940E-002
   9.4609044340754171E-003  -8.6559192262239751E-002
   7.9193847058454132E-003  -8.3283135917828585E-002
   6.4792127269904312E-003  -8.0623883908927566E-002
   5.1568539491704309E-003  -7.8530127521906010E-002
   3.9635810494855518E-003  -7.6946050545818351E-002
   2.9061484685570212E-003  -7.5813289400623082E-002
   1.9874848817510210E-003  -7.5072550272453714E-002
   1.2073598155880330E-003  -7.4664912092937366E-002
   5.6299626891761795E-004  -7.4532852552023993E-002
   4.9613760769643179E-005  -7.4621037143509580E-002
  -3.3910432865642321E-004  -7.4876910464641427E-002
  -6.1061856243892752E-004  -7.5251126064912660E-002
  -7.7321141059101593E-004  -7.5697847047492980E-002
  -8.3572775794201056E-004  -7.6174945038810574E-002
  -8.0736905541331191E-004  -7.6644120500943810E-002
  -6.9753187653889782E-004  -7.7070962935935100E-002
  -5.1568194656318280E-004  -7.7424965472122589E-002
  -2.7125543096821752E-004  -7.7679504711562000E-002
   2.6419764936410616E-005  -7.7811793590394668E-002
   3.6818884055516668E-004  -7.7802812370419944E-002
   7.4512610393437210E-004  -7.7637220736958432E-002
   1.1485860184993956E-003  -7.7303252307661080E-002
   1.5702520793790093E-003  -7.6792591636621221E-002
   2.0021852728605420E-003  -7.6100233013483551E-002
   2.4368729416954071E-003  -7.5224319978283785E-002
   2.8672780501762954E-003  -7.4165964450691527E-002
   3.2868881173156428E-003  -7.2929044684648822E-002
   3.6897625415930379E-003  -7.1519981866122934E-002
   4.0705766682227352E-003  -6.9947495959384084E-002
   4.4246606471214645E-003  -6.8222342326769644E-002
   4.7480310686645608E-003  -6.6357031695552654E-002
   5.0374136598327164E-003  -6.4365537016329188E-002
   5.2902554669350113E-003  -6.2262991538312676E-002
   5.5047249897822899E-003  -6.0065383255885119E-002
   5.6796996007612227E-003  -5.7789251371002381E-002
   5.8147405141029890E-003  -5.5451390778429477E-002
   5.9100556739494986E-003  -5.3068570578558606E-002
   5.9664513700128296E-003  -5.0657271880611580E-002
   5.9852743321520737E-003  -4.8233449320407830E-002
   5.9683462903866160E-003  -4.5812320212258152E-002
   5.9178929581485294E-003  -4.3408184264555984E-002
   5.8364696778892833E-003  -4.1034275619965997E-002
   5.7268860695987144E-003  -3.8702647944446611E-002
   5.5921318164425414E-003  -3.6424092279945107E-002
   5.4353054970693081E-003  -3.4208086410107572E-002
   5.2595481337083336E-003  -3.2062773691252301E-002
   5.0679827842988225E-003  -2.9994968678343253E-002
   4.8636611371782826E-003  -2.8010186408879589E-002
   4.6495177226023587E-003  -2.6112691914974225E-002
   4.4283320249996665E-003  -2.4305566409620238E-002
   4.2026984755809153E-003  -2.2590786608903953E-002
   3.9750040514543302E-003  -2.0969313786374365E-002
   3.7474130071107037E-003  -1.9441189385858135E-002
   3.5218581129592848E-003  -1.8005634315850692E-002
   3.3000376734115978E-003  -1.6661149387849503E-002
   3.0834175404592756E-003  -1.5405614723067489E-002
   2.8732373210276713E-003  -1.4236386318358210E-002
   2.6705199907661151E-003  -1.3150388317494674E-002
   2.4760841662125419E-003  -1.2144199867628996E-002
   2.2905583443586148E-003  -1.1214135745714133E-002
   2.1143964875835830E-003  -1.0356320211191905E-002
   1.9478944076019625E-003  -9.5667537770555647E-003
   1.7912064799257778E-003  -8.8413727912913624E-003
   1.6443622968369881E-003  -8.1761018859722381E-003
   1.5072829395564595E-003  -7.5668994841911717E-003
   1.3797966174616161E-003  -7.0097966584954539E-003
   1.2616534827038274E-003  -6.5009297117865012E-003
   1.1525394818526777E-003  -6.0365669062006277E-003
   1.0520891521619657E-003  -5.6131298006617874E-003
   9.5989730892469358E-004  -5.2272096767901526E-003
   8.7552960258138952E-004  -4.8755795385961838E-003
   7.9853195033896605E-004  -4.5552021665354585E-003
   7.2843886770182736E-004  -4.2632346933763332E-003
   6.6478074119224215E-004  -3.9970301499487482E-003
   6.0709009531151824E-004  -3.7541364049008931E-003
   5.5490691510238653E-004  -3.5322928955160448E-003
   5.0778309110157901E-004  -3.3294255176049194E-003
   4.6528605654559961E-004  -3.1436400124343331E-003
   4.2700168787296295E-004  -2.9732141583312830E-003
   3.9253653925021319E-004  -2.8165890445993121E-003
   3.6151948037494141E-004  -2.6723596761495899E-003
   3.3360280445981816E-004  -2.5392651291157491E-003
   3.0846287030984949E-004  -2.4161784509293149E-003
   2.8580033896038207E-004  -2.3020964730472268E-003
   2.6534006159859626E-004  -2.1961296808502037E-003
   2.4683067156749987E-004  -2.0974922632294303E-003
   2.3004392924414271E-004  -2.0054924440716933E-003
   2.1477386456727329E-004  -1.9195231792338962E-003
   2.0083575802064559E-004  -1.8390532856400502E-003
   1.8806499700041064E-004  -1.7636190537941294E-003
   1.7631584074122568E-004  -1.6928163812257506E-003
   1.6546012337002847E-004  -1.6262934521082562E-003
   1.5538592121673011E-004  -1.5637439774402137E-003
   1.4599620725016250E-004  -1.5049010006866234E-003
   1.3720751243420832E-004  -1.4495312655571520E-003
   1.2894861091871141E-004  -1.3974301355752742E-003
   1.2115924329587226E-004  -1.3484170491830938E-003
   1.1378888966650234E-004  -1.3023314892502127E-003
   1.0679560197114269E-004  -1.2590294419298307E-003
   1.0014490294678364E-004  -1.2183803167507615E-003
   9.3808757167541333E-005  -1.1802642975708561E-003
   8.7764617912738414E-005  -1.1445700924678948E-003
   8.1994552073093432E-005  -1.1111930497328254E-003
   7.6484443948946786E-005  -1.0800336067844564E-003
   7.1223277606376098E-005  -1.0509960389742652E-003
   6.6202496430083809E-005  -1.0239874758279576E-003
   6.1415437637625636E-005  -9.9891715321347445E-004
   5.6856838788915826E-005  -9.7569587117336809E-004
   5.2522412728710925E-005  -9.5423562865703854E-004
   4.8408486928376975E-005  -9.3444940808317897E-004
   4.4511702836816024E-005  -9.1625108450708404E-004
   4.0828770599122317E-005  -8.9955543611728748E-004
   3.7356274345411832E-005  -8.8427823480170949E-004
   3.4090523181603475E-005  -8.7033639756935101E-004
   3.1027443019078324E-005  -8.5764818165794793E-004
   2.8162504451770397E-005  -8.4613340817302663E-004
   2.5490682018406992E-005  -8.3571370106550326E-004
   2.3006440365528544E-005  -8.2631273014277268E-004
   2.0703743045446439E-005  -8.1785644860517335E-004
   1.8576079934824381E-005  -8.1027331729186078E-004
   1.6616509536696800E-005  -8.0349450939664984E-004
   1.4817712724615409E-005  -7.9745409086732285E-004
   1.3172054796346151E-005  -7.9208917302585878E-004
   1.1671653020483212E-005  -7.8734003513855383E-004
   1.0308447176645936E-005  -7.8315021572326947E-004
   9.0742709045597558E-006  -7.7946657230774355E-004
   7.9609219863536627E-006  -7.7623931014972369E-004
   6.9602299835297470E-006  -7.7342198109975194E-004
   6.0641199321292682E-006  -7.7097145433897309E-004
   5.2646710705647542E-006  -7.6884786116348494E-004
   4.5541698260151864E-006  -7.6701451631481382E-004
   3.9251565064556628E-006  -7.6543781858715867E-004
   3.3704653583055007E-006  -7.6408713359224641E-004
   2.8832578510150273E-006  -7.6293466162052318E-004
   2.4570491918709042E-006  -7.6195529351536591E-004
   2.0857282126699544E-006  -7.6112645742833023E-004
   1.7635709522591104E-006  -7.6042795921141466E-004
   1.4852483130102186E-006  -7.5984181898805633E-004
   1.2458281829467168E-006  -7.5935210628435125E-004
   1.0407726929592420E-006  -7.5894477597396131E-004
   8.6593128260184467E-007  -7.5860750694402117E-004
   7.1752983699268686E-007  -7.5832954512592885E-004
   5.9215674599491042E-007  -7.5810155255287396E-004
   4.8674720553389266E-007  -7.5791546370124348E-004
   3.9856515473738707E-007  -7.5776434988010857E-004
   3.2518268010584374E-007  -7.5764229258441676E-004
   2.6446062515430724E-007  -7.5754426615058938E-004
   2.1452965761590093E-007  -7.5746602950231329E-004
   1.7376526648329085E-007  -7.5740402789388310E-004
   1.4076500357968843E-007  -7.5735530355505937E-004
   1.1434089273188633E-007  -7.5731741291258908E-004
   9.3503946314144950E-008  -7.5728835965725445E-004
   7.7423012490733523E-008  -7.5726655031224644E-004
   6.5411714955829881E-008  -7.5725074010222690E-004
   5.6975185641953924E-008  -7.5723995693500426E-004
   5.1865449948753963E-008  -7.5723349957494191E-004
   5.0095111936453069E-008  -7.5723109250686407E-004
