 Initial conditions outputted from a previous simulation. Time =    23.800000000000001     
   40.000000000000000        0.0000000000000000              500           1   23.800000000000001     
   4.0184711835554644E-002  0.11224084890469749     
   3.1889482193673817E-002  0.12560170326470024     
   2.3521325737030026E-002  0.13514110426506662     
   1.5378870561570106E-002  0.14104202816380493     
   7.7197345846196051E-003  0.14357628741768794     
   6.5879530633105405E-004  0.14308356417533402     
  -5.7125507029359077E-003  0.13989359099259324     
  -1.1372851753513897E-002  0.13433824344623810     
  -1.6332632064657109E-002  0.12672792075900760     
  -2.0625093446247439E-002  0.11734850599815735     
  -2.4297241158342815E-002  0.10645980759788161     
  -2.7401746861551078E-002   9.4295228443826276E-002
  -2.9992042209598481E-002   8.1063345239243634E-002
  -3.2118913899298190E-002   6.6950135772970695E-002
  -3.3828209668181543E-002   5.2121584946093973E-002
  -3.5159469658479929E-002   3.6726561486792861E-002
  -3.6145143574471239E-002   2.0899797817436328E-002
  -3.6810178899763769E-002   4.7648948828255978E-003
  -3.7171837355883239E-002  -1.1562682070925333E-002
  -3.7239629537927012E-002  -2.7972634861480643E-002
  -3.7015298735638351E-002  -4.4356889999993897E-002
  -3.6492819670683956E-002  -6.0606669768793205E-002
  -3.5658406832321875E-002  -7.6609559778322026E-002
  -3.4490556491644772E-002  -9.2246556759134152E-002
  -3.2960178180835603E-002 -0.10738908644514045     
  -3.1030907413898915E-002 -0.12189599361413776     
  -2.8659734180543732E-002 -0.13561052532552953     
  -2.5798133336509842E-002 -0.14835735617634943     
  -2.2393944441937371E-002 -0.15993974510883785     
  -1.8394318974144692E-002 -0.17013697380167717     
  -1.3750127612783655E-002 -0.17870231165595113     
  -8.4222845884707569E-003 -0.18536191204483782     
  -2.3904703986613002E-003 -0.18981531296803528     
   4.3353267099851120E-003 -0.19173865282482258     
   1.1700273920948844E-002 -0.19079241157719876     
   1.9587593093204021E-002 -0.18663650914793758     
   2.7800474997876051E-002 -0.17895675382620377     
   3.6046463314378788E-002 -0.16750732178415847     
   4.3930748659074093E-002 -0.15217289377233256     
   5.0968466821476981E-002 -0.13304882641931648     
   5.6626898022216904E-002 -0.11052540200152523     
   6.0401126050252538E-002  -8.5344332832506795E-002
   6.1910905337221822E-002  -5.8584709099450877E-002
   6.0989964436120321E-002  -3.1551005173618120E-002
   5.7732206048704826E-002  -5.5826294077444211E-003
   5.2470263597101587E-002   1.8146902135798407E-002
   4.5691696505357912E-002   3.8767492024792995E-002
   3.7930982197178366E-002   5.5756733730589203E-002
   2.9683440826691759E-002   6.8909642164816987E-002
   2.1362125570795958E-002   7.8268516517304335E-002
   1.3287469842103911E-002   8.4040083440212368E-002
   5.6904936938136884E-003   8.6519313910578322E-002
  -1.2797480901378662E-003   8.6033216968655721E-002
  -7.5451624917949149E-003   8.2908152602625129E-002
  -1.3084382728133743E-002   7.7455541457440422E-002
  -1.7917179184013591E-002   6.9968368010830742E-002
  -2.2088980013496996E-002   6.0722118818654150E-002
  -2.5656529717422227E-002   4.9975509130229509E-002
  -2.8676460675811852E-002   3.7968606870395161E-002
  -3.1198796317344357E-002   2.4918907381456027E-002
  -3.3265834675123319E-002   1.1018003991412473E-002
  -3.4914508085017941E-002  -3.5685482167961127E-003
  -3.6179202572485504E-002  -1.8697389338431097E-002
  -3.7092878716565032E-002  -3.4240893437058710E-002
  -3.7686009944519920E-002  -5.0080431526077454E-002
  -3.7983987089602954E-002  -6.6100939313309084E-002
  -3.8003895770220730E-002  -8.2187169410609065E-002
  -3.7751369259280992E-002  -9.8221803069812402E-002
  -3.7218229543087455E-002 -0.11408574188471517     
  -3.6382240161930125E-002 -0.12966003526871828     
  -3.5210520641561958E-002 -0.14482699355827144     
  -3.3665495943213622E-002 -0.15946739955538197     
  -3.1709674730406125E-002 -0.17345314998048372     
  -2.9306317023440123E-002 -0.18663792500956047     
  -2.6416655084197948E-002 -0.19884981602113880     
  -2.2997024144915702E-002 -0.20988716669317622     
  -1.8996046116220380E-002 -0.21951818363387707     
  -1.4359190802324232E-002 -0.22748568867327001     
  -9.0343826065609444E-003 -0.23351302856771244     
  -2.9865368112720857E-003 -0.23730250758701446     
   3.7740227312587885E-003 -0.23853517632250831     
   1.1191078568556100E-002 -0.23688316520875716     
   1.9140278418916148E-002 -0.23201835540132490     
   2.7404955532400823E-002 -0.22362774474893751     
   3.5672610123214064E-002 -0.21146552349265180     
   4.3540781160762584E-002 -0.19543275996809831     
   5.0516671391239741E-002 -0.17566052474498317     
   5.6075171860203381E-002 -0.15259088274973523     
   5.9740264281507742E-002 -0.12702611301638655     
   6.1164229531884717E-002 -0.10009168908606296     
   6.0229201497055899E-002  -7.3104960235403263E-002
   5.7014052598009374E-002  -4.7352786018903845E-002
   5.1815746004612709E-002  -2.3920119774202987E-002
   4.5150033568124831E-002  -3.6233818010919247E-003
   3.7544734811406799E-002   1.3060423722961187E-002
   2.9431559212610522E-002   2.5990329208654885E-002
   2.1235838093427741E-002   3.5220283199547113E-002
   1.3288422333725788E-002   4.0916694310936787E-002
   5.7965993521210237E-003   4.3345850769702939E-002
  -1.0985803847025101E-003   4.2821908016378703E-002
  -7.3363780894355217E-003   3.9666117867978010E-002
  -1.2900557363723369E-002   3.4203561581350739E-002
  -1.7804126004982133E-002   2.6754895848096833E-002
  -2.2075937149950802E-002   1.7598117455054716E-002
  -2.5746031501930854E-002   6.9485988158698702E-003
  -2.8856648764373015E-002  -5.0135932188867822E-003
  -3.1461947894860287E-002  -1.8104378840649880E-002
  -3.3615500425923421E-002  -3.2145530420990352E-002
  -3.5357732063549266E-002  -4.6998777275350657E-002
  -3.6709373508033397E-002  -6.2542465820910165E-002
  -3.7691006003446777E-002  -7.8623196121655137E-002
  -3.8295621585584194E-002  -9.5074897376634424E-002
  -3.8505002219860758E-002 -0.11175984770331505     
  -3.8328928577842071E-002 -0.12856884237759608     
  -3.7783770008591490E-002 -0.14539144381775096     
  -3.6863804940912688E-002 -0.16209395095939530     
  -3.5563269056877088E-002 -0.17853664865403318     
  -3.3927925996652120E-002 -0.19460418465646137     
  -3.2002849728105992E-002 -0.21023124469450458     
  -2.9790999338738404E-002 -0.22539283549458003     
  -2.7304889373782778E-002 -0.24003762931035175     
  -2.4513680423712273E-002 -0.25405618096583832     
  -2.1318030742723829E-002 -0.26729851973654539     
  -1.7576590862594860E-002 -0.27953891280310639     
  -1.3244567067734258E-002 -0.29040972582877778     
  -8.2962227841226269E-003 -0.29941214553489287     
  -2.7042899370288958E-003 -0.30598246488511721     
   3.5065773467524933E-003 -0.30963856375585763     
   1.0245693761627955E-002 -0.31008918834749616     
   1.7382620433959214E-002 -0.30726548187244440     
   2.4779581447939895E-002 -0.30119666822253455     
   3.2206233971981128E-002 -0.29173349902174345     
   3.9452779292467925E-002 -0.27849232347212849     
   4.6138253667351990E-002 -0.26133304848498945     
   5.2031173923468066E-002 -0.24067030558461397     
   5.6470291430652853E-002 -0.21724169328077084     
   5.8894457304068656E-002 -0.19195215197172208     
   5.9017482092908309E-002 -0.16562868442393486     
   5.6642180853942750E-002 -0.13927615277288508     
   5.1822787682680123E-002 -0.11468740628533543     
   4.5187508450421535E-002  -9.3662109496017706E-002
   3.7347272461717991E-002  -7.6515320340696830E-002
   2.8953054097216067E-002  -6.2912849425854067E-002
   2.0495420733309278E-002  -5.3160412418333837E-002
   1.2291208926537830E-002  -4.7539166902890700E-002
   4.6007300425747718E-003  -4.5604496586326544E-002
  -2.5108645663192561E-003  -4.6842101461889669E-002
  -8.8860488620016252E-003  -5.0912828594547939E-002
  -1.4424596921975721E-002  -5.7389406392910368E-002
  -1.9196663071493657E-002  -6.5830686620449996E-002
  -2.3197579579556524E-002  -7.5962906550542539E-002
  -2.6498867703886798E-002  -8.7554174166722343E-002
  -2.9166031144731045E-002 -0.10031306598558003     
  -3.1229697606133495E-002 -0.11395231212105175     
  -3.2768597215386844E-002 -0.12825285379759022     
  -3.3909663232384327E-002 -0.14304571429296611     
  -3.4719464199833759E-002 -0.15821905665585212     
  -3.5256290259809482E-002 -0.17366554474574220     
  -3.5544786371816378E-002 -0.18926545852894786     
  -3.5601560030798597E-002 -0.20490989277062879     
  -3.5423908074813201E-002 -0.22047942934667014     
  -3.5035855437473326E-002 -0.23581604597896280     
  -3.4455613818574912E-002 -0.25081551126035767     
  -3.3687251608262206E-002 -0.26549288286835876     
  -3.2664945147764878E-002 -0.27985785413117464     
  -3.1383361817446088E-002 -0.29380794330713422     
  -2.9824292920052384E-002 -0.30721145990196236     
  -2.7906909619291664E-002 -0.31992165610756890     
  -2.5620112830747336E-002 -0.33175524751637597     
  -2.2837442623195238E-002 -0.34259758010702013     
  -1.9397129499774145E-002 -0.35229231339752592     
  -1.5450397375223213E-002 -0.36043362072862434     
  -1.0990039682375137E-002 -0.36659848877994733     
  -5.7983395290690893E-003 -0.37064429657480902     
   1.5392646598123898E-004 -0.37257662210880527     
   6.7476754048538699E-003 -0.37223810184576378     
   1.3913437180342984E-002 -0.36919201336695262     
   2.1574784206399338E-002 -0.36297706676655705     
   2.9566936192892676E-002 -0.35298710009122691     
   3.7523735722860808E-002 -0.33871160292413199     
   4.4897878928545076E-002 -0.32034073364923565     
   5.1276675657023776E-002 -0.29842520090813895     
   5.5831707808667849E-002 -0.27341642161434820     
   5.8079701555883947E-002 -0.24630522207088135     
   5.7995055551208201E-002 -0.21845626437639834     
   5.5592622862793643E-002 -0.19111635322327342     
   5.0875940281343568E-002 -0.16603764346019032     
   4.4571832412951970E-002 -0.14450761311883856     
   3.7160260110116868E-002 -0.12647867684705111     
   2.9200241475167938E-002 -0.11187379927277263     
   2.1164104080872045E-002 -0.10132039710482123     
   1.3399209752223683E-002  -9.4846958013241195E-002
   6.1265235373895435E-003  -9.1804595333442693E-002
  -3.9645202641046745E-004  -9.1558278417206207E-002
  -6.1649103804142652E-003  -9.3762629122616362E-002
  -1.1267533987308424E-002  -9.8187195717202344E-002
  -1.5822740473700768E-002 -0.10461972969557827     
  -1.9879790189170021E-002 -0.11278631480238993     
  -2.3395814354757426E-002 -0.12239131737058709     
  -2.6349703980023172E-002 -0.13318215843710893     
  -2.8818983425234864E-002 -0.14491029170238401     
  -3.0859475094055976E-002 -0.15749176082676988     
  -3.2537025466316226E-002 -0.17089778255527635     
  -3.3894073878977152E-002 -0.18502921555585292     
  -3.4933008837013946E-002 -0.19973376436008128     
  -3.5631153146016725E-002 -0.21481613590467835     
  -3.5993035686197800E-002 -0.23004272737175827     
  -3.6071742069322565E-002 -0.24526988080749251     
  -3.5907446112503530E-002 -0.26048035205259473     
  -3.5497497188417805E-002 -0.27566951932621714     
  -3.4839840432389552E-002 -0.29070559208895008     
  -3.3852539092034728E-002 -0.30535628586510721     
  -3.2472176600327328E-002 -0.31939968228959659     
  -3.0652059049382650E-002 -0.33270282336970847     
  -2.8391419107383752E-002 -0.34519690758361693     
  -2.5737140089610956E-002 -0.35682992707437711     
  -2.2683316361516156E-002 -0.36744260934950224     
  -1.9128609690835397E-002 -0.37667228151228227     
  -1.5059065468384694E-002 -0.38417519780855425     
  -1.0422728589281687E-002 -0.38975475660425329     
  -5.1537277098549902E-003 -0.39336096576688589     
   6.8659600438998863E-004 -0.39490466758651754     
   7.0534271154309991E-003 -0.39398566643057503     
   1.3903806145280600E-002 -0.39011655205818352     
   2.1085085303428855E-002 -0.38297066799593388     
   2.8456985519844671E-002 -0.37243432342787747     
   3.5752378287856351E-002 -0.35874473619813640     
   4.2662518705975053E-002 -0.34183112989584546     
   4.8395064180362414E-002 -0.32122975562397704     
   5.3302157631042409E-002 -0.29716217909522336     
   5.6131975429560256E-002 -0.27099835628564117     
   5.6815099259883636E-002 -0.24424704103186975     
   5.5072069297393979E-002 -0.21771480815756375     
   5.1543507595322363E-002 -0.19214941433399074     
   4.5912728502082764E-002 -0.16893348517222456     
   3.9120861985340427E-002 -0.14944257952154694     
   3.1439053989898894E-002 -0.13415065568736972     
   2.3846424149584156E-002 -0.12279470965851924     
   1.5927387555545111E-002 -0.11504030151993526     
   8.3372708427818850E-003 -0.11081716789148709     
   1.2449693460456176E-003 -0.10986556351067316     
  -5.1610704075050794E-003 -0.11177835634816657     
  -1.0726680083699957E-002 -0.11614581315978952     
  -1.5468666108348138E-002 -0.12260608672408213     
  -1.9524287057825197E-002 -0.13078321062084042     
  -2.2962512552908800E-002 -0.14039586402102025     
  -2.5813839694632114E-002 -0.15121654596143866     
  -2.8188332486429837E-002 -0.16304161442379020     
  -3.0135935580973550E-002 -0.17566043384270699     
  -3.1670880853244585E-002 -0.18888204896267166     
  -3.2832445790678053E-002 -0.20256237640723493     
  -3.3684175697774113E-002 -0.21659326879710913     
  -3.4274609914301257E-002 -0.23088553592833094     
  -3.4605089254247719E-002 -0.24536658721462390     
  -3.4701169294763974E-002 -0.25996291298466978     
  -3.4604577351473396E-002 -0.27459658021721833     
  -3.4328824160855406E-002 -0.28919019778538774     
  -3.3845836106717202E-002 -0.30366569078990263     
  -3.3077697547126528E-002 -0.31793216297457749     
  -3.1934333165823572E-002 -0.33186163291100174     
  -3.0321949084893988E-002 -0.34528970868186598     
  -2.8148595256426039E-002 -0.35802825036863550     
  -2.5363295842231969E-002 -0.36985562929723137     
  -2.2024208792921135E-002 -0.38049447801744973     
  -1.8075330888711150E-002 -0.38965740152109940     
  -1.3513497223287631E-002 -0.39707396056089383     
  -8.4082705739160924E-003 -0.40249357265854008     
  -2.7328740764299259E-003 -0.40566469594287968     
   3.4373320992806744E-003 -0.40632372265420597     
   9.9702292508375024E-003 -0.40425150972903917     
   1.6789582334681651E-002 -0.39929900360786147     
   2.3719293511820658E-002 -0.39136727681122396     
   3.0528657220250204E-002 -0.38041686512431372     
   3.6950998019499810E-002 -0.36647523781254748     
   4.2644118570604357E-002 -0.34965881206902832     
   4.7378666284762963E-002 -0.33027069630162326     
   5.0937459567334767E-002 -0.30877322885828473     
   5.3045756799723572E-002 -0.28581618829795113     
   5.3486295110974441E-002 -0.26227417237107808     
   5.2072657646796222E-002 -0.23905050622056731     
   4.8875290410574028E-002 -0.21701433335004641     
   4.4114870760843680E-002 -0.19703174216020483     
   3.8057402227774560E-002 -0.17978505968264569     
   3.1061545913789804E-002 -0.16568703733755230     
   2.3609949327441985E-002 -0.15497560441327221     
   1.6029610532576941E-002 -0.14768855252616747     
   8.6212993377679289E-003 -0.14370762577663188     
   1.6291202720232403E-003 -0.14282501926665742     
  -4.7956720882237035E-003 -0.14476049915774186     
  -1.0539368629439735E-002 -0.14917726063402811     
  -1.5544221256536688E-002 -0.15572559161727692     
  -1.9808808051268324E-002 -0.16407492449278752     
  -2.3365580159054621E-002 -0.17391627895111433     
  -2.6260834830939946E-002 -0.18496185493838446     
  -2.8547514952059011E-002 -0.19695170047550487     
  -3.0289722091799635E-002 -0.20965443603965128     
  -3.1558984021499002E-002 -0.22286714793227533     
  -3.2426641604936170E-002 -0.23641827242433425     
  -3.2961545500602735E-002 -0.25016896418302442     
  -3.3225661862623185E-002 -0.26401076906877230     
  -3.3268637220085710E-002 -0.27786110684308057     
  -3.3125035843002103E-002 -0.29165720920728266     
  -3.2812779467106583E-002 -0.30534858974466866     
  -3.2332293526822278E-002 -0.31888898151175626     
  -3.1666741297232001E-002 -0.33222855270529511     
  -3.0783156206820692E-002 -0.34530639272943353     
  -2.9634137645760738E-002 -0.35804361454984396     
  -2.8160160655550194E-002 -0.37033759098034669     
  -2.6292419976730725E-002 -0.38205745658968132     
  -2.3955873090977329E-002 -0.39304075263998556     
  -2.1072460000856080E-002 -0.40309091470295350     
  -1.7565209582152734E-002 -0.41197525118535483     
  -1.3364471570025573E-002 -0.41942357567271665     
  -8.4174514308227553E-003 -0.42512855259072890     
  -2.7014270550893794E-003 -0.42874957297171895     
   3.7602132966974835E-003 -0.42992232460147090     
   1.0881060547888854E-002 -0.42827619174770476     
   1.8496291539658344E-002 -0.42346140645860209     
   2.6350992437783795E-002 -0.41518779722809762     
   3.4094646134979138E-002 -0.40327711643610370     
   4.1286896099163028E-002 -0.38772981835165382     
   4.7424909639254789E-002 -0.36880055314563526     
   5.2004348677461489E-002 -0.34706063924076069     
   5.4613671256571669E-002 -0.32340725926248393     
   5.5034506820540598E-002 -0.29898133637674851     
   5.3300540853691292E-002 -0.27499730293590796     
   4.9680963367879062E-002 -0.25254588290687896     
   4.4598218710854259E-002 -0.23245110328860213     
   3.8524344805728389E-002 -0.21522335990490626     
   3.1897480941145070E-002 -0.20109318425547015     
   2.5074858460384781E-002 -0.19008408936169174     
   1.8319246794256557E-002 -0.18208924194915399     
   1.1808514032254698E-002 -0.17693228991943682     
   5.6555710443200718E-003 -0.17440626551036700     
  -7.2234534869786591E-005 -0.17429440085012485     
  -5.3390295991583370E-003 -0.17638035244779532     
  -1.0131071090746104E-002 -0.18045349986291712     
  -1.4450198734890569E-002 -0.18631204477859720     
  -1.8308708048482725E-002 -0.19376486409465740     
  -2.1725000727979806E-002 -0.20263227091524866     
  -2.4720014915595036E-002 -0.21274571467797715     
  -2.7314664982754804E-002 -0.22394670607451550     
  -2.9528262246811307E-002 -0.23608539959207520     
  -3.1377608779699459E-002 -0.24901915072908756     
  -3.2876403177411723E-002 -0.26261114849365147     
  -3.4034694330124918E-002 -0.27672904493596745     
  -3.4858293209836730E-002 -0.29124342285432303     
  -3.5348233098343403E-002 -0.30602598792832136     
  -3.5500461454390564E-002 -0.32094750833186703     
  -3.5305918169016855E-002 -0.33587567122737727     
  -3.4751038236375181E-002 -0.35067310735143276     
  -3.3818570668862465E-002 -0.36519581371256876     
  -3.2488498845240674E-002 -0.37929208457299141     
  -3.0738836862286685E-002 -0.39280189003119370     
  -2.8546176966218036E-002 -0.40555649119450637     
  -2.5886043742031170E-002 -0.41737801436428557     
  -2.2733312016210448E-002 -0.42807875434743731     
  -1.9063106645497246E-002 -0.43746012963595937     
  -1.4852685435066904E-002 -0.44531143238327980     
  -1.0084804300583554E-002 -0.45140876238507344     
  -4.7529943917006311E-003 -0.45551478627361897     
   1.1309314344926755E-003 -0.45738024153983492     
   7.5269897652516697E-003 -0.45674847171962435     
   1.4354902219394974E-002 -0.45336479335175683     
   2.1480474161407200E-002 -0.44699312592382917     
   2.8702294230560234E-002 -0.43744282112843741     
   3.5742303773592964E-002 -0.42460837285977898     
   4.2246055318769404E-002 -0.40852245041384816     
   4.7800334595512285E-002 -0.38941687033807393     
   5.1974932302299305E-002 -0.36777619638625236     
   5.4388670383105867E-002 -0.34435825757587890     
   5.4786779824691115E-002 -0.32015460217458969     
   5.3103676589954095E-002 -0.29628172266540964     
   4.9483835448077128E-002 -0.27382749478880974     
   4.4249975714072486E-002 -0.25370424505523237     
   3.7832676047441137E-002 -0.23655682560370941     
   3.0690529377618105E-002 -0.22274294226736505     
   2.3246221011272775E-002 -0.21236964647548803     
   1.5849096429553931E-002 -0.20535615331722465     
   8.7618649245551142E-003 -0.20149842436327811     
   2.1637593860451771E-003 -0.20052257577875077     
  -3.8374689788866182E-003 -0.20212354700503979     
  -9.1904071491789967E-003 -0.20599065378358561     
  -1.3885133998168530E-002 -0.21182328065845571     
  -1.7940272340201624E-002 -0.21933975213122228     
  -2.1392457419088476E-002 -0.22828172725401513     
  -2.4288212533901080E-002 -0.23841574506762411     
  -2.6677941574780033E-002 -0.24953295248526261     
  -2.8611642862887698E-002 -0.26144766977935657     
  -3.0135969255835979E-002 -0.27399522694590012     
  -3.1292307155004050E-002 -0.28702935067074942     
  -3.2115594592160644E-002 -0.30041928642847032     
  -3.2633659367987441E-002 -0.31404678680461556     
  -3.2866916547039736E-002 -0.32780305631659418     
  -3.2828307390302208E-002 -0.34158571216400918     
  -3.2523398166639045E-002 -0.35529580182333426     
  -3.1950590963862026E-002 -0.36883490530159957     
  -3.1101426195886538E-002 -0.38210234026973888     
  -2.9960981593125959E-002 -0.39499248451188168     
  -2.8508399959092681E-002 -0.40739223189537171     
  -2.6717607846618672E-002 -0.41917860613865709     
  -2.4558319349909499E-002 -0.43021657386325785     
  -2.1997454059835445E-002 -0.44035712675951200     
  -1.9001134416200563E-002 -0.44943574464847003     
  -1.5537461270098240E-002 -0.45727141230094392     
  -1.1580290127039847E-002 -0.46366645190424194     
  -7.1142307418437861E-003 -0.46840756242010112     
  -2.1410472393205032E-003 -0.47126864240392213     
   3.3124897727101559E-003 -0.47201622776672397     
   9.1855056166248346E-003 -0.47041869548711462     
   1.5373345301580774E-002 -0.46626070856674623     
   2.1718719172973737E-002 -0.45936452924099408     
   2.8006096563574643E-002 -0.44961943298925683     
   3.3962933059686215E-002 -0.43701891024876549     
   3.9272067242411855E-002 -0.42170198895950850     
   4.3598878334120239E-002 -0.40398981089825065     
   4.6633270288435363E-002 -0.38440330488456387     
   4.8140045631646783E-002 -0.36364659974340990     
   4.8004289488249148E-002 -0.34254828061232456     
   4.6256012863755289E-002 -0.32196859557097463     
   4.3064228478114773E-002 -0.30269706682467135     
   3.8702737418749633E-002 -0.28537011742513912     
   3.3500664071792287E-002 -0.27042810989080446     
   2.7793700355194656E-002 -0.25811335174500322     
   2.1887193737131220E-002 -0.24849704919673962     
   1.6034764610818795E-002 -0.24151939307196479     
   1.0430642004762142E-002 -0.23703039108330662     
   5.2115859789301777E-003 -0.23482466614204592     
   4.6420788340818505E-004 -0.23466801986858654     
  -3.7655169387349856E-003 -0.23631620783762131     
  -7.4625814519078612E-003 -0.23952742030308954     
  -1.0634223826008277E-002 -0.24407009069834223     
  -1.3302617224504732E-002 -0.24972740507647942     
  -1.5499058797777276E-002 -0.25629954869419513     
  -1.7259542494577576E-002 -0.26360442578739002     
  -1.8621514003941006E-002 -0.27147736197895117     
  -1.9621584772220348E-002 -0.27977013937374268     
  -2.0293996210539310E-002 -0.28834960546619764     
  -2.0669656735325267E-002 -0.29709602399704377     
  -2.0775611279650601E-002 -0.30590128756348661     
  -2.0634839501844211E-002 -0.31466708058786719     
  -2.0266312120994251E-002 -0.32330306280959420     
  -1.9685262775729233E-002 -0.33172513491105671     
  -1.8903654742923170E-002 -0.33985384708228633     
  -1.7930837302576899E-002 -0.34761301653276938     
  -1.6774394830133498E-002 -0.35492862938406960     
  -1.5441191976656195E-002 -0.36172811389703730     
  -1.3938609448022284E-002 -0.36794008292576286     
  -1.2275945646675451E-002 -0.37349465029055801     
  -1.0465928807919597E-002 -0.37832442360269775     
  -8.5262423208025059E-003 -0.38236625853796308     
  -6.4809150727994412E-003 -0.38556381860029765     
  -4.3613754083194622E-003 -0.38787091122080836     
  -2.2069240975621214E-003 -0.38925545858009647     
  -6.4367767464691464E-005 -0.38970380965806795     
   2.0134066114163253E-003 -0.38922492281071491     
   3.9700219853281912E-003 -0.38785378144701238     
   5.7492778524078107E-003 -0.38565330836976419     
   7.2995542412825640E-003 -0.38271408799846141     
   8.5783688275160464E-003 -0.37915144313351756     
   9.5563516415828557E-003 -0.37509983988129192     
   1.0219924012543350E-002 -0.37070512299899611     
   1.0572189995915610E-002 -0.36611555760481446     
   1.0631915235929171E-002 -0.36147290907260493     
   1.0430861916146115E-002 -0.35690474189504429     
   1.0010042126540488E-002 -0.35251879066643038     
   9.4155687708658824E-003 -0.34839978159613277     
   8.6947227410007089E-003 -0.34460862001317744     
   7.8926769787971678E-003 -0.34118352565090637     
   7.0501014708679918E-003 -0.33814253641525999     
   6.2016819533059530E-003 -0.33548679195370007     
   5.3754521430292761E-003 -0.33320409730024703     
   4.5927696312244746E-003 -0.33127239839688288     
   3.8687471386247073E-003 -0.32966293408357933     
   3.2129656869218804E-003 -0.32834294045118084     
   2.6303279639235083E-003 -0.32727786546631776     
   2.1219468817026623E-003 -0.32643310565384520     
   1.6859985673178808E-003 -0.32577530762404144     
   1.3184970999553143E-003 -0.32527329188464765     
   1.0139697127260923E-003 -0.32489866034323711     
   7.6602627594863487E-004 -0.32462614610300894     
   5.6782569892048886E-004 -0.32443375805239172     
   4.1244654641635836E-004 -0.32430276627490612     
   2.9317255042179350E-004 -0.32421756754913572     
   2.0370413934081666E-004 -0.32416546296399523     
   1.3830412235971192E-004 -0.32413637522449967     
   9.1886551742492197E-005 -0.32412253114013373     
   6.0061089198787184E-005 -0.32411812868271966     
   3.9138589615371254E-005 -0.32411900241467828     
   2.6099388321549058E-005 -0.32412230506070300     
   1.8541093749883146E-005 -0.32412622018104870     
   1.4620239219391218E-005 -0.32412970313590267     
   1.2971000064168148E-005 -0.32413225336972079     
   1.2608199625968705E-005 -0.32413374168193482     
   1.2869552504939526E-005 -0.32413427949945206     
   1.3370267333583117E-005 -0.32413408940265603     
   1.3883960474475365E-005 -0.32413342195341321     
   1.4243190139227150E-005 -0.32413256705243498     
   1.4385962022477434E-005 -0.32413184798760691     
   1.4432569160076740E-005 -0.32413150870923157     
