 Initial conditions outputted from a previous simulation. Time =    23.200000000000003     
   40.000000000000000        0.0000000000000000              500           1   23.200000000000003     
  -3.3887864056503951E-002   6.9036395926954902E-002
  -3.5120935015408347E-002   5.3629347036505973E-002
  -3.6066658452101032E-002   3.7793987412677491E-002
  -3.6702068431397700E-002   2.1659401591021608E-002
  -3.7065133402980045E-002   5.3249961324716797E-003
  -3.7127066954106495E-002  -1.1071435818064617E-002
  -3.6901558823474540E-002  -2.7437511277556673E-002
  -3.6377353079345004E-002  -4.3659600694717748E-002
  -3.5538956021134605E-002  -5.9625275004730902E-002
  -3.4364654843390186E-002  -7.5215281591373903E-002
  -3.2824525614049582E-002  -9.0299772795449665E-002
  -3.0881759851836325E-002 -0.10473638932115535     
  -2.8493060398948555E-002 -0.11836694747229552     
  -2.5609570557056947E-002 -0.13101445482644133     
  -2.2178802819590379E-002 -0.14248041280924537     
  -1.8147580088735023E-002 -0.15254236009353875     
  -1.3466449635355891E-002 -0.16095201327456710     
  -8.0960558952141749E-003 -0.16743442289996513     
  -2.0159297255972200E-003 -0.17168881584516538     
   4.7638834307658301E-003 -0.17339226402130875     
   1.2188171306129881E-002 -0.17220801697262353     
   2.0139273465497206E-002 -0.16780132851213678     
   2.8418723583056180E-002 -0.15986674221442104     
   3.6731394634429204E-002 -0.14817144556521644     
   4.4678693982472685E-002 -0.13261801826818234     
   5.1770612009354747E-002 -0.11332428676575833     
   5.7467611017488512E-002  -9.0705693053852537E-002
   6.1257684007244559E-002  -6.5528349375531994E-002
   6.2757499206088668E-002  -3.8890727219918833E-002
   6.1805023322298848E-002  -1.2107881147646639E-002
   5.8502615839834099E-002   1.3481352530426436E-002
   5.3188782992796210E-002   3.6716415185104823E-002
   4.6353114775187235E-002   5.6752450234453904E-002
   3.8533719709145639E-002   7.3100216756737668E-002
   3.0233514898977465E-002   8.5586110851796182E-002
   2.1871179873285181E-002   9.4273352813217678E-002
   1.3763921112327493E-002   9.9379381882134105E-002
   6.1313358661249338E-003  0.10120768841224154     
  -8.9011403075630073E-004  0.10009888135389672     
  -7.2293768896713713E-003   9.6398946480594147E-002
  -1.2863902001906352E-002   9.0440569048270691E-002
  -1.7805059945807892E-002   8.2533564470940068E-002
  -2.2085889674081441E-002   7.2961051454082271E-002
  -2.5750855009759769E-002   6.1978445914754807E-002
  -2.8847984462430976E-002   4.9813168529277252E-002
  -3.1424402097476045E-002   3.6664622811051643E-002
  -3.3525472174767271E-002   2.2705758087992980E-002
  -3.5195674819470169E-002   8.0876797333358490E-003
  -3.6478040573389450E-002  -7.0533027694212611E-003
  -3.7410487476775771E-002  -2.2589206612356132E-002
  -3.8020816982343046E-002  -3.8397474923825413E-002
  -3.8324058550023347E-002  -5.4361730823340539E-002
  -3.8324173897438522E-002  -7.0373176647479344E-002
  -3.8018524457047419E-002  -8.6329260400515292E-002
  -3.7401568714197725E-002 -0.10212865496544254     
  -3.6465474193405574E-002 -0.11766432430364988     
  -3.5197882051723618E-002 -0.13281729560048450     
  -3.3578489977209240E-002 -0.14745271904781129     
  -3.1576000122806452E-002 -0.16141837589014277     
  -2.9146525781643055E-002 -0.17454505658020139     
  -2.6234461033432473E-002 -0.18664792404675676     
  -2.2776639182052021E-002 -0.19752746341266028     
  -1.8709756399700232E-002 -0.20696819448587239     
  -1.3979668095386125E-002 -0.21473412735160055     
  -8.5504515000442063E-003 -0.22056229519188739     
  -2.4118279151213238E-003 -0.22415810443740658     
   4.4140021207324494E-003 -0.22519685984285870     
   1.1863109644447445E-002 -0.22333471760132070     
   1.9815689552430557E-002 -0.21823062757250414     
   2.8077666553814242E-002 -0.20958012177114246     
   3.6361439853206487E-002 -0.19716276581312162     
   4.4272741071803637E-002 -0.18090502860946331     
   5.1314295516045196E-002 -0.16095475170696968     
   5.6923498092593380E-002 -0.13775343342098548     
   6.0560318115098662E-002 -0.11208034066620350     
   6.1838937769647453E-002  -8.5035392552665581E-002
   6.0633920191864164E-002  -5.7932991646364139E-002
   5.7099318125791561E-002  -3.2113280248845764E-002
   5.1611648576556743E-002  -8.7350578192260889E-003
   4.4669522252501176E-002   1.1368769658720329E-002
   3.6799440021676670E-002   2.7733334471300712E-002
   2.8491763844946474E-002   4.0217165581007561E-002
   2.0161930608410279E-002   4.8913488328636526E-002
   1.2131846107251843E-002   5.4059855401865260E-002
   4.6240123757027504E-003   5.5964918272541464E-002
  -2.2372521232499353E-003   5.4960478747035746E-002
  -8.3894505413796318E-003   5.1378205679163798E-002
  -1.3816596268333706E-002   4.5542724563372480E-002
  -1.8542992499595297E-002   3.7760887618578848E-002
  -2.2616593034083841E-002   2.8310157986333070E-002
  -2.6103372264388063E-002   1.7437251168109017E-002
  -2.9063309103299847E-002   5.3634623330927915E-003
  -3.1534496465251610E-002  -7.7121474250874469E-003
  -3.3558750092516791E-002  -2.1611156888717259E-002
  -3.5183374096366536E-002  -3.6170647697095396E-002
  -3.6450186166069695E-002  -5.1239494051999131E-002
  -3.7389043202839319E-002  -6.6686298689824133E-002
  -3.8016833674669639E-002  -8.2401908913267721E-002
  -3.8345276175032778E-002  -9.8287807821280854E-002
  -3.8379949187978261E-002 -0.11425305029906085     
  -3.8113730927196970E-002 -0.13020934633003492     
  -3.7518516621162172E-002 -0.14604800510188454     
  -3.6562153348520338E-002 -0.16162239769297654     
  -3.5220606377346989E-002 -0.17676995093050302     
  -3.3456835692437771E-002 -0.19133549994613433     
  -3.1214769900270355E-002 -0.20515608837685803     
  -2.8444265552245447E-002 -0.21805392420195777     
  -2.5136292370969461E-002 -0.22984377974472789     
  -2.1316326179081156E-002 -0.24031984807849271     
  -1.6994992975727683E-002 -0.24925505733369563     
  -1.2167147737499402E-002 -0.25642289008875807     
  -6.8073873035316259E-003 -0.26160356524258410     
  -9.6187391351886735E-004 -0.26457616698133540     
   5.2977171848569921E-003 -0.26516729828665209     
   1.2017700743193223E-002 -0.26326258693837273     
   1.9162127805698943E-002 -0.25868191219278419     
   2.6592753431188488E-002 -0.25114189591377867     
   3.4278702624579591E-002 -0.24046732540530122     
   4.1817783743565456E-002 -0.22658284689847660     
   4.8634505563727344E-002 -0.20958845186834293     
   5.4208356701020435E-002 -0.18995291519312096     
   5.7891464182548959E-002 -0.16855851402244498     
   5.9505727533033598E-002 -0.14644786523454192     
   5.8918613394882115E-002 -0.12432634404951289     
   5.6050433229755191E-002 -0.10267259629330776     
   5.1310381188461346E-002  -8.2154480239142416E-002
   4.5082770734173522E-002  -6.3600820463303412E-002
   3.7594020599935267E-002  -4.7910977284434934E-002
   2.9377505597105648E-002  -3.5897069876533197E-002
   2.0745893738294295E-002  -2.7897856738176855E-002
   1.2199647128169138E-002  -2.3781502653949054E-002
   4.1948499824853210E-003  -2.3145612435498553E-002
  -3.1161108111968441E-003  -2.5555327685632526E-002
  -9.5583540850518369E-003  -3.0681600325178245E-002
  -1.5095781603408817E-002  -3.8129083569273609E-002
  -1.9812536716131045E-002  -4.7465001298804703E-002
  -2.3771065394168740E-002  -5.8322387140744433E-002
  -2.7084845738270545E-002  -7.0429617281997162E-002
  -2.9839488828885381E-002  -8.3583642241470385E-002
  -3.2057176042732047E-002  -9.7629987622322667E-002
  -3.3838055095126135E-002 -0.11236292859931449     
  -3.5206818050883326E-002 -0.12755107279832834     
  -3.6156559238546035E-002 -0.14300000072605740     
  -3.6711121693225830E-002 -0.15856851445460871     
  -3.6922696269036229E-002 -0.17418213382398753     
  -3.6836869610766695E-002 -0.18982496100536303     
  -3.6490655722182151E-002 -0.20546669870310702     
  -3.5910205759593458E-002 -0.22099402740963592     
  -3.5093068666672465E-002 -0.23623314468229242     
  -3.4048270421301242E-002 -0.25102311315170778     
  -3.2775752720252696E-002 -0.26527932474410065     
  -3.1280677870890318E-002 -0.27900450088242462     
  -2.9486415774866815E-002 -0.29219782840375597     
  -2.7324128200774189E-002 -0.30472257877087405     
  -2.4792044847518221E-002 -0.31635735876847648     
  -2.1807844121342838E-002 -0.32693866653039849     
  -1.8334516296704094E-002 -0.33633921884114915     
  -1.4337342122277845E-002 -0.34437589136358149     
  -9.7616671694399932E-003 -0.35077528594166935     
  -4.5447976804595478E-003 -0.35526193010974061     
   1.3691973419591372E-003 -0.35751023862482434     
   8.0155949918858365E-003 -0.35703994172993220     
   1.5176043647347716E-002 -0.35328521034889937     
   2.2873621024077698E-002 -0.34589529451360812     
   3.0883823148070377E-002 -0.33487931321252917     
   3.8670524153979029E-002 -0.32029271634582246     
   4.6074170436691070E-002 -0.30206896278839784     
   5.2436136123190369E-002 -0.28017361115502615     
   5.7245913044551462E-002 -0.25535667692380504     
   5.9912966408362515E-002 -0.22857406587298607     
   5.9703309415856193E-002 -0.20075776673173024     
   5.6490989577037742E-002 -0.17339188403480385     
   5.1317762221106240E-002 -0.14811566768898030     
   4.4486419553253491E-002 -0.12629737554117446     
   3.6508257218711905E-002 -0.10920983119644628     
   2.7966746853593946E-002  -9.6873609738959837E-002
   1.9687498363242146E-002  -8.8320272498892557E-002
   1.2051331193502294E-002  -8.2885267772540169E-002
   4.8380234482222131E-003  -8.0396041258093034E-002
  -1.9447827127019529E-003  -8.0956711265099748E-002
  -7.8886269223957303E-003  -8.4316872788208361E-002
  -1.2998738771464329E-002  -8.9817554327913871E-002
  -1.7424555079187297E-002  -9.7044274214481752E-002
  -2.1161349913252456E-002 -0.10581528572890080     
  -2.4342956349279188E-002 -0.11584574237833607     
  -2.7012899623383914E-002 -0.12688565559320886     
  -2.9268106432356569E-002 -0.13883513679441778     
  -3.1160191972650828E-002 -0.15162786139900794     
  -3.2712046629872829E-002 -0.16504429633801265     
  -3.3947998921944209E-002 -0.17885535838995442     
  -3.4895768879827871E-002 -0.19298444273504997     
  -3.5628809178820602E-002 -0.20744649675159310     
  -3.6124072538763131E-002 -0.22223064684151356     
  -3.6327177801332759E-002 -0.23723727956575461     
  -3.6226585673791729E-002 -0.25225399334131476     
  -3.5815430930342312E-002 -0.26708325520181841     
  -3.5089761635383944E-002 -0.28167824489005389     
  -3.4078931324385213E-002 -0.29604558025090860     
  -3.2752257105019798E-002 -0.31005469930785690     
  -3.0980082504621042E-002 -0.32346179863157759     
  -2.8701610658480606E-002 -0.33603180583085573     
  -2.5942726707698423E-002 -0.34761418733079413     
  -2.2736169626279546E-002 -0.35808094244304245     
  -1.9023098740266267E-002 -0.36723167063461687     
  -1.4753420801939516E-002 -0.37493216899021553     
  -9.9160410111900736E-003 -0.38094535194402684     
  -4.4324703712457199E-003 -0.38485897461131607     
   1.7068513475793181E-003 -0.38620128601262138     
   8.3664242184086253E-003 -0.38468380946637976     
   1.5470396024858659E-002 -0.38014445134762603     
   2.2896745798131991E-002 -0.37255715946256235     
   3.0351579245441299E-002 -0.36158698846072534     
   3.7706748090567392E-002 -0.34684124446810238     
   4.4617521409885508E-002 -0.32843000348986506     
   5.0343056573223056E-002 -0.30695627737816394     
   5.4542970877241637E-002 -0.28292673431938442     
   5.6805754475583212E-002 -0.25701938527999807     
   5.7026777514770928E-002 -0.23036926316568543     
   5.4971273775644543E-002 -0.20419841644250966     
   5.0879863961153196E-002 -0.17995736235552168     
   4.5079841659427550E-002 -0.15873829732775430     
   3.8186595530807069E-002 -0.14066530771044775     
   3.0503749751719766E-002 -0.12591671877714319     
   2.2662180474392567E-002 -0.11500090101785625     
   1.4760854129121367E-002 -0.10791256581449894     
   7.1692192107141095E-003 -0.10440409104543705     
   7.8892701629550293E-005 -0.10413817797127500     
  -6.3459844465433013E-003 -0.10648032900226750     
  -1.2058098926409902E-002 -0.11099985267076097     
  -1.6946279569951071E-002 -0.11755672204777259     
  -2.1059617501540773E-002 -0.12604067913830685     
  -2.4549922170040098E-002 -0.13608216913483051     
  -2.7510711662286597E-002 -0.14719507088740477     
  -2.9901221965893489E-002 -0.15904242066500629     
  -3.1774946091909152E-002 -0.17151338450110690     
  -3.3209957427346573E-002 -0.18454942023575785     
  -3.4219065873281870E-002 -0.19809027446303096     
  -3.4873811634610008E-002 -0.21202896391628603     
  -3.5290828178891939E-002 -0.22619392777213215     
  -3.5511835861954125E-002 -0.24044532198981303     
  -3.5516160237087417E-002 -0.25467304743744090     
  -3.5247050405644367E-002 -0.26876904655305894     
  -3.4658401511802592E-002 -0.28266780422248461     
  -3.3774700197289016E-002 -0.29633401110300106     
  -3.2648966153387728E-002 -0.30972597130533341     
  -3.1225634886966024E-002 -0.32278435981558901     
  -2.9463484806561399E-002 -0.33537164467805342     
  -2.7402755432534974E-002 -0.34730855374927000     
  -2.4953960707936866E-002 -0.35846927915553284     
  -2.2025838693805252E-002 -0.36868898263704369     
  -1.8532331852089391E-002 -0.37770399850967018     
  -1.4446877646943796E-002 -0.38527135154221487     
  -9.5672199598736320E-003 -0.39119742094361226     
  -3.9350731873544599E-003 -0.39517215479991025     
   2.4757632632468416E-003 -0.39678611392484175     
   9.5632539064661078E-003 -0.39561912213646006     
   1.7125471415139756E-002 -0.39130093833410395     
   2.4830318840490844E-002 -0.38355378093733816     
   3.2454063398763937E-002 -0.37222340197654857     
   3.9589507694534232E-002 -0.35732293643880303     
   4.5828047347896507E-002 -0.33915665816590856     
   5.0864025265551241E-002 -0.31828362671991678     
   5.4237619331272413E-002 -0.29540864838576603     
   5.5732263190829766E-002 -0.27144213739069828     
   5.5313895947822607E-002 -0.24737484205685728     
   5.3026128392677285E-002 -0.22405562559802572     
   4.9084127868754608E-002 -0.20233774417265590     
   4.3875178114820057E-002 -0.18301595032185397     
   3.7662461605003701E-002 -0.16655933876556253     
   3.0838668472317879E-002 -0.15321785370364982     
   2.3660376724138576E-002 -0.14312755011643233     
   1.6359998916849503E-002 -0.13622731718226794     
   9.2284442880138842E-003 -0.13237813901325521     
   2.4178791939053765E-003 -0.13141560794462814     
  -3.9203126665037355E-003 -0.13314806309925806     
  -9.6949100352692729E-003 -0.13731552560223642     
  -1.4861526187185965E-002 -0.14361028841579790     
  -1.9363502912579454E-002 -0.15175543224532456     
  -2.3225024319686809E-002 -0.16150580069321624     
  -2.6471710683380095E-002 -0.17259579894770760     
  -2.9119732292599811E-002 -0.18478451736738757     
  -3.1197208991219232E-002 -0.19786403140953085     
  -3.2767748507321795E-002 -0.21162831044212599     
  -3.3879046556357685E-002 -0.22587201079565267     
  -3.4563527545176491E-002 -0.24040600426266112     
  -3.4853101441844975E-002 -0.25505883885919750     
  -3.4787669167829313E-002 -0.26969317052659458     
  -3.4402916481916922E-002 -0.28419566637688587     
  -3.3730795320162689E-002 -0.29845821832117042     
  -3.2804781632537035E-002 -0.31237372996636709     
  -3.1644087444264758E-002 -0.32584684353050641     
  -3.0255985657479591E-002 -0.33879923239899945     
  -2.8640733233804630E-002 -0.35116134396065746     
  -2.6784424368757914E-002 -0.36286223792689964     
  -2.4652357892066091E-002 -0.37382153000810192     
  -2.2189605331234780E-002 -0.38394028731765945     
  -1.9325817119860662E-002 -0.39309162387038044     
  -1.5981942060903691E-002 -0.40111332360070234     
  -1.2077915646160044E-002 -0.40780265401027349     
  -7.5412713721931769E-003 -0.41291408087692927     
  -2.3179991385391435E-003 -0.41616078124326533     
   3.6134735018243228E-003 -0.41721967759838491     
   1.0225305588658999E-002 -0.41574097862117831     
   1.7420717152882372E-002 -0.41136585307956441     
   2.5013432501587003E-002 -0.40375685107006815     
   3.2709702732542659E-002 -0.39264566458633415     
   4.0099586828188406E-002 -0.37790226066226079     
   4.6669405544755668E-002 -0.35962445559283079     
   5.1851783257915562E-002 -0.33823125460003567     
   5.5122269182772389E-002 -0.31451786342190585     
   5.6123426988659741E-002 -0.28961694588139542     
   5.4763693404151922E-002 -0.26484193628611813     
   5.1236806346017801E-002 -0.24146044045167842     
   4.5953643937162607E-002 -0.22049613849617453     
   3.9431734676547939E-002 -0.20263107100186306     
   3.2196273676060413E-002 -0.18820801541059509     
   2.4714527352842370E-002 -0.17728994386150471     
   1.7359310443114419E-002 -0.16973888990009955     
   1.0395096055140086E-002 -0.16529370190724643     
   3.9832800613292920E-003 -0.16363465426758922     
  -1.7999149928471052E-003 -0.16442929493590216     
  -6.9411536553287837E-003 -0.16736075087811358     
  -1.1468839842632562E-002 -0.17214291570955809     
  -1.5435447880321597E-002 -0.17852684563255830     
  -1.8903695530388214E-002 -0.18630155579617269     
  -2.1935962805707969E-002 -0.19529101129925328     
  -2.4586648662656859E-002 -0.20534822557412483     
  -2.6897792090644235E-002 -0.21634751303646341     
  -2.8898078461480070E-002 -0.22817643418156763     
  -3.0604504817789310E-002 -0.24072898132997919     
  -3.2025304084200137E-002 -0.25390091574107371     
  -3.3162664599925049E-002 -0.26758722843101901     
  -3.4014335419007634E-002 -0.28168095601300674     
  -3.4574023805363938E-002 -0.29607237872460856     
  -3.4831077642949765E-002 -0.31064792772234634     
  -3.4770067326971806E-002 -0.32528861754510213     
  -3.4370651071870442E-002 -0.33986818255576756     
  -3.3607783290319201E-002 -0.35425119817870271     
  -3.2452125442470350E-002 -0.36829135695038256     
  -3.0870530184774973E-002 -0.38182989266611694     
  -2.8826643331597897E-002 -0.39469404587023771     
  -2.6281881520603356E-002 -0.40669550628481049     
  -2.3197184255363747E-002 -0.41762893151093061     
  -1.9535950580631338E-002 -0.42727085656302005     
  -1.5268453007911438E-002 -0.43537950267125713     
  -1.0377812840895256E-002 -0.44169612205380510     
  -4.8673799897291942E-003 -0.44594857577565244     
   1.2308519880139428E-003 -0.44785787259466098     
   7.8473081566211474E-003 -0.44714846312081868     
   1.4865979711478130E-002 -0.44356324885222248     
   2.2116442381111982E-002 -0.43688452860876864     
   2.9368036749227115E-002 -0.42696228065623387     
   3.6328571597326810E-002 -0.41375072990512485     
   4.2651441447161036E-002 -0.39735210772770579     
   4.7956128536476426E-002 -0.37806187026009513     
   5.1865838164310105E-002 -0.35640265757035061     
   5.4060697896065518E-002 -0.33312829736013477     
   5.4336094007789729E-002 -0.30918065741842538     
   5.2648008032998420E-002 -0.28559612600286094     
   4.9127423386107594E-002 -0.26338104693200165     
   4.4056699564234782E-002 -0.24339247716748802     
   3.7816561883895636E-002 -0.22625884240916155     
   3.0822807714616117E-002 -0.21235537615198716     
   2.3471334114108885E-002 -0.20182626339619991     
   1.6101683636813982E-002 -0.19463303280586780     
   8.9800957461593015E-003 -0.19060935983547916     
   2.2976495589092801E-003 -0.18950980143610729     
  -3.8222778307714718E-003 -0.19104749027238535     
  -9.3121888990504321E-003 -0.19492065344105469     
  -1.4147676565308690E-002 -0.20083001411154425     
  -1.8335490152062602E-002 -0.20848951898857609     
  -2.1903290113467307E-002 -0.21763236981521064     
  -2.4891519145211125E-002 -0.22801391648289601     
  -2.7347230676629499E-002 -0.23941263182660882     
  -2.9319249473755239E-002 -0.25162972252707166     
  -3.0854623899739923E-002 -0.26448759357621898     
  -3.1996623117231913E-002 -0.27782788118037427     
  -3.2783475347487726E-002 -0.29150920741237496     
  -3.3247047241696803E-002 -0.30540445383022380     
  -3.3411961362021639E-002 -0.31939788007648945     
  -3.3295440700025880E-002 -0.33338226536315846     
  -3.2907264900290799E-002 -0.34725584272808047     
  -3.2249667986318578E-002 -0.36091925219468102     
  -3.1317460096192996E-002 -0.37427256840720802     
  -3.0098344902107773E-002 -0.38721232374094877     
  -2.8573347304860837E-002 -0.39962860883918128     
  -2.6717477922249606E-002 -0.41140234162670314     
  -2.4500751234960576E-002 -0.42240273048061233     
  -2.1889631711400733E-002 -0.43248501425155561     
  -1.8849065814445121E-002 -0.44148862353890111     
  -1.5345308242572983E-002 -0.44923593358354391     
  -1.1349745415476606E-002 -0.45553185629723147     
  -6.8439263059050176E-003 -0.46016465073088980     
  -1.8259855589412063E-003 -0.46290850040317910     
   3.6814754910526283E-003 -0.46352864647195868     
   9.6222244252767101E-003 -0.46179018707644998     
   1.5896548229362761E-002 -0.45747199363517305     
   2.2352011220160541E-002 -0.45038739634326685     
   2.8777105355372947E-002 -0.44041301266759247     
   3.4901236513944549E-002 -0.42752574972283053     
   4.0405346826122138E-002 -0.41184491969722925     
   4.4947037367074720E-002 -0.39367136792046187     
   4.8201027943298731E-002 -0.37350993277727956     
   4.9909679539396040E-002 -0.35205929618494741     
   4.9931111962184062E-002 -0.33015919268769650     
   4.8268924380252112E-002 -0.30870008862207127     
   4.5071981439611004E-002 -0.28851785897664589     
   4.0604232924232229E-002 -0.27030386508401932     
   3.5196177028259445E-002 -0.25455297191490911     
   2.9194159906723197E-002 -0.24155439388785446     
   2.2920025299423094E-002 -0.23141497942423422     
   1.6646247513796113E-002 -0.22409882709513571     
   1.0585587435152515E-002 -0.21946960895213638     
   4.8913669033776195E-003 -0.21732759748367778     
  -3.3596595050760147E-004 -0.21743840485114588     
  -5.0394526185067049E-003 -0.21955352725900501     
  -9.1957167207136550E-003 -0.22342412011458654     
  -1.2805827710638817E-002 -0.22880969215569810     
  -1.5887531456773827E-002 -0.23548319493053876     
  -1.8469007410013137E-002 -0.24323363946295259     
  -2.0584072286710383E-002 -0.25186705001322646     
  -2.2268639221534294E-002 -0.26120631640503328     
  -2.3558205074886842E-002 -0.27109032960117635     
  -2.4486144300027938E-002 -0.28137266337704103     
  -2.5082614874515290E-002 -0.29191998222437815     
  -2.5373916890894826E-002 -0.30261029926981131     
  -2.5382180907903226E-002 -0.31333116944260880     
  -2.5125297850498898E-002 -0.32397787753013851     
  -2.4617033230571440E-002 -0.33445166522752079     
  -2.3867295128689528E-002 -0.34465803401168565     
  -2.2882547663829328E-002 -0.35450516053371356     
  -2.1666379541821622E-002 -0.36390246736462872     
  -2.0220250632450244E-002 -0.37275940357958276     
  -1.8544447937747770E-002 -0.38098450613886203     
  -1.6639284625998115E-002 -0.38848483356814678     
  -1.4506569984933344E-002 -0.39516588692656685     
  -1.2151361222184961E-002 -0.40093215747661431     
  -9.5839762600860388E-003 -0.40568846215040777     
  -6.8221960881114539E-003 -0.40934224031185218     
  -3.8935129715149479E-003 -0.41180697759775908     
  -8.3718743624749850E-004 -0.41300687823032967     
   2.2942296470366613E-003 -0.41288280374557390     
   5.4343529721799996E-003 -0.41139930889803483     
   8.5038944287625963E-003 -0.40855231817545645     
   1.1413523551707267E-002 -0.40437661083774262     
   1.4068907100579871E-002 -0.39895188550510052     
   1.6377784688532682E-002 -0.39240589673792786     
   1.8258392047891366E-002 -0.38491318972627220     
   1.9647989202649731E-002 -0.37668847308207137     
   2.0509914629260467E-002 -0.36797467736404876     
   2.0837681527344987E-002 -0.35902700995365133     
   2.0655218835854659E-002 -0.35009538630239428     
   2.0013265524656054E-002 -0.34140804636548827     
   1.8982812352411248E-002 -0.33315877056287763     
   1.7647027365138988E-002 -0.32549908599511157     
   1.6093163006668219E-002 -0.31853564213054075     
   1.4405609808888725E-002 -0.31233196290137860     
   1.2660745936581100E-002 -0.30691326801027241     
   1.0923738141926190E-002 -0.30227298572874106     
   9.2470971582920627E-003 -0.29837980134128755     
   7.6706064925122176E-003 -0.29518442669608441     
   6.2221969741914291E-003 -0.29262561102961843     
   4.9193792402198499E-003 -0.29063517809798123     
   3.7709263213104994E-003 -0.28914205460619624     
   2.7785868355126239E-003 -0.28807536094410535     
   1.9386884823331869E-003 -0.28736668707335389     
   1.2435544895042128E-003 -0.28695169308502888     
   6.8270151253351603E-004 -0.28677117009192887     
   2.4381832817389119E-004 -0.28677168260750641     
  -8.6456428308793462E-005 -0.28690589448686005     
  -3.2192925637154860E-004 -0.28713266040512092     
  -4.7638772007658873E-004 -0.28741694573319071     
  -5.6324637733878619E-004 -0.28772962067956270     
  -5.9527558064692511E-004 -0.28804716038310557     
  -5.8439164929257833E-004 -0.28835127173991160     
  -5.4149330243928628E-004 -0.28862846037502443     
  -4.7633547003700117E-004 -0.28886954720362901     
  -3.9743705465732104E-004 -0.28906914310792664     
  -3.1202323133515164E-004 -0.28922509186921913     
  -2.2600467676347363E-004 -0.28933789452215342     
  -1.4399597304028499E-004 -0.28941013127543597     
  -6.9374222981476521E-005 -0.28944589948773675     
  -4.3760420767969215E-006 -0.28945028744875634     
   4.9773292312572164E-005 -0.28942890207678923     
   9.2706829167291701E-005 -0.28938746426573814     
   1.2474730496016528E-004 -0.28933148205193915     
   1.4673509484291946E-004 -0.28926600737276159     
   1.5986671081405572E-004 -0.28919547246049521     
   1.6554697334625269E-004 -0.28912359681812627     
   1.6525666755344383E-004 -0.28905336136115500     
   1.6045507731599098E-004 -0.28898703769123674     
   1.5251743099001385E-004 -0.28892624284939539     
   1.4267067933583638E-004 -0.28887201762854764     
   1.3195326565072367E-004 -0.28882494717454077     
   1.2125796820491787E-004 -0.28878526642589969     
   1.1134377966301679E-004 -0.28875290942716603     
   1.0273972703439665E-004 -0.28872765076590695     
   9.5831130781963246E-005 -0.28870935681582305     
   9.1184125802439849E-005 -0.28869804939339622     
   8.9577781322629005E-005 -0.28869375090822652     
