 Initial conditions outputted from a previous simulation. Time =    22.000000000000000     
   40.000000000000000        0.0000000000000000              500           1   22.000000000000000     
   6.2755792175944305E-002   2.1800107238900833E-013
   6.1392458234853557E-002   2.6778811450436112E-002
   5.7797439813510619E-002   5.2220687655103709E-002
   5.2248915824861852E-002   7.5218440587561455E-002
   4.5296793711101076E-002   9.4912997167642191E-002
   3.7420393205764686E-002  0.11092974763109988     
   2.9140154265689368E-002  0.12307901080136444     
   2.0858211379448315E-002  0.13144964027833178     
   1.2878803028583050E-002  0.13626074334983462     
   5.4094214930564500E-003  0.13780999022353363     
  -1.4259198819152324E-003  0.13643054948899361     
  -7.5669937827445473E-003  0.13245950461118786     
  -1.3000123169549301E-002  0.12622165061599447     
  -1.7743384320396197E-002  0.11802058583211908     
  -2.1834669004252259E-002  0.10813437185567343     
  -2.5322682010721565E-002   9.6814409720738667E-002
  -2.8260390771339058E-002   8.4286117500438851E-002
  -3.0700437733734355E-002   7.0750660285750930E-002
  -3.2692063244499081E-002   5.6387329486222791E-002
  -3.4279135804188829E-002   4.1356281064785796E-002
  -3.5498962850945275E-002   2.5801453036719501E-002
  -3.6381626396280946E-002   9.8535577724641176E-003
  -3.6949650832045954E-002  -6.3669140831749777E-003
  -3.7217864725017182E-002  -2.2746709401433442E-002
  -3.7193363320938366E-002  -3.9176855021138428E-002
  -3.6875515995092818E-002  -5.5549717304614055E-002
  -3.6255995196505686E-002  -7.1756058136749207E-002
  -3.5318832226760528E-002  -8.7682060608299084E-002
  -3.4040532017408053E-002 -0.10320629756960789     
  -3.2390306873935674E-002 -0.11819662389769887     
  -3.0330522338464304E-002 -0.13250699156897386     
  -2.7817487292952903E-002 -0.14597421840155769     
  -2.4802765756495829E-002 -0.15841478963268560     
  -2.1235253366567928E-002 -0.16962184368805697     
  -1.7064352586568955E-002 -0.17936259568110349     
  -1.2244661031066051E-002 -0.18737658019112899     
  -6.7426285974228886E-003 -0.19337527519475947     
  -5.4566919748127128E-004 -0.19704399229152492     
   6.3257907134233373E-003 -0.19804740516276526     
   1.3803071583943760E-002 -0.19604061738366302     
   2.1751362161120273E-002 -0.19068836660220009     
   2.9951554216407737E-002 -0.18169625278895837     
   3.8086751041039840E-002 -0.16885905747847296     
   4.5740649062020487E-002 -0.15212920229533200     
   5.2416157667144428E-002 -0.13169970628419678     
   5.7582807088795894E-002 -0.10808081658213761     
   6.0756916629186856E-002  -8.2134326559124018E-002
   6.1602299954916881E-002  -5.5027695043929965E-002
   6.0016803497211196E-002  -2.8094796470770161E-002
   5.6163840323424308E-002  -2.6374003133279858E-003
   5.0431587561257971E-002   2.0260490222104431E-002
   4.3338378925068935E-002   3.9840225750667660E-002
   3.5424337710552763E-002   5.5682216607622202E-002
   2.7167866588244615E-002   6.7657291318200669E-002
   1.8946892611916340E-002   7.5855849966641881E-002
   1.1039016976120185E-002   8.0515645370338451E-002
   3.6381727336745077E-003   8.1955028092681209E-002
  -3.1306712100249269E-003   8.0518960234317788E-002
  -9.2019365953379360E-003   7.6545202302059329E-002
  -1.4559635358724380E-002   7.0350345681967838E-002
  -1.9224505565635819E-002   6.2227772445011729E-002
  -2.3240117680333641E-002   5.2449150834513368E-002
  -2.6661055313949654E-002   4.1265378199862382E-002
  -2.9544433237038321E-002   2.8906583519311798E-002
  -3.1944044825252524E-002   1.5581761129746543E-002
  -3.3906107624852057E-002   1.4780369025607428E-003
  -3.5466976247244097E-002  -1.3240503798000040E-002
  -3.6654195486233894E-002  -2.8433231786590216E-002
  -3.7490662671850486E-002  -4.3980270386601142E-002
  -3.7998541494358717E-002  -5.9775583968962945E-002
  -3.8199271068625591E-002  -7.5717887047645704E-002
  -3.8109804129251530E-002  -9.1703226828123097E-002
  -3.7738353113218256E-002 -0.10762165902370337     
  -3.7081193132391860E-002 -0.12335716828042030     
  -3.6120627458462617E-002 -0.13878841493442123     
  -3.4827082733177937E-002 -0.15378930867358931     
  -3.3163539196269617E-002 -0.16822878071575267     
  -3.1086606300943908E-002 -0.18196736805251362     
  -2.8546013333604348E-002 -0.19485028048711714     
  -2.5490229927381147E-002 -0.20670225179731389     
  -2.1873369775128351E-002 -0.21732223016164628     
  -1.7653523826216228E-002 -0.22647382063175317     
  -1.2791584690517652E-002 -0.23388298437986105     
  -7.2419684482033725E-003 -0.23924965754636249     
  -9.7252188941383735E-004 -0.24225390573686600     
   5.9862225721538055E-003 -0.24256332561492203     
   1.3561285621859501E-002 -0.23985590817952634     
   2.1619893938078959E-002 -0.23382781383624759     
   2.9919935262033719E-002 -0.22420359774448873     
   3.8094204109261752E-002 -0.21079623077015738     
   4.5688734143324243E-002 -0.19359174193194573     
   5.2191576914431187E-002 -0.17282451638351201     
   5.7132166897922589E-002 -0.14906741009088428     
   6.0129414184529710E-002 -0.12324265045587371     
   6.0899115639204249E-002  -9.6515237322485029E-002
   5.9370651125733101E-002  -7.0139708804820011E-002
   5.5690116213097718E-002  -4.5275721369501580E-002
   5.0182417584857884E-002  -2.2885499223589945E-002
   4.3303962554497179E-002  -3.6928661621724928E-003
   3.5545696463430074E-002   1.1893443930460209E-002
   2.7353930705503009E-002   2.3771138463769551E-002
   1.9157657874947356E-002   3.2014841853260131E-002
   1.1267118674015383E-002   3.6811638282856461E-002
   3.8893389817093965E-003   3.8427253985474787E-002
  -2.8685644277666837E-003   3.7170685691614629E-002
  -8.9718352886461652E-003   3.3355106562495948E-002
  -1.4390202053770867E-002   2.7265244434778658E-002
  -1.9138016642465724E-002   1.9157245995568513E-002
  -2.3287137013363293E-002   9.2822125375621456E-003
  -2.6890041410848782E-002  -2.1182128457161282E-003
  -2.9951733344983716E-002  -1.4828120232131932E-002
  -3.2482972672240776E-002  -2.8660128008463275E-002
  -3.4531352325608007E-002  -4.3456414625415080E-002
  -3.6140153021762073E-002  -5.9080288744411083E-002
  -3.7326171914023841E-002  -7.5384164452040520E-002
  -3.8101026906440717E-002  -9.2207792467980443E-002
  -3.8453705611037538E-002 -0.10940911630340806     
  -3.8389199282840583E-002 -0.12686518566134405     
  -3.7935595657159253E-002 -0.14445745895801274     
  -3.7137819283931651E-002 -0.16206779823652903     
  -3.6055930418878890E-002 -0.17957698326625093     
  -3.4732413728780914E-002 -0.19687934438009011     
  -3.3202020303708592E-002 -0.21388701600173424     
  -3.1440953601791957E-002 -0.23048706460237353     
  -2.9378732289886338E-002 -0.24646894347264683     
  -2.6942360279980052E-002 -0.26150910933025651     
  -2.4026883822106541E-002 -0.27523525358264933     
  -2.0577497645880068E-002 -0.28733375964844171     
  -1.6552802015359806E-002 -0.29763429679104553     
  -1.1953464790467428E-002 -0.30607854444220517     
  -6.8026126050779959E-003 -0.31257117640349602     
  -1.0848471821031994E-003 -0.31681737646915359     
   5.1728313068007932E-003 -0.31838866121759579     
   1.1891649778928457E-002 -0.31695764803551069     
   1.8985014492110638E-002 -0.31241040659694691     
   2.6338619353376457E-002 -0.30468671021732663     
   3.3800131622270323E-002 -0.29364126778247746     
   4.1097592791058894E-002 -0.27893234092061736     
   4.7885592918850105E-002 -0.26029295024848653     
   5.3709371150722218E-002 -0.23797772444205054     
   5.7747743854511202E-002 -0.21301557703008828     
   5.9617584893283296E-002 -0.18664862085076114     
   5.9023764478283530E-002 -0.15971106870003743     
   5.5788795413166600E-002 -0.13298838546234609     
   5.0343766023532029E-002 -0.10839458658868537     
   4.3397621287248965E-002  -8.7721599924454496E-002
   3.5333017455134570E-002  -7.1362081281322737E-002
   2.6867733196919749E-002  -5.9129730266678324E-002
   1.8463005508319603E-002  -5.0901028432017201E-002
   1.0349387392396419E-002  -4.6378567936586179E-002
   2.7710393258300408E-003  -4.5352440929930342E-002
  -4.1847638446874573E-003  -4.7502501038714971E-002
  -1.0398119190849377E-002  -5.2390538557594186E-002
  -1.5682189320064648E-002  -5.9583251080053135E-002
  -2.0128637176766533E-002  -6.8626498049737181E-002
  -2.3823864186983418E-002  -7.9194238684836590E-002
  -2.6816560432392989E-002  -9.1034002393853092E-002
  -2.9234780418200327E-002 -0.10388642938077171     
  -3.1083352217176934E-002 -0.11747514976959482     
  -3.2496645866550600E-002 -0.13149957992160000     
  -3.3642027445093703E-002 -0.14577046731493584     
  -3.4491702466394387E-002 -0.16025800584672742     
  -3.5095735904452655E-002 -0.17494513141250834     
  -3.5488980139436105E-002 -0.18978128922419557     
  -3.5609525510123086E-002 -0.20474293663013829     
  -3.5515832682310504E-002 -0.21979806943639121     
  -3.5245070209550443E-002 -0.23483722042403526     
  -3.4732277334189751E-002 -0.24966179713389811     
  -3.3983363985950296E-002 -0.26411099892604278     
  -3.2959914967456816E-002 -0.27818655875844195     
  -3.1546784822228238E-002 -0.29188927258571201     
  -2.9783087481734034E-002 -0.30497368922639373     
  -2.7671156891040105E-002 -0.31716446074399246     
  -2.5112175442361755E-002 -0.32842331923648255     
  -2.2043083210168176E-002 -0.33875812778734449     
  -1.8469266986180389E-002 -0.34793660653633024     
  -1.4290900098298797E-002 -0.35567586867167977     
  -9.4037874410202241E-003 -0.36166661020713042     
  -3.8059615207497537E-003 -0.36548922080372209     
   2.4772364590835549E-003 -0.36672556126709699     
   9.4299374951178419E-003 -0.36506894536525353     
   1.6978349158976100E-002 -0.36025687472984130     
   2.4860420148113665E-002 -0.35202473513634036     
   3.2886484194198082E-002 -0.34005756406473830     
   4.0582144580837025E-002 -0.32396328068088942     
   4.7539861761663041E-002 -0.30375627358372131     
   5.3239414155196070E-002 -0.28009659730356151     
   5.6988440527629289E-002 -0.25421904302882969     
   5.8343985727831359E-002 -0.22729913093221041     
   5.7487005336062769E-002 -0.20013982221381216     
   5.4340645839414094E-002 -0.17361054663098879     
   4.9141811331477263E-002 -0.14959331071044876     
   4.2459118026985251E-002 -0.12947539734575458     
   3.4954710742343915E-002 -0.11321937257538252     
   2.7107035979663199E-002 -0.10034014948798632     
   1.9383425774513362E-002  -9.1032961083506156E-002
   1.1944602262486914E-002  -8.5405250651323511E-002
   4.9600585437051762E-003  -8.3125250577820997E-002
  -1.4543812781940223E-003  -8.3616337613350591E-002
  -7.1887547827705406E-003  -8.6519062181688547E-002
  -1.2342907059473097E-002  -9.1559203723554305E-002
  -1.6896981838151619E-002  -9.8517684070040398E-002
  -2.0906264442715754E-002 -0.10719230895043370     
  -2.4391328371141031E-002 -0.11739949265453355     
  -2.7368682244972735E-002 -0.12887111873427068     
  -2.9828102943880604E-002 -0.14131083714620879     
  -3.1848008483550870E-002 -0.15454832965780049     
  -3.3493959439751662E-002 -0.16847766516209672     
  -3.4814404681206855E-002 -0.18302561505988707     
  -3.5817542017916648E-002 -0.19809319101373904     
  -3.6469649974841763E-002 -0.21345536059773779     
  -3.6768117466879399E-002 -0.22886096908669665     
  -3.6747862706922443E-002 -0.24418186416590598     
  -3.6409176601957201E-002 -0.25941585271777856     
  -3.5722153015258148E-002 -0.27453018211622815     
  -3.4716401076243825E-002 -0.28933325372825236     
  -3.3358963742790682E-002 -0.30356073634907110     
  -3.1615092281312138E-002 -0.31704158471607136     
  -2.9515693728637604E-002 -0.32970456795214548     
  -2.7059357646746780E-002 -0.34153010160963099     
  -2.4217116874795757E-002 -0.35246360733008136     
  -2.0944877577339847E-002 -0.36233103214027462     
  -1.7216375767336988E-002 -0.37082662113074660     
  -1.2987016413117751E-002 -0.37771169649129060     
  -8.2219504886972689E-003 -0.38273566357209965     
  -2.8218378368948579E-003 -0.38566111949975446     
   3.1372286380016326E-003 -0.38639286727970124     
   9.6230581201488287E-003 -0.38466525236384635     
   1.6502588228485923E-002 -0.37991488110368082     
   2.3949233891065895E-002 -0.37180560880999325     
   3.1410510782515791E-002 -0.36012192340928928     
   3.8743830573229179E-002 -0.34482163655744880     
   4.5510967350519287E-002 -0.32601474282954901     
   5.1216560784247391E-002 -0.30373881704890676     
   5.5305149176788568E-002 -0.27843606693633649     
   5.7687479777167157E-002 -0.25150138533076560     
   5.7755733788913029E-002 -0.22442168430203321     
   5.5342837925190541E-002 -0.19812854693702803     
   5.0503699909185511E-002 -0.17378890219513932     
   4.4027396602215683E-002 -0.15271279977662039     
   3.6526735528691345E-002 -0.13547147748772698     
   2.8312343019139947E-002 -0.12224178989194152     
   1.9895894754163604E-002 -0.11329105826432516     
   1.1955956391673971E-002 -0.10832645742995399     
   4.8139404129021865E-003 -0.10660612041066869     
  -1.5004341050359137E-003 -0.10748396145220121     
  -7.0857196078410057E-003 -0.11061348340739680     
  -1.1985045701536950E-002 -0.11574349656912167     
  -1.6210175282098727E-002 -0.12259794845108671     
  -1.9861900772607317E-002 -0.13091536417797225     
  -2.3046228392192478E-002 -0.14050072757329640     
  -2.5821197728366538E-002 -0.15121963108371914     
  -2.8263604602578513E-002 -0.16296728124800525     
  -3.0381291520549934E-002 -0.17563300940276794     
  -3.2188910741164749E-002 -0.18907576265800299     
  -3.3688412477929239E-002 -0.20313226541404869     
  -3.4859945127088107E-002 -0.21764349522312584     
  -3.5685905850113352E-002 -0.23249213052955259     
  -3.6161951355746187E-002 -0.24759956224849378     
  -3.6288391631167462E-002 -0.26286333396091499     
  -3.6062781602565638E-002 -0.27813727166091784     
  -3.5472950378746620E-002 -0.29326794468890460     
  -3.4481187527189844E-002 -0.30810733595861228     
  -3.3060581911770241E-002 -0.32245961732216349     
  -3.1203432931258587E-002 -0.33609378467321438     
  -2.8902174777124926E-002 -0.34881993312788001     
  -2.6128142351310470E-002 -0.36050227984949840     
  -2.2850707673493235E-002 -0.37100365769052779     
  -1.9097568135308864E-002 -0.38013828694254342     
  -1.4855618925435493E-002 -0.38769411199808101     
  -1.0223006338817328E-002 -0.39346993688373999     
  -5.1764180337462553E-003 -0.39731002276644811     
   3.2096042349115611E-004 -0.39902718638366125     
   6.1996401732243092E-003 -0.39838660683606908     
   1.2409283596560895E-002 -0.39518615440737015     
   1.8923153069497614E-002 -0.38926062976509718     
   2.5561266288732072E-002 -0.38047740570995214     
   3.2185435055517818E-002 -0.36875400159798405     
   3.8521497331425618E-002 -0.35406103555676627     
   4.4203200425226526E-002 -0.33650541754788310     
   4.8931266658002008E-002 -0.31639721647424290     
   5.2318742016976595E-002 -0.29420224235415843     
   5.3964902039331207E-002 -0.27062761649749500     
   5.3672330259548533E-002 -0.24665890958483305     
   5.1408190820757885E-002 -0.22340246854214563     
   4.7242290530246304E-002 -0.20187604383600691     
   4.1488515407584796E-002 -0.18291696198736335     
   3.4610410318297723E-002 -0.16713035209133911     
   2.7033815166893228E-002 -0.15485216797496590     
   1.9213716103404381E-002 -0.14617141819538670     
   1.1536762592832197E-002 -0.14097778229710278     
   4.2756146321626153E-003 -0.13902741243942168     
  -2.3876279878110133E-003 -0.13999568648870617     
  -8.3415675913248027E-003 -0.14352824981079260     
  -1.3539414845374119E-002 -0.14927005395290063     
  -1.7984548808545584E-002 -0.15687812995420564     
  -2.1710938454068938E-002 -0.16603340448509249     
  -2.4771267559161137E-002 -0.17644797070426935     
  -2.7230795098413182E-002 -0.18786552524964242     
  -2.9162035217455182E-002 -0.20006173040142777     
  -3.0638810170594718E-002 -0.21284606005961326     
  -3.1730457375797154E-002 -0.22606090363324574     
  -3.2497239675568189E-002 -0.23957712372180995     
  -3.2987863217126566E-002 -0.25328838737044623     
  -3.3239273213154667E-002 -0.26710567609961061     
  -3.3277590958251412E-002 -0.28095242043135638     
  -3.3118882727579069E-002 -0.29476057836923902     
  -3.2769119513259871E-002 -0.30846737932613583     
  -3.2222860633491175E-002 -0.32201174070606525     
  -3.1460871579153116E-002 -0.33532924547087944     
  -3.0448074389735551E-002 -0.34834525240848752     
  -2.9133490632681006E-002 -0.36096684520851857     
  -2.7452841947377758E-002 -0.37307521822532647     
  -2.5333226716998447E-002 -0.38452005064085965     
  -2.2698707071753067E-002 -0.39511650547861221     
  -1.9476021855350734E-002 -0.40464452644934529     
  -1.5600594689515055E-002 -0.41284981668177745     
  -1.1023680465877256E-002 -0.41944634947982995     
  -5.7213187895935602E-003 -0.42412102468713264     
   2.9505084539166188E-004 -0.42654159055990687     
   6.9671726230719488E-003 -0.42636900777132980     
   1.4178647368967052E-002 -0.42327537960175216     
   2.1744133559598141E-002 -0.41696902415838438     
   2.9399795942460963E-002 -0.40722942635636178     
   3.6798266736839100E-002 -0.39395549349774045     
   4.3516134475064167E-002 -0.37722759553105378     
   4.9085231116424467E-002 -0.35737387414261407     
   5.3054324188063849E-002 -0.33501587128325749     
   5.5072358684507772E-002 -0.31105920046313790     
   5.4966040255117359E-002 -0.28660747920972429     
   5.2779183552750394E-002 -0.26281340480804538     
   4.8757072213997964E-002 -0.24071616204553795     
   4.3285322024815762E-002 -0.22112048036097370     
   3.6809947126863057E-002 -0.20454656007135977     
   2.9765210076549486E-002 -0.19124549973046157     
   2.2524891294209086E-002 -0.18125432084431245     
   1.5380203575838408E-002 -0.17446254474586431     
   8.5387767248190256E-003 -0.17067125247739004     
   2.1358570395340845E-003 -0.16963686376991213     
  -3.7498186385601707E-003 -0.17109966474314314     
  -9.0802399552981916E-003 -0.17480033900287600     
  -1.3844945920653051E-002 -0.18048836909642671     
  -1.8051224744164027E-002 -0.18792568069714982     
  -2.1717256348003457E-002 -0.19688784935702480     
  -2.4867387161017232E-002 -0.20716414302337754     
  -2.7528862406767433E-002 -0.21855700805246098     
  -2.9729543228635923E-002 -0.23088125911312676     
  -3.1496318209233924E-002 -0.24396307459440086     
  -3.2854050575729037E-002 -0.25763886816803866     
  -3.3824931362597413E-002 -0.27175411343115119     
  -3.4428093927638563E-002 -0.28616217557905066     
  -3.4679355258864987E-002 -0.30072316004206007     
  -3.4590982787754500E-002 -0.31530274815726994     
  -3.4171428514942592E-002 -0.32977096399226269     
  -3.3425019368753001E-002 -0.34400080983972753     
  -3.2351632056366354E-002 -0.35786672026919258     
  -3.0946407836162159E-002 -0.37124280744045768     
  -2.9199585202164018E-002 -0.38400089718830877     
  -2.7096552862731754E-002 -0.39600838650277420     
  -2.4618251679772520E-002 -0.40712599098419000     
  -2.1742080409634615E-002 -0.41720549669465562     
  -1.8443485364134284E-002 -0.42608768568525596     
  -1.4698435030870592E-002 -0.43360067240526440     
  -1.0486988225764531E-002 -0.43955897497219226     
  -5.7981510321434039E-003 -0.44376376019982688     
  -6.3617118637522281E-004 -0.44600486477754958     
   4.9717024899606768E-003 -0.44606542608435207     
   1.0966217557657242E-002 -0.44373024033670455     
   1.7246511649022744E-002 -0.43879924692410804     
   2.3661199106746193E-002 -0.43110768323609117     
   3.0002409004679678E-002 -0.42055412123499303     
   3.6006106408171597E-002 -0.40713620289717067     
   4.1362698610148359E-002 -0.39099088737572285     
   4.5741452907629543E-002 -0.37243132571509729     
   4.8829455919272034E-002 -0.35196732253411983     
   5.0379938545350146E-002 -0.33029440855407471     
   5.0257955192032702E-002 -0.30824248598548037     
   4.8468569616257798E-002 -0.28668904357900626     
   4.5156997302753042E-002 -0.26645807576811431     
   4.0580326088654320E-002 -0.24823347126593776     
   3.5061282198016422E-002 -0.23250835528211006     
   2.8939422211958898E-002 -0.21957522762179277     
   2.2531878423493672E-002 -0.20954750811300776     
   1.6108713222554430E-002 -0.20239738784756064     
   9.8822103935420017E-003 -0.19799682327160029     
   4.0065968088436252E-003 -0.19615375588909428     
  -1.4159149791050296E-003 -0.19664048430496200     
  -6.3261615203149138E-003 -0.19921411350738352     
  -1.0698399967878035E-002 -0.20363035575958646     
  -1.4531317059789278E-002 -0.20965228940660485     
  -1.7840310672005161E-002 -0.21705550903061466     
  -2.0651236189123779E-002 -0.22563077332721493     
  -2.2995560289248027E-002 -0.23518495393531552     
  -2.4906753917365902E-002 -0.24554084944437571     
  -2.6417713683190160E-002 -0.25653625309120875     
  -2.7558997623878964E-002 -0.26802254361832695     
  -2.8357684410849380E-002 -0.27986298841955121     
  -2.8836696885401514E-002 -0.29193089094180774     
  -2.9014462976929396E-002 -0.30410767426943225     
  -2.8904818923297049E-002 -0.31628096517918269     
  -2.8517088924116654E-002 -0.32834272351092247     
  -2.7856300476510863E-002 -0.34018744918589450     
  -2.6923516651946609E-002 -0.35171049308193625     
  -2.5716286041027429E-002 -0.36280649729580661     
  -2.4229228109793284E-002 -0.37336799477156579     
  -2.2454786674803138E-002 -0.38328420802923108     
  -2.0384196988891604E-002 -0.39244010197436846     
  -1.8008721420764765E-002 -0.40071576689486266     
  -1.5321212986843118E-002 -0.40798623532443223     
  -1.2318062036774578E-002 -0.41412187086958252     
  -9.0015646469660780E-003 -0.41898950818985481     
  -5.3827155106461917E-003 -0.42245456943828191     
  -1.4843656062040315E-003 -0.42438442845869984     
   2.6554125993756101E-003 -0.42465332787816606     
   6.9800483590046905E-003 -0.42314915231420569     
   1.1411758668812605E-002 -0.41978228312818744     
   1.5850071494243143E-002 -0.41449654858503271     
   2.0172434499088954E-002 -0.40728187212576472     
   2.4237817094654567E-002 -0.39818756907283975     
   2.7894032433966043E-002 -0.38733439272600878     
   3.0988957976986812E-002 -0.37492259280096474     
   3.3384882432465034E-002 -0.36123283199642747     
   3.4974025243022504E-002 -0.34661731869662199     
   3.5692295177922703E-002 -0.33148026295916899     
   3.5528135843009692E-002 -0.31624947784121210     
   3.4524196721556800E-002 -0.30134365653105005     
   3.2771380489841392E-002 -0.28714130178570496     
   3.0396824206203456E-002 -0.27395671996452869     
   2.7548722522414762E-002 -0.26202621515231156     
   2.4381141839950111E-002 -0.25150475797169780     
   2.1041252533953406E-002 -0.24247114688222698     
   1.7660245326920360E-002 -0.23493862378385472     
   1.4348115459837711E-002 -0.22886795743669985     
   1.1191775960972483E-002 -0.22418070464604159     
   8.2556365188053114E-003 -0.22077122908574789     
   5.5837568575514375E-003 -0.21851680526688716     
   3.2028203194924129E-003 -0.21728565173358491     
   1.1253683825412080E-003 -0.21694303379156010     
  -6.4707377140056708E-004 -0.21735571070768031     
  -2.1211956724699319E-003 -0.21839503761758142     
  -3.3095257205304120E-003 -0.21993901591238091     
  -4.2285071361369162E-003 -0.22187354785920108     
  -4.8970055988855794E-003 -0.22409310818514866     
  -5.3352035032873824E-003 -0.22650100504632725     
  -5.5638248358478018E-003 -0.22900936798101484     
  -5.6036322707238382E-003 -0.23153897140459048     
  -5.4751402554309974E-003 -0.23401897817381684     
  -5.1984919892311592E-003 -0.23638666760326577     
  -4.7934526986060386E-003 -0.23858719489367430     
  -4.2794756993908833E-003 -0.24057341317792069     
  -3.6758012243873358E-003 -0.24230577445020815     
  -3.0015511669045964E-003 -0.24375231094209338     
  -2.2757863505512154E-003 -0.24488868384331741     
  -1.5174974775012458E-003 -0.24569827190893551     
  -7.4550734142898195E-004 -0.24617225927191008     
   2.1729171143561889E-005 -0.24630967107588900     
   7.6642915863432064E-004 -0.24611729917893496     
   1.4718779559923399E-003 -0.24560946012192061     
   2.1228910350736103E-003 -0.24480753543677353     
   2.7063016364956482E-003 -0.24373926088856132     
   3.2114245680669221E-003 -0.24243775560522393     
   3.6304430948329897E-003 -0.24094031165288429     
   3.9586700390903673E-003 -0.23928699523043187     
   4.1946462292819300E-003 -0.23751913714190986     
   4.3400576944654266E-003 -0.23567780767318747     
   4.3994744285367334E-003 -0.23380237608632307     
   4.3799343179622913E-003 -0.23192924673242282     
   4.2904123245273620E-003 -0.23009084403750887     
   4.1412247361141911E-003 -0.22831489124915574     
   3.9434203570935219E-003 -0.22662399780465708     
   3.7082056246817308E-003 -0.22503554225673458     
   3.4464407051712190E-003 -0.22356181545252335     
   3.1682310813329019E-003 -0.22221037400616728     
   2.8826263156621948E-003 -0.22098454727215172     
   2.5974263324661348E-003 -0.21988404100980430     
   2.3190867890908917E-003 -0.21890558602413845     
   2.0527093103146305E-003 -0.21804358833559148     
   1.8020993312736968E-003 -0.21729074711902299     
   1.5698735322574660E-003 -0.21663861646258301     
   1.3575998604432647E-003 -0.21607809599768329     
   1.1659552489462733E-003 -0.21559984301762594     
   9.9488862940378753E-004 -0.21519460474476484     
   8.4377957460009517E-004 -0.21485347407114933     
   7.1158583170210751E-004 -0.21456807519714149     
   5.9697519977004124E-004 -0.21433068732778768     
   4.9843877278754340E-004 -0.21413431587322437     
   4.1438489566134729E-004 -0.21397272109806290     
   3.4321473715489458E-004 -0.21384041307422780     
   2.8337956924250101E-004 -0.21373262127346590     
   2.3342131994639911E-004 -0.21364524772786711     
   1.9200122197669030E-004 -0.21357480987841362     
   1.5791713203500092E-004 -0.21351837625883371     
   1.3010801527630963E-004 -0.21347350220575884     
   1.0765608497589721E-004 -0.21343817093622092     
   8.9790894110457580E-005 -0.21341073487994627     
   7.5875832220593845E-005 -0.21338986421298362     
   6.5389102548925847E-005 -0.21337451922300368     
   5.7950509720732954E-005 -0.21336392702929377     
   5.3389359025887572E-005 -0.21335756295531697     
   5.1769502106694620E-005 -0.21335520103691549     
