 Initial conditions outputted from a previous simulation. Time =    22.800000000000001     
   40.000000000000000        0.0000000000000000              500           1   22.800000000000001     
  -3.3887864056479228E-002  -6.9036395927182692E-002
  -3.2160648416009463E-002  -8.3890014797632875E-002
  -3.0040739404220834E-002  -9.8039084931114434E-002
  -2.7461932797451835E-002 -0.11131726846775693     
  -2.4382776228490156E-002 -0.12354568121552569     
  -2.0734571569145446E-002 -0.13450714292673172     
  -1.6469649503391914E-002 -0.14397557503627340     
  -1.1539521788654118E-002 -0.15169109414252607     
  -5.9099726699161550E-003 -0.15736904113818692     
   4.2989902158444145E-004 -0.16069983816897157     
   7.4543640813833790E-003 -0.16135381403914820     
   1.5088479472582690E-002 -0.15899272630270367     
   2.3194256372050061E-002 -0.15328865555883575     
   3.1506548110176377E-002 -0.14395472176024451     
   3.9740294045550809E-002 -0.13080339047805434     
   4.7479157129658861E-002 -0.11380780051396168     
   5.3973083408551850E-002  -9.3167898032313221E-002
   5.8589067389048143E-002  -6.9415845155043759E-002
   6.1217826512928147E-002  -4.3473839048884792E-002
   6.1695542063600159E-002  -1.6554542528260614E-002
   5.9833757639768927E-002   1.0001417844353872E-002
   5.5823751749713137E-002   3.4901097157763704E-002
   5.0092727716906316E-002   5.7086487262904974E-002
   4.3088788200221322E-002   7.5847318655305085E-002
   3.5318378771387000E-002   9.0823125488856071E-002
   2.7167704452793606E-002  0.10195001802142026     
   1.8960307960652227E-002  0.10936007326649055     
   1.1047976101015301E-002  0.11328641302505299     
   3.7083751863017907E-003  0.11402626377929627     
  -2.9649370714630707E-003  0.11192043473270785     
  -8.9532099409553572E-003  0.10731016264675411     
  -1.4237685782732422E-002  0.10051233978533250     
  -1.8841228211853835E-002   9.1823676160126960E-002
  -2.2817570424627759E-002   8.1519598375138350E-002
  -2.6226130043717873E-002   6.9849835913302905E-002
  -2.9126462709395059E-002   5.7039891428999977E-002
  -3.1583711197605925E-002   4.3296987145687964E-002
  -3.3677012680440280E-002   2.8818122067746428E-002
  -3.5466240258877374E-002   1.3786182053724430E-002
  -3.6955972051256038E-002  -1.6307484985646043E-003
  -3.8093023286346638E-002  -1.7240766233514761E-002
  -3.8774178324824139E-002  -3.2781587275867670E-002
  -3.9088330288660295E-002  -4.7939936605268497E-002
  -3.9203656441447042E-002  -6.2433044170517114E-002
  -3.9099335783152354E-002  -7.6041716783857669E-002
  -3.8658649136829593E-002  -8.8585680211288084E-002
  -3.7867509797541180E-002  -9.9936169332480146E-002
  -3.6695074076593302E-002 -0.11005353873195219     
  -3.5175817339367595E-002 -0.11898957206536778     
  -3.3247397838610158E-002 -0.12689453558446481     
  -3.1193932427575791E-002 -0.13403361598717520     
  -2.8772270073840037E-002 -0.14071881742679609     
  -2.4752677969964207E-002 -0.14694477606741610     
  -1.8663561634983668E-002 -0.15209375497308764     
  -1.1350335866610373E-002 -0.15529616672043972     
  -3.1511506408158298E-003 -0.15590254607379897     
   5.8999862454611274E-003 -0.15334768086277956     
   1.5232444899681008E-002 -0.14700307036914917     
   2.3974360008680591E-002 -0.13650829584080168     
   3.1296431162671723E-002 -0.12216557828844311     
   3.6383500255979626E-002 -0.10504875053681420     
   3.8828444100692174E-002  -8.6705972904928930E-002
   3.9602419893894070E-002  -6.8431523457755952E-002
   3.9945639454668246E-002  -5.0656205573969611E-002
   4.0049268320783961E-002  -3.3228879601443481E-002
   3.9627768525458462E-002  -1.6178451544832086E-002
   3.8656622423190359E-002   1.0823653735388925E-004
   3.7033598433708008E-002   1.5270368357957847E-002
   3.4713562463082236E-002   2.9163743537627365E-002
   3.1849256469912129E-002   4.1705795266489154E-002
   2.8340889684064841E-002   5.2781747620577295E-002
   2.4243496443055717E-002   6.2258678215518469E-002
   1.8613716371876612E-002   6.9852388848240521E-002
   1.1225724827872765E-002   7.5000473125065539E-002
   3.8465569586253333E-003   7.7426964105071147E-002
  -2.1796183983231873E-003   7.7616802353768041E-002
  -7.5597055813707865E-003   7.6231074000252905E-002
  -1.2398262176050700E-002   7.3491803482481549E-002
  -1.6593056191816991E-002   6.9482247034579087E-002
  -2.0409722501167911E-002   6.4286418152829358E-002
  -2.4053119709444171E-002   5.7767229401878013E-002
  -2.7111094483597806E-002   4.9834739648924570E-002
  -2.9049187344088172E-002   4.0925616689100414E-002
  -2.9863814189093379E-002   3.1791087802195625E-002
  -3.0095098634019855E-002   2.2895468242516662E-002
  -3.0169421909630005E-002   1.4286868578262847E-002
  -3.0097377519039816E-002   5.9319357694726065E-003
  -2.9771514199205412E-002  -2.0891015190199176E-003
  -2.9196281446082727E-002  -9.6884340186480858E-003
  -2.8364226684174852E-002  -1.6875393062828984E-002
  -2.7329374934200529E-002  -2.3739093712544200E-002
  -2.6071385550555722E-002  -3.0417184268522360E-002
  -2.4774585672644216E-002  -3.7015818621682919E-002
  -2.3222921255325595E-002  -4.3451724256150175E-002
  -2.0668981345163880E-002  -4.9285750158496754E-002
  -1.7120365907447116E-002  -5.3862724648026883E-002
  -1.3467610318109868E-002  -5.6837374059903370E-002
  -9.9995756071120101E-003  -5.8382504848052783E-002
  -6.5165868525195901E-003  -5.8742207222838128E-002
  -2.8899032323600805E-003  -5.7921505193443350E-002
   9.2126448584762459E-004  -5.5852686729931815E-002
   4.8464127784164377E-003  -5.2549116064875341E-002
   8.7310930579787057E-003  -4.8098494737707088E-002
   1.2449049710336538E-002  -4.2659462084555219E-002
   1.5994132001910303E-002  -3.6424376123238476E-002
   1.9522662788066313E-002  -2.9465340100462069E-002
   2.2977944956645978E-002  -2.1621799956235453E-002
   2.5856564437466509E-002  -1.2767502141447678E-002
   2.7787226717664006E-002  -3.2142872282451595E-003
   2.8803842780720530E-002   6.5086809140934261E-003
   2.8950872559198145E-002   1.6202253896809352E-002
   2.8192421844989352E-002   2.5940786908607166E-002
   2.6594659529127155E-002   3.5714668795633606E-002
   2.4272732889004108E-002   4.5435194379660822E-002
   2.1332849589493323E-002   5.4998829271802344E-002
   1.7891392981216048E-002   6.4104052619553098E-002
   1.4065200072545078E-002   7.2262924840243326E-002
   9.9692757446344839E-003   7.9033752718851241E-002
   5.7313408259909611E-003   8.4081967749921618E-002
   1.5387948433481851E-003   8.7121274241150543E-002
  -2.4693340454926866E-003   8.8059737468117238E-002
  -6.1985187581006180E-003   8.7141107940366849E-002
  -9.4909703946091679E-003   8.4736364721236274E-002
  -1.2345290909485001E-002   8.0792058336637454E-002
  -1.4955966657161646E-002   7.4635392245875398E-002
  -1.7364476960187131E-002   6.6100958620766911E-002
  -1.9446742368366018E-002   5.6886361258831918E-002
  -2.1161919079057533E-002   4.9041216094601756E-002
  -2.2682919794956468E-002   4.1609232840309429E-002
  -2.3987668358261046E-002   3.4109555060064578E-002
  -2.4989189002026919E-002   2.6818195801011493E-002
  -2.5751044835428307E-002   1.9644454901519864E-002
  -2.6344510585621598E-002   1.1475122597098986E-002
  -2.6632419791553064E-002   4.2989392359764154E-003
  -2.6669917881861207E-002  -1.0624382784513138E-003
  -2.6539437598228015E-002  -5.9169812975639717E-003
  -2.6212109569381716E-002  -1.1215001261137073E-002
  -2.5551638554754303E-002  -1.6029371776403862E-002
  -2.4495676063699335E-002  -2.0757998321434729E-002
  -2.3087148569833234E-002  -2.6097320193943809E-002
  -2.1376400924541003E-002  -3.2499663673885473E-002
  -1.9327474398654260E-002  -3.7914664895230321E-002
  -1.6878052819500937E-002  -4.1241714983192339E-002
  -1.3953031927488644E-002  -4.2843366042816966E-002
  -1.0589736101473258E-002  -4.3195823326311868E-002
  -6.9052377038754179E-003  -4.2543982911654100E-002
  -3.1051463759962793E-003  -4.3280917944543217E-002
   7.0814110891497569E-004  -4.4659714495557695E-002
   4.5843067177383902E-003  -4.3796539027336108E-002
   8.5058987893463448E-003  -3.9257128947124173E-002
   1.2191614181374853E-002  -3.4319313617500576E-002
   1.5534076187658622E-002  -2.9601650777501629E-002
   1.8676790127793531E-002  -2.3138610597938633E-002
   2.1667179781891859E-002  -1.3719733956952675E-002
   2.4055442037344343E-002  -2.6595371972023265E-003
   2.5614563719560890E-002   9.2514820600388941E-003
   2.6423662107069031E-002   2.1610593525802021E-002
   2.6361767231925130E-002   3.4363809379611400E-002
   2.5323393574624199E-002   4.7119710608455836E-002
   2.3546108237839883E-002   5.8725187925089704E-002
   2.1321505672429159E-002   6.8360856533694309E-002
   1.9054476982294438E-002   7.7034839771069674E-002
   1.6520456403067187E-002   8.0855100991275172E-002
   1.4289236895878370E-002   8.8960628352479754E-002
   1.2370161917739918E-002  0.10111721108987472     
   1.0112050060223738E-002  0.10725805131358342     
   7.3590651706432440E-003  0.10790911205421114     
   4.5388273171178429E-003  0.11089933837934794     
   1.3839186249134041E-003  0.11086271351734460     
  -1.7279923224206416E-003  0.11251574325704410     
  -4.9664049764354774E-003  0.11551689723184352     
  -8.3983271957670785E-003  0.11634770885365839     
  -1.1854705399582053E-002  0.11305178971148293     
  -1.5021079245747866E-002  0.10888453155528262     
  -1.7913652256816976E-002  0.10375145391516806     
  -2.0447481546361061E-002   9.7411308149296730E-002
  -2.2447163835896691E-002   9.2143343688940574E-002
  -2.4151190174945700E-002   8.5906069672212343E-002
  -2.4824352728738477E-002   8.4896814083392155E-002
  -2.6310063746555815E-002   6.8086490398071534E-002
  -2.4564526048175588E-002   8.7276992350779875E-002
  -2.6278104161902977E-002   5.8711336958102323E-002
  -2.0375881806444032E-002   6.5541376648880656E-002
  -2.4070450678058835E-002 -0.10168448064299172     
  -2.6230650301541949E-002 -0.22238792922702622     
  -2.0030400206389569E-002 -0.12643282460841845     
  -9.6403421839916237E-003   7.2323747380640610E-002
  -1.1379446722907466E-002   6.3364063331884074E-002
  -8.1729654885408821E-003   4.2944163537309503E-002
  -7.6320023595087055E-003  -5.5244076364774023E-003
  -3.6673981733885345E-003   2.5980640173330124E-003
  -1.1281714906116326E-003  -2.7711067536275347E-003
   2.3480342121571080E-003   4.4625919383698342E-003
   5.1754593436226246E-003   7.0324864792981863E-003
   8.0674315411636346E-003   1.3094487014222864E-002
   1.1000304979441308E-002   2.2975418830109000E-002
   1.3878505812513004E-002   3.5373370735735571E-002
   1.6614707039659910E-002   4.7635048175524712E-002
   1.9029005225611639E-002   5.8150364984593569E-002
   2.0981265445763234E-002   7.1825645996870455E-002
   2.2115035757003850E-002   8.6804710557228479E-002
   2.2493208358302035E-002  0.10170859998481097     
   2.2207829758009754E-002  0.11802328422674661     
   2.1030164239481137E-002  0.13385380715833478     
   1.8978496123561246E-002  0.14688161447193185     
   1.6389120824692554E-002  0.15952097639622381     
   1.3276472535368017E-002  0.16975455093525593     
   9.5676661285321284E-003  0.17646773012703265     
   5.8751194120360024E-003  0.18710613928215836     
   1.6705721657669728E-003  0.19215239689041577     
  -2.6580257293993105E-003  0.19263286698376472     
  -6.6405140600107309E-003  0.19224437292291607     
  -1.0258287891074032E-002  0.18996009756971013     
  -1.3160620309817296E-002  0.19072541860114903     
  -1.5657357319765933E-002  0.19043096697114564     
  -1.8080791506983017E-002  0.18444276710181021     
  -2.0135420989748506E-002  0.17771548782966179     
  -2.1832591922101234E-002  0.17256892405311500     
  -2.3491538029294882E-002  0.16603445465560568     
  -2.5179627559627781E-002  0.15857107829369876     
  -2.6981703490223403E-002  0.15032696624622827     
  -2.8814249845626274E-002  0.14151824041487965     
  -3.0652571025395804E-002  0.12962215020794254     
  -3.2185868148848190E-002  0.11746688413226217     
  -3.3378309994677766E-002  0.10364885643670023     
  -3.3899761395095492E-002   9.2892327600365990E-002
  -3.3955551926983116E-002   8.3999641249739465E-002
  -3.4021591828804078E-002   7.1366815355109289E-002
  -3.3744995007172596E-002   5.9705662611036700E-002
  -3.3301500175080774E-002   4.8554164891110377E-002
  -3.2535581826019226E-002   3.9205589658026882E-002
  -3.1381500957997459E-002   3.1227375229611394E-002
  -2.9827981844900178E-002   2.1636199734553486E-002
  -2.7712450805240305E-002   1.3560305292384063E-002
  -2.4942643029725143E-002   7.0041443848380515E-003
  -2.1408412654615676E-002   1.0438079640593810E-003
  -1.7067078824371022E-002  -3.0829696366110018E-003
  -1.2119612300291110E-002  -5.5947634536907308E-003
  -6.6357049750296257E-003  -6.4150362863780652E-003
  -8.0790927185150322E-004  -5.2994548710675821E-003
   5.4884982817581338E-003  -1.6440050842493658E-003
   1.2065932281344352E-002   4.9922025752912307E-003
   1.8441247284522472E-002   1.5018341432119230E-002
   2.4310302638364426E-002   2.8305779268827883E-002
   2.9019976763231942E-002   4.3923456702534329E-002
   3.2071427550825662E-002   6.1570382097447834E-002
   3.3274761082897855E-002   8.0365327064408354E-002
   3.2720505176734908E-002   9.9155210354473985E-002
   3.0807873115366240E-002  0.11710170972837837     
   2.8052745379735997E-002  0.13333894427028761     
   2.4779356251671159E-002  0.14777969699704008     
   2.1359154730587665E-002  0.16050572048359452     
   1.7865211706676692E-002  0.17143561450621086     
   1.4240668299377909E-002  0.18069422220398235     
   1.0397926079048105E-002  0.18833525871356335     
   6.3153758946877881E-003  0.19430064835679958     
   1.9942996946092448E-003  0.19853683052942575     
  -2.5915702752329827E-003  0.20089387058781288     
  -7.3211476206049494E-003  0.20125215373740243     
  -1.1975319116319367E-002  0.19958331597097326     
  -1.6522958666575945E-002  0.19582455031826609     
  -2.0858060074603377E-002  0.19006402612400558     
  -2.4880214648206989E-002  0.18250887563253762     
  -2.8506706483560806E-002  0.17338820946897862     
  -3.1768610432494376E-002  0.16286894242019254     
  -3.4627952346241955E-002  0.15117987410661535     
  -3.6979440757452957E-002  0.13865238221813750     
  -3.8854836592589509E-002  0.12540229296168040     
  -4.0372745423103255E-002  0.11144343538541936     
  -4.1490692597164758E-002   9.7058168705062786E-002
  -4.2233974150179952E-002   8.2469657867569102E-002
  -4.2664196391184094E-002   6.7702872676829506E-002
  -4.2845266866419304E-002   5.2917476731591348E-002
  -4.2880302537399946E-002   3.8243918087748886E-002
  -4.2783855653683055E-002   2.3659106411521986E-002
  -4.2532498528094403E-002   9.1509056795261688E-003
  -4.2113665083109250E-002  -5.1424048537958011E-003
  -4.1483197359800675E-002  -1.9041112635696009E-002
  -4.0679438008299658E-002  -3.2515489148597400E-002
  -3.9660384755596155E-002  -4.5603043888218522E-002
  -3.8415667872988030E-002  -5.8269496323751710E-002
  -3.6764034155713984E-002  -7.0436713096310027E-002
  -3.4523154368048571E-002  -8.1991279952696880E-002
  -3.1763564984890191E-002  -9.2731047893418170E-002
  -2.8617886031306435E-002 -0.10237310696577259     
  -2.4928345449984370E-002 -0.11060832210572921     
  -2.0572875625674090E-002 -0.11719855408158843     
  -1.5472315964447205E-002 -0.12193623243113370     
  -9.6504915527669682E-003 -0.12449621279684377     
  -3.2682517966358790E-003 -0.12444393902980891     
   3.3351294443359344E-003 -0.12141127930534275     
   9.6917247031000821E-003 -0.11526147818691163     
   1.5356147036368725E-002 -0.10616935497451833     
   1.9976650507792036E-002  -9.4620980659726184E-002
   2.3268746989416521E-002  -8.1329088487416573E-002
   2.5196331958121689E-002  -6.7091205354069663E-002
   2.6078597525808708E-002  -5.2597949511545235E-002
   2.6440522483519115E-002  -3.8255236250329061E-002
   2.6572207743784521E-002  -2.4204095976607613E-002
   2.6409063957427197E-002  -1.0554310713623919E-002
   2.5804219458435831E-002   2.4752252894597359E-003
   2.4733398609642174E-002   1.4650758081258810E-002
   2.3160574917707281E-002   2.5812198770434967E-002
   2.1102764306212732E-002   3.5825537434097735E-002
   1.8444673681615995E-002   4.4538317943365643E-002
   1.5433581045923359E-002   5.1761558674319155E-002
   1.1767178436794954E-002   5.7233696093818627E-002
   6.7431647715876621E-003   6.0547158705956075E-002
   1.0548244439209111E-003   6.1339538068728834E-002
  -3.8966004611612026E-003   5.9709286907119644E-002
  -8.1408137760418820E-003   5.6122390187779307E-002
  -1.1947756716864901E-002   5.0915743705900719E-002
  -1.5121586016971675E-002   4.4300068414171334E-002
  -1.7642898280535883E-002   3.6582038510568543E-002
  -1.9659923513197314E-002   2.8053610125494753E-002
  -2.1171501734700105E-002   1.8916867725992634E-002
  -2.2143829163017145E-002   9.3958410599159475E-003
  -2.2632670796747995E-002  -2.7487244349480095E-004
  -2.2840120449335269E-002  -9.9405337091557390E-003
  -2.2945511822959879E-002  -1.9513687934953724E-002
  -2.2949588634002580E-002  -2.8917622184051160E-002
  -2.2785589676725556E-002  -3.8080640233544724E-002
  -2.2451613723362428E-002  -4.6961522850587335E-002
  -2.1931440450242246E-002  -5.5548318854037299E-002
  -2.1243976673715192E-002  -6.3815004612913201E-002
  -2.0339089961723959E-002  -7.1683880965874941E-002
  -1.9370691131033971E-002  -7.9049972556700404E-002
  -1.8167658668873016E-002  -8.5843798888885575E-002
  -1.6025363407476321E-002  -9.1915746498270764E-002
  -1.2865729879011894E-002  -9.6890574834513146E-002
  -9.4868860657852608E-003 -0.10040480232330512     
  -6.1821220985171944E-003 -0.10239515916222440     
  -2.8096923300216046E-003 -0.10292121425909065     
   4.9729037670178430E-004 -0.10195826302424214     
   3.4511232088040925E-003  -9.9536112473700700E-002
   5.9653233577403805E-003  -9.5847830548951754E-002
   8.0216571146868830E-003  -9.1152287825484027E-002
   9.5053267275741239E-003  -8.5725820459104110E-002
   1.0376805077528682E-002  -7.9887312230601165E-002
   1.0781186514028205E-002  -7.3934198806541576E-002
   1.0955242495295350E-002  -6.8043614442035508E-002
   1.1023618668741266E-002  -6.2282695807025494E-002
   1.0955875716838299E-002  -5.6706400210315290E-002
   1.0687045007565335E-002  -5.1407359241696628E-002
   1.0207773141664168E-002  -4.6479747845413782E-002
   9.4994843342606841E-003  -4.1985902779081041E-002
   8.5704103825076094E-003  -3.7975308692067743E-002
   7.3552943731568258E-003  -3.4515244170290123E-002
   5.9911540080399648E-003  -3.1711717762532045E-002
   4.2996101186900731E-003  -2.9715007596181349E-002
   1.8045183783096091E-003  -2.8760056186782876E-002
  -1.2165287275379007E-003  -2.9100347580016575E-002
  -3.9760939314261012E-003  -3.0776276476468391E-002
  -6.4198578263357509E-003  -3.3602559954519946E-002
  -8.6772421667624094E-003  -3.7422030082793392E-002
  -1.0607061374314167E-002  -4.2133493565235457E-002
  -1.2141414260963188E-002  -4.7564931009825138E-002
  -1.3353851938149424E-002  -5.3525124848714301E-002
  -1.4272324693686080E-002  -5.9873241516972202E-002
  -1.4883815422326231E-002  -6.6472707931983011E-002
  -1.5200949041274867E-002  -7.3182566100841839E-002
  -1.5338401742073161E-002  -7.9903038387999087E-002
  -1.5415138739754619E-002  -8.6583564730686513E-002
  -1.5438428238346139E-002  -9.3192766880924996E-002
  -1.5367599569694376E-002  -9.9692433038819930E-002
  -1.5198993780144715E-002 -0.10603978678525107     
  -1.4925681771062555E-002 -0.11220845143231460     
  -1.4540805668303040E-002 -0.11818608685237783     
  -1.4080640245809897E-002 -0.12393653582611672     
  -1.3500137743483267E-002 -0.12940015619340361     
  -1.2803015836421768E-002 -0.13452790318485447     
  -1.1716764736684242E-002 -0.13924775974174189     
  -1.0082281025028077E-002 -0.14337939558687471     
  -8.2300173424298684E-003 -0.14672969453736606     
  -6.4664514126883997E-003 -0.14925288606924692     
  -4.6577889842628201E-003 -0.15099006562224354     
  -2.8656559926008890E-003 -0.15194058761008186     
  -1.2257951595434301E-003 -0.15212172521821488     
   2.0920439284405172E-004 -0.15162155890410248     
   1.4398645401708040E-003 -0.15054405854212177     
   2.4347663614896543E-003 -0.14898829917652887     
   3.1694756858663730E-003 -0.14708198752845120     
   3.6542938707926744E-003 -0.14496825690064116     
   3.9065992417669825E-003 -0.14276470045021375     
   4.0112496081446533E-003 -0.14055469253064168     
   4.0626321081834961E-003 -0.13838882207913786     
   4.0672884172130094E-003 -0.13629228538364543     
   3.9910487219660352E-003 -0.13429151607522069     
   3.8302773220450287E-003 -0.13242440197335803     
   3.5739134373277723E-003 -0.13072076293619456     
   3.2294456020375119E-003 -0.12919732043276061     
   2.7808639486026849E-003 -0.12788168197045596     
   2.2908915271235160E-003 -0.12682542025680479     
   1.6988624751196882E-003 -0.12607958717793447     
   7.5694831443004604E-004 -0.12571298877191753     
  -5.2985360598706527E-004 -0.12584850465073114     
  -1.8371258352420422E-003 -0.12658186314945771     
  -3.0500855252171286E-003 -0.12789396805411671     
  -4.2196143380644063E-003 -0.12972460986008591     
  -5.3068795770349888E-003 -0.13204291158482051     
  -6.2337129411928517E-003 -0.13480144204969227     
  -6.9918453512630360E-003 -0.13791689800647702     
  -7.5998235543362457E-003 -0.14131031317716680     
  -8.0574360891668348E-003 -0.14491198517570750     
  -8.3657528670643619E-003 -0.14864722828749088     
  -8.5471827566566544E-003 -0.15244880866403893     
  -8.6358324089931288E-003 -0.15626868119077175     
  -8.6743490617945274E-003 -0.16007662072551038     
  -8.6881144785958368E-003 -0.16385848631392363     
  -8.6711035687147067E-003 -0.16760357338105053     
  -8.6077846652180077E-003 -0.17128991260016299     
  -8.4954390513831135E-003 -0.17489261817154339     
  -8.3284582290470092E-003 -0.17839933363048452     
  -8.1087536076949566E-003 -0.18180529515608773     
  -7.8137376820539197E-003 -0.18509736432338741     
  -7.4836619964687191E-003 -0.18824516245785619     
  -7.0577147312541099E-003 -0.19120343591004421     
  -6.3691700648427843E-003 -0.19389869622692890     
  -5.4746045310455878E-003 -0.19623896559717424     
  -4.5922455740134210E-003 -0.19817908328772343     
  -3.7230718746316905E-003 -0.19973358587893919     
  -2.8256067581708521E-003 -0.20090950241527974     
  -1.9561158651680800E-003 -0.20170010375786551     
  -1.1539604184002167E-003 -0.20212649693657425     
  -4.1874957181184321E-004 -0.20222687626955360     
   2.3275918097863063E-004 -0.20203433085198258     
   7.8175543052644736E-004 -0.20158773673488997     
   1.2285589201112273E-003 -0.20093574749756848     
   1.5760917420618707E-003 -0.20012640547093943     
   1.8244315614702998E-003 -0.19920696719794528     
   1.9798311015901239E-003 -0.19822566255568164     
   2.0557020203930184E-003 -0.19722349584078155     
   2.0854050874486597E-003 -0.19622664489493735     
   2.0990295442260536E-003 -0.19524690805512013     
   2.0981971162169601E-003 -0.19428966090043714     
   2.0733310107313120E-003 -0.19336261819221984     
   2.0242297435658220E-003 -0.19247600967544418     
   1.9487373598315251E-003 -0.19163708431886611     
   1.8490814035865928E-003 -0.19084997077285440     
   1.7222673215100887E-003 -0.19012093659636037     
   1.5827840974462814E-003 -0.18946140373867917     
   1.4177991759518730E-003 -0.18888404717376459     
   1.1797131162198872E-003 -0.18840506147214572     
   8.8122266301824184E-004 -0.18804663550874587     
   5.9496589131023182E-004 -0.18781983090148788     
   3.3848320180106256E-004 -0.18771389092576482     
   1.0005240445553137E-004 -0.18771495390589638     
  -1.0895375747273869E-004 -0.18781483493296003     
  -2.7487893215950680E-004 -0.18799799680322490     
  -4.0009141025315761E-004 -0.18824084253253953     
  -4.8836118068737444E-004 -0.18852257895954952     
  -5.4143644970970552E-004 -0.18882597259803124     
  -5.6587285529746591E-004 -0.18913511580279510     
  -5.7506746012220874E-004 -0.18943969136513630     
  -5.7854053040629365E-004 -0.18973674970452784     
  -5.7600001579314762E-004 -0.19002543201566061     
  -5.6392747097438816E-004 -0.19030248602480346     
  -5.4185201254942851E-004 -0.19056309922878506     
  -5.0842028781887798E-004 -0.19080349377897868     
  -4.6408259222230586E-004 -0.19102149300785745     
  -4.0579375824846634E-004 -0.19121471652841043     
  -3.4128320641942642E-004 -0.19137785913731420     
  -2.6113470924125497E-004 -0.19150230620873882     
  -1.3696695439002900E-004 -0.19157482756629918     
   1.9648737229696042E-005 -0.19158019276297619     
   1.6382421210057660E-004 -0.19151335692513285     
   2.8837745274202831E-004 -0.19138278385228008     
   4.0050526288270188E-004 -0.19119799310974878     
   4.9072596118195880E-004 -0.19096691511119890     
   5.5087767402065989E-004 -0.19070336640537391     
   5.8546486949746172E-004 -0.19042411784208799     
   6.0112703282103215E-004 -0.19014100507015624     
   6.0608591229974738E-004 -0.18986037909744977     
   6.0763867951227411E-004 -0.18958496771318575     
   6.0680329309660769E-004 -0.18931500713835628     
   6.0200267560779662E-004 -0.18905065774287438     
   5.9373684128755360E-004 -0.18879304967520413     
   5.8193463040394464E-004 -0.18854312875895257     
   5.6712722104776284E-004 -0.18830127997298188     
   5.4906439041556765E-004 -0.18806766252588419     
   5.2971968329278759E-004 -0.18784244642486767     
   5.0740762849888659E-004 -0.18762643655360670     
   4.7547221460116920E-004 -0.18742252157563075     
   4.3472783098900844E-004 -0.18723521728861256     
   3.9399238005701908E-004 -0.18706695220802533     
   3.5526448264916878E-004 -0.18691667045735241     
   3.1663585779589639E-004 -0.18678317319806956     
   2.7916286825945788E-004 -0.18666651007913102     
   2.4461116293179159E-004 -0.18656597113865470     
   2.1303224997722256E-004 -0.18647983063372794     
   1.8425947927829027E-004 -0.18640673783635162     
   1.5860927844187824E-004 -0.18634567329034302     
   1.3624541608427333E-004 -0.18629532357910758     
   1.1707399418435024E-004 -0.18625432659761329     
   1.0097358752800792E-004 -0.18622157052792901     
   8.7821301721942256E-005 -0.18619608274660501     
   7.7475169206340453E-005 -0.18617702360591995     
   6.9869562081493848E-005 -0.18616375865235099     
   6.5107894729041248E-005 -0.18615580926585890     
   6.3404957590138333E-005 -0.18615283810234451     
