 Initial conditions outputted from a previous simulation. Time =    29.200000000000003     
   40.000000000000000        0.0000000000000000              500           1   29.200000000000003     
  -3.3887864056507212E-002   6.9036395926922733E-002
  -3.5143187682609676E-002   5.3628785615019763E-002
  -3.6095087187691360E-002   3.7794411996101979E-002
  -3.6725099436828661E-002   2.1660377879378013E-002
  -3.7074018020912348E-002   5.3304540526397850E-003
  -3.7130501254092813E-002  -1.1064796414785746E-002
  -3.6893485197617169E-002  -2.7428706633166169E-002
  -3.6356998138658010E-002  -4.3649101407952008E-002
  -3.5503102744857906E-002  -5.9613258288177505E-002
  -3.4314628206135761E-002  -7.5201839739637691E-002
  -3.2746883221537154E-002  -9.0285664988645223E-002
  -3.0813284980814475E-002 -0.10471940962722256     
  -2.8483040105070016E-002 -0.11834361728205456     
  -2.5629091249082921E-002 -0.13098597492856362     
  -2.2180952766764152E-002 -0.14244943073434521     
  -1.8152484224259753E-002 -0.15250761771651244     
  -1.3473835645314619E-002 -0.16091256045469909     
  -8.1021877031924490E-003 -0.16739031344849975     
  -2.0224510495342012E-003 -0.17163931647747493     
   4.7510009802298738E-003 -0.17333596756714800     
   1.2180904365169998E-002 -0.17214636796636099     
   2.0132805370991845E-002 -0.16773108039482124     
   2.8373019285259250E-002 -0.15978081471930619     
   3.6708950954735822E-002 -0.14808013598101796     
   4.4650869528138154E-002 -0.13249114312964860     
   5.1392994201123282E-002 -0.11301227610619992     
   5.6129084561139561E-002  -9.0049687947613838E-002
   5.8899298480433022E-002  -6.4556219484426872E-002
   5.9942886562679425E-002  -3.7758454632185495E-002
   5.9036798157047078E-002  -1.0940594305126863E-002
   5.5953094205985501E-002   1.4588511970275468E-002
   5.1058451641546564E-002   3.7671425114399040E-002
   4.4680819731323776E-002   5.7532158862617810E-002
   3.7234824962709676E-002   7.3779042872258060E-002
   2.9132394360988710E-002   8.6324734644521783E-002
   2.0671181351014575E-002   9.5293321155255573E-002
   1.2138309132233424E-002  0.10093519359559575     
   3.8851153201115655E-003  0.10360866866275327     
  -3.8480322701643661E-003  0.10375640381406130     
  -1.1005898747751066E-002  0.10183511005523842     
  -1.7493743415491494E-002   9.8266363420749431E-002
  -2.3204280372404983E-002   9.3422664136644171E-002
  -2.8196755280837503E-002   8.7562512073421181E-002
  -3.2631361505910415E-002   8.0745625253819217E-002
  -3.6295601078213120E-002   7.2909430699222413E-002
  -3.8707927843879816E-002   6.4223277249613200E-002
  -3.9909480177356550E-002   5.5259566204230136E-002
  -4.0451027896008095E-002   4.6541850148241394E-002
  -4.0605284332306063E-002   3.8124253821079833E-002
  -4.0315802510386890E-002   2.9856745736809746E-002
  -3.9610576881620715E-002   2.1712587812610200E-002
  -3.8626826231414120E-002   1.3669039003597115E-002
  -3.7517516086641091E-002   5.5771489303572223E-003
  -3.6430855389032450E-002  -2.7522651284326355E-003
  -3.5487162093348297E-002  -1.1464608864426046E-002
  -3.4787748116916331E-002  -2.0630524735570234E-002
  -3.4228274343058918E-002  -3.0226467228947208E-002
  -3.3358319622019385E-002  -4.0089445308088313E-002
  -3.1721015995831874E-002  -4.9863463403611891E-002
  -2.9158248263671159E-002  -5.9068193237789154E-002
  -2.5613015624621791E-002  -6.7222477557910998E-002
  -2.0962661049144859E-002  -7.3813783887957812E-002
  -1.5202047200883915E-002  -7.8225619899580420E-002
  -8.5962835162089139E-003  -7.9842681030230706E-002
  -1.6200664582459927E-003  -7.8238282303637066E-002
   5.2164152650440252E-003  -7.3267145695771543E-002
   1.1536800754155970E-002  -6.5043922861277526E-002
   1.7135070166929549E-002  -5.3851428013911538E-002
   2.1899721432403749E-002  -4.0057461182018472E-002
   2.5736993564732122E-002  -2.4101412759372703E-002
   2.8574537357999839E-002  -6.4890886051825010E-003
   3.0484940857105243E-002   1.2271676848224358E-002
   3.1630764232389821E-002   3.1760335049367060E-002
   3.2283485838865943E-002   5.1671767757914801E-002
   3.2607476082270409E-002   7.1773618782706702E-002
   3.2488737785569183E-002   9.1813063334129891E-002
   3.1721845181901215E-002  0.11146894282754223     
   3.0259651390677860E-002  0.13041427822910498     
   2.8080573102189366E-002  0.14837431189620104     
   2.5230031689819198E-002  0.16508190470137604     
   2.1681086356752161E-002  0.18024400757362069     
   1.7621179070795284E-002  0.19354906260164029     
   1.2963296740097845E-002  0.20469154313314411     
   7.5989353098267261E-003  0.21336449767452392     
   2.1599854029069280E-003  0.21940819073130324     
  -2.6944858009934013E-003  0.22298812782788063     
  -7.1397733161938847E-003  0.22437518139136997     
  -1.1222169533185887E-002  0.22367745903194272     
  -1.4721691263539458E-002  0.22103016483503427     
  -1.7501088500083115E-002  0.21676002964823204     
  -1.9524188564854189E-002  0.21127439410843721     
  -2.0903728960097265E-002  0.20494536758186124     
  -2.1885869449674814E-002  0.19802332296682382     
  -2.2618885520156583E-002  0.19061208710477567     
  -2.3112071459917425E-002  0.18277303880579759     
  -2.3389210406208265E-002  0.17459454336842398     
  -2.3542274285653777E-002  0.16614627081613273     
  -2.3609199777680525E-002  0.15745485649071059     
  -2.3545386938558632E-002  0.14856019799327980     
  -2.3259265232232918E-002  0.13955963609272756     
  -2.2640872850652909E-002  0.13061527446654198     
  -2.1585329229676285E-002  0.12195265733131137     
  -2.0072251445625262E-002  0.11384037164482248     
  -1.8151002125320479E-002  0.10654322288452951     
  -1.5948069411506172E-002  0.10028148165251982     
  -1.3550961604893707E-002   9.5192623577717225E-002
  -1.1015300253348436E-002   9.1321753504452582E-002
  -8.4187987919997678E-003   8.8649056746446867E-002
  -5.7923401903748652E-003   8.7138106470853433E-002
  -3.0982806646654292E-003   8.6784243905083047E-002
  -3.4090905997466350E-004   8.7629972100436673E-002
   2.5143541727356178E-003   8.9760868279562825E-002
   5.5323774399117778E-003   9.3344866733871254E-002
   8.7118619846775960E-003   9.8636254127858855E-002
   1.1977837275115075E-002  0.10580104474285301     
   1.5248376564959547E-002  0.11471885992064437     
   1.8456353911518217E-002  0.12517294326491060     
   2.1502625253141141E-002  0.13715245768999504     
   2.4263331203424505E-002  0.15047545744311808     
   2.6420019770577497E-002  0.16446311937702635     
   2.7857581971221769E-002  0.17865510138155333     
   2.8689065617968149E-002  0.19355087341452534     
   2.8854635270175372E-002  0.20960036608612778     
   2.8056908446856613E-002  0.22573300056707785     
   2.6193389112083861E-002  0.24021733507641102     
   2.3341399175944216E-002  0.25291647937613015     
   1.9719827939074994E-002  0.26485946598168014     
   1.5613521720102830E-002  0.27677549845233440     
   1.1130525229334411E-002  0.28717646776525113     
   6.5238073810129785E-003  0.29588820603807431     
   1.9642590477626279E-003  0.30265154090102714     
  -2.3440344088256730E-003  0.30714518744443309     
  -6.4863960578265649E-003  0.30796605571064367     
  -1.0067425607394388E-002  0.30807787385538898     
  -1.2976869297536955E-002  0.30832075099899903     
  -1.5416334999248884E-002  0.30688685756827283     
  -1.7489263817465527E-002  0.30294759061383203     
  -1.8946574103825959E-002  0.29798810510914581     
  -1.9935750991462088E-002  0.29122132573830600     
  -2.0565349477317155E-002  0.28272531151947999     
  -2.1032279594622467E-002  0.27245156753153171     
  -2.1262697554923663E-002  0.26290889371648313     
  -2.1352806117280874E-002  0.25522194535625781     
  -2.1393218469948697E-002  0.24901233720733038     
  -2.1384678941745575E-002  0.24348231135374807     
  -2.1248198843374842E-002  0.23785423434143016     
  -2.1178971075025359E-002  0.22944929898650004     
  -2.1012816277053672E-002  0.21965061410858103     
  -2.0522907575172517E-002  0.21147026738015937     
  -1.9562883111391819E-002  0.20637518198453958     
  -1.8449950447137632E-002  0.20061670497669748     
  -1.7216143616560996E-002  0.19339331241378710     
  -1.5712468341265988E-002  0.18612096735369960     
  -1.3563885459012655E-002  0.18132571405448517     
  -1.0827315314511095E-002  0.17858728847203045     
  -7.7140781752657595E-003  0.17685965676878274     
  -4.2060925627830760E-003  0.17603435892460298     
  -2.1385500092021832E-004  0.17741587767845299     
   4.0459018847633548E-003  0.18070422564897476     
   8.3292034221633046E-003  0.18549372357115998     
   1.2263027479290613E-002  0.19141218698739865     
   1.5871905401231401E-002  0.19937189987703119     
   1.8397536691858091E-002  0.20509696508028408     
   2.0733904874247536E-002  0.21874093099470329     
   2.2857361715391027E-002  0.24016805781846370     
   2.3818414721851467E-002  0.25788134842357568     
   2.3687947329959321E-002  0.27185912150412239     
   2.3415402916660756E-002  0.28941748798651135     
   2.2137611661331800E-002  0.30318472442455036     
   2.0360265052644332E-002  0.31752109828682568     
   1.8025812976399089E-002  0.33297362664171981     
   1.5224592612679751E-002  0.34681341137398874     
   1.2256946105584674E-002  0.35681647203219580     
   9.5110994053135955E-003  0.36485756858482349     
   6.6721718195935260E-003  0.37029429869405928     
   3.6437900290334532E-003  0.37371805597251484     
   8.4825370597325065E-004  0.37811827940791209     
  -1.7281564227623995E-003  0.38102113331790771     
  -2.8410854496813171E-003  0.39167280756857120     
  -7.9747953005909096E-003  0.37440201836622755     
  -5.5645761117692248E-003  0.42504296013238152     
  -1.1397459058030667E-002  0.41434779943624478     
  -4.9910969012284031E-003  0.36694021192638188     
  -2.7380526099969722E-002  0.11916249198341740     
  -4.2790454955703452E-002  -1.2008191609820192E-002
  -3.2391398450804132E-002   9.5669599042354780E-002
  -9.8637296313484665E-003  0.36716202768980249     
  -2.0028315624128025E-002  0.39381130810107651     
  -2.1382136783342491E-002  0.32832131722806340     
  -2.7669759756110041E-002  0.22637295702130233     
  -2.3837583058786752E-002  0.22870943861925161     
  -2.4575981119261139E-002  0.20123152996240154     
  -2.2593266895732253E-002  0.19708920156286006     
  -2.1833307698711793E-002  0.18394297558902539     
  -2.0233158368902653E-002  0.17710509922546103     
  -1.8357602116449653E-002  0.17507004000341980     
  -1.6393469201820100E-002  0.17479631216922661     
  -1.4190700599249689E-002  0.17477205620983599     
  -1.2012614612129690E-002  0.17250760985478142     
  -9.5036865042259725E-003  0.17265669135831274     
  -6.9899103654433702E-003  0.17447899425873289     
  -4.6058368182730486E-003  0.17661601411324579     
  -1.8324400020622456E-003  0.18168720027801422     
   1.2892870486544167E-003  0.18861433562960811     
   4.4330009422461876E-003  0.19556312177072913     
   7.8399499707450752E-003  0.20521503095228041     
   1.1322393704582670E-002  0.21545299632382056     
   1.4515607214005669E-002  0.22527822512042867     
   1.7937999895692978E-002  0.24146164350933716     
   2.0467931748262832E-002  0.25568598881136184     
   2.2146803417615251E-002  0.26934157645701939     
   2.3128372453513391E-002  0.28518093881876766     
   2.3187451451197359E-002  0.30103106337889340     
   2.2870278191047339E-002  0.32050972020670909     
   2.1838632228776435E-002  0.33894544499133222     
   1.9768195288079559E-002  0.35138133734281191     
   1.7035122526412913E-002  0.36181950253795170     
   1.3957207768216061E-002  0.37323702019613136     
   1.0327404463747660E-002  0.38184193820756929     
   6.3667999203852205E-003  0.38730854455435615     
   2.5214565782715969E-003  0.39115173026672018     
  -1.1119839232301299E-003  0.39293799881369124     
  -4.7070881474609990E-003  0.39039066181908377     
  -7.8574680145428056E-003  0.38658885349496608     
  -1.0888237537066213E-002  0.38035528294023274     
  -1.3283392303025282E-002  0.37669895077897969     
  -1.5264585156676627E-002  0.37367852967887361     
  -1.7405698696049264E-002  0.36596650799744590     
  -1.9016725361143062E-002  0.35891683998605856     
  -2.0339694864399335E-002  0.35191815058690534     
  -2.1272050669308051E-002  0.34638572351174779     
  -2.1754070375477060E-002  0.34298763419867317     
  -2.2394300829712815E-002  0.33735123550621815     
  -2.2676178985752009E-002  0.33335140726283408     
  -2.2802922608899708E-002  0.32987939752764212     
  -2.2996114000235528E-002  0.32510179605319373     
  -2.3107693353878037E-002  0.31973396086188705     
  -2.3143394379843168E-002  0.31330734301159008     
  -2.3021921010293843E-002  0.30596009857604528     
  -2.2544157952044435E-002  0.29876667019314140     
  -2.1692698362555017E-002  0.29153909569272607     
  -2.0408683126193570E-002  0.28458470870488961     
  -1.8637874880242159E-002  0.27839605017057012     
  -1.6380796670878526E-002  0.27300180637889737     
  -1.3717494491570309E-002  0.26863765082786700     
  -1.0644954182290414E-002  0.26547559974921020     
  -7.1447020362731392E-003  0.26373890891665763     
  -3.3201066418851971E-003  0.26354361248613029     
   7.1690480241637280E-004  0.26517961288985720     
   4.8578717777429791E-003  0.26886967133531969     
   8.8933811605924305E-003  0.27435398851676879     
   1.2509112944566657E-002  0.28131179132255285     
   1.5591151928654604E-002  0.28983969933283216     
   1.8056204696281847E-002  0.29953700364355651     
   1.9794910906947329E-002  0.31006343179974255     
   2.0890281437471438E-002  0.32124696634970334     
   2.1489593786495408E-002  0.33257409853311187     
   2.1615387761358316E-002  0.34373493434171037     
   2.1320963966931016E-002  0.35464331380065717     
   2.0585324067324454E-002  0.36508261645180995     
   1.9447316227286973E-002  0.37490613841288145     
   1.7992389586011792E-002  0.38399396170663613     
   1.6243505175848709E-002  0.39227007180498241     
   1.4268997490366801E-002  0.39968143553132052     
   1.2135184094147532E-002  0.40620088679372601     
   9.8367854813869535E-003  0.41181750883009227     
   7.3435081632886971E-003  0.41648913297938644     
   4.6303174669971494E-003  0.42011116428768097     
   1.7800506781920856E-003  0.42256602811274768     
  -1.1350870269231067E-003  0.42376840334017268     
  -4.0444011288720662E-003  0.42367194706249894     
  -6.8536121723200075E-003  0.42228340451966534     
  -9.4816901342986842E-003  0.41970934595916848     
  -1.1845119173019730E-002  0.41610921380403953     
  -1.3928715281629981E-002  0.41159875027651277     
  -1.5725417504114450E-002  0.40625734012556142     
  -1.7167739679474475E-002  0.40020430174801147     
  -1.8256682100916820E-002  0.39363397270088718     
  -1.9048918289103389E-002  0.38674771003004932     
  -1.9517385448018933E-002  0.37968391675454866     
  -1.9747535574473528E-002  0.37253704465495224     
  -1.9869432355523867E-002  0.36537483884270189     
  -1.9875323174908383E-002  0.35825364465751064     
  -1.9711548097489796E-002  0.35124471543434382     
  -1.9384105891492018E-002  0.34441676392780585     
  -1.8887396621687445E-002  0.33780555962085140     
  -1.8236092061576534E-002  0.33141681197425649     
  -1.7374510205595318E-002  0.32525504044543252     
  -1.6418813377120856E-002  0.31937994709297085     
  -1.5202096624794879E-002  0.31389938008341389     
  -1.3221809040545481E-002  0.30902181241365378     
  -1.0503171686714477E-002  0.30509568322535074     
  -7.5457726243771481E-003  0.30242069573916319     
  -4.4428873125607069E-003  0.30111498924475610     
  -1.2659203402472102E-003  0.30123249461610596     
   1.7540840012447150E-003  0.30277671159852498     
   4.5176929614769417E-003  0.30564764174310782     
   7.0012396598550051E-003  0.30971472407607453     
   9.1218418474286744E-003  0.31483976322550478     
   1.0808941230613539E-002  0.32082173510221806     
   1.2031883286330602E-002  0.32741853405805149     
   1.2813084757086261E-002  0.33440179215257104     
   1.3248296112987152E-002  0.34157575649885569     
   1.3484906956047355E-002  0.34880060353208259     
   1.3590127627079967E-002  0.35600024114630979     
   1.3518735050561247E-002  0.36311114804332345     
   1.3207492188093138E-002  0.37004078157432024     
   1.2647105897231203E-002  0.37668809338667886     
   1.1828248449295755E-002  0.38296361417696889     
   1.0766521067275542E-002  0.38877087036750524     
   9.4135979964752210E-003  0.39400354098712631     
   7.8386470518550227E-003  0.39854317349709822     
   5.9215430705762918E-003  0.40224118793010116     
   3.5438740834573485E-003  0.40490166296814495     
   1.0814820121145554E-003  0.40640368100970220     
  -1.0588443644815183E-003  0.40683668201844109     
  -2.9735514592900566E-003  0.40637722909407287     
  -4.6613013437864685E-003  0.40512724460879967     
  -6.0218909086596790E-003  0.40320047390227681     
  -7.0641347011816636E-003  0.40076902381513579     
  -7.8066033878063266E-003  0.39798666233744512     
  -8.2702688298808402E-003  0.39497892767269138     
  -8.5255920267381987E-003  0.39185832483691646     
  -8.6636458403707775E-003  0.38870055202308351     
  -8.7208787767534164E-003  0.38554723554710996     
  -8.6672090439634010E-003  0.38244167836844889     
  -8.4634077838742043E-003  0.37944373289945194     
  -8.1038853763747264E-003  0.37661231524593725     
  -7.5831851740356809E-003  0.37399575454736800     
  -6.9132341390870274E-003  0.37164484670110731     
  -6.0493845871877824E-003  0.36961569516630421     
  -5.0415759383444156E-003  0.36797970264300989     
  -3.7747186035444738E-003  0.36684646681462624     
  -2.1092447375838327E-003  0.36638521156494719     
  -3.0642360288760622E-004  0.36673109787361535     
   1.3157433178249064E-003  0.36786668141568968     
   2.8241372697545238E-003  0.36970110163859538     
   4.2010515482760269E-003  0.37218657424450008     
   5.3394512625014427E-003  0.37524651952632360     
   6.2251829465995142E-003  0.37874117944368924     
   6.8722787970945595E-003  0.38253484357982465     
   7.2659958658392153E-003  0.38650778776875122     
   7.4749607128294206E-003  0.39054534206090352     
   7.5885283417734383E-003  0.39456913628353685     
   7.5964458609873503E-003  0.39853229479131669     
   7.4353323547849317E-003  0.40237229317960582     
   7.0856091673944729E-003  0.40599982012486313     
   6.5206195258449163E-003  0.40932847464110145     
   5.7436941299197526E-003  0.41229000577787916     
   4.7255193305228366E-003  0.41481857609488260     
   3.5690984955502403E-003  0.41682006769143509     
   2.1899013706043664E-003  0.41818823902447738     
   3.0418095150101831E-004  0.41877829783327841     
  -1.9465236687776465E-003  0.41840070913292038     
  -4.0857899731771919E-003  0.41698491729580611     
  -6.0250485616606128E-003  0.41464868810261013     
  -7.8041179308054077E-003  0.41152349079200157     
  -9.3600923616983644E-003  0.40769390961997776     
  -1.0684299959727398E-002  0.40326126775202187     
  -1.1821711390757600E-002  0.39831609852202648     
  -1.2764697871041732E-002  0.39292215533099012     
  -1.3500546193403554E-002  0.38716641151961484     
  -1.4044357046986106E-002  0.38115400413598388     
  -1.4381707371895055E-002  0.37497759672581793     
  -1.4559541500963221E-002  0.36872801750724710     
  -1.4662751562550010E-002  0.36247714899403377     
  -1.4699148092258850E-002  0.35624943502070011     
  -1.4632244918550419E-002  0.35005726616922711     
  -1.4453537711760547E-002  0.34395017288389595     
  -1.4142009010946338E-002  0.33799978697597133     
  -1.3687274231159450E-002  0.33225952413154336     
  -1.3107883285370457E-002  0.32675220365979729     
  -1.2362866360968169E-002  0.32149247967835232     
  -1.1479156278119032E-002  0.31653331704035698     
  -1.0308231607336012E-002  0.31200432479595874     
  -8.7222647035001596E-003  0.30810476366784706     
  -6.9811579568394037E-003  0.30498299376017063     
  -5.3571904484072362E-003  0.30263606336277815     
  -3.8034000357220752E-003  0.30099750671228936     
  -2.3863031957546735E-003  0.30002233342993073     
  -1.1797816738290316E-003  0.29963773162651791     
  -1.5572196511182135E-004  0.29974602875423756     
   6.8852013212514229E-004  0.30026270973712421     
   1.3325637480499188E-003  0.30109642514523266     
   1.7824668839054249E-003  0.30214843224862592     
   2.0635181245678889E-003  0.30333202050510782     
   2.2281750917062114E-003  0.30457258942152882     
   2.3097803872721341E-003  0.30580772782976984     
   2.2791492699938891E-003  0.30697997265217947     
   2.0843648674919372E-003  0.30801922388330943     
   1.7116070359863202E-003  0.30884956501318100     
   1.1460146631852564E-003  0.30941202209877128     
   3.9539264863092658E-004  0.30966150882833043     
  -5.8523569134108825E-004  0.30953469798510530     
  -1.7027783278656366E-003  0.30891561668135509     
  -3.0777811571161672E-003  0.30766301256089146     
  -5.0203899774229109E-003  0.30560555863641914     
  -7.3596257323159100E-003  0.30255769080309280     
  -9.6184929165132969E-003  0.29846010024366698     
  -1.1758035624951209E-002  0.29339528712650609     
  -1.3795916041131003E-002  0.28743010518820539     
  -1.5618065789193107E-002  0.28062454582857727     
  -1.7188810525611414E-002  0.27310054902229647     
  -1.8534632588912473E-002  0.26498414071357967     
  -1.9663197574718714E-002  0.25637715801202515     
  -2.0592017445510875E-002  0.24738409843880421     
  -2.1337114935130116E-002  0.23810070028875169     
  -2.1896386892967891E-002  0.22860793102009722     
  -2.2280994159333961E-002  0.21898305033232909     
  -2.2515393002995022E-002  0.20928666160494089     
  -2.2654777638905488E-002  0.19956039668963993     
  -2.2741680317873887E-002  0.18984990277341976     
  -2.2758605564317257E-002  0.18021378596909221     
  -2.2667428165429198E-002  0.17070295412977879     
  -2.2461497755808118E-002  0.16134117999871728     
  -2.2133097219314793E-002  0.15214094329300240     
  -2.1683998757473764E-002  0.14314060818211000     
  -2.1091214051193977E-002  0.13440990197926964     
  -2.0415401395686837E-002  0.12600837755825720     
  -1.9614535574139180E-002  0.11794146268777611     
  -1.8502338310524183E-002  0.11023540680230344     
  -1.7115774216112451E-002  0.10302213357310530     
  -1.5717186009630884E-002   9.6420657838174828E-002
  -1.4367310826012844E-002   9.0412173154702499E-002
  -1.3026186931215494E-002   8.4939103360156920E-002
  -1.1704042115257308E-002   7.9996171291609242E-002
  -1.0398598093115913E-002   7.5592924340312978E-002
  -9.0835141837521290E-003   7.1740011134221390E-002
  -7.7722461786378918E-003   6.8462146523000464E-002
  -6.5163127469399975E-003   6.5768157644061173E-002
  -5.3695244901296423E-003   6.3626695820308984E-002
  -4.3741390527189802E-003   6.1974081871683448E-002
  -3.5548727781059882E-003   6.0723693863569086E-002
  -2.9177134784500085E-003   5.9777481922009733E-002
  -2.4504039571816320E-003   5.9042614960696793E-002
  -2.1302780956352248E-003   5.8440453798503961E-002
  -1.9439798474502707E-003   5.7907897151041964E-002
  -1.8476801868858074E-003   5.7396110628795328E-002
  -1.7916026215275792E-003   5.6873684929579317E-002
  -1.7728931790198679E-003   5.6323607903529568E-002
  -1.8097176878825426E-003   5.5729048887523489E-002
  -1.8989413708809279E-003   5.5068402833527340E-002
  -2.0382559309137793E-003   5.4323053602810256E-002
  -2.2199453180476113E-003   5.3478422242495452E-002
  -2.4327707754813357E-003   5.2522525246451214E-002
  -2.6700601181456926E-003   5.1447008564839788E-002
  -2.9167992572514596E-003   5.0247860773058331E-002
  -3.1316310935965421E-003   4.8932714205550315E-002
  -3.2831574172622249E-003   4.7530071118035769E-002
  -3.3788149809738273E-003   4.6078428747265546E-002
  -3.4296192202800222E-003   4.4606309524843929E-002
  -3.4500862440811535E-003   4.3130697705068395E-002
  -3.4592682491835520E-003   4.1661213880410386E-002
  -3.4611678796823389E-003   4.0200442108962127E-002
  -3.4508036619555794E-003   3.8749978879795498E-002
  -3.4294283818206163E-003   3.7314478048066355E-002
  -3.3963852957070695E-003   3.5897356741106529E-002
  -3.3538928735515434E-003   3.4498711019262406E-002
  -3.3000747301632247E-003   3.3118175928717325E-002
  -3.2442666378899930E-003   3.1757788281683991E-002
  -3.1765342473141682E-003   3.0420633567212241E-002
  -3.0544146902228438E-003   2.9118717691100769E-002
  -2.8672126071441896E-003   2.7881683949589703E-002
  -2.6527045760535903E-003   2.6738459080429610E-002
  -2.4262626194032407E-003   2.5697567631460499E-002
  -2.1853222903053132E-003   2.4760101435216945E-002
  -1.9393390204845414E-003   2.3930741133398572E-002
  -1.7012210200914068E-003   2.3208908188805406E-002
  -1.4765371840517740E-003   2.2587164235310566E-002
  -1.2691105013560773E-003   2.2057657356593128E-002
  -1.0829097878292530E-003   2.1611659330371659E-002
  -9.1907838202677852E-004   2.1238170868075421E-002
  -7.7649978123064457E-004   2.0926573190011819E-002
  -6.5383168051536065E-004   2.0667689358405371E-002
  -5.4984208634586843E-004   2.0452859055842980E-002
  -4.6292345488533964E-004   2.0274025269490729E-002
  -3.9102405575732347E-004   2.0124289192280119E-002
  -3.3198849485141746E-004   1.9997964640334827E-002
  -2.8379237002626489E-004   1.9890439640621475E-002
  -2.4459452410458818E-004   1.9797994228450529E-002
  -2.1274881647620914E-004   1.9717596386717870E-002
  -1.8676550165961490E-004   1.9646821362979086E-002
  -1.6529982946704707E-004   1.9583860228124594E-002
  -1.4723228980769652E-004   1.9527469022187278E-002
  -1.3174488423626268E-004   1.9476822789256415E-002
  -1.1832028717365804E-004   1.9431329326243307E-002
  -1.0666228562537522E-004   1.9390465648860430E-002
  -9.6551260248789876E-005   1.9353706051701353E-002
  -8.7716063826605119E-005   1.9320572004863115E-002
  -7.9835128896483666E-005   1.9290730256135841E-002
  -7.2649917833514353E-005   1.9264017146111208E-002
  -6.6040464256010735E-005   1.9240360478063573E-002
  -5.9982847674646116E-005   1.9219694190909659E-002
  -5.4484681333097731E-005   1.9201941561727859E-002
  -4.9588944486706815E-005   1.9187020430292891E-002
  -4.5368398166893692E-005   1.9174826879043445E-002
  -4.1865441225456799E-005   1.9165263871389303E-002
  -3.9117785352970636E-005   1.9158311020157050E-002
  -3.7281874679524466E-005   1.9154008346417461E-002
  -3.6650067225732064E-005   1.9152355123615964E-002
