 Initial conditions outputted from a previous simulation. Time =    18.600000000000001     
   40.000000000000000        0.0000000000000000              500           1   18.600000000000001     
  -2.1987977952692358E-002 -0.12530773864856173     
  -1.7894549246570322E-002 -0.13527306499503483     
  -1.3166788600256545E-002 -0.14356943231352315     
  -7.7501347551844346E-003 -0.14992061653091804     
  -1.6332685780829509E-003 -0.15402598163902190     
   5.1835001443578613E-003 -0.15555764546950424     
   1.2638696895526021E-002 -0.15418086577261225     
   2.0610068187943247E-002 -0.14956073142444073     
   2.8898822758889445E-002 -0.14139454761502449     
   3.7200309642531855E-002 -0.12945485763593254     
   4.5091607409951953E-002 -0.11365360135073245     
   5.2173279927373598E-002  -9.4124602753462711E-002
   5.7646401017572076E-002  -7.1293538875757151E-002
   6.0955895758967309E-002  -4.5943867181037608E-002
   6.2106515224166742E-002  -1.9201398994209369E-002
   6.1054515868151499E-002   7.6093596087753535E-003
   5.7661801353622491E-002   3.3162309382480493E-002
   5.2372747027129032E-002   5.6309402000058524E-002
   4.5629611867559053E-002   7.6225409248382808E-002
   3.7946016266508668E-002   9.2440355927235221E-002
   2.9820417679115085E-002  0.10479510831301618     
   2.1579043497530544E-002  0.11336419678469664     
   1.3509425024719060E-002  0.11836234962691485     
   5.9502220178530643E-003  0.12007739571124562     
  -9.2496761328363401E-004  0.11884041027130850     
  -7.1300159530388908E-003  0.11499415854472314     
  -1.2624486497455758E-002  0.10886305426556121     
  -1.7420113800737595E-002  0.10075075342367375     
  -2.1563012420325437E-002   9.0937667980031944E-002
  -2.5098346098176592E-002   7.9676079502224148E-002
  -2.8079183335765215E-002   6.7191766745824957E-002
  -3.0557982013245673E-002   5.3685311920022891E-002
  -3.2589184035105967E-002   3.9331919942510507E-002
  -3.4212831324228525E-002   2.4281021547074743E-002
  -3.5451994116323278E-002   8.6666747551751595E-003
  -3.6325503788566547E-002  -7.3695112284898300E-003
  -3.6834861914451053E-002  -2.3662202702302935E-002
  -3.7085436796377179E-002  -4.0028744926916035E-002
  -3.7206467216013395E-002  -5.6291476181051930E-002
  -3.7196002729944930E-002  -7.2273877130873812E-002
  -3.6986721766039198E-002  -8.7774476116246045E-002
  -3.6567909714002082E-002 -0.10256740609557437     
  -3.5899028416243421E-002 -0.11643014029754546     
  -3.4969498626901845E-002 -0.12917327336481851     
  -3.3682674855369875E-002 -0.14066285338100781     
  -3.2213622484488391E-002 -0.15081591777050735     
  -3.0352731760149212E-002 -0.15960906527360566     
  -2.7343982986366807E-002 -0.16699777056875742     
  -2.3083685339833290E-002 -0.17282817939959952     
  -1.8038193826383393E-002 -0.17693622473358234     
  -1.1878629085116778E-002 -0.17912700587824590     
  -4.1107025721148285E-003 -0.17884619648148689     
   5.1912413926785824E-003 -0.17508987137520210     
   1.5315277288649056E-002 -0.16679372343523566     
   2.4849040263293966E-002 -0.15346252001912447     
   3.2242524378483968E-002 -0.13573738336688274     
   3.6833504888109395E-002 -0.11532465229096278     
   3.8981828019948601E-002  -9.4083021832181910E-002
   3.9807031746435656E-002  -7.3164347691197409E-002
   4.0189321616359130E-002  -5.3000930936698318E-002
   4.0169378365620866E-002  -3.3790104094634205E-002
   3.9518516232195842E-002  -1.5710161187448238E-002
   3.8295338949858593E-002   1.1836692348030247E-003
   3.6519770830652387E-002   1.6936809443680673E-002
   3.4278869802225685E-002   3.1528125701885928E-002
   3.1539751029968047E-002   4.4878870214342406E-002
   2.8581410439572689E-002   5.6933751500297114E-002
   2.5200137984769225E-002   6.7589577577765361E-002
   2.0437543676288240E-002   7.6417899735744366E-002
   1.4263123766316948E-002   8.2638899840266802E-002
   7.9382525636381637E-003   8.5721160879942360E-002
   2.1562408369004624E-003   8.5833772152648022E-002
  -2.9464570104312123E-003   8.3493915770306945E-002
  -7.2315704961399508E-003   7.9173339767227749E-002
  -1.0696781903245554E-002   7.3311162850640044E-002
  -1.3499978711018283E-002   6.6299593414969993E-002
  -1.5748848862665921E-002   5.8399697486632561E-002
  -1.7496207552978576E-002   4.9801779016647049E-002
  -1.8752427276640182E-002   4.0704248311934581E-002
  -1.9468862519930782E-002   3.1316283729992636E-002
  -1.9805044810926774E-002   2.1848405603943483E-002
  -1.9998336283348010E-002   1.2468130900634082E-002
  -2.0067640141427517E-002   3.2611899824692516E-003
  -1.9929902641083960E-002  -5.7288137698956361E-003
  -1.9579127919598951E-002  -1.4447708608472084E-002
  -1.8988797209503454E-002  -2.2826503539528222E-002
  -1.8140725121145361E-002  -3.0767435945285207E-002
  -1.7056421628994952E-002  -3.8135105910852146E-002
  -1.5609273799095033E-002  -4.4816529848477817E-002
  -1.3844906215940735E-002  -5.0742598287876930E-002
  -1.1415648452435832E-002  -5.5745758807814356E-002
  -8.0538339893536422E-003  -5.9439607994332191E-002
  -4.4048912804478049E-003  -6.1490452169924485E-002
  -1.0597176637549821E-003  -6.1926404433470340E-002
   2.2408691495530153E-003  -6.0915351359365960E-002
   5.4832350541661953E-003  -5.8481159991369581E-002
   8.5278633360225675E-003  -5.4651783885752800E-002
   1.1367225457804390E-002  -4.9559252925878212E-002
   1.3951689426509508E-002  -4.3335588530191406E-002
   1.6272832106075278E-002  -3.6112269550997438E-002
   1.8367457107218529E-002  -2.8044317054778882E-002
   2.0293096442232806E-002  -1.9246930597945772E-002
   2.2058661985286374E-002  -9.7759663138934499E-003
   2.3420641338045001E-002   2.8694405963213823E-004
   2.4281036297169833E-002   1.0752350398838623E-002
   2.4749106780484455E-002   2.1378430631973849E-002
   2.4763208452578230E-002   3.1940472740444349E-002
   2.4122690706879966E-002   4.2166255520354731E-002
   2.2785987746539792E-002   5.1686477723475614E-002
   2.0752134767219911E-002   6.0131532335877834E-002
   1.8138143703752063E-002   6.7223727599144897E-002
   1.5068560668725316E-002   7.2780169013676593E-002
   1.1707217953817257E-002   7.6660907661291924E-002
   8.0921290867693035E-003   7.8755704318919414E-002
   4.2026502506101390E-003   7.8995793598099898E-002
   1.7445872059340597E-004   7.7392127375724817E-002
  -3.8207662048201610E-003   7.4066301791836348E-002
  -7.7459292908121126E-003   6.9120378086146544E-002
  -1.1462686344143474E-002   6.2472780336630514E-002
  -1.4793475237423571E-002   5.4009432423509023E-002
  -1.7635781076029016E-002   4.4003600199628845E-002
  -1.9917931432356113E-002   3.3221277522024792E-002
  -2.1614989633190206E-002   2.2451435466560678E-002
  -2.2769159426801425E-002   1.1827076535453651E-002
  -2.3532273025570965E-002   6.4016686365226197E-004
  -2.4109846879089226E-002  -1.1916208901015614E-002
  -2.4567792287535858E-002  -2.4618153639563364E-002
  -2.4885360076111217E-002  -3.5527832125314462E-002
  -2.5236039148775334E-002  -4.5611818774101996E-002
  -2.5666931422768876E-002  -5.5362036100753798E-002
  -2.6144142801113917E-002  -6.4510381882586676E-002
  -2.6603971689723692E-002  -7.3035708702421862E-002
  -2.7032319397166500E-002  -8.1673445895738800E-002
  -2.7242097103220689E-002  -8.9379794370693988E-002
  -2.7088627621102163E-002  -9.6105305009349079E-002
  -2.6490747683125138E-002 -0.10245044505400223     
  -2.5454755053809952E-002 -0.10887633028934969     
  -2.3909008107563863E-002 -0.11458491208651095     
  -2.1861824297619445E-002 -0.11978589880775112     
  -1.9173629438587390E-002 -0.12446335760915725     
  -1.5908806818293181E-002 -0.12839197256517929     
  -1.1965273245751471E-002 -0.13038753783647100     
  -7.3726737238413338E-003 -0.13039159003017423     
  -2.1838921411509596E-003 -0.12834350278151957     
   3.5382215486606814E-003 -0.12433808499745333     
   9.6901201128601708E-003 -0.11932852500872188     
   1.5842862585842291E-002 -0.11504533837022411     
   2.2003454408980737E-002 -0.10998966241492732     
   2.7879258571199494E-002 -0.10213872913317389     
   3.3042469407227451E-002  -9.0663645326508543E-002
   3.6999056606410834E-002  -7.8166913449203568E-002
   3.9483196548033998E-002  -6.5393830287825250E-002
   4.0298027562977012E-002  -5.1924134540682863E-002
   3.9573406774049219E-002  -3.7839342935283550E-002
   3.7561157648845531E-002  -2.4335252489893894E-002
   3.4594843690032247E-002  -1.1302071333173569E-002
   3.0916118663199096E-002   8.3445036020425827E-004
   2.6714904138158069E-002   1.1341900931366109E-002
   2.1968667887119597E-002   1.8426556137166417E-002
   1.6627355413298815E-002   2.1572689889859661E-002
   1.0891866599191386E-002   2.1774208122687298E-002
   5.0683103899094211E-003   2.0147694359778298E-002
  -8.5781729197632927E-004   1.4080676585364847E-002
  -6.2099637736662159E-003   9.2928588748082425E-003
  -1.0970899297489149E-002   4.8887508858365169E-003
  -1.5691694573265108E-002  -4.8422418043854122E-003
  -2.0259178394116457E-002  -1.8462877430847988E-002
  -2.4222584479664772E-002  -3.0571202684439969E-002
  -2.8005401841923745E-002  -4.4726381290013557E-002
  -3.1365400877383855E-002  -5.7531260595204262E-002
  -3.4319206904317612E-002  -6.9397886182803056E-002
  -3.7010278061430812E-002  -8.2472534392012561E-002
  -3.9436573909555885E-002  -9.7281033491611463E-002
  -4.1337329599271382E-002 -0.11170839541292574     
  -4.2832109548194205E-002 -0.12658986576951270     
  -4.3940702345434395E-002 -0.14189847013093501     
  -4.4550066989922414E-002 -0.15613573525166954     
  -4.4870751178697467E-002 -0.17069668904748708     
  -4.4525498710997299E-002 -0.18318487662350838     
  -4.4344661827558286E-002 -0.20282565127129451     
  -4.2604831140627179E-002 -0.20955074537412746     
  -4.2830650754185386E-002 -0.24140729793826632     
  -3.8676934757666447E-002 -0.25537465375216906     
  -3.7246609005686153E-002 -0.35054338907577332     
  -3.4573779132318384E-002 -0.41779569124419219     
  -2.9376131871139417E-002 -0.37098377204017663     
  -2.2834699967473320E-002 -0.28113782019235406     
  -2.1513387633010007E-002 -0.29713708913003734     
  -1.7355149317790169E-002 -0.31300740453717069     
  -1.4316828089212807E-002 -0.33937770370359477     
  -9.3926551891333337E-003 -0.34249592551336372     
  -4.5630342871116033E-003 -0.34694761317215139     
   1.0804716235158179E-003 -0.34435332946111652     
   6.6417129591002178E-003 -0.34373832623238770     
   1.2351440330343959E-002 -0.33857166290997232     
   1.8680807062271612E-002 -0.32834705020277749     
   2.6113233781806598E-002 -0.31367990169818449     
   3.4475577915101766E-002 -0.29601863430962533     
   4.2943713602877312E-002 -0.27723868365429982     
   5.0433237207161086E-002 -0.25172244924186576     
   5.5654324624521107E-002 -0.22179107816886870     
   5.8293836931926128E-002 -0.19127855031461616     
   5.8364165698402797E-002 -0.15980431273387374     
   5.5634682511375468E-002 -0.12807737857851031     
   5.0361307453226811E-002  -9.8857128971022182E-002
   4.2706413548886719E-002  -7.4592841796245701E-002
   3.3111274314992833E-002  -5.6450227439898464E-002
   2.2758675591648403E-002  -4.4439663479073001E-002
   1.3035382361961043E-002  -3.5192842857899011E-002
   4.2553452593477141E-003  -3.2661759765085403E-002
  -2.8532413365007026E-003  -3.3848837277618143E-002
  -8.3034637268785509E-003  -3.6685105186612763E-002
  -1.2781328345649193E-002  -4.1433523051237070E-002
  -1.6343162676871158E-002  -4.5452858178345296E-002
  -1.9446124691969224E-002  -5.1470143561104381E-002
  -2.2447346254960917E-002  -6.1332088613956733E-002
  -2.5172802726668043E-002  -7.1734657690091880E-002
  -2.7721356237151287E-002  -8.3240473898601744E-002
  -3.0095179998607061E-002  -9.5989983830948630E-002
  -3.2183604529871505E-002 -0.10863830173244290     
  -3.3975517120402657E-002 -0.12158770946548440     
  -3.5506806113424057E-002 -0.13581309020632165     
  -3.6732472348607090E-002 -0.15077141322008036     
  -3.7540706625314404E-002 -0.16635027282297046     
  -3.8055635261750334E-002 -0.18308565141150385     
  -3.8176594056705572E-002 -0.19748903121692946     
  -3.7933691497871562E-002 -0.21019300946183789     
  -3.7571617853720533E-002 -0.22544450802964669     
  -3.6826633309461516E-002 -0.24003712960079682     
  -3.5752729904216587E-002 -0.25445749052141203     
  -3.4228477702867292E-002 -0.26718665186404500     
  -3.2258259563255606E-002 -0.27887516416692731     
  -2.9982605578968605E-002 -0.29102127950452045     
  -2.7300917375516785E-002 -0.30190984529316389     
  -2.4044296080139336E-002 -0.31113835093291292     
  -2.0208609146233621E-002 -0.31914113194458421     
  -1.5748796085740979E-002 -0.32478830697853955     
  -1.0512718775432977E-002 -0.32762101758166023     
  -4.5714446672866574E-003 -0.32783311464044446     
   1.8105237701953629E-003 -0.32627961538451855     
   8.7532566800070932E-003 -0.32202375014997575     
   1.6064567274088479E-002 -0.31483620678013080     
   2.3435942154840961E-002 -0.30390331861190112     
   3.0772294788450786E-002 -0.28926569742839092     
   3.7507552469365768E-002 -0.27186732491840271     
   4.3472782241836379E-002 -0.25145355397695501     
   4.8138353907615047E-002 -0.22843697132196022     
   5.1147433728182146E-002 -0.20340498558711595     
   5.2620336521500180E-002 -0.17660348694115602     
   5.2449880604824577E-002 -0.14979640963410401     
   5.0305586363199137E-002 -0.12404363939222562     
   4.6625432763491757E-002 -0.10005668870365468     
   4.1624092587648640E-002  -7.8421188834795347E-002
   3.5621975819038275E-002  -5.9608893445769952E-002
   2.8896732818010033E-002  -4.4395705330541754E-002
   2.1752509369174229E-002  -3.2712750871699163E-002
   1.4520940837772320E-002  -2.4272352716194125E-002
   7.3228416263616692E-003  -1.9140514872512074E-002
   3.4281907024242132E-004  -1.7181295214629789E-002
  -6.1716211973392070E-003  -1.8050189834885447E-002
  -1.2243677753700215E-002  -2.1471973753855851E-002
  -1.7726561385102136E-002  -2.7034307703492775E-002
  -2.2460509097522053E-002  -3.4492696251962267E-002
  -2.6538405590921667E-002  -4.3635251121176263E-002
  -3.0116420440306390E-002  -5.4204303812004036E-002
  -3.3091912351037922E-002  -6.5998181185933036E-002
  -3.5394750074846916E-002  -7.8857290614404135E-002
  -3.7145644946278811E-002  -9.2565452849324589E-002
  -3.8461783518771310E-002 -0.10684140262299426     
  -3.9281509022474535E-002 -0.12132692559892909     
  -3.9698880274390183E-002 -0.13584795965187621     
  -3.9801841384048318E-002 -0.15034842667996706     
  -3.9568873063009102E-002 -0.16467259905176290     
  -3.9023662444189124E-002 -0.17871656700809696     
  -3.8223048458352914E-002 -0.19256405163871976     
  -3.7206262096948911E-002 -0.20624013706911917     
  -3.5954863705899225E-002 -0.21947142859335927     
  -3.4467620010257272E-002 -0.23182564267937233     
  -3.2617323874208723E-002 -0.24316436081090897     
  -3.0098765299812567E-002 -0.25358396734605615     
  -2.6821346275980450E-002 -0.26288959486086527     
  -2.2958189008808610E-002 -0.27060442789916039     
  -1.8448490793780071E-002 -0.27640926251314224     
  -1.3093050139713364E-002 -0.28017062171494894     
  -7.0226668275798904E-003 -0.28167280832427477     
  -6.2450819122363747E-004 -0.28057577430574698     
   5.8300882079158874E-003 -0.27658252240609904     
   1.2046575504206049E-002 -0.26956552658341798     
   1.7550136768192923E-002 -0.25967383376823955     
   2.1895809855170634E-002 -0.24741794826695751     
   2.4854584133474453E-002 -0.23358740304340980     
   2.6400721838520168E-002 -0.21901769763929940     
   2.7050464068573032E-002 -0.20436377278087250     
   2.7399826525621566E-002 -0.18996553473426045     
   2.7513021852125362E-002 -0.17592094345234255     
   2.7213173616241565E-002 -0.16231556531240918     
   2.6491362813601621E-002 -0.14932675753375180     
   2.5298620962811741E-002 -0.13714897314767813     
   2.3600837867891016E-002 -0.12595219376937886     
   2.1488115576117926E-002 -0.11593801006188845     
   1.8879853857212834E-002 -0.10732466602634798     
   1.5800094665737209E-002 -0.10029815770388317     
   1.1620793925325104E-002  -9.5115732947382112E-002
   6.2745618856852965E-003  -9.2215218481676284E-002
   9.7509461151323797E-004  -9.1814317276734947E-002
  -3.4550781098032597E-003  -9.3597217165178118E-002
  -7.4732274447785324E-003  -9.7131333141327436E-002
  -1.1004746817805725E-002 -0.10222772014150316     
  -1.3863352399337222E-002 -0.10866246518427061     
  -1.6094295673169012E-002 -0.11607418632903535     
  -1.7806877270482219E-002 -0.12417234930786840     
  -1.9012401072500986E-002 -0.13275919084670917     
  -1.9750194300022755E-002 -0.14162519255669459     
  -2.0121725425557395E-002 -0.15058448780840283     
  -2.0289355641413719E-002 -0.15953361296446220     
  -2.0373375814133961E-002 -0.16842063507657312     
  -2.0369282454838558E-002 -0.17719872104421644     
  -2.0226763923669726E-002 -0.18581798154302023     
  -1.9941611659685870E-002 -0.19423663702408736     
  -1.9493151598478781E-002 -0.20241492628696622     
  -1.8882602694988447E-002 -0.21028990168161699     
  -1.8052018915137195E-002 -0.21777269917947675     
  -1.7126758639728273E-002 -0.22477426212325083     
  -1.5957003909791205E-002 -0.23122353159960671     
  -1.4033734814205095E-002 -0.23696830926809109     
  -1.1430368547935202E-002 -0.24172548933222210     
  -8.7678615107222423E-003 -0.24529402046752538     
  -6.1052827316836079E-003 -0.24767630429633067     
  -3.2994137625653145E-003 -0.24887416609698795     
  -5.0752997383857179E-004 -0.24882204462900540     
   2.0864662773028113E-003 -0.24754583552882001     
   4.4379064426456546E-003 -0.24517135024570996     
   6.4837319602576169E-003 -0.24183162136655822     
   8.1475094141322171E-003 -0.23768751545559397     
   9.4188499598460897E-003 -0.23294802355925345     
   1.0316010689099313E-002 -0.22781256974783215     
   1.0870771216138577E-002 -0.22244940195102250     
   1.1147221401156277E-002 -0.21701089975652171     
   1.1266958688165428E-002 -0.21160759048544608     
   1.1318063974004835E-002 -0.20628182006590337     
   1.1292019163373988E-002 -0.20104896526727989     
   1.1147090190930515E-002 -0.19594991068010353     
   1.0875677176607352E-002 -0.19104728911176674     
   1.0460412948142065E-002 -0.18640162155924417     
   9.9005941985062813E-003 -0.18206918625003862     
   9.1554446729003314E-003 -0.17810404009788794     
   8.3082245206891718E-003 -0.17456429388704633     
   7.2602062085866045E-003 -0.17152500019564082     
   5.7441329702666950E-003 -0.16911592931588762     
   3.9316354997431637E-003 -0.16748343584691788     
   2.2738710797906262E-003 -0.16664709799039681     
   7.8426707994635450E-004 -0.16649818060934568     
  -6.1604766429919865E-004 -0.16695761004684509     
  -1.8360597278199654E-003 -0.16798091784884778     
  -2.8284314293408326E-003 -0.16947024960152313     
  -3.6319212123881437E-003 -0.17130885231395179     
  -4.2548684486867607E-003 -0.17341135746284353     
  -4.6872705554779678E-003 -0.17569651933011138     
  -4.9508990699350715E-003 -0.17807677070977529     
  -5.0841023962343987E-003 -0.18048572356487613     
  -5.1433469289601120E-003 -0.18288722183857753     
  -5.1698422126535979E-003 -0.18526249618057489     
  -5.1590057482763397E-003 -0.18759312767345346     
  -5.0899004076428731E-003 -0.18985546354474253     
  -4.9601784812732487E-003 -0.19203106759270952     
  -4.7605112949435022E-003 -0.19410681275690150     
  -4.4898816417367907E-003 -0.19605776766547592     
  -4.1129640250889459E-003 -0.19784489018228735     
  -3.6897225671662999E-003 -0.19942903251974739     
  -3.1366112675704793E-003 -0.20077157214293592     
  -2.1945919210925968E-003 -0.20177852545092131     
  -9.1978432482118632E-004 -0.20229217991935269     
   3.5681107977938114E-004 -0.20221765625015495     
   1.6024378235016408E-003 -0.20157857751228844     
   2.8840387739421454E-003 -0.20040195849507764     
   4.1382169503722862E-003 -0.19867949502935262     
   5.3121125897159401E-003 -0.19643340410249774     
   6.4128376271714001E-003 -0.19370975658306691     
   7.4236233531609248E-003 -0.19054123220961827     
   8.3096008345698007E-003 -0.18696743406145511     
   9.0543077088753848E-003 -0.18305175503207069     
   9.6548644982657333E-003 -0.17886535674204157     
   1.0111891520887718E-002 -0.17447746944893597     
   1.0429805805581014E-002 -0.16995476143822591     
   1.0624350769965521E-002 -0.16535786361707377     
   1.0721741922657129E-002 -0.16073749775933158     
   1.0764555140155089E-002 -0.15612787681624143     
   1.0783239602147032E-002 -0.15154238405990145     
   1.0775008764567950E-002 -0.14698628639696065     
   1.0725489173612547E-002 -0.14247278491904142     
   1.0632665589423503E-002 -0.13802067198606235     
   1.0490646453607264E-002 -0.13364631221249948     
   1.0299318757007932E-002 -0.12936655248928339     
   1.0040205846345978E-002 -0.12520252144669206     
   9.7460877354891354E-003 -0.12117937476221494     
   9.3731797702577956E-003 -0.11732714886170809     
   8.7984981057192147E-003 -0.11370009950694768     
   8.0761412340397808E-003 -0.11036954673871446     
   7.3857394186036106E-003 -0.10736283359436219     
   6.7333400362243490E-003 -0.10465140054012723     
   6.0855804210216222E-003 -0.10221326209780469     
   5.4797576113843928E-003 -0.10004216171103812     
   4.9383769266299849E-003  -9.8113489184424321E-002
   4.4524145660059444E-003  -9.6394043680625818E-002
   4.0257614767922794E-003  -9.4859566665640452E-002
   3.6667649026530030E-003  -9.3483643792950183E-002
   3.3722091048516119E-003  -9.2234218317535463E-002
   3.1367725689266305E-003  -9.1082995433153235E-002
   2.9578258049700284E-003  -9.0005603887621272E-002
   2.8298146203747190E-003  -8.8978286831331604E-002
   2.7453278136656285E-003  -8.7980476466747545E-002
   2.6999219054207697E-003  -8.6996384277740535E-002
   2.6794211797622120E-003  -8.6013518753179641E-002
   2.6679094703158323E-003  -8.5023944283023706E-002
   2.6637099357128928E-003  -8.4024707182004318E-002
   2.6717245056427199E-003  -8.3013579949286570E-002
   2.6918994378603888E-003  -8.1986314560478460E-002
   2.7253462443242657E-003  -8.0938003029261588E-002
   2.7728017145846229E-003  -7.9863764705125101E-002
   2.8319244822915686E-003  -7.8757737741122824E-002
   2.9044623953313679E-003  -7.7614121609298245E-002
   2.9897535342077895E-003  -7.6428449809564175E-002
   3.1028973617908419E-003  -7.5194703667557275E-002
   3.2442401313707465E-003  -7.3902197166772307E-002
   3.3846259145688760E-003  -7.2544503499194113E-002
   3.5060263922233920E-003  -7.1126902340905379E-002
   3.6178142773697448E-003  -6.9658181351332185E-002
   3.7136111453473708E-003  -6.8144046943617198E-002
   3.7864688438895358E-003  -6.6593391590961393E-002
   3.8352258456301551E-003  -6.5019364759193232E-002
   3.8623069785850474E-003  -6.3434349368013107E-002
   3.8736476518184768E-003  -6.1848135680104062E-002
   3.8777999634031918E-003  -6.0266954469997996E-002
   3.8792023181564135E-003  -5.8692246385753134E-002
   3.8774204883502265E-003  -5.7123374939424106E-002
   3.8715566754529722E-003  -5.5560824232383212E-002
   3.8621644730753172E-003  -5.4005235472472365E-002
   3.8495422516247923E-003  -5.2456276253065891E-002
   3.8356106485970369E-003  -5.0913560413761307E-002
   3.8168503399220424E-003  -4.9375735316490955E-002
   3.7955440369121856E-003  -4.7840297510477123E-002
   3.7586300804623701E-003  -4.6309587193966051E-002
   3.6830643749487905E-003  -4.4798118699403242E-002
   3.5755797800527530E-003  -4.3326036205443640E-002
   3.4590576280234776E-003  -4.1903783718090129E-002
   3.3307010364890966E-003  -4.0532640949697663E-002
   3.1869608423719213E-003  -3.9217186430780086E-002
   3.0331461520411210E-003  -3.7964998522587105E-002
   2.8735670167772697E-003  -3.6779365583740682E-002
   2.7096637470602359E-003  -3.5660737322793845E-002
   2.5424303100492654E-003  -3.4610650488193430E-002
   2.3743858345869869E-003  -3.3630468111364900E-002
   2.2078239788138262E-003  -3.2719549630447681E-002
   2.0440792608159689E-003  -3.1876410295438265E-002
   1.8842737370759633E-003  -3.1099601539553670E-002
   1.7297066602505180E-003  -3.0387130396803276E-002
   1.5814638209804414E-003  -2.9736286988737461E-002
   1.4402172706958042E-003  -2.9144098889587369E-002
   1.3064583755818756E-003  -2.8607477304218479E-002
   1.1806226529345045E-003  -2.8123119100236800E-002
   1.0629734219866527E-003  -2.7687570943981370E-002
   9.5357137126495417E-004  -2.7297365566241738E-002
   8.5237115191570179E-004  -2.6949068386355409E-002
   7.5925269068970657E-004  -2.6639290824418276E-002
   6.7399505848222019E-004  -2.6364732914768457E-002
   5.9629450396898160E-004  -2.6122227102906358E-002
   5.2580224172028899E-004  -2.5908758401286595E-002
   4.6213369499582330E-004  -2.5721475189244912E-002
   4.0487104118207832E-004  -2.5557702542117172E-002
   3.5357864033941963E-004  -2.5414951991146875E-002
   3.0781672479605361E-004  -2.5290923122949414E-002
   2.6714681336961125E-004  -2.5183501265181849E-002
   2.3113710754921803E-004  -2.5090754383085105E-002
   1.9936943871397511E-004  -2.5010927699327890E-002
   1.7144387540231026E-004  -2.4942435417699058E-002
   1.4698115433802957E-004  -2.4883851254553987E-002
   1.2562482808459280E-004  -2.4833898647349955E-002
   1.0704295963216375E-004  -2.4791440270371820E-002
   9.0928756829094614E-005  -2.4755467045064084E-002
   7.7000489722264641E-005  -2.4725087305226632E-002
   6.5001108350005952E-005  -2.4699516304517666E-002
   5.4697531302987264E-005  -2.4678066012231357E-002
   4.5879555955995297E-005  -2.4660135362460697E-002
   3.8358539018554869E-005  -2.4645201148684077E-002
   3.1966015931167327E-005  -2.4632809576417235E-002
   2.6552285485045383E-005  -2.4622568422571652E-002
   2.1984881207981315E-005  -2.4614139835498230E-002
   1.8146995440572868E-005  -2.4607233869921499E-002
   1.4936117981353666E-005  -2.4601602703333083E-002
   1.2262857005361127E-005  -2.4597035322825686E-002
   1.0049524453779848E-005  -2.4593352744273968E-002
   8.2286924489365790E-006  -2.4590404076728297E-002
   6.7425976892785587E-006  -2.4588063113210899E-002
   5.5428658258798723E-006  -2.4586224766474863E-002
   4.5887834514652712E-006  -2.4584802094910672E-002
   3.8452069522014810E-006  -2.4583725029980932E-002
   3.2835111980472756E-006  -2.4582938832963471E-002
   2.8844107848917169E-006  -2.4582400568819499E-002
   2.6389747705321466E-006  -2.4582078194552541E-002
   2.5473986091141778E-006  -2.4581956688696480E-002
