 Initial conditions outputted from a previous simulation. Time =    22.200000000000003     
   40.000000000000000        0.0000000000000000              500           1   22.200000000000003     
   4.0184711835687885E-002 -0.11224084890442620     
   4.7780609283658924E-002  -9.5016413215811460E-002
   5.4327465011914322E-002  -7.4193872694837529E-002
   5.9241601429376844E-002  -5.0319322721441385E-002
   6.2072531792886118E-002  -2.4330748444556606E-002
   6.2511664571434533E-002   2.5914285790839910E-003
   6.0516910949611313E-002   2.9082996961756244E-002
   5.6302504126204404E-002   5.3863806746380444E-002
   5.0292936976235728E-002   7.5897135779433841E-002
   4.3010144595871158E-002   9.4489439431309954E-002
   3.4989830216745760E-002  0.10929163267788698     
   2.6685091155911077E-002  0.12023779692800710     
   1.8455174598203887E-002  0.12746027951834479     
   1.0594670932385955E-002  0.13120972054524360     
   3.3005090749984476E-003  0.13179913348181260     
  -3.3349771247865216E-003  0.12956641209400616     
  -9.2704266201180819E-003  0.12484696800310870     
  -1.4496813367331579E-002  0.11795929835604139     
  -1.9042441423335228E-002  0.10919940987979598     
  -2.2948614118551237E-002   9.8837004337089876E-002
  -2.6267892314648815E-002   8.7115279782262814E-002
  -2.9050800652470739E-002   7.4251074193918937E-002
  -3.1346222461476385E-002   6.0438319090595612E-002
  -3.3217656961996876E-002   4.5851912214864281E-002
  -3.4687521763537489E-002   3.0640150754253505E-002
  -3.5742128169760162E-002   1.4928372047400999E-002
  -3.6387493466801514E-002  -1.1543571269205363E-003
  -3.6727264176383084E-002  -1.7470307808637286E-002
  -3.6835704342433308E-002  -3.3901670807971240E-002
  -3.6687676610019627E-002  -5.0349265397623903E-002
  -3.6245985726192219E-002  -6.6702624823449630E-002
  -3.5530387246167264E-002  -8.2835313299207125E-002
  -3.4527211980121895E-002  -9.8612160664527104E-002
  -3.3279600788818968E-002 -0.11387037594213321     
  -3.1760474475609542E-002 -0.12843668019878637     
  -3.0008896067598698E-002 -0.14216979950734643     
  -2.7821858927043731E-002 -0.15493379351956255     
  -2.4973920100876037E-002 -0.16648944103243885     
  -2.1547511421636523E-002 -0.17651186889537446     
  -1.7639346465951940E-002 -0.18471001894898240     
  -1.3032156745370060E-002 -0.19082380794492237     
  -7.6870175675156430E-003 -0.19453085530156142     
  -1.6181307121269986E-003 -0.19545349704740475     
   5.2264611011207064E-003 -0.19319041315604360     
   1.2838908340244277E-002 -0.18727987244787631     
   2.1036468723765616E-002 -0.17717463881761034     
   2.9333586852817534E-002 -0.16237089620465944     
   3.6532971489098266E-002 -0.14278589097347952     
   4.1395735580121731E-002 -0.11926707290865680     
   4.3945270203621656E-002  -9.3560622816349123E-002
   4.5233279520240546E-002  -6.7383839352352343E-002
   4.5722164231054241E-002  -4.1681113316198691E-002
   4.5134826818109139E-002  -1.6926085813313802E-002
   4.3288257626871995E-002   6.4204540297679554E-003
   4.0304351998708542E-002   2.7958207715712304E-002
   3.6267748251711460E-002   4.7351860618099872E-002
   3.1313253070533092E-002   6.4193022451312115E-002
   2.5628131765642458E-002   7.8117959163132203E-002
   1.9358528786445905E-002   8.8981857013101809E-002
   1.2775195779690992E-002   9.6823710479217173E-002
   6.5599895905716606E-003  0.10185758043379398     
   1.1165414776067835E-003  0.10446038933360781     
  -4.0458581917176403E-003  0.10482451250556120     
  -9.3758499434363832E-003  0.10269594594514235     
  -1.4489692885980704E-002   9.7811350061107818E-002
  -1.8732376113057083E-002   9.0436316470290865E-002
  -2.1765016952822989E-002   8.1237839923560928E-002
  -2.3653269973131212E-002   7.0861599171706438E-002
  -2.4713505511480847E-002   5.9758776765552087E-002
  -2.5290744098712882E-002   4.8198295886583038E-002
  -2.5618640716286421E-002   3.6308788825880019E-002
  -2.5800375469773124E-002   2.4136717107249735E-002
  -2.5833771450990431E-002   1.1692713581766068E-002
  -2.5724934877026075E-002  -1.0340015230813863E-003
  -2.5491603055326554E-002  -1.4065335201967642E-002
  -2.5193165835841799E-002  -2.7363402092922800E-002
  -2.4763619570316600E-002  -4.0778576768497915E-002
  -2.4095593496157020E-002  -5.4101290999136825E-002
  -2.3105744591969922E-002  -6.7119241337626034E-002
  -2.1438381820676210E-002  -7.9523528255345116E-002
  -1.8763361332848293E-002  -9.0815170239645235E-002
  -1.5584154189759079E-002 -0.10049674826711609     
  -1.2431525109158631E-002 -0.10836267212232822     
  -9.2090054042683576E-003 -0.11438767396779631     
  -5.7836579805372766E-003 -0.11845233674798596     
  -2.1295425905286879E-003 -0.12032301285212336     
   1.8395887053580923E-003 -0.11970773631144542     
   5.8463100798900039E-003 -0.11635609405406708     
   9.3132093760284231E-003 -0.11035070880167969     
   1.1897129134677272E-002 -0.10221013817477551     
   1.3736767261917335E-002  -9.2564576291512504E-002
   1.5184611409786927E-002  -8.1810934283334261E-002
   1.6436764412138316E-002  -7.0100730855610471E-002
   1.7521415950479069E-002  -5.7524310901810413E-002
   1.8326192413747406E-002  -4.4231258330110018E-002
   1.8818866324028120E-002  -3.0455354169969657E-002
   1.9046698012189844E-002  -1.6466097197759579E-002
   1.8942227497907953E-002  -2.5028623614745554E-003
   1.8327779336609947E-002   1.1193800090957624E-002
   1.7083491394972526E-002   2.4264412905885626E-002
   1.5099859881660554E-002   3.6222550017957406E-002
   1.2420065165749679E-002   4.6642908386971729E-002
   9.2772560232995335E-003   5.5379663887322003E-002
   5.9585082871153432E-003   6.2573725073423292E-002
   2.6491029764698459E-003   6.8455248838537291E-002
  -6.6177751199378505E-004   7.3141108214273290E-002
  -4.0796991157617916E-003   7.6581868523579441E-002
  -7.5546741033763725E-003   7.8669638259783223E-002
  -1.0880126250822230E-002   7.9344698558588819E-002
  -1.3959862031909322E-002   7.8557957713448548E-002
  -1.6781812643908881E-002   7.6223628961297377E-002
  -1.9211282479272340E-002   7.2313236379640378E-002
  -2.1039162814481191E-002   6.6955063793598030E-002
  -2.2211369031333885E-002   6.0366492693180104E-002
  -2.2777759459446243E-002   5.2691631184980284E-002
  -2.2794131138545268E-002   4.4010061026922988E-002
  -2.2355638118052603E-002   3.4500899301748357E-002
  -2.1586013957509621E-002   2.4422419801949161E-002
  -2.0639561414335744E-002   1.3942830495729879E-002
  -1.9778333367864241E-002   3.1208747233616497E-003
  -1.9110200205219419E-002  -7.9221055327431886E-003
  -1.8447584565129342E-002  -1.8666592715592099E-002
  -1.7749489077420806E-002  -2.8353201429804204E-002
  -1.7119493721856460E-002  -3.7179904121784860E-002
  -1.6517550624224612E-002  -4.6372354898175150E-002
  -1.5764234280588027E-002  -5.6233811249135963E-002
  -1.4711054209197246E-002  -6.5040988248771095E-002
  -1.3288978654404574E-002  -7.1096592528846272E-002
  -1.1561076082398499E-002  -7.5603957796848753E-002
  -9.4970479230129454E-003  -7.9113380766482791E-002
  -7.1570724298007961E-003  -8.1487062899053261E-002
  -4.5687992264327095E-003  -8.2953035968791569E-002
  -1.7673785410279644E-003  -8.4792708401861344E-002
   1.3891894149869763E-003  -8.4918338704349686E-002
   4.8104995253815726E-003  -8.2400770375464144E-002
   8.2700881937036765E-003  -7.8587339660410580E-002
   1.1724256310757219E-002  -7.4285873948721909E-002
   1.5219629710014662E-002  -6.8280294790283191E-002
   1.8447520434551057E-002  -6.0912703218985155E-002
   2.1035663966953132E-002  -5.2827617080965901E-002
   2.2717655707916624E-002  -4.4493274238670819E-002
   2.3586683249905371E-002  -3.4074121867411662E-002
   2.3730263596547081E-002  -2.0667583984715809E-002
   2.3073157459731125E-002  -5.5952203993198434E-003
   2.1720031959391962E-002   1.0343890630826849E-002
   1.9876897462939393E-002   2.6107733770677960E-002
   1.7440581595727350E-002   3.9182364232962660E-002
   1.4523733243070642E-002   5.0610230816575827E-002
   1.1384121887654133E-002   6.2459351110324052E-002
   8.2424007317645192E-003   7.4307408476122466E-002
   5.1789479200806789E-003   8.3277374390024264E-002
   2.2782731759250080E-003   8.9201563445964971E-002
  -3.4621847483082936E-004   9.3856767291005533E-002
  -2.4469533683420283E-003   9.7980639321731622E-002
  -4.0930509406175994E-003  0.10049461695545367     
  -5.5418762573550603E-003  0.10151561658740217     
  -6.9907855171262414E-003  0.10164645868368381     
  -8.4992494497561147E-003  0.10135319566695669     
  -1.0032721121832046E-002  0.10049441508611939     
  -1.1606485810248618E-002   9.8127774494657247E-002
  -1.3308096917720783E-002   9.3689753768643844E-002
  -1.4919265801340169E-002   8.8322485959033789E-002
  -1.6784148198533484E-002   7.8258381215961209E-002
  -1.8172873717999187E-002   7.2714598062764188E-002
  -1.9149705752691815E-002   7.1378614904041029E-002
  -2.0212996982804151E-002   6.4318709954720263E-002
  -2.1108292660619938E-002   5.2349467231289776E-002
  -2.1205373713960130E-002   4.3395597945423858E-002
  -2.1082670160853120E-002   3.2319206736518113E-002
  -2.0169687796638920E-002   2.4203975729528683E-002
  -1.8529792127148042E-002   1.8929336593046991E-002
  -1.6435258956599193E-002   1.3192763507816731E-002
  -1.4191283825793433E-002   5.1551551386814489E-003
  -1.1583087501417047E-002  -1.5875568509611468E-003
  -8.6706528695280564E-003  -7.0683359184186677E-003
  -5.6020119552641625E-003  -1.1685890095580475E-002
  -2.3061556191521842E-003  -1.3251570471767723E-002
   9.7782624650243565E-004  -1.3697330057246689E-002
   4.7725905914567527E-003  -7.1263043300805774E-003
   7.1568228336416264E-003  -1.3233851577340444E-002
   1.2580583948442407E-002   1.6048543520005107E-002
   1.3619747971502769E-002   2.5002185302599178E-003
   2.1022429082775532E-002   2.5198327395372908E-002
   1.7390476675063760E-002 -0.10547362589159090     
   1.3464066992607306E-002 -0.20005749016671495     
   1.7923870143863409E-002 -0.10201984552061644     
   2.7602490661420502E-002   9.9819439667943821E-002
   2.3949488548524432E-002  0.11598420334667658     
   2.3636005905778364E-002  0.11461864256135555     
   2.0274534349988556E-002   8.3424493699168059E-002
   1.9832029001955267E-002  0.10123465501784337     
   1.7185983374076726E-002  0.10485902603112024     
   1.4543697080517984E-002  0.11827388586604777     
   1.0630175845008883E-002  0.12469600557155340     
   6.5144392540266152E-003  0.13113603226406634     
   2.4943443324924844E-003  0.13824377313645109     
  -1.3156267871230957E-003  0.14489858559822835     
  -5.1580070043672757E-003  0.14838643489904690     
  -9.0325585228069952E-003  0.14711145915439580     
  -1.2398983706800547E-002  0.14591346832682028     
  -1.5477354805310199E-002  0.14344224473663289     
  -1.8430336604356865E-002  0.13929204210096821     
  -2.1070006250368638E-002  0.13539340940056444     
  -2.3360540349321324E-002  0.13056036355878028     
  -2.5413618816344217E-002  0.12302678567480975     
  -2.6928437034857696E-002  0.11576683998775225     
  -2.8030212554341370E-002  0.10720779492256360     
  -2.9036862311412854E-002   9.6538731566252242E-002
  -2.9422921167546127E-002   9.1435526477246953E-002
  -3.0070570611263413E-002   8.2445193068101802E-002
  -3.0810452917574890E-002   7.0508149569519424E-002
  -3.1369662456806453E-002   5.9318119224728037E-002
  -3.1991314752399795E-002   4.7571676272788528E-002
  -3.2228887385341708E-002   3.9895948493118290E-002
  -3.2312594275050524E-002   3.2046036072908152E-002
  -3.2451512162330748E-002   1.9267280274211585E-002
  -3.2089405382963183E-002   6.6024956416423294E-003
  -3.0999822177579954E-002  -3.5948302602628658E-003
  -2.9384286686762604E-002  -1.4051070282513227E-002
  -2.7186764151242847E-002  -2.3940663683548448E-002
  -2.4482989979971493E-002  -3.2584413216691935E-002
  -2.1292880063054465E-002  -3.9698712245231541E-002
  -1.7927628648544715E-002  -4.7692406901048937E-002
  -1.4124151055043561E-002  -5.3751739736430139E-002
  -9.9093917269277298E-003  -5.9240740922530871E-002
  -4.7055315027188420E-003  -5.9221968874818023E-002
   1.3156204189241853E-003  -5.4700976507530114E-002
   7.4911767618245778E-003  -5.1246219018923372E-002
   1.3960612608964600E-002  -4.3730519489580143E-002
   2.0172366977816811E-002  -3.2282161950960737E-002
   2.5809100941686106E-002  -1.6342922400433550E-002
   3.0278289860570289E-002   3.5080508602657935E-003
   3.3064896181115001E-002   2.3607731950957354E-002
   3.4528529846496542E-002   4.5424180669614095E-002
   3.4421553563182695E-002   6.7572070028144887E-002
   3.2406517297599108E-002   8.8342664289090295E-002
   2.8743021260608969E-002  0.10735856590528843     
   2.3717709083778529E-002  0.12330834955103907     
   1.7944353425406782E-002  0.13600498590727708     
   1.2136975182767773E-002  0.14534191556946821     
   6.6199420017490030E-003  0.15186927611498441     
   1.6503592195047459E-003  0.15621475368134166     
  -2.5663573142269253E-003  0.15854982704337800     
  -6.1991325218778157E-003  0.15921622985581788     
  -9.5613261314974607E-003  0.15849679805948447     
  -1.2696418671382116E-002  0.15652357706650541     
  -1.5823466214912450E-002  0.15336381214851552     
  -1.9100651661436690E-002  0.14890763511678029     
  -2.2445956633352814E-002  0.14317770202804150     
  -2.5734424366540162E-002  0.13617779986795950     
  -2.8976119804404385E-002  0.12764636866332976     
  -3.2108092794251648E-002  0.11759910486846954     
  -3.5026114499758891E-002  0.10630346369213609     
  -3.7668076571625776E-002   9.3908423258303092E-002
  -3.9931406591552150E-002   8.0605347340758471E-002
  -4.1766005445950660E-002   6.6624072310119548E-002
  -4.3152040816671372E-002   5.2068168438068295E-002
  -4.4012699824978296E-002   3.7212228543225138E-002
  -4.4490429122057057E-002   2.2122342819937055E-002
  -4.4723057882651039E-002   6.8427467666987802E-003
  -4.4651509431653212E-002  -8.4926997246282145E-003
  -4.4255943945807466E-002  -2.3767899730156694E-002
  -4.3581696162129924E-002  -3.8936101144681289E-002
  -4.2654667238677210E-002  -5.3880284522127224E-002
  -4.1540840166341790E-002  -6.8390604136559716E-002
  -4.0242355773224173E-002  -8.2386608799381381E-002
  -3.8808191333213837E-002  -9.5844022153662486E-002
  -3.7125408666619335E-002 -0.10862407333745983     
  -3.4963842741310314E-002 -0.12056385194823807     
  -3.2315773780184021E-002 -0.13157302504042406     
  -2.9279315352637669E-002 -0.14166800721042389     
  -2.5765160643354643E-002 -0.15085107208565640     
  -2.1764019782300702E-002 -0.15882268141268222     
  -1.7293894164081294E-002 -0.16513712348005977     
  -1.2284151331496086E-002 -0.16947133591695057     
  -6.7433067901431533E-003 -0.17147443917448602     
  -7.0783263565916727E-004 -0.17076176571449056     
   5.7066083521461934E-003 -0.16716156382750849     
   1.2225912503733819E-002 -0.16059317546738300     
   1.8651989574241228E-002 -0.15092716552104873     
   2.4669630986611180E-002 -0.13812708332514567     
   2.9654408251822577E-002 -0.12244433359081926     
   3.3158718308328734E-002 -0.10447174566121907     
   3.5113097173060270E-002  -8.5129944205531535E-002
   3.6002070387531719E-002  -6.5370392321798240E-002
   3.6354676493583024E-002  -4.5831461437830151E-002
   3.6099968907142094E-002  -2.6878127530896835E-002
   3.4957995061736379E-002  -8.8739567899916542E-003
   3.2926665116391453E-002   7.7831222387493015E-003
   2.9999098694012200E-002   2.2745538276438923E-002
   2.6260899646179472E-002   3.5729223564647965E-002
   2.1768733348828940E-002   4.6531025124714423E-002
   1.6765844557265777E-002   5.5018363599600002E-002
   1.1258369788193154E-002   6.1068675274817678E-002
   5.2232869085049793E-003   6.4530766229086572E-002
  -7.4814123752789331E-004   6.5357190815455268E-002
  -6.0516688625499903E-003   6.3760880487491206E-002
  -1.0803175451429734E-002   6.0071251136800001E-002
  -1.5027054331883357E-002   5.4522138332935725E-002
  -1.8557913440725708E-002   4.7348054394113451E-002
  -2.1383021308451371E-002   3.8874336881424353E-002
  -2.3536236903245748E-002   2.9420318818058400E-002
  -2.5033050462593551E-002   1.9257578458750146E-002
  -2.5976895042357701E-002   8.6325068519766002E-003
  -2.6486564743225322E-002  -2.2469195247167180E-003
  -2.6724539959359826E-002  -1.3214519476352292E-002
  -2.6824982493136834E-002  -2.4151629690526085E-002
  -2.6780162679226633E-002  -3.4996566016473947E-002
  -2.6527331699395546E-002  -4.5715796230941672E-002
  -2.6074185932541526E-002  -5.6261607272392919E-002
  -2.5398923094926633E-002  -6.6546068275685988E-002
  -2.4500320907997156E-002  -7.6446843745787182E-002
  -2.3277370393302348E-002  -8.5866954351383015E-002
  -2.1902237878917808E-002  -9.4760018505930285E-002
  -2.0132432161298130E-002 -0.10305408424239253     
  -1.7270496099409699E-002 -0.11044939789098399     
  -1.3501452679840365E-002 -0.11643728641955492     
  -9.6839913801793475E-003 -0.12069839473164061     
  -5.8674261674947050E-003 -0.12323172427271534     
  -1.9606543631740182E-003 -0.12403150631448819     
   1.7823047812572318E-003 -0.12303804684611157     
   5.1861684149424178E-003 -0.12032989822977747     
   8.2055354645462954E-003 -0.11609245752299774     
   1.0715641268559827E-002 -0.11053601723440919     
   1.2590039789170473E-002 -0.10394151786884551     
   1.3831055102541727E-002  -9.6654020335974269E-002
   1.4514218353138176E-002  -8.8988812638843937E-002
   1.4847159284821585E-002  -8.1173800037679281E-002
   1.5012811365056512E-002  -7.3350602315381430E-002
   1.4986729302560800E-002  -6.5632529224740679E-002
   1.4657879445650506E-002  -5.8167898632256389E-002
   1.4001826453581091E-002  -5.1123496838123866E-002
   1.2987963449276184E-002  -4.4635689040419792E-002
   1.1629625214299532E-002  -3.8822095051289834E-002
   9.8849360359979273E-003  -3.3814360124624972E-002
   7.9138233734105563E-003  -2.9759912311898833E-002
   5.5933418000556475E-003  -2.6793639697485053E-002
   2.5282646999368347E-003  -2.5105446677346242E-002
  -9.9340193315637063E-004  -2.4937780731141175E-002
  -4.2192804588575663E-003  -2.6338362855633568E-002
  -7.0735833319097779E-003  -2.9095609918446706E-002
  -9.6737136101145427E-003  -3.3014390182392044E-002
  -1.1914586560111004E-002  -3.7979535597998021E-002
  -1.3739499874305106E-002  -4.3815852641656564E-002
  -1.5191137497403466E-002  -5.0319231303070727E-002
  -1.6277611997677452E-002  -5.7327465834087148E-002
  -1.7004730283002072E-002  -6.4686134844159332E-002
  -1.7405972405909225E-002  -7.2244212259341370E-002
  -1.7602790460750205E-002  -7.9886508054730715E-002
  -1.7713882576103561E-002  -8.7536103260787465E-002
  -1.7739059243569437E-002  -9.5137928734375266E-002
  -1.7627301632899484E-002 -0.10264195247752289     
  -1.7375141094945059E-002 -0.10999788608653988     
  -1.6968894928202617E-002 -0.11716193008082289     
  -1.6419062529153487E-002 -0.12408876234377750     
  -1.5698074926819881E-002 -0.13071334324324413     
  -1.4903501628611062E-002 -0.13696050709778973     
  -1.3944474461804926E-002 -0.14278885172523872     
  -1.2447862729760614E-002 -0.14811825846771695     
  -1.0414097085627480E-002 -0.15272918100475699     
  -8.2942828826654946E-003 -0.15641002515514194     
  -6.2245017042326543E-003 -0.15913226046603507     
  -4.1426284846937745E-003 -0.16093576356467981     
  -2.1289794274559188E-003 -0.16181901443869440     
  -2.9785308436449569E-004 -0.16181676517863502     
   1.3302431228822730E-003 -0.16102625069954640     
   2.7451628579903682E-003 -0.15954872348588686     
   3.9017919368801350E-003 -0.15749201104135643     
   4.7713865755934053E-003 -0.15499368521603127     
   5.3604523191566637E-003 -0.15219749782249692     
   5.6854635830986214E-003 -0.14922895425237800     
   5.8391857844481707E-003 -0.14618968978237645     
   5.9196214170181274E-003 -0.14314839806828961     
   5.9234479553927129E-003 -0.14015402980498326     
   5.8028062013888593E-003 -0.13726333882703415     
   5.5508956169476121E-003 -0.13453442140223412     
   5.1561481195332038E-003 -0.13200892878877882     
   4.6261957020299321E-003 -0.12972790602155396     
   3.9414894270842762E-003 -0.12775142264837258     
   3.1742037045827645E-003 -0.12614807890331495     
   2.2658379208010883E-003 -0.12496698250058461     
   9.9482899096762817E-004 -0.12428136513031308     
  -5.6801961653925553E-004 -0.12422537895458666     
  -2.0798472716096615E-003 -0.12487969688589302     
  -3.4670492078482289E-003 -0.12619149920515443     
  -4.7778203127979927E-003 -0.12808587593249293     
  -5.9626718975267267E-003 -0.13052644457784832     
  -6.9782926880845300E-003 -0.13345382705854744     
  -7.8400030518258248E-003 -0.13678310443015876     
  -8.5517566254921101E-003 -0.14044281647389187     
  -9.1002614644824491E-003 -0.14436324285050398     
  -9.4803521938312315E-003 -0.14846541148053041     
  -9.7084306450991760E-003 -0.15267844753937690     
  -9.8269479163097129E-003 -0.15694750336046895     
  -9.8886308997710951E-003 -0.16123378133069974     
  -9.9122341917613661E-003 -0.16551082026809225     
  -9.8806159913919309E-003 -0.16974843045897320     
  -9.7743298977421480E-003 -0.17391057901705059     
  -9.5935263298355979E-003 -0.17797494427310359     
  -9.3382622627199933E-003 -0.18193041002701216     
  -9.0133706195238573E-003 -0.18574959378273656     
  -8.5886762488928715E-003 -0.18938901314466869     
  -8.0998664406986241E-003 -0.19281357718639380     
  -7.4793466022228614E-003 -0.19599367308662688     
  -6.5898218381685537E-003 -0.19885645669338475     
  -5.5309653480296785E-003 -0.20129831708703838     
  -4.4998312145208465E-003 -0.20327600293180945     
  -3.4667517448319658E-003 -0.20480833355648703     
  -2.4238550418914052E-003 -0.20589757446467608     
  -1.4390795096089017E-003 -0.20654129919431979     
  -5.3365146516942609E-004 -0.20677076498087119     
   2.9099570671354814E-004 -0.20662638080395140     
   1.0183684145665048E-003 -0.20614389878637160     
   1.6374738050104175E-003 -0.20536927666796453     
   2.1457606615519595E-003 -0.20435711699155901     
   2.5387682698397242E-003 -0.20316061939181712     
   2.8135367421495898E-003 -0.20183174389690103     
   2.9827638138898663E-003 -0.20042191040679810     
   3.0707708506436718E-003 -0.19897586012230192     
   3.1118788974711098E-003 -0.19752475847332135     
   3.1282412990681374E-003 -0.19608618185946702     
   3.1151202933012573E-003 -0.19467329845799763     
   3.0597946123614569E-003 -0.19330228380082889     
   2.9623607241627955E-003 -0.19198919189416147     
   2.8223614228526585E-003 -0.19074765164546498     
   2.6430429432671263E-003 -0.18959357968133320     
   2.4169743686228173E-003 -0.18854339456948729     
   2.1599884087096120E-003 -0.18760911405013406     
   1.8524171825405119E-003 -0.18680375472533381     
   1.4572616165785734E-003 -0.18615583109550685     
   1.0240885805881906E-003 -0.18569776647353270     
   6.2937658285820014E-004 -0.18543276042036219     
   2.6377620024036332E-004 -0.18533957899329828     
  -7.6047077818562763E-005 -0.18540300350136241     
  -3.7076580186736001E-004 -0.18560941709740381     
  -6.1890704463786266E-004 -0.18593496656394462     
  -8.2153907785455888E-004 -0.18635527223037371     
  -9.7299616437090703E-004 -0.18684886885780394     
  -1.0741571701332277E-003 -0.18739310356368763     
  -1.1313524669091992E-003 -0.18796829221588832     
  -1.1614165165411718E-003 -0.18856048122239644     
  -1.1796103444781294E-003 -0.18915773757918700     
  -1.1845137474218025E-003 -0.18974787050575945     
  -1.1681631001299155E-003 -0.19032027137562402     
  -1.1297520916509381E-003 -0.19086861117226950     
  -1.0676317558390043E-003 -0.19138929427528747     
  -9.8319777684291519E-004 -0.19187426675084807     
  -8.7119366960491300E-004 -0.19230665931675045     
  -7.4590769950893035E-004 -0.19266845093022247     
  -5.9439116994488368E-004 -0.19295396706494253     
  -3.5965131066792889E-004 -0.19315626195234928     
  -4.0761067093229435E-005 -0.19324340147154645     
   2.8932615093878113E-004 -0.19318090504085678     
   6.0143314781542945E-004 -0.19296660437367533     
   9.0144712410629468E-004 -0.19261461015134798     
   1.1783459083509829E-003 -0.19213230061823308     
   1.4146866597725665E-003 -0.19153102498035571     
   1.6074808135321157E-003 -0.19083357642019111     
   1.7570134873202286E-003 -0.19006370687565627     
   1.8588247884016435E-003 -0.18924287464025016     
   1.9153043575430020E-003 -0.18839408217965178     
   1.9396783360585957E-003 -0.18753785882043791     
   1.9489008139985907E-003 -0.18668552066396668     
   1.9520240168164657E-003 -0.18583994280256955     
   1.9484100070351414E-003 -0.18500207095035703     
   1.9353531918096488E-003 -0.18417503595781470     
   1.9133770664388791E-003 -0.18336282774648041     
   1.8826477118046674E-003 -0.18256824631214982     
   1.8444048224604524E-003 -0.18179335374332911     
   1.7965173666510573E-003 -0.18103965263117447     
   1.7433708293385563E-003 -0.18030816715391709     
   1.6780317617267396E-003 -0.17960165877969922     
   1.5842505018452517E-003 -0.17892909686089764     
   1.4700611726749138E-003 -0.17830284139993591     
   1.3571018312597779E-003 -0.17772807096723883     
   1.2441219710541702E-003 -0.17720236804077294     
   1.1287225808526554E-003 -0.17672504667940714     
   1.0164823325991531E-003 -0.17629690131136613     
   9.0984576202404581E-004 -0.17591551748523659     
   8.0860921030792858E-004 -0.17557737415150962     
   7.1372650300629496E-004 -0.17527997812199289     
   6.2622146337924193E-004 -0.17502041795491144     
   5.4630665249565775E-004 -0.17479505414511270     
   4.7385338964199780E-004 -0.17460053020907887     
   4.0876168694432819E-004 -0.17443377353877637     
   3.5085803352845828E-004 -0.17429166038262628     
   2.9972951673515341E-004 -0.17417121516987064     
   2.5490394238398011E-004 -0.17406977739207333     
   2.1592440267365412E-004 -0.17398489803012240     
   1.8230466260701794E-004 -0.17391432850247515     
   1.5353721521459601E-004 -0.17385607674125542     
   1.2914088426758483E-004 -0.17380838819572078     
   1.0866762163268265E-004 -0.17376972005243965     
   9.1705722095476949E-005 -0.17373874142235490     
   7.7895402085624235E-005 -0.17371431521015621     
   6.6913083783942025E-005 -0.17369548626622291     
   5.8468611878695237E-005 -0.17368150150204981     
   5.2371921736312029E-005 -0.17367180221276840     
   4.8596200870139288E-005 -0.17366598364160110     
   4.7254751696373345E-005 -0.17366381003803677     
