 Initial conditions outputted from a previous simulation. Time =    25.200000000000003     
   40.000000000000000        0.0000000000000000              500           1   25.200000000000003     
  -3.3887864056505228E-002   6.9036395926941899E-002
  -3.5144157938653248E-002   5.3628760136614682E-002
  -3.6096358718071174E-002   3.7794427744188605E-002
  -3.6726550431023047E-002   2.1660422624554102E-002
  -3.7075298021193213E-002   5.3307102274141602E-003
  -3.7131699316113535E-002  -1.1064470896337783E-002
  -3.6894529212510477E-002  -2.7428270162575114E-002
  -3.6357900255511985E-002  -4.3648558589369765E-002
  -3.5503868617883072E-002  -5.9612608238521221E-002
  -3.4315273008874755E-002  -7.5201072142003098E-002
  -3.2747420676497024E-002  -9.0284761682961345E-002
  -3.0813709465216096E-002 -0.10471839882986984     
  -2.8483355746733427E-002 -0.11834254520447657     
  -2.5629327133682708E-002 -0.13098481152738300     
  -2.2181138799758034E-002 -0.14244812248263997     
  -1.8152546864536247E-002 -0.15250619054352399     
  -1.3474014093972475E-002 -0.16091099982385987     
  -8.1017484114908663E-003 -0.16738872019925866     
  -2.0231450403543306E-003 -0.17163747823538630     
   4.7522315339208233E-003 -0.17333438588592850     
   1.2181294154538532E-002 -0.17214468181252721     
   2.0130091653646487E-002 -0.16772897060522651     
   2.8377703128437504E-002 -0.15977978163778711     
   3.6712618648072605E-002 -0.14807866521346441     
   4.4630016136354714E-002 -0.13248608410912521     
   5.1439325701737731E-002 -0.11301796841707519     
   5.6327034495937157E-002  -9.0082332955050498E-002
   5.9202760152245210E-002  -6.4611473865833144E-002
   6.0278881589348826E-002  -3.7824812702074120E-002
   5.9378659086903880E-002  -1.1013877822688660E-002
   5.6255733337998229E-002   1.4516196602138461E-002
   5.1297543215410107E-002   3.7609442774864624E-002
   4.4847526754998313E-002   5.7489341355965028E-002
   3.7330174939548891E-002   7.3762673127778483E-002
   2.9167848704093932E-002   8.6341578126943749E-002
   2.0667056192508051E-002   9.5349739238722253E-002
   1.2133665490541132E-002  0.10103585121054115     
   3.9257033030070223E-003  0.10375149147209767     
  -3.7246484875270002E-003  0.10392361084878628     
  -1.0748678946438269E-002  0.10197819837553516     
  -1.7050958345484715E-002   9.8307862211161223E-002
  -2.2571534926736116E-002   9.3256503949836991E-002
  -2.7386946750880797E-002   8.7034370853269843E-002
  -3.1624349814722529E-002   7.9677363832992565E-002
  -3.5050051118745762E-002   7.1193268368252849E-002
  -3.7201502529057864E-002   6.1841090664135949E-002
  -3.8201403157102007E-002   5.2166786739211678E-002
  -3.8642819232830763E-002   4.2581406285594217E-002
  -3.8761480209354791E-002   3.3094082201887837E-002
  -3.8474536389701684E-002   2.3598645321248078E-002
  -3.7843690809669081E-002   1.4104392778712780E-002
  -3.7021174523728190E-002   4.5854199283782643E-003
  -3.6158820764518283E-002  -5.1023833803032900E-003
  -3.5402674578100375E-002  -1.5126276751022197E-002
  -3.4856023847274049E-002  -2.5623638735873696E-002
  -3.4516601082377599E-002  -3.6691585426364449E-002
  -3.4130286965030288E-002  -4.8315476833968342E-002
  -3.3193055475912801E-002  -6.0247174884735750E-002
  -3.1282340981491755E-002  -7.1975120522167410E-002
  -2.8253156201981270E-002  -8.2868284507080794E-002
  -2.4115247707821183E-002  -9.2309550257868925E-002
  -1.8939178391609076E-002  -9.9694500817941248E-002
  -1.2919406058971621E-002 -0.10445158713288766     
  -6.3986100416778199E-003 -0.10615692559848612     
   2.2462547323218673E-004 -0.10460642969922444     
   6.6061616423556263E-003  -9.9790699452742770E-002
   1.2514718343598432E-002  -9.1855632849773244E-002
   1.7802570061456347E-002  -8.1077556171092247E-002
   2.2305960077908971E-002  -6.7826264257677682E-002
   2.5861074643404747E-002  -5.2542954916163641E-002
   2.8412206594371381E-002  -3.5740327340134832E-002
   2.9946204578906569E-002  -1.7956165131766903E-002
   3.0757619462788790E-002   3.4193666964636368E-004
   3.1191336277545535E-002   1.8841302279394352E-002
   3.1203080417275379E-002   3.7317238856149647E-002
   3.0561093873790211E-002   5.5475770810035359E-002
   2.9215333052065064E-002   7.2929264273508418E-002
   2.7117262977626552E-002   8.9288026761492972E-002
   2.4301490073202977E-002  0.10420897698036795     
   2.0800441689404241E-002  0.11743203197557019     
   1.6835679712269527E-002  0.12879047753898307     
   1.2448976743994413E-002  0.13819785847606464     
   7.5062484243219414E-003  0.14555058628390793     
   2.2235008162683669E-003  0.15066268708516667     
  -2.9642040637735422E-003  0.15340372008334227     
  -7.8757536974894075E-003  0.15385015717964221     
  -1.2255062916037620E-002  0.15227136001955147     
  -1.5887407772580964E-002  0.14907564038997412     
  -1.8797185372594765E-002  0.14468616046547064     
  -2.1101505249942379E-002  0.13939563355691822     
  -2.2904261686262289E-002  0.13336143708720025     
  -2.4253561477485690E-002  0.12668130633728614     
  -2.5075143105637184E-002  0.11945730825683235     
  -2.5476677604566310E-002  0.11182147336615036     
  -2.5670833466172865E-002  0.10385259956877153     
  -2.5656703731262887E-002   9.5533594601072941E-002
  -2.5303839746472576E-002   8.6858951741424661E-002
  -2.4566912297294588E-002   7.7895484820037303E-002
  -2.3404671452130450E-002   6.8735448049843120E-002
  -2.1849606351530305E-002   5.9499038400371920E-002
  -1.9948747073474705E-002   5.0357631052154614E-002
  -1.7821512366723406E-002   4.1510500218032195E-002
  -1.5527971393421592E-002   3.3159693752624377E-002
  -1.3008608911112371E-002   2.5581585523126397E-002
  -1.0329352858083863E-002   1.9158513036796075E-002
  -7.7339020677255942E-003   1.4180642687328491E-002
  -5.3159902387018218E-003   1.0686373977910790E-002
  -3.0045255003204275E-003   8.6280248464584101E-003
  -7.8265802964988583E-004   8.0316126906376292E-003
   1.3405914284063730E-003   8.8978005134083583E-003
   3.4738137794886625E-003   1.1155287875536823E-002
   5.7153595008388848E-003   1.4782207276869595E-002
   8.0327570947760409E-003   1.9822980651692756E-002
   1.0414218524472623E-002   2.6313889107174769E-002
   1.2861950699840398E-002   3.4282710587444108E-002
   1.5326385788571865E-002   4.3651999026489467E-002
   1.7677293545019956E-002   5.4215692787037931E-002
   1.9808396463155836E-002   6.5844786871624039E-002
   2.1409215110282102E-002   7.8276472694518637E-002
   2.2314894251883492E-002   9.0904407228593082E-002
   2.2534044986298431E-002  0.10340358732780321     
   2.1980670215632214E-002  0.11608294690759645     
   2.0483548252456373E-002  0.12891909157817014     
   1.8089429428902640E-002  0.14078910468699013     
   1.4899991259147774E-002  0.15024014990126908     
   1.1124274010511746E-002  0.15677235353795368     
   7.0506986455177974E-003  0.16182816479619058     
   2.9692515544707553E-003  0.16733195992222458     
  -1.1204436062483007E-003  0.17232978110174041     
  -5.1227696425473965E-003  0.17608276052275751     
  -8.8638232921470911E-003  0.17846854406416165     
  -1.2246674585398387E-002  0.17927932540453856     
  -1.5418658194365276E-002  0.17708209709501097     
  -1.8105928860566379E-002  0.17389903626370723     
  -2.0196128122356116E-002  0.17091534146682280     
  -2.1850119102901432E-002  0.16688275281099926     
  -2.3150568633803791E-002  0.16083340538836938     
  -2.3936358284847994E-002  0.15423707358645330     
  -2.4314864664861224E-002  0.14692705279991555     
  -2.4370340786981137E-002  0.13834927214631867     
  -2.4264001702028710E-002  0.12808157461638062     
  -2.3910685202134487E-002  0.11850681586864735     
  -2.3372036597114964E-002  0.11067974648230283     
  -2.2800161759406964E-002  0.10381258150047287     
  -2.2282734781272115E-002   9.7249960186698417E-002
  -2.1755342401673115E-002   9.0809528484667709E-002
  -2.1350494647892390E-002   8.2093758102011596E-002
  -2.0867276092239567E-002   7.2000750160449184E-002
  -2.0036954621774915E-002   6.3425236355969541E-002
  -1.8647567765559307E-002   5.7929168546034221E-002
  -1.7026586225294765E-002   5.2019197600621625E-002
  -1.5203362395881064E-002   4.4920858372302690E-002
  -1.3042484884940329E-002   3.8434510833747521E-002
  -1.0463458000549153E-002   3.4634469416201977E-002
  -7.6500333662486118E-003   3.2986606607734031E-002
  -4.6289175784504540E-003   3.2944186310143342E-002
  -1.3916562096862484E-003   3.4227938100906054E-002
   2.1503607625524153E-003   3.7542400794940513E-002
   5.9041275590019093E-003   4.2896481753601577E-002
   9.5920762252808128E-003   4.9950980578187747E-002
   1.2825854283937120E-002   5.8167867031261776E-002
   1.5782299123815575E-002   6.8280276763949752E-002
   1.7597131107709364E-002   7.5924282314162553E-002
   1.9010828373617981E-002   9.0287225477818644E-002
   2.0137724708391931E-002  0.11106869300233374     
   2.0182469192550338E-002  0.12732410078518372     
   1.9212682554884189E-002  0.13898659801958821     
   1.8160303606843915E-002  0.15345265620115645     
   1.6161907792446400E-002  0.16446375327064555     
   1.3929757449585424E-002  0.17670337129977895     
   1.1582018614985432E-002  0.19032073986521422     
   8.8894208364339432E-003  0.20151283507822065     
   5.7220976580091929E-003  0.20808897232506696     
   2.6185072390364950E-003  0.21328120290113717     
  -2.9076860021743116E-004  0.21672353999974350     
  -3.1346462291874477E-003  0.21836092861390036     
  -5.6533069693253373E-003  0.22073445991161431     
  -8.1815816204261812E-003  0.22170451475774561     
  -9.3863144640093394E-003  0.22848161459161867     
  -1.3130846420886150E-002  0.21555292670698856     
  -1.1695743504449348E-002  0.24823175058228669     
  -1.6654178134933879E-002  0.22850402505925088     
  -1.1806940670808235E-002  0.20900567727763514     
  -2.7552090526021852E-002   1.5695676696727764E-002
  -3.8786374093230311E-002 -0.10476316294521738     
  -3.1768214353169393E-002  -1.2260616305507163E-002
  -1.5845261070449569E-002  0.20605011355739172     
  -2.3197656754721314E-002  0.21219970262646171     
  -2.3497718012103992E-002  0.16729836059286796     
  -2.7398919257890907E-002   9.2435833661609471E-002
  -2.4093046114557769E-002   9.2406917630158153E-002
  -2.4077628423210252E-002   7.3094200883791330E-002
  -2.2062929932084155E-002   7.2799215926047017E-002
  -2.0733642215233467E-002   6.6113561866298617E-002
  -1.8767541430601890E-002   6.1568050322546003E-002
  -1.6697194663420841E-002   5.9693094545257452E-002
  -1.4647240964105735E-002   5.9998884378700636E-002
  -1.2740320679901261E-002   5.9435012549026611E-002
  -1.1143348016694981E-002   5.6585259427292312E-002
  -9.3585285652907687E-003   5.6008205990498078E-002
  -7.6252053228234688E-003   5.6289185656619382E-002
  -6.0075173953534171E-003   5.6782341301594985E-002
  -4.0848321208798877E-003   5.9304029111108672E-002
  -1.7100305950482556E-003   6.2732506130525389E-002
   9.4946672867114886E-004   6.5600247042790105E-002
   4.0986004422933348E-003   7.0910600082192132E-002
   7.4761326268439647E-003   7.7047199127633456E-002
   1.0757739439889715E-002   8.3201568807864987E-002
   1.4621293168424464E-002   9.6545767804631449E-002
   1.7885201068433942E-002  0.10821308049946540     
   2.0649728130968541E-002  0.11906526877643399     
   2.2902347401703979E-002  0.13182409510653154     
   2.4175388865810228E-002  0.14452652948941805     
   2.5062368275509350E-002  0.16175566179980108     
   2.5043588058048089E-002  0.17894221149758380     
   2.3571105561062150E-002  0.19104854339280489     
   2.1203029387795790E-002  0.20207150247016564     
   1.8287890640098368E-002  0.21420558487831623     
   1.4708788705891354E-002  0.22403646420517800     
   1.0857749081363725E-002  0.23187233947861940     
   7.0246754771148183E-003  0.23836160923182259     
   3.4031930315501576E-003  0.24350599399077225     
  -1.9058040312242282E-004  0.24481331996039576     
  -3.4155193941456294E-003  0.24526829745631262     
  -6.6885802118624880E-003  0.24341616600670304     
  -9.4564591212609912E-003  0.24375769595317659     
  -1.1795261124670470E-002  0.24468760775688850     
  -1.4246114384844058E-002  0.24073856524641726     
  -1.6147385600299633E-002  0.23725719485559471     
  -1.7752281839200898E-002  0.23369721190448964     
  -1.8983963440781692E-002  0.23123601828049356     
  -1.9849477623528004E-002  0.22975521196726803     
  -2.0818515651284404E-002  0.22574830943996477     
  -2.1531263499884185E-002  0.22237831615311951     
  -2.2063953919067937E-002  0.21925159101197295     
  -2.2534621828146428E-002  0.21499781364365200     
  -2.2738831708786770E-002  0.21056937096997505     
  -2.2653365802217152E-002  0.20531290260335622     
  -2.2122984999327532E-002  0.19958353031948170     
  -2.1044870037020096E-002  0.19404805813696832     
  -1.9401451002097978E-002  0.18896544916699251     
  -1.7287891008034215E-002  0.18464878968133103     
  -1.4809663864803067E-002  0.18155390191420184     
  -1.2142864250061747E-002  0.17964058015550710     
  -9.3751888304889949E-003  0.17878783247202898     
  -6.4779704452544735E-003  0.17906751529856851     
  -3.4249340717989727E-003  0.18056060274700428     
  -2.3179931877103442E-004  0.18325538914780107     
   3.0906310937730613E-003  0.18734301698722616     
   6.4765856157085215E-003  0.19303319640311148     
   9.8788060687239315E-003  0.20023178531437441     
   1.3057895790902121E-002  0.20867830093208911     
   1.5928816332608366E-002  0.21841944886214115     
   1.8439741982642820E-002  0.22929642642403278     
   2.0512085239698677E-002  0.24114880376994588     
   2.1980388036726996E-002  0.25379521747314476     
   2.2863920835036248E-002  0.26673562792295052     
   2.3220746560014337E-002  0.27966539527386397     
   2.3062705954690142E-002  0.29244677040517664     
   2.2278260110087683E-002  0.30481441754607852     
   2.0964359054101621E-002  0.31654962052146807     
   1.9165203872313276E-002  0.32742847714563994     
   1.6917711243888193E-002  0.33727290615200894     
   1.4125451385819384E-002  0.34594454554129650     
   1.0900700147108510E-002  0.35329176780337651     
   7.1796914437165116E-003  0.35904638374482389     
   2.7821162948491879E-003  0.36289506477014177     
  -2.0540332272906197E-003  0.36464755097568624     
  -6.8372065062327200E-003  0.36425744071053490     
  -1.1527989555154997E-002  0.36168559279070239     
  -1.5987771291975626E-002  0.35702698703326280     
  -1.9950485255586774E-002  0.35049129109779326     
  -2.3384291257447176E-002  0.34234720810841368     
  -2.6268107641031473E-002  0.33293723735121467     
  -2.8543837740048088E-002  0.32256712089475220     
  -3.0253543670445748E-002  0.31145079730952191     
  -3.1353425369270285E-002  0.29983722098033488     
  -3.1921655442478596E-002  0.28803263634885201     
  -3.2232560090780724E-002  0.27623757359862006     
  -3.2315575693912225E-002  0.26451816965265773     
  -3.2088245616432941E-002  0.25294326507498877     
  -3.1585434023911993E-002  0.24163523502266543     
  -3.0796345865120141E-002  0.23069438224434344     
  -2.9738101781599583E-002  0.22022095821369395     
  -2.8354604644689908E-002  0.21034524800030710     
  -2.6794602822593935E-002  0.20118613397268023     
  -2.4928212550718677E-002  0.19280378178527036     
  -2.2219102138962114E-002  0.18534391085734150     
  -1.8648903787724345E-002  0.17917009852661875     
  -1.4772799153319657E-002  0.17463945395573191     
  -1.0752188951997947E-002  0.17188608069698211     
  -6.6451366433622639E-003  0.17095129536355883     
  -2.6724671701890326E-003  0.17183582415700288     
   1.0358369231897354E-003  0.17441544606333442     
   4.4679956746123337E-003  0.17850204934605651     
   7.5672047402234018E-003  0.18392809073303243     
   1.0219212655907473E-002  0.19051313869136025     
   1.2359681493574843E-002  0.19803148306798421     
   1.3982610665882396E-002  0.20624549904103909     
   1.5015327750268983E-002  0.21492203816859737     
   1.5579444597910460E-002  0.22379674704177185     
   1.5896294924577791E-002  0.23262110028070729     
   1.5957879327824515E-002  0.24125440798312006     
   1.5627419373875965E-002  0.24962143721025556     
   1.4874914742919514E-002  0.25758129417455189     
   1.3629836306864672E-002  0.26489258176534597     
   1.1881898007592403E-002  0.27130448264742379     
   9.5876513721603381E-003  0.27664177752795005     
   6.9744289736906641E-003  0.28074337671067079     
   3.9227783195717033E-003  0.28341001090908835     
  -9.0172504627286033E-005  0.28436185269745451     
  -4.8080388745168528E-003  0.28329906694875168     
  -9.2739714225450239E-003  0.28019055197137521     
  -1.3216443099264731E-002  0.27531394965977607     
  -1.6715816707412678E-002  0.26890223487736192     
  -1.9747959555220750E-002  0.26108677958000137     
  -2.2362409262308355E-002  0.25207061761776811     
  -2.4699672013302913E-002  0.24207255855467222     
  -2.6810386282383105E-002  0.23124629766104315     
  -2.8656787893186705E-002  0.21972472440228172     
  -3.0191336623215236E-002  0.20761927737659386     
  -3.1387672282880141E-002  0.19501948884888862     
  -3.2232735698206380E-002  0.18203815897043713     
  -3.2760453344515439E-002  0.16878973434321792     
  -3.3090172798965492E-002  0.15534594499238497     
  -3.3321604274303418E-002  0.14178798031685366     
  -3.3402598107276853E-002  0.12826918354429842     
  -3.3252050184035528E-002  0.11493248830416904     
  -3.2879318273127546E-002  0.10174821283111900     
  -3.2384172155036417E-002   8.8561672431763591E-002
  -3.1765225758967355E-002   7.5394825179139785E-002
  -3.0938541383847863E-002   6.2632510260790711E-002
  -2.9915586384801830E-002   5.0707666382198605E-002
  -2.8566368705033859E-002   3.9629150621069163E-002
  -2.6457739998996081E-002   2.9175976362097424E-002
  -2.3551073637402022E-002   1.9531075222280585E-002
  -2.0292948477104104E-002   1.1203385825303764E-002
  -1.6957877119600524E-002   4.4319025288983450E-003
  -1.3572576896218840E-002  -8.5865259161000090E-004
  -1.0231490806579091E-002  -4.7197131875870626E-003
  -7.0388271797495938E-003  -7.1600717760204931E-003
  -4.0463713864179636E-003  -8.2720820410055254E-003
  -1.2791524631908188E-003  -8.1876883026477838E-003
   1.2529336493131160E-003  -7.0061234458696836E-003
   3.5306012684885864E-003  -4.8163215702335281E-003
   5.4956618853306150E-003  -1.7342807557122529E-003
   7.0997770327560520E-003   2.0864575172818991E-003
   8.3142506079174755E-003   6.4655640314932560E-003
   9.0664966111022559E-003   1.1210591975044310E-002
   9.4604104535564882E-003   1.6119194634530376E-002
   9.6861887206007181E-003   2.1026392754931525E-002
   9.7505974281343593E-003   2.5841939287517240E-002
   9.5583439666110607E-003   3.0493186990570711E-002
   9.0957814136670475E-003   3.4867172242278227E-002
   8.3338024531554034E-003   3.8830345258515593E-002
   7.2806105469325139E-003   4.2256206055673907E-002
   5.9316913350277809E-003   4.5030992815332918E-002
   4.3936064040367099E-003   4.7049639503003317E-002
   2.6418419249479232E-003   4.8237788730550415E-002
   5.2890991197394757E-004   4.8524997332117278E-002
  -1.7726073582648818E-003   4.7823292428251014E-002
  -3.8811435891716746E-003   4.6135137716357563E-002
  -5.7475496935865131E-003   4.3596074820752069E-002
  -7.4377503599167387E-003   4.0331953982051957E-002
  -8.9328443055631760E-003   3.6412647153880207E-002
  -1.0215154436291106E-002   3.1926779745818021E-002
  -1.1292480522714093E-002   2.6980012596339274E-002
  -1.2157451767540678E-002   2.1662969790861308E-002
  -1.2791885148215412E-002   1.6070637504340231E-002
  -1.3171163920462595E-002   1.0313178111047917E-002
  -1.3365555398157640E-002   4.4945361133897745E-003
  -1.3475743784650079E-002  -1.3181640711930906E-003
  -1.3502547253634608E-002  -7.0910903409614244E-003
  -1.3394345773504878E-002  -1.2780952244384990E-002
  -1.3140304572927983E-002  -1.8319128738771322E-002
  -1.2722706774059046E-002  -2.3639984888519049E-002
  -1.2148362857861692E-002  -2.8691737251234136E-002
  -1.1403722343598406E-002  -3.3416147110954003E-002
  -1.0561820760373151E-002  -3.7736012557077168E-002
  -9.5736566880803616E-003  -4.1589283477245262E-002
  -8.2505940631608758E-003  -4.4909414920034710E-002
  -6.6732520012749283E-003  -4.7583857842946914E-002
  -5.1515878627555536E-003  -4.9545826433428350E-002
  -3.7460377175617368E-003  -5.0849260809506615E-002
  -2.4158396373070361E-003  -5.1569309862969086E-002
  -1.1968715572538407E-003  -5.1745406904171773E-002
  -1.2386378357862171E-004  -5.1428895390958573E-002
   8.0666023321223593E-004  -5.0689234487735019E-002
   1.5869655817575383E-003  -4.9593878802180774E-002
   2.1897587523702919E-003  -4.8216289512942857E-002
   2.6063979821864237E-003  -4.6641804521406996E-002
   2.8508702203794110E-003  -4.4960219246776158E-002
   2.9798708089775481E-003  -4.3250177938992357E-002
   3.0381096006867445E-003  -4.1558659551701085E-002
   3.0089251701046899E-003  -3.9914516921464221E-002
   2.8536764556179438E-003  -3.8363235455532302E-002
   2.5636909043559399E-003  -3.6970330415028778E-002
   2.1273064134608730E-003  -3.5803363741426106E-002
   1.5469121307619830E-003  -3.4924679217878757E-002
   8.0824032186604163E-004  -3.4386570797319528E-002
  -3.6845916546158628E-005  -3.4238320314509178E-002
  -1.0231895626115130E-003  -3.4536293091682851E-002
  -2.2308018550516676E-003  -3.5356602705018225E-002
  -3.5237966170151842E-003  -3.6760618165394651E-002
  -4.6945102476388762E-003  -3.8726414675506686E-002
  -5.7553647664631332E-003  -4.1174507653491996E-002
  -6.7209341862261955E-003  -4.4049406704334812E-002
  -7.5572838190985214E-003  -4.7305601571175686E-002
  -8.2670648395992662E-003  -5.0880791993384328E-002
  -8.8612700438567994E-003  -5.4718334670378586E-002
  -9.3376881157705670E-003  -5.8767937901445050E-002
  -9.6920975705011691E-003  -6.2975490868059439E-002
  -9.9241465481964414E-003  -6.7287647669597217E-002
  -1.0050679813139323E-002  -7.1650740157672116E-002
  -1.0113742870923904E-002  -7.6020330436598338E-002
  -1.0136996649584619E-002  -8.0377316738725085E-002
  -1.0107986375847136E-002  -8.4710827313275505E-002
  -1.0005868562738891E-002  -8.8991533840826323E-002
  -9.8247936786035866E-003  -9.3178435032385251E-002
  -9.5590065075492510E-003  -9.7236316686469620E-002
  -9.2136475836027635E-003 -0.10113412891180545     
  -8.7689556140741719E-003 -0.10484213180195805     
  -8.2518585851724981E-003 -0.10832826503460519     
  -7.6103350907014587E-003 -0.11154774243625393     
  -6.7741033857081582E-003 -0.11442707278829319     
  -5.8560821559630006E-003 -0.11690079999415752     
  -4.9987678795523167E-003 -0.11896922893048913     
  -4.1715711391262468E-003 -0.12066954426184524     
  -3.3862788977266122E-003 -0.12202138641170172     
  -2.6850029655145764E-003 -0.12305180533172271     
  -2.0620524716878116E-003 -0.12380571102933616     
  -1.5120326092018814E-003 -0.12432058534501104     
  -1.0462997246173248E-003 -0.12463306241103451     
  -6.7130841953140291E-004 -0.12478924993147793     
  -3.8151829328656860E-004 -0.12483241823856384     
  -1.6155767508450923E-004 -0.12479738048595153     
  -1.1686067163802482E-005 -0.12471241365274355     
   7.9801034046026026E-005 -0.12459939439800696     
   1.3376515747776395E-004 -0.12447315136558718     
   1.4748543495149679E-004 -0.12434613814138760     
   1.0640927684600583E-004 -0.12423470149658715     
   1.3585714699578835E-005 -0.12415871618721981     
  -1.3023844203309309E-004 -0.12413835343559017     
  -3.2259150973744849E-004 -0.12419604438574182     
  -5.6212257948944913E-004 -0.12435610374833050     
  -8.3908443374688751E-004 -0.12464208787701048     
  -1.1450805725064315E-003 -0.12507272529516508     
  -1.4638824223071646E-003 -0.12565608438170658     
  -1.7652904274742317E-003 -0.12638528805430049     
  -2.0292963656965732E-003 -0.12724223716854985     
  -2.2549162835974125E-003 -0.12820641742390793     
  -2.4348277056518226E-003 -0.12925763234674603     
  -2.5639330727070548E-003 -0.13037233099720244     
  -2.6466628065522279E-003 -0.13152552443307627     
  -2.6897369617823173E-003 -0.13269633998879787     
  -2.7083352691639022E-003 -0.13387004842858269     
  -2.7169274125002753E-003 -0.13503847187452983     
  -2.7164069249287701E-003 -0.13619792420524102     
  -2.7023637089067334E-003 -0.13734561079088944     
  -2.6760147880497136E-003 -0.13847879512331879     
  -2.6368454467037474E-003 -0.13959413024382425     
  -2.5854236623603899E-003 -0.14068587227418000     
  -2.5183075640334224E-003 -0.14174831013683747     
  -2.4439415766033955E-003 -0.14277856620722731     
  -2.3540325496367244E-003 -0.14377454674238288     
  -2.2174429368264602E-003 -0.14472435229046388     
  -2.0370951911169700E-003 -0.14560443220405378     
  -1.8502176557632320E-003 -0.14639933741322828     
  -1.6641045882579988E-003 -0.14711080560719764     
  -1.4743881523085489E-003 -0.14774126065845813     
  -1.2889650722758177E-003 -0.14828925799479259     
  -1.1148428806766718E-003 -0.14875881947857320     
  -9.5272504979917853E-004 -0.14915747056870263     
  -8.0409336562164784E-004 -0.14949105412259844     
  -6.7104412287866382E-004 -0.14976598863712745     
  -5.5384352780083271E-004 -0.14999013098327807     
  -4.5186606352747493E-004 -0.15017062258462407     
  -3.6445886308385879E-004 -0.15031382872651761     
  -2.9069199636763904E-004 -0.15042598682783614     
  -2.2923688440448515E-004 -0.15051273775198609     
  -1.7865551393402118E-004 -0.15057885417466543     
  -1.3759675046024755E-004 -0.15062845653486731     
  -1.0472158353518591E-004 -0.15066507411211275     
  -7.8705092577649458E-005 -0.15069162606253389     
  -5.8335107748233807E-005 -0.15071049895402677     
  -4.2533911168603995E-005 -0.15072359828276030     
  -3.0377174811340066E-005 -0.15073238129791020     
  -2.1133737645657412E-005 -0.15073796192056210     
  -1.4233823787028217E-005 -0.15074122981247623     
  -9.1996358393767891E-006 -0.15074290011073524     
  -5.6181083668691673E-006 -0.15074352100256869     
  -3.1455845377852704E-006 -0.15074349469637247     
  -1.5015099447625094E-006 -0.15074311389508149     
  -4.5273858584092506E-007 -0.15074258580155861     
   1.9041422717337793E-007 -0.15074204081862297     
   5.6793779934084606E-007 -0.15074154752407584     
   7.7430326530165567E-007 -0.15074113905173148     
   8.7569048619483329E-007 -0.15074083341959824     
   9.1983910615290379E-007 -0.15074064114905344     
   9.2871526960797983E-007 -0.15074056988522938     
