 Initial conditions outputted from a previous simulation. Time =    15.600000000000001     
   40.000000000000000        0.0000000000000000              500           1   15.600000000000001     
   2.9371262634220320E-003  0.14947051209278830     
  -3.6729435506611921E-003  0.14708858919398976     
  -9.5731482687959838E-003  0.14224091137487987     
  -1.4765195428698837E-002  0.13524161402263982     
  -1.9277426062403326E-002  0.12638696569863442     
  -2.3150448000983800E-002  0.11594515645563007     
  -2.6437713523200856E-002  0.10415716998752741     
  -2.9192949021979615E-002   9.1239351004024902E-002
  -3.1466516204565601E-002   7.7384217523556925E-002
  -3.3309352464649021E-002   6.2764062487482050E-002
  -3.4760459777404253E-002   4.7532571175555337E-002
  -3.5850714310899645E-002   3.1826767072129364E-002
  -3.6582628684862617E-002   1.5771327657139355E-002
  -3.6994999202894958E-002  -5.1260524218631881E-004
  -3.7133554712008902E-002  -1.6910986697984513E-002
  -3.6993545525351390E-002  -3.3317739054016221E-002
  -3.6543545368553268E-002  -4.9626756009315084E-002
  -3.5788906638361914E-002  -6.5724560974395663E-002
  -3.4702044675016142E-002  -8.1495168970904530E-002
  -3.3285996165859741E-002  -9.6805793561663508E-002
  -3.1497165488878862E-002 -0.11150906928594012     
  -2.9369704230580128E-002 -0.12545259511812012     
  -2.6787353280506562E-002 -0.13849312743598471     
  -2.3595634711270429E-002 -0.15044490275460001     
  -1.9792181650552531E-002 -0.16107289002117511     
  -1.5414360619425534E-002 -0.17012940695116516     
  -1.0354233477430180E-002 -0.17735188200604821     
  -4.6200740227097152E-003 -0.18243169226073067     
   1.7847989439946973E-003 -0.18503517796473909     
   8.8404565351582840E-003 -0.18481086871065949     
   1.6434441045577567E-002 -0.18138006625345635     
   2.4384880648151773E-002 -0.17436041719288153     
   3.2468476411204684E-002 -0.16341520560010864     
   4.0184629121287521E-002 -0.14828957655329289     
   4.6789323906217317E-002 -0.12898545795479716     
   5.1476176528629562E-002 -0.10606219248192499     
   5.4331401089151354E-002  -8.0625499595181810E-002
   5.5791538566480427E-002  -5.3835457952890339E-002
   5.5652301572530316E-002  -2.6709283554657483E-002
   5.3511920983469470E-002  -3.1850982093830553E-004
   4.9603832910923476E-002   2.4291941493099392E-002
   4.4203764682958037E-002   4.6357607671431315E-002
   3.7672915741571632E-002   6.5352334789089084E-002
   3.0389836402303177E-002   8.0937696930416386E-002
   2.2648297424772434E-002   9.2955724868322723E-002
   1.4769676167570252E-002  0.10138829618341484     
   7.1942736538468232E-003  0.10636784967234997     
   2.3511065478307771E-004  0.10817168606485329     
  -5.9957958024536217E-003  0.10712825564334053     
  -1.1413289596340526E-002  0.10355743904431992     
  -1.6047329379480019E-002   9.7778725838889580E-002
  -1.9986443213965144E-002   9.0113307820359645E-002
  -2.3256034931590484E-002   8.0911980701340799E-002
  -2.5893633809936041E-002   7.0558562075590997E-002
  -2.8031275415325973E-002   5.9372750700308168E-002
  -2.9851106340330020E-002   4.7510187727219655E-002
  -3.1467236810376498E-002   3.4981800612454685E-002
  -3.2806851344756659E-002   2.1795545545453137E-002
  -3.3747324339754518E-002   8.0860754097077450E-003
  -3.4312905718130775E-002  -5.9411131410528669E-003
  -3.4659425772975545E-002  -2.0156237622813038E-002
  -3.4830377728906528E-002  -3.4504830687283369E-002
  -3.4739186723516224E-002  -4.8871407590504276E-002
  -3.4283444349225298E-002  -6.3051715642284997E-002
  -3.3423308197865480E-002  -7.6854787223603324E-002
  -3.2136973403326906E-002  -9.0158808522558101E-002
  -3.0468591823359276E-002 -0.10286134215744477     
  -2.8319430142956223E-002 -0.11483074707739035     
  -2.5758361914414794E-002 -0.12587242979579827     
  -2.2522921691578213E-002 -0.13573642478638859     
  -1.8322487900734437E-002 -0.14407513938323616     
  -1.3491976559090884E-002 -0.15053779760231262     
  -8.3745338283997620E-003 -0.15493399634071811     
  -2.8116316041676853E-003 -0.15711801726824479     
   3.0562993039840313E-003 -0.15688168073119685     
   9.0475946883726392E-003 -0.15408233388706760     
   1.5060467633257166E-002 -0.14864304158072267     
   2.0910193783007337E-002 -0.14053178911614519     
   2.6362065127171565E-002 -0.12983533946914869     
   3.1202576408634806E-002 -0.11677931664794319     
   3.5162535920543539E-002 -0.10170831534616548     
   3.8068353089053993E-002  -8.5082672564271974E-002
   3.9956255748215375E-002  -6.7424869664526821E-002
   4.1117113403412626E-002  -4.9202437089390844E-002
   4.1611341987208297E-002  -3.0760549410702057E-002
   4.1192012493550048E-002  -1.2485800170167857E-002
   3.9619970099407840E-002   5.1075342191712822E-003
   3.6903222148649266E-002   2.1467132007219648E-002
   3.3084992720724002E-002   3.6087614842348861E-002
   2.8303542795960198E-002   4.8526221598984953E-002
   2.2786424131771649E-002   5.8460477961104804E-002
   1.6767743156460686E-002   6.5703742360802495E-002
   1.0517435984282723E-002   7.0191486611718812E-002
   4.4268565697897309E-003   7.2001000901647585E-002
  -1.1853564206954273E-003   7.1367220308639831E-002
  -6.2444830927048216E-003   6.8590595949897998E-002
  -1.0742453831170978E-002   6.3945961779383290E-002
  -1.4685725193651510E-002   5.7684333867634011E-002
  -1.8129770197633011E-002   5.0022738422513133E-002
  -2.1127805847456875E-002   4.1137785310168665E-002
  -2.3711257007674489E-002   3.1186222256164645E-002
  -2.5885258962183976E-002   2.0307182398129526E-002
  -2.7658103432283806E-002   8.6408073486694218E-003
  -2.8918339571395182E-002  -3.6561917188929591E-003
  -2.9684294124305361E-002  -1.6402486903709042E-002
  -3.0094602216409097E-002  -2.9426891612290118E-002
  -3.0146726835462441E-002  -4.2582033082689701E-002
  -2.9758798989969863E-002  -5.5705148116580089E-002
  -2.9003808168632194E-002  -6.8627965898118148E-002
  -2.7921502360971670E-002  -8.1243235663512603E-002
  -2.6579083930343222E-002  -9.3507554411274840E-002
  -2.5027598371732757E-002 -0.10541098407583865     
  -2.3343996713974042E-002 -0.11690472319080246     
  -2.1521031181143978E-002 -0.12797479841916126     
  -1.9450286515976582E-002 -0.13870387457409269     
  -1.7100843960474389E-002 -0.14905995374855208     
  -1.4450184222528344E-002 -0.15899147114463183     
  -1.1450256942801912E-002 -0.16866492009911299     
  -8.1692944387036573E-003 -0.17817037724529788     
  -4.5749719124009332E-003 -0.18742001023673571     
  -5.8065885681885096E-004 -0.19661504338821625     
   3.7533804747810241E-003 -0.20566582189794386     
   8.4706217318020229E-003 -0.21357596270173229     
   1.3569801762715080E-002 -0.22068300846298883     
   1.8146657916664706E-002 -0.23013739659836105     
   2.2618963793185426E-002 -0.23565598283214081     
   2.8231364761540350E-002 -0.22783064787530358     
   3.3944196563013111E-002 -0.21171652048181253     
   3.7979839927229288E-002 -0.19456872004805323     
   4.0826983007701698E-002 -0.17442984649701226     
   4.2164044355908877E-002 -0.15417606383086196     
   4.2083154011157919E-002 -0.13330549961422963     
   4.0750384515801007E-002 -0.11091542250352383     
   3.7880027517613497E-002  -9.0728982742671840E-002
   3.3563976534204135E-002  -7.3961986354348128E-002
   2.8364749063510716E-002  -5.9680450113359658E-002
   2.2464745009250258E-002  -4.8896694117605687E-002
   1.6433856898329990E-002  -4.0428532556798284E-002
   1.0484123300386141E-002  -3.4694713721735798E-002
   4.7736877484289911E-003  -3.2331471543568344E-002
  -2.9617291580317698E-004  -3.2399136329148821E-002
  -5.1021820820482565E-003  -3.5501504308719969E-002
  -9.1523008230756341E-003  -3.9261561527209651E-002
  -1.2558312579295539E-002  -4.4244396644907980E-002
  -1.5737273539797089E-002  -5.1563777419594094E-002
  -1.8440805399742785E-002  -5.9570883666052774E-002
  -2.0718738842847789E-002  -6.8314627878621040E-002
  -2.2535482778643857E-002  -7.6700908914781624E-002
  -2.4297567782618181E-002  -8.6193053034628778E-002
  -2.5849315319743497E-002  -9.6910014404542347E-002
  -2.6962708116887994E-002 -0.10766929566949880     
  -2.7984140206695339E-002 -0.11947498252085080     
  -2.8814675318736906E-002 -0.13160111248339437     
  -2.9106929107352793E-002 -0.14222707015318647     
  -2.9578352520845796E-002 -0.15448108657092288     
  -2.9642850616615868E-002 -0.16631909088145425     
  -2.9130532899251476E-002 -0.17707622867117026     
  -2.8641824986330097E-002 -0.18946951757376077     
  -2.7752952410160368E-002 -0.20162061676222204     
  -2.6323681074857212E-002 -0.21212895759348313     
  -2.4304682255505923E-002 -0.22112178246375258     
  -2.2035400755767424E-002 -0.22997368683320760     
  -1.9228520383601962E-002 -0.23745240892428512     
  -1.5951454385590296E-002 -0.24358602030211229     
  -1.1986874290320743E-002 -0.24761658739378331     
  -7.5762438681401759E-003 -0.25015655709900070     
  -2.9141988668092643E-003 -0.25155672290460351     
   2.1412477214514452E-003 -0.25086530252262013     
   7.5931663117925676E-003 -0.24722728390429138     
   1.2926786137806746E-002 -0.24157485453721320     
   1.8351725628926199E-002 -0.23283923354894459     
   2.3744356601998817E-002 -0.22133718029138605     
   2.8497501372131404E-002 -0.20787460235921509     
   3.2561236205801723E-002 -0.19223665019781061     
   3.5879834235165685E-002 -0.17444693840693504     
   3.8217063648728740E-002 -0.15567541247390954     
   3.9380878786676989E-002 -0.13666554355727181     
   3.9662009260944313E-002 -0.11673515556613973     
   3.8958108703913932E-002  -9.6933047141961534E-002
   3.7055540417468252E-002  -7.8834379237997715E-002
   3.4285327482415182E-002  -6.1256084198037873E-002
   3.0733737366960903E-002  -4.4976383396095672E-002
   2.6454845821203828E-002  -3.0937120607752062E-002
   2.1642293643070607E-002  -1.9304198439368293E-002
   1.6444997666417670E-002  -1.0146935413513872E-002
   1.0979094095274207E-002  -3.6603808737173190E-003
   5.3592650654957002E-003   4.0536001859594218E-005
  -3.1315322309487112E-004   6.5269604135452801E-004
  -5.6644653701693592E-003  -7.5994528961348634E-004
  -1.0577960145088043E-002  -4.3534361597113757E-003
  -1.4987308480159079E-002  -1.0111740519391054E-002
  -1.8893506962683930E-002  -1.8264830713831955E-002
  -2.2222837312740846E-002  -2.8165468626849242E-002
  -2.4838577213370988E-002  -3.8982822319917246E-002
  -2.6898031096879899E-002  -5.0819274620427062E-002
  -2.8400192777106158E-002  -6.3251758493473115E-002
  -2.9371056923187679E-002  -7.5896116877414571E-002
  -2.9994175341770520E-002  -8.9021690265639067E-002
  -3.0223831145882441E-002 -0.10213585094385255     
  -2.9999887283769296E-002 -0.11489554795840802     
  -2.9615665807031614E-002 -0.12781590860039505     
  -2.9005115332125360E-002 -0.14043498682476163     
  -2.8026039464726586E-002 -0.15235580621236752     
  -2.6944430788907493E-002 -0.16442031069156801     
  -2.5606666706392771E-002 -0.17582485823444802     
  -2.4042662638895981E-002 -0.18653233916840586     
  -2.2316210119540478E-002 -0.19661722265025419     
  -2.0176247026752973E-002 -0.20546373146394128     
  -1.7832416640556452E-002 -0.21404527201122880     
  -1.5143970468810636E-002 -0.22148105041721008     
  -1.1965429455264272E-002 -0.22708946993702075     
  -8.4495753677061285E-003 -0.23181443362993667     
  -4.4186678366285427E-003 -0.23493381666282981     
  -9.4853128585675414E-005 -0.23681491543099153     
   4.6003042882647579E-003 -0.23656974063083880     
   9.8669799470353890E-003 -0.23285298640986782     
   1.5288209623371060E-002 -0.22692033282551571     
   2.0735596537513331E-002 -0.21859576204219053     
   2.6027996916579397E-002 -0.20788673149108500     
   3.0946150024425818E-002 -0.19459747304582106     
   3.5285833532223539E-002 -0.17839448699687857     
   3.8569460405907453E-002 -0.16037620965885990     
   4.0506865295561995E-002 -0.14104979678625382     
   4.1239346220534379E-002 -0.11978858860103794     
   4.0514149949169437E-002  -9.8798966526643842E-002
   3.8118036817341862E-002  -8.0076494082577804E-002
   3.4461318314168959E-002  -6.2852887717700243E-002
   2.9919336623860652E-002  -4.7145828837861142E-002
   2.4488477344047337E-002  -3.4524972137889604E-002
   1.8729744946076130E-002  -2.4337810580720657E-002
   1.2758187636382904E-002  -1.7346037385239040E-002
   6.7652064966819969E-003  -1.3574528750145384E-002
   1.1322513491760363E-003  -1.1961577643053941E-002
  -4.0534321081727052E-003  -1.2724974169788824E-002
  -8.7527209946060194E-003  -1.5701134612345367E-002
  -1.2916127732206411E-002  -2.0605772611239335E-002
  -1.6532085631548031E-002  -2.7183697447980246E-002
  -1.9575744812885158E-002  -3.4867531414895410E-002
  -2.2122086814336132E-002  -4.3623302073924890E-002
  -2.4199547776932975E-002  -5.3239815228002037E-002
  -2.5880661489812582E-002  -6.3553900097848642E-002
  -2.7226390577569249E-002  -7.4546672427556554E-002
  -2.8243622380317381E-002  -8.5819170273961617E-002
  -2.8958247500751509E-002  -9.7426459499196164E-002
  -2.9350923621579664E-002 -0.10914420892872866     
  -2.9505739342508715E-002 -0.12091660000439380     
  -2.9429846740142533E-002 -0.13270914759727423     
  -2.9075120282597372E-002 -0.14438592905864556     
  -2.8451663068807250E-002 -0.15587088559081425     
  -2.7537055107977975E-002 -0.16706610273850686     
  -2.6332572002317953E-002 -0.17779883878482183     
  -2.4833449822586461E-002 -0.18798954243584290     
  -2.3085846997587835E-002 -0.19751201926866982     
  -2.1077212493203316E-002 -0.20625187340868226     
  -1.8772685286404012E-002 -0.21415681665060404     
  -1.6143161165045699E-002 -0.22109326760128944     
  -1.3210048593517742E-002 -0.22690170599400905     
  -9.9367125723442938E-003 -0.23147703266804673     
  -6.3168529954390484E-003 -0.23461748583930453     
  -2.2735346697717557E-003 -0.23616609319742088     
   2.0787104851195440E-003 -0.23595654098956925     
   6.6550042079140722E-003 -0.23387384967844546     
   1.1394175545050176E-002 -0.22977341896832360     
   1.6132153328624194E-002 -0.22364926509557509     
   2.0687210950170488E-002 -0.21546967408687381     
   2.4917519108912371E-002 -0.20526401821560414     
   2.8707795394728116E-002 -0.19309903776700671     
   3.1700107539376604E-002 -0.17923168310629850     
   3.3722752174147157E-002 -0.16416510946826163     
   3.4905216194213641E-002 -0.14839881010994674     
   3.5220053044536806E-002 -0.13227981813855683     
   3.4436978011761085E-002 -0.11626640205862811     
   3.2636391596678499E-002 -0.10095273265298865     
   2.9885791489283667E-002  -8.6835324943595069E-002
   2.6368748475355634E-002  -7.4308260254409300E-002
   2.2222727669238145E-002  -6.3656786065421953E-002
   1.7624963250266995E-002  -5.5071467200466358E-002
   1.2761045611799030E-002  -4.8633929310711914E-002
   7.8320600425057525E-003  -4.4353015494574224E-002
   3.0556946480093110E-003  -4.2167310631925498E-002
  -1.3985691659378998E-003  -4.1918794209501890E-002
  -5.4866583644650191E-003  -4.3420367965027316E-002
  -9.1086096378737141E-003  -4.6473808345196425E-002
  -1.2241441029284133E-002  -5.0844211523939524E-002
  -1.4891967133792398E-002  -5.6301749106455343E-002
  -1.7075566854516961E-002  -6.2649609727499736E-002
  -1.8794391113696858E-002  -6.9705142550767027E-002
  -2.0085547776675015E-002  -7.7297810530183392E-002
  -2.1008191678266206E-002  -8.5269334474816966E-002
  -2.1596542495854701E-002  -9.3478394602074577E-002
  -2.1941590434510643E-002 -0.10180744997098418     
  -2.2144904919975915E-002 -0.11017490749089229     
  -2.2194554013039870E-002 -0.11852240615363561     
  -2.2028359930904618E-002 -0.12678297405380190     
  -2.1652925546270428E-002 -0.13488080972839050     
  -2.1062376531153972E-002 -0.14273720117887700     
  -2.0258643661178972E-002 -0.15025073899761024     
  -1.9197982814391622E-002 -0.15730957140288432     
  -1.7954297200794878E-002 -0.16380550015126422     
  -1.6470035716595634E-002 -0.16965822739555167     
  -1.4560290607210820E-002 -0.17476866918569767     
  -1.2302876110634457E-002 -0.17898043010839676     
  -9.9232752001617609E-003 -0.18217570615522527     
  -7.4160901587856601E-003 -0.18431691020628069     
  -4.8122518382690896E-003 -0.18536480806760489     
  -2.1915301550400525E-003 -0.18528838660343125     
   4.1288184797782504E-004 -0.18408701575570616     
   2.9592488577767210E-003 -0.18176945021369809     
   5.3862655812117223E-003 -0.17837150852583600     
   7.6393720894934502E-003 -0.17396334665455562     
   9.6733932217896151E-003 -0.16862960580229031     
   1.1458442588131175E-002 -0.16246821409345039     
   1.2968327070654000E-002 -0.15559733005187937     
   1.4170306993469188E-002 -0.14815362710258040     
   1.5059168341166140E-002 -0.14028954535639088     
   1.5635509972012476E-002 -0.13215687407084048     
   1.5978181937055604E-002 -0.12388837267706343     
   1.6173594935922058E-002 -0.11557873148087278     
   1.6201408849480594E-002 -0.10730114719495988     
   1.5997400397913992E-002  -9.9145039610244692E-002
   1.5564736251347577E-002  -9.1216347625984517E-002
   1.4908322251534897E-002  -8.3611631254131777E-002
   1.4051101640873798E-002  -7.6419141643772517E-002
   1.3011311103144099E-002  -6.9714738450349437E-002
   1.1837226933343159E-002  -6.3559402548599264E-002
   1.0548665462384893E-002  -5.7997982572169079E-002
   9.1722725434501776E-003  -5.3062948004114520E-002
   7.8052715539249085E-003  -4.8761498891932958E-002
   6.5323500310214269E-003  -4.5059075854868062E-002
   5.3589129436088824E-003  -4.1899106760576524E-002
   4.3051078827242460E-003  -3.9228269145575326E-002
   3.3843369738589964E-003  -3.6985952281034636E-002
   2.5944009655724724E-003  -3.5103790963193465E-002
   1.9404604617008134E-003  -3.3513842587227567E-002
   1.4245613602541696E-003  -3.2155811437480371E-002
   1.0274347338555176E-003  -3.0986454167664799E-002
   7.2858027696087160E-004  -2.9973806793715953E-002
   5.2221830567894555E-004  -2.9081584191035743E-002
   3.9511379362062153E-004  -2.8270382376191242E-002
   3.2177436928036875E-004  -2.7510473849033178E-002
   3.0018488074015371E-004  -2.6783824649748385E-002
   3.3730577395557946E-004  -2.6071293099482796E-002
   4.2640908942658201E-004  -2.5350338348408847E-002
   5.5833767469113565E-004  -2.4600891685406176E-002
   7.2818259324137124E-004  -2.3805322484116247E-002
   9.2685208234668832E-004  -2.2948428713124757E-002
   1.1456267108135708E-003  -2.2020730954728829E-002
   1.3732728727409488E-003  -2.1016867838107668E-002
   1.5923972504397221E-003  -1.9935211776489509E-002
   1.7855636407898294E-003  -1.8782467299760932E-002
   1.9370388775139084E-003  -1.7576613804505713E-002
   2.0278967155305809E-003  -1.6345720007018380E-002
   2.0693356038959791E-003  -1.5122787329821395E-002
   2.0899525715176314E-003  -1.3929328974308449E-002
   2.0964824150034415E-003  -1.2769171340078858E-002
   2.0821882559634822E-003  -1.1643749168833368E-002
   2.0497228847753115E-003  -1.0560079741298434E-002
   1.9992616651326100E-003  -9.5240768110303031E-003
   1.9335707728074733E-003  -8.5398566772202956E-003
   1.8543301416949517E-003  -7.6108166193172297E-003
   1.7673189125868409E-003  -6.7385043398352322E-003
   1.6733737073975003E-003  -5.9217842314118864E-003
   1.5646868022310978E-003  -5.1612170483839688E-003
   1.4408550445548093E-003  -4.4631083349400847E-003
   1.3129592479024412E-003  -3.8330932728843953E-003
   1.1863420671811690E-003  -3.2696232032534177E-003
   1.0617289037445426E-003  -2.7689786973942787E-003
   9.4110228441386017E-004  -2.3288704390987559E-003
   8.2704123257522669E-004  -1.9458003372584203E-003
   7.2084029081060481E-004  -1.6148234956402864E-003
   6.2304533367126534E-004  -1.3312377703920478E-003
   5.3418167183345497E-004  -1.0904139689927378E-003
   4.5451431886126865E-004  -8.8748299490303386E-004
   3.8385423992974116E-004  -7.1777029536236896E-004
   3.2180540696390218E-004  -5.7694423482851408E-004
   2.6789251109794531E-004  -4.6095553192520807E-004
   2.2150101404046018E-004  -3.6610141088835581E-004
   1.8192690992885289E-004  -2.8907652629643084E-004
   1.4846197481563513E-004  -2.2696098725186054E-004
   1.2040135575813016E-004  -1.7720210564111681E-004
   9.7054922588034231E-005  -1.3759966823254243E-004
   7.7776979699146511E-005  -1.0628072853167916E-004
   6.1975471559822781E-005  -8.1665492306569749E-005
   4.9113525379754372E-005  -6.2434571416205049E-005
   3.8714124185163803E-005  -4.7497750112729719E-005
   3.0360178192216388E-005  -3.5961957553893487E-005
   2.3690971030667273E-005  -2.7101651623222896E-005
   1.8398359682625561E-005  -2.0332509366676599E-005
   1.4222247334445263E-005  -1.5187689348393017E-005
   1.0945238696944466E-005  -1.1296926682681791E-005
   8.3873199433827083E-006  -8.3687207364747644E-006
   6.4008047169585189E-006  -6.1752050252544636E-006
   4.8655458502386612E-006  -4.5394213974290592E-006
   3.6845554337226426E-006  -3.3248276608739956E-006
   2.7801275540147960E-006  -2.4267223149719443E-006
   2.0904471984009780E-006  -1.7652885525789790E-006
   1.5666644098269692E-006  -1.2800219841072940E-006
   1.1704175354396044E-006  -9.2530716715695606E-007
   8.7176230480879514E-007  -6.6693103250327653E-007
   6.4745643355532844E-007  -4.7935893727422843E-007
   4.7955573518596712E-007  -3.4362334850834049E-007
   3.5427681774523114E-007  -2.4569822502461589E-007
   2.6108303060228758E-007  -1.7525596144484464E-007
   1.9195609650158804E-007  -1.2472317001958335E-007
   1.4082038880754479E-007  -8.8567699148176155E-008
   1.0309093473559545E-007  -6.2763314290088659E-008
   7.5320903832258306E-008  -4.4389991756174234E-008
   5.4928446615463123E-008  -3.1336994885509124E-008
   3.9986223037852248E-008  -2.2083356274910655E-008
   2.9060100999579461E-008  -1.5536334324723648E-008
   2.1086175289434431E-008  -1.0913047113971251E-008
   1.5277443845844243E-008  -7.6540925700429742E-009
   1.1053300649394764E-008  -5.3607529768591052E-009
   7.9864892461916282E-009  -3.7495098641307783E-009
   5.7633474910307855E-009  -2.6192087100689119E-009
   4.1541209373275062E-009  -1.8274310539148555E-009
   2.9908702930743436E-009  -1.2735433464970119E-009
   2.1510825909956419E-009  -8.8657007041498149E-010
   1.5455495972887296E-009  -6.1654112405165187E-010
   1.1094273309874777E-009  -4.2833352393388501E-010
   7.9565904285534319E-010  -2.9729862490181865E-010
   5.7014863786550001E-010  -2.0616398601174992E-010
   4.0822674186809761E-010  -1.4284286334129245E-010
   2.9206874228858188E-010  -9.8888433685387238E-011
   2.0881212516453347E-010  -6.8404971242929205E-011
   1.4918627741305418E-010  -4.7282209220900107E-011
   1.0651700632890805E-010  -3.2657824996688206E-011
   7.6004485635719663E-011  -2.2540650164884365E-011
   5.4200331063760078E-011  -1.5546922957277412E-011
   3.8629434485362076E-011  -1.0715916672491362E-011
   2.7516853056557222E-011  -7.3812187710438048E-012
   1.9590818750059854E-011  -5.0809705261762070E-012
   1.3940821235691383E-011  -3.4953456032719831E-012
   9.9154812173210671E-012  -2.4030481511388650E-012
   7.0491349767255601E-012  -1.6510752138287941E-012
   5.0091105427315924E-012  -1.1337192297690378E-012
   3.5578988802156793E-012  -7.7800036052215726E-013
   2.5260358652230407E-012  -5.3356853676837519E-013
   1.7926784636352960E-012  -3.6570963880999459E-013
   1.2717028816809595E-012  -2.5050545913611284E-013
   9.0176218706747434E-013  -1.7148674397497654E-013
   6.3918064009295543E-013  -1.1732042638532411E-013
   4.5287873687370726E-013  -8.0212627073856711E-014
   3.2075088779432906E-013  -5.4806661219459145E-014
   2.2708147826591312E-013  -3.7423126273683615E-014
   1.6070269529625040E-013  -2.5536221916221002E-014
   1.1368189580829231E-013  -1.7413093812557126E-014
   8.0386783074529992E-014  -1.1865605253731408E-014
   5.6819980137424235E-014  -8.0795935032271426E-015
   4.0145592151308094E-014  -5.4974944950739353E-015
   2.8352520255585147E-014  -3.7377028016080333E-015
   2.0015133185393542E-014  -2.5392024118510707E-015
   1.4123217584538137E-014  -1.7235713367559938E-015
   9.9612034632080831E-015  -1.1689237625833303E-015
   7.0224214235021440E-015  -7.9204968049540502E-016
   4.9482546763098773E-015  -5.3618041286541318E-016
   3.4849747442465817E-015  -3.6261292135896847E-016
   2.4531334112632955E-015  -2.4497929375135282E-016
   1.7258666442193835E-015  -1.6532842518989650E-016
   1.2135214426883760E-015  -1.1144848671825461E-016
   8.5276700332807311E-016  -7.5038436581542023E-017
   5.9888502355827205E-016  -5.0460159101995227E-017
   4.2031300122902737E-016  -3.3887426555050628E-017
   2.9478359631672918E-016  -2.2725893643926208E-017
   2.0659425205320878E-016  -1.5218089218560617E-017
   1.4467691835589259E-016  -1.0174596749035255E-017
   1.0123395107576709E-016  -6.7912508313974816E-018
   7.0774503740789178E-017  -4.5249248735495171E-018
   4.9434106100885564E-017  -3.0092000429880931E-018
   3.4494406186162068E-017  -1.9971597305944459E-018
   2.4044337710188460E-017  -1.3226191846664649E-018
   1.6741171619274443E-017  -8.7387394481924267E-019
   1.1642083826622367E-017  -5.7594222714804275E-019
   8.0854851170032226E-018  -3.7856531575946058E-019
   5.6074523158712239E-018  -2.4810766303629325E-019
   3.8829082015045075E-018  -1.6209557223323535E-019
   2.6842429141675236E-018  -1.0553935369078940E-019
   1.8522212696744977E-018  -6.8459678131964845E-020
   1.2755400509316962E-018  -4.4226084302988840E-020
   8.7647222867237196E-019  -2.8442581643748054E-020
   6.0079219807636955E-019  -1.8201331765649427E-020
   4.1071020632031192E-019  -1.1583639350648617E-020
   2.7992073086640382E-019  -7.3268739522898450E-021
   1.9013497740109837E-019  -4.6025553093817192E-021
   1.2865463329784910E-019  -2.8687925103928609E-021
   8.6675656652451282E-020  -1.7723714681975307E-021
   5.8103524858881201E-020  -1.0839337115531621E-021
   3.8726529591826862E-020  -6.5516798556718697E-022
   2.5639512962709468E-020  -3.9061439302550068E-022
   1.6842622368758779E-020  -2.2914673925577575E-022
   1.0962257620182134E-020  -1.3184934715028697E-022
   7.0572382671870131E-021  -7.4107620333120624E-023
   4.4843344858219524E-021  -4.0467396688562486E-023
   2.8050922476251518E-021  -2.1308066849704359E-023
   1.7213327888069383E-021  -1.0699883784845323E-023
   1.0305062738748829E-021  -5.0315532435080388E-024
   5.9479014126033305E-022  -2.1389511501422928E-024
   3.1958582295440982E-022  -7.5515431222946623E-025
   1.3780666235582944E-022  -1.5948400390218621E-025
   0.0000000000000000        0.0000000000000000     
