 Initial conditions outputted from a previous simulation. Time =    18.800000000000001     
   40.000000000000000        0.0000000000000000              500           1   18.800000000000001     
  -3.3887864056481400E-002  -6.9036395927159933E-002
  -3.2088342203055405E-002  -8.3894007264465942E-002
  -2.9947669202546379E-002  -9.8048953773204509E-002
  -2.7354852003861285E-002 -0.11133022011262637     
  -2.4288864496490287E-002 -0.12357364153976640     
  -2.0647290253347418E-002 -0.13453997396100797     
  -1.6393131042858281E-002 -0.14401590023952809     
  -1.1473842266229290E-002 -0.15173813747357590     
  -5.8542686483616380E-003 -0.15742258198789336     
   4.7612327062562223E-004 -0.16076019716527620     
   7.4944300727437189E-003 -0.16142174951978736     
   1.5121870088037739E-002 -0.15906845108723575     
   2.3218484267315691E-002 -0.15337265408089187     
   3.1541471290672057E-002 -0.14404884848723218     
   3.9746817033747051E-002 -0.13090708127772535     
   4.7490668194010516E-002 -0.11391631960361791     
   5.3888463470381481E-002  -9.3244649097265014E-002
   5.8358280774236479E-002  -6.9436563597998255E-002
   6.0952800687331096E-002  -4.3470102393850227E-002
   6.1528071949438337E-002  -1.6567102961049050E-002
   5.9726356044098310E-002   9.9575684868345934E-003
   5.5819851076209785E-002   3.4799574058795170E-002
   5.0142158688428390E-002   5.6908642687217903E-002
   4.3163606618132011E-002   7.5593065872506970E-002
   3.5382089596150253E-002   9.0511213904704846E-002
   2.7184186280477939E-002  0.10160966323916511     
   1.8911930351621722E-002  0.10900178988581205     
   1.0962024438536928E-002  0.11289838782800461     
   3.5918509480205199E-003  0.11361300837074398     
  -3.1583849788523193E-003  0.11150988137967391     
  -9.2421672500720437E-003  0.10693351949069432     
  -1.4645512089876009E-002  0.10021925261302349     
  -1.9405830952907367E-002   9.1691873637978830E-002
  -2.3560606924929801E-002   8.1643084563376600E-002
  -2.7158493472846310E-002   7.0332819528123869E-002
  -3.0255293968848438E-002   5.7988010509280229E-002
  -3.2872502880227833E-002   4.4802543105295072E-002
  -3.5010622436939476E-002   3.0963591997788566E-002
  -3.6661481643884664E-002   1.6667703831165635E-002
  -3.7741161378388385E-002   2.1136509804349913E-003
  -3.8355117944858283E-002  -1.2492892814331608E-002
  -3.8711935324709026E-002  -2.6993658544786147E-002
  -3.8823589220495225E-002  -4.1310186302090331E-002
  -3.8599635849828971E-002  -5.5375606141144861E-002
  -3.8074661744572171E-002  -6.9108249434099753E-002
  -3.7263986594482136E-002  -8.2461529720131169E-002
  -3.6218640065488750E-002  -9.5424167712342522E-002
  -3.4906590869389888E-002 -0.10799349612308233     
  -3.3476674952450131E-002 -0.12013169346238083     
  -3.1772099833108962E-002 -0.13180924482599665     
  -2.9212708308225130E-002 -0.14291611665085630     
  -2.5632874183055713E-002 -0.15310483819551957     
  -2.1296000988817666E-002 -0.16193629970545784     
  -1.6109733619870035E-002 -0.16902099492557751     
  -1.0028481855049676E-002 -0.17389560080697197     
  -3.2421556009630428E-003 -0.17608176464753975     
   4.0424635906653591E-003 -0.17523187124239820     
   1.1587850973391527E-002 -0.17110284859764727     
   1.9059469747325655E-002 -0.16355360912055136     
   2.6092178979660242E-002 -0.15262955989706059     
   3.2321315459630608E-002 -0.13860209253417438     
   3.7425863422873053E-002 -0.12193719944081277     
   4.1288260850822177E-002 -0.10323670303736372     
   4.3820115918350652E-002  -8.3145052208889486E-002
   4.5297265522898325E-002  -6.2274099266971257E-002
   4.6075676541706752E-002  -4.1100522302784950E-002
   4.6029529611898275E-002  -2.0013689700987908E-002
   4.4810797658216904E-002   5.0172491205735428E-004
   4.2394896023403031E-002   1.9854066832181421E-002
   3.8795790772211909E-002   3.7491772091718861E-002
   3.4134296936676696E-002   5.2927887582093269E-002
   2.8558940977589615E-002   6.5759158798227829E-002
   2.2313139068020824E-002   7.5689106554218802E-002
   1.5588881736878127E-002   8.2543000547673342E-002
   8.6973048071061401E-003   8.6280411140025937E-002
   2.1302367657995858E-003   8.7045754092701585E-002
  -3.8088628769066013E-003   8.5147461310792302E-002
  -9.1134575356460207E-003   8.0926179245901175E-002
  -1.3739611459840805E-002   7.4689834672512709E-002
  -1.7679391401726613E-002   6.6750994617082254E-002
  -2.0975447955174181E-002   5.7403168697074798E-002
  -2.3667351852201382E-002   4.6909282651078472E-002
  -2.5802409420469050E-002   3.5517263767708696E-002
  -2.7451119298891494E-002   2.3445571892203490E-002
  -2.8682725712416632E-002   1.0872268394667980E-002
  -2.9494058203680128E-002  -2.0558430189722963E-003
  -2.9982533537550302E-002  -1.5199398439903842E-002
  -3.0290033467419337E-002  -2.8448512257653890E-002
  -3.0409444230663673E-002  -4.1739116961361289E-002
  -3.0252872088436179E-002  -5.5000067486539655E-002
  -2.9799263293261914E-002  -6.8117302192743895E-002
  -2.9001946191305972E-002  -8.0954691471086901E-002
  -2.7813592586060348E-002  -9.3372244078167910E-002
  -2.6242570208907065E-002 -0.10522147480251809     
  -2.4254649771893261E-002 -0.11635295990053258     
  -2.1897480847009189E-002 -0.12660447482470971     
  -1.9026480199621023E-002 -0.13579122429456333     
  -1.5602946207217262E-002 -0.14367435800941561     
  -1.1828924025293038E-002 -0.15005412356093434     
  -7.8713856608896154E-003 -0.15481458965976902     
  -3.6991464905240944E-003 -0.15788421782664627     
   5.8393398078360995E-004 -0.15922474060114580     
   4.9573999382794554E-003 -0.15884282959309637     
   9.4139142982324012E-003 -0.15673333802846248     
   1.3989884326457079E-002 -0.15288687518134048     
   1.8683166580940318E-002 -0.14723483550339858     
   2.3392897140163828E-002 -0.13961250023066557     
   2.8041313252285219E-002 -0.12992272231577384     
   3.2410981436815936E-002 -0.11818714009195609     
   3.6270102292760210E-002 -0.10455701259523362     
   3.9179525349181066E-002  -8.9355288218221710E-002
   4.1004401128155864E-002  -7.3036607900451231E-002
   4.1792113220278357E-002  -5.6160325697187388E-002
   4.1395041703974914E-002  -3.9388181507001283E-002
   3.9492710774264646E-002  -2.3531365510711454E-002
   3.6215893838584930E-002  -9.3496913924167677E-003
   3.1759078521605311E-002   2.3662252494291189E-003
   2.6447289506604802E-002   1.0988122345751996E-002
   2.0570352759593725E-002   1.5549522272588651E-002
   1.4229078944213215E-002   1.5019435609832946E-002
   7.7786202005707327E-003   9.9120285806318376E-003
   1.9368028300810428E-003   2.2329710179074384E-003
  -3.1357927935301787E-003  -8.7667888283668900E-003
  -8.1791256654528341E-003  -2.7719163313780461E-002
  -1.3625934041373177E-002  -5.5758404523239498E-002
  -1.8089459379005763E-002  -8.1663096862116660E-002
  -2.0529855533566350E-002  -9.6442442040545889E-002
  -2.2377741067153456E-002 -0.10709886487306142     
  -2.4150823271185944E-002 -0.11930162745947238     
  -2.5276276840275315E-002 -0.13197337335662773     
  -2.6678757212021169E-002 -0.14846860863141029     
  -2.7681009140812247E-002 -0.16444991854734534     
  -2.7919682899462870E-002 -0.17698329562900555     
  -2.7927595118196199E-002 -0.18868760082400213     
  -2.8003992714786850E-002 -0.20234664351584455     
  -2.8177585408005145E-002 -0.21839037136208847     
  -2.8277541557327625E-002 -0.23509135520807478     
  -2.7836530482669868E-002 -0.24952984344948290     
  -2.7116086160173053E-002 -0.26271399852652128     
  -2.6279568957606143E-002 -0.27593552703694363     
  -2.5430714278106243E-002 -0.29054027236462443     
  -2.3999329286277390E-002 -0.30445664527704602     
  -2.2026920120082515E-002 -0.31590046511683212     
  -1.9834553844950455E-002 -0.32626165192238343     
  -1.7243692736564679E-002 -0.33575304049044369     
  -1.4166801601911307E-002 -0.34388025514411086     
  -1.0866498340780267E-002 -0.35143060694898065     
  -6.5611467737575124E-003 -0.35536923152663014     
  -1.8892473357157535E-003 -0.35730354219620508     
   3.1098480034509350E-003 -0.35739999106503711     
   8.5747316833130419E-003 -0.35362770876180100     
   1.3988295492548142E-002 -0.34730795474703186     
   1.9459029907719878E-002 -0.33915206798265002     
   2.5199886680992982E-002 -0.32600345540733089     
   3.0148201508633864E-002 -0.31006635143194428     
   3.4600135357427383E-002 -0.29011824047091672     
   3.8187223595501640E-002 -0.26678728818200192     
   3.9616385574499098E-002 -0.24544288552936824     
   4.0286270871368407E-002 -0.22239590108914917     
   3.9881266086751729E-002 -0.19713665599633443     
   3.7750083463996081E-002 -0.17306578524420982     
   3.4778149900899967E-002 -0.15016649086708031     
   3.0956009244750591E-002 -0.12914403721254369     
   2.5885667268968841E-002 -0.11221729847023426     
   2.0927554155272598E-002  -9.6890046161040702E-002
   1.6047244831850792E-002  -8.3786579794367905E-002
   1.0649742954069993E-002  -7.4897161973389373E-002
   5.5373430809125381E-003  -6.7520416143654047E-002
   8.5430267274619418E-004  -6.2458379779652053E-002
  -3.4510253550562426E-003  -6.0059556313314895E-002
  -7.7015212028489254E-003  -6.0549118555174267E-002
  -1.1571990302447533E-002  -6.2247642468202857E-002
  -1.5132165420548727E-002  -6.6741480768492484E-002
  -1.8354553753862680E-002  -7.3157134768725762E-002
  -2.1147108789418143E-002  -7.9908995416878750E-002
  -2.3549683097554022E-002  -8.7361222536785438E-002
  -2.5737631419151592E-002  -9.7101561616261642E-002
  -2.7391416634902153E-002 -0.10707170258209033     
  -2.8948505386910416E-002 -0.11841266272831921     
  -3.0123731951232115E-002 -0.13070453176754412     
  -3.0650090717899633E-002 -0.14263588401966959     
  -3.0860985654902161E-002 -0.15461300795218999     
  -3.0893646032246015E-002 -0.16715251211039611     
  -3.0598359713572294E-002 -0.17993751042706690     
  -2.9921963393301197E-002 -0.19210934692708817     
  -2.8703196781950428E-002 -0.20279639382676437     
  -2.7176104797586378E-002 -0.21311039130119036     
  -2.5421748364854634E-002 -0.22367918121109928     
  -2.3379199026376488E-002 -0.23370295833094168     
  -2.0775751665648896E-002 -0.24194507726677089     
  -1.7865265529905840E-002 -0.24939223249744383     
  -1.4938592190890092E-002 -0.25636521916946253     
  -1.1696756929254575E-002 -0.26202526948500260     
  -7.9999467375248320E-003 -0.26586131039308014     
  -4.0065533307041172E-003 -0.26763490143084595     
   2.7947864767185614E-004 -0.26772404941956135     
   4.8419364992428483E-003 -0.26554539509335551     
   9.5038853610704705E-003 -0.26074871755528872     
   1.4147584542580999E-002 -0.25432298855433838     
   1.8949544904045171E-002 -0.24364184257888288     
   2.3671982107404121E-002 -0.23090637010740830     
   2.7976450398703074E-002 -0.21604666858456445     
   3.2047465435848736E-002 -0.19805509720621231     
   3.5158755870463305E-002 -0.17938842152193610     
   3.7100526733987241E-002 -0.15993651988805491     
   3.7998952525811737E-002 -0.13857376463759874     
   3.7871218127993447E-002 -0.11698690962877256     
   3.6432557839720769E-002  -9.4777203629067525E-002
   3.3425001796053851E-002  -7.5420086631814195E-002
   2.9410510814909314E-002  -5.7504423337455306E-002
   2.4697817921032761E-002  -4.0507254783345457E-002
   1.9121840434446119E-002  -2.7049208308647658E-002
   1.3239679272876522E-002  -1.6713583264085782E-002
   7.0722890307756510E-003  -1.0639254081077062E-002
   9.8334724156419581E-004  -7.8922379514631026E-003
  -4.3339503173613217E-003  -5.8729625019352371E-003
  -9.2190229662752025E-003  -6.6367650973653686E-003
  -1.3497481070413859E-002  -9.5743627445910393E-003
  -1.7225982670950258E-002  -1.4849636002404515E-002
  -2.0354754365338252E-002  -2.1797634323835736E-002
  -2.2777812512004707E-002  -2.8832573708340650E-002
  -2.4889094373846756E-002  -3.7043059707385445E-002
  -2.6620066601988082E-002  -4.5970003568788928E-002
  -2.7847583338708317E-002  -5.4620817081412927E-002
  -2.8837785060843914E-002  -6.3975057397112789E-002
  -2.9785965358462674E-002  -7.4502476811647220E-002
  -3.0453200587258124E-002  -8.4892179846382698E-002
  -3.0908994379937212E-002  -9.5299389629556766E-002
  -3.1095084406793976E-002 -0.10507677253416499     
  -3.1087324091168579E-002 -0.11458781003593520     
  -3.1047313184784136E-002 -0.12519082144320426     
  -3.0834343638040478E-002 -0.13616572056077633     
  -3.0088135580333179E-002 -0.14552858335435612     
  -2.9162892476645420E-002 -0.15488785943833214     
  -2.7856530770309199E-002 -0.16350731777585928     
  -2.6017511471176282E-002 -0.17090394798727890     
  -2.3779119657167596E-002 -0.17733930378311283     
  -2.1020234332851787E-002 -0.18240690508986118     
  -1.7731294883776349E-002 -0.18630828891541559     
  -1.3791074442547742E-002 -0.18834909815693154     
  -9.4741455595279498E-003 -0.18888192551421285     
  -4.7951065936885466E-003 -0.18767367888601036     
   2.6495700446999649E-004 -0.18434974789884073     
   5.7313667744158013E-003 -0.17860808990418772     
   1.1226657380940046E-002 -0.17127795685772382     
   1.6646976044809851E-002 -0.16184877040435830     
   2.1875762006386988E-002 -0.15007438911218227     
   2.6560565420615759E-002 -0.13621223577258959     
   3.0623872983538292E-002 -0.12027999915023103     
   3.3683354720249893E-002 -0.10259297858247468     
   3.5464540805301342E-002  -8.3910413701906550E-002
   3.6123954989140686E-002  -6.4750032819430009E-002
   3.5782292515295258E-002  -4.5437753703868274E-002
   3.4188980712236194E-002  -2.6580997492055825E-002
   3.1551896985987059E-002  -8.7999952223085168E-003
   2.8046216634102058E-002   7.4124592779392009E-003
   2.3873107322084440E-002   2.1777668185469071E-002
   1.9216870080563071E-002   3.4132732169498435E-002
   1.4253802315152272E-002   4.4294384404627574E-002
   9.0545513630623884E-003   5.2077920951487201E-002
   3.8059231310707048E-003   5.7539691305408536E-002
  -1.3195884002123908E-003   6.0718799000423061E-002
  -6.1741989603803157E-003   6.1739231625411471E-002
  -1.0697435049190213E-002   6.0778877969080915E-002
  -1.4850691480112962E-002   5.7954891435360575E-002
  -1.8547476406373987E-002   5.3551215398732657E-002
  -2.1741849425699435E-002   4.7842856585253980E-002
  -2.4475402176500283E-002   4.0968627274170881E-002
  -2.6793017920799866E-002   3.3076790393938717E-002
  -2.8698567952595101E-002   2.4347460617130050E-002
  -3.0181142976382479E-002   1.4948067399139725E-002
  -3.1257034816406494E-002   5.0801374919213329E-003
  -3.1984793696533322E-002  -5.0930044926318120E-003
  -3.2407233822750306E-002  -1.5409420835321817E-002
  -3.2522537586061988E-002  -2.5742623878278432E-002
  -3.2330880437821778E-002  -3.6027605392292002E-002
  -3.1835691865462853E-002  -4.6169835142714728E-002
  -3.1057577248204175E-002  -5.6026493531087254E-002
  -2.9951768784030833E-002  -6.5450135930724906E-002
  -2.8508084911775113E-002  -7.4336980673905054E-002
  -2.6804072970647564E-002  -8.2613800647050498E-002
  -2.4774469513327190E-002  -9.0178157570666065E-002
  -2.2172295944885009E-002  -9.6856307477563450E-002
  -1.9017032729662521E-002 -0.10240008748664636     
  -1.5472704043392693E-002 -0.10659087045007851     
  -1.1537759844656815E-002 -0.10927380579919796     
  -7.2018603731097974E-003 -0.11025143214299911     
  -2.5557471424307856E-003 -0.10929609581756733     
   2.2784569696591493E-003 -0.10624379776644888     
   7.1017878851475863E-003 -0.10100880169770821     
   1.1678357213139980E-002  -9.3621320750834944E-002
   1.5790785757170255E-002  -8.4254739477139795E-002
   1.9258747280081749E-002  -7.3185909546137989E-002
   2.1969946246907048E-002  -6.0755787166291840E-002
   2.3792930166852851E-002  -4.7358353299657110E-002
   2.4902732297904379E-002  -3.3415165946280759E-002
   2.5592503926160182E-002  -1.9253629358757487E-002
   2.5820427369897925E-002  -5.0878272722039222E-003
   2.5364484884503380E-002   8.8257858485534819E-003
   2.4195545301019222E-002   2.2140687874227873E-002
   2.2298176639436361E-002   3.4521655354590765E-002
   1.9733058905719140E-002   4.5668699650127952E-002
   1.6557818057134962E-002   5.5326535001610382E-002
   1.2946976483411832E-002   6.3291737413297508E-002
   8.9670885672785069E-003   6.9424693444305713E-002
   4.6546212878735317E-003   7.3626378979864543E-002
   3.0637922245992555E-004   7.5852698421979073E-002
  -3.7508269111109281E-003   7.6190908362022747E-002
  -7.4814319090940719E-003   7.4827090473084973E-002
  -1.0839989896718753E-002   7.1941495578153603E-002
  -1.3768933464435562E-002   6.7721289201491688E-002
  -1.6262182890695389E-002   6.2368068323220810E-002
  -1.8323232683344095E-002   5.6075573145921521E-002
  -1.9962136951418293E-002   4.9037258807505972E-002
  -2.1202661539595435E-002   4.1430026507865737E-002
  -2.2083411339298920E-002   3.3406343125753482E-002
  -2.2626535144488428E-002   2.5112476815381968E-002
  -2.2925566375031792E-002   1.6679688580566881E-002
  -2.3076655546874540E-002   8.1855722685834961E-003
  -2.3065496272508913E-002  -3.2515850601296046E-004
  -2.2829662769621284E-002  -8.7845412370577934E-003
  -2.2367053304295236E-002  -1.7098653563600588E-002
  -2.1661808391087507E-002  -2.5171761782277226E-002
  -2.0718319585833221E-002  -3.2897313591163803E-002
  -1.9474407722366353E-002  -4.0175765453848579E-002
  -1.8014460939563756E-002  -4.6913828085307252E-002
  -1.6219705477258328E-002  -5.3008550257297178E-002
  -1.3842869884653324E-002  -5.8270300039501129E-002
  -1.1043453769304731E-002  -6.2453183904560609E-002
  -8.1404953643679449E-003  -6.5417624933956017E-002
  -5.1172084334997507E-003  -6.7125264546249688E-002
  -2.0591481198757441E-003  -6.7524586017790114E-002
   8.8752756644196944E-004  -6.6622326857724387E-002
   3.6353415864676460E-003  -6.4507356567002030E-002
   6.0796031029485857E-003  -6.1294403364753794E-002
   8.1247514236932241E-003  -5.7137622438232810E-002
   9.7093233362115419E-003  -5.2242555565518427E-002
   1.0824457516976853E-002  -4.6851130316854027E-002
   1.1504240684794664E-002  -4.1209278591158222E-002
   1.1881408470904553E-002  -3.5502330026020261E-002
   1.2065419507436295E-002  -2.9826198408489903E-002
   1.2027424293931130E-002  -2.4253018996306355E-002
   1.1700270202829407E-002  -1.8889185592810127E-002
   1.1102970693059974E-002  -1.3854232390648128E-002
   1.0255591647419862E-002  -9.2484705415256888E-003
   9.1944242007463046E-003  -5.1586162297001942E-003
   7.9699053216702939E-003  -1.6509061649573845E-003
   6.6316293288970892E-003   1.2333743782633631E-003
   5.2417701712888249E-003   3.4737966325203203E-003
   3.9051905775988917E-003   5.0849766957084108E-003
   2.7091569098786966E-003   6.1318622180439528E-003
   1.6735430432013054E-003   6.7057880898948700E-003
   8.0281882508420718E-004   6.8937991322763625E-003
   1.0350334838652739E-004   6.7787327988613191E-003
  -4.3320667122646677E-004   6.4395059870770597E-003
  -8.2431439727470590E-004   5.9423993953041732E-003
  -1.0942103039580820E-003   5.3450829181563037E-003
  -1.2580283173322944E-003   4.6968735338458580E-003
  -1.3470635120257383E-003   4.0336365729719175E-003
  -1.3950640454854848E-003   3.3756377388520775E-003
  -1.4050973933731237E-003   2.7346180274170568E-003
  -1.3675612180472534E-003   2.1238971615387282E-003
  -1.2917265510365048E-003   1.5588175768937217E-003
  -1.1840218885280733E-003   1.0504513889584019E-003
  -1.0522810200610060E-003   6.0699742170457498E-004
  -9.0459050938834806E-004   2.3434957993247229E-004
  -7.4659694109058565E-004  -6.4839058152331861E-005
  -5.8626240996110114E-004  -2.9043900884579912E-004
  -4.3747677103857675E-004  -4.4623192526807765E-004
  -3.0912601715775954E-004  -5.4169343471412775E-004
  -2.0104327233628382E-004  -5.8883893032482537E-004
  -1.1386361445973315E-004  -5.9861806544897109E-004
  -4.7396023641672765E-005  -5.8133931343365831E-004
   1.2338967801843647E-006  -5.4630865731068929E-004
   3.4773364886988131E-005  -5.0059882351139156E-004
   5.6413697022210203E-005  -4.4957975796055779E-004
   6.9050485500913978E-005  -3.9727189224024939E-004
   7.5763498446388222E-005  -3.4616817137633749E-004
   7.8703551067028796E-005  -2.9746816174714352E-004
   7.8300156936798957E-005  -2.5192386877004530E-004
   7.4648981810691945E-005  -2.1032861110541995E-004
   6.9062297562373989E-005  -1.7327595344754769E-004
   6.2235686835900359E-005  -1.4089923383875234E-004
   5.4757190080452732E-005  -1.1313534437750903E-004
   4.7168630485892986E-005  -8.9781257521580571E-005
   3.9756090398867059E-005  -7.0506017377863585E-005
   3.2921726804499904E-005  -5.4901915287916993E-005
   2.7021322595289926E-005  -4.2432395055906882E-005
   2.2006291006225979E-005  -3.2529602412324546E-005
   1.7671307640268102E-005  -2.4740135589841760E-005
   1.4081198594025054E-005  -1.8695082514171033E-005
   1.1124560162492577E-005  -1.4032946168233120E-005
   8.7130482454498099E-006  -1.0464748257241780E-005
   6.7753953642678607E-006  -7.7609213728773369E-006
   5.2345412819090465E-006  -5.7244169403544103E-006
   4.0173582396346408E-006  -4.1994551869470185E-006
   3.0651245840040771E-006  -3.0664250237672020E-006
   2.3263126944789278E-006  -2.2290609433559642E-006
   1.7564929786760570E-006  -1.6131870043983218E-006
   1.3199900311682303E-006  -1.1629452220858581E-006
   9.8769065722906373E-007  -8.3525916511356443E-007
   7.3605887077837639E-007  -5.9776108099020203E-007
   5.4644547104851366E-007  -4.2641276169506293E-007
   4.0426512867590838E-007  -3.0325711528220109E-007
   2.9811484200683032E-007  -2.1504922262955543E-007
   2.1916510021342828E-007  -1.5209250359877652E-007
   1.6067285246105530E-007  -1.0730096490308017E-007
   1.1748600747465762E-007  -7.5523833431245290E-008
   8.5697794038942377E-008  -5.3042523865806312E-008
   6.2369905628245510E-008  -3.7178299751733882E-008
   4.5297622039306324E-008  -2.6009716276165356E-008
   3.2834360207460250E-008  -1.8164294612115110E-008
   2.3757299881244275E-008  -1.2664581977542723E-008
   1.7160841723506906E-008  -8.8165871209754222E-009
   1.2376610209211505E-008  -6.1290082074671281E-009
   8.9132292682885808E-009  -4.2550269799124079E-009
   6.4103784523575109E-009  -2.9503607832685677E-009
   4.6045516654361654E-009  -2.0433485945962767E-009
   3.3035743228312848E-009  -1.4136352820266330E-009
   2.3676038772226086E-009  -9.7698886714416151E-010
   1.6950951115952757E-009  -6.7456834728272696E-010
   1.2124641206146685E-009  -4.6534106131324909E-010
   8.6648461086572976E-010  -3.2073684446357506E-010
   6.1872121963461526E-010  -2.2089133092123700E-010
   4.4146310704064105E-010  -1.5201261579469691E-010
   3.1476049310458541E-010  -1.0453668153368055E-010
   2.2427030676412526E-010  -7.1839100128659574E-011
   1.5969332596999298E-010  -4.9336657679428717E-011
   1.1364263781441256E-010  -3.3861580121183208E-011
   8.0825807866354371E-011  -2.3226502809038329E-011
   5.7454796135498797E-011  -1.5922405056863575E-011
   4.0820845703824762E-011  -1.0909115733868588E-011
   2.8988648281617559E-011  -7.4702129446034313E-012
   2.0576610192533738E-011  -5.1126291333631786E-012
   1.4599169632748454E-011  -3.4972577289099332E-012
   1.0353769504516852E-011  -2.3910357028530233E-012
   7.3399217706248171E-012  -1.6338851466612943E-012
   5.2013089411461576E-012  -1.1159248327589234E-012
   3.6844016089045573E-012  -7.6177410525397240E-013
   2.6089055560644047E-012  -5.1974965905138375E-013
   1.8466731350576047E-012  -3.5443522722848614E-013
   1.3066654980312647E-012  -2.4157453765710514E-013
   9.2423677483258990E-013  -1.6456331987570750E-013
   6.5350286525210606E-013  -1.1204115384790102E-013
   4.6191013552552894E-013  -7.6239290834990424E-014
   3.2637198603132622E-013  -5.1847760638674512E-014
   2.3052212998220786E-013  -3.5238970516648318E-014
   1.6276276809510329E-013  -2.3935894821916649E-014
   1.1487826837551063E-013  -1.6247987015707637E-014
   8.1050945817793931E-014  -1.1022042095069676E-014
   5.7162610272918903E-014  -7.4718007170783538E-015
   4.0299111567360967E-014  -5.0614647104345329E-015
   2.8399020261765061E-014  -3.4261054055816102E-015
   2.0004606606170363E-014  -2.3173063348545432E-015
   1.4085394607090309E-014  -1.5660577473964603E-015
   9.9131841665619248E-015  -1.0574399385408173E-015
   6.9735591042103201E-015  -7.1335848815001201E-016
   4.9032507399971073E-015  -4.8077642901814590E-016
   3.4458174406528571E-015  -3.2369729036905739E-016
   2.4202946465563927E-015  -2.1770633435965055E-016
   1.6990268683194449E-015  -1.4625568136145724E-016
   1.1919975595558684E-015  -9.8137621267275832E-017
   8.3575588285386658E-016  -6.5767066904942749E-017
   5.8559446655087658E-016  -4.4014730694804697E-017
   4.1002556210471007E-016  -2.9414931578464159E-017
   2.8688160547577734E-016  -1.9628099517910918E-017
   2.0056345585284252E-016  -1.3076337275295787E-017
   1.4009922481224074E-016  -8.6964956809112507E-018
   9.7775422876213048E-017  -5.7729945402930125E-018
   6.8172052283988591E-017  -3.8247233408062949E-018
   4.7482708365271793E-017  -2.5285906532479665E-018
   3.3035699564625880E-017  -1.6678912882604544E-018
   2.2956894993697734E-017  -1.0974665565795319E-018
   1.5932458399762092E-017  -7.2021846968869904E-019
   1.1041952087041531E-017  -4.7129385679395664E-019
   7.6409961560845395E-018  -3.0744505920197815E-019
   5.2788103011960073E-018  -1.9988107055710454E-019
   3.6402989419193350E-018  -1.2946983304156239E-019
   2.5053970107268540E-018  -8.3522577618061434E-020
   1.7205487924993727E-018  -5.3641485261982297E-020
   1.1787111163530267E-018  -3.4281167979179288E-020
   8.0534231622648783E-019  -2.1788733833073500E-020
   5.4859200325489370E-019  -1.3764284985731377E-020
   3.7243721052760266E-019  -8.6356488185532747E-021
   2.5188376702816967E-019  -5.3761179324510696E-021
   1.6961430569385772E-019  -3.3174959701145519E-021
   1.1364887848638573E-019  -2.0265455559384342E-021
   7.5713834936253567E-020  -1.2235339456705199E-021
   5.0105692210165645E-020  -7.2867325195422347E-022
   3.2900644652465408E-020  -4.2700303941286266E-022
   2.1405196903342603E-020  -2.4543675640881376E-022
   1.3774834243585345E-020  -1.3781008002282802E-022
   8.7496590296073562E-021  -7.5178408794006257E-023
   5.4713322576862064E-021  -3.9547297001801483E-023
   3.3564334742622315E-021  -1.9840598268440822E-023
   2.0088591956204530E-021  -9.3218523946885704E-024
   1.1592313409494031E-021  -3.9596155894611189E-024
   6.2276287622473236E-022  -1.3969231923210582E-024
   2.6849770151365513E-022  -2.9480345877442871E-025
   0.0000000000000000        0.0000000000000000     
