 Initial conditions outputted from a previous simulation. Time =    18.600000000000001     
   40.000000000000000        0.0000000000000000              500           1   18.600000000000001     
  -2.1987977952692358E-002 -0.12530773864856101     
  -1.7852252876137537E-002 -0.13528036532369642     
  -1.3113225026449659E-002 -0.14358313635290193     
  -7.6878548260229098E-003 -0.14993887707009723     
  -1.5792298571545486E-003 -0.15405256020942656     
   5.2343765174458117E-003 -0.15558896237256023     
   1.2683282496886421E-002 -0.15421778870909947     
   2.0653294632412594E-002 -0.14960346837620589     
   2.8929404732198585E-002 -0.14144189272107552     
   3.7225335123555581E-002 -0.12950823110910073     
   4.5151236523869723E-002 -0.11371653935044852     
   5.2117411300021607E-002  -9.4183560761455121E-002
   5.7522133543507582E-002  -7.1331859644778936E-002
   6.1024527574566133E-002  -4.5971837428704851E-002
   6.2330598953947838E-002  -1.9232974506087543E-002
   6.1230594265762925E-002   7.5715571264107200E-003
   5.7840598694439874E-002   3.3107381821514001E-002
   5.2527196295387442E-002   5.6224621526938148E-002
   4.5749118199699214E-002   7.6102924635095992E-002
   3.8036833392099449E-002   9.2276843630685071E-002
   2.9835475497397186E-002  0.10460368944427792     
   2.1526840498381619E-002  0.11315900157885349     
   1.3480607348557811E-002  0.11813643752346363     
   5.9563767130046425E-003  0.11982079866526986     
  -9.4072720192742479E-004  0.11855513712060546     
  -7.1583947151131252E-003  0.11467988645812832     
  -1.2669251089180922E-002  0.10851757153016399     
  -1.7499371917999947E-002  0.10037879297827777     
  -2.1693490809285759E-002   9.0549736986941132E-002
  -2.5303375837549595E-002   7.9290493149667601E-002
  -2.8391371294889049E-002   6.6840469320793794E-002
  -3.1018680294331170E-002   5.3418627438422114E-002
  -3.3228250106898005E-002   3.9222873119944629E-002
  -3.5059018645744976E-002   2.4434679277907774E-002
  -3.6525838243941587E-002   9.2215400412286961E-003
  -3.7533724591816024E-002  -6.2481427325367907E-003
  -3.8138183922072653E-002  -2.1767615282222701E-002
  -3.8502772264225667E-002  -3.7143655766632519E-002
  -3.8628510056564036E-002  -5.2260163801396940E-002
  -3.8420659058165663E-002  -6.7027485358051336E-002
  -3.7889019577119411E-002  -8.1339089409233942E-002
  -3.7022276834551497E-002  -9.5107895232799652E-002
  -3.5848684536827449E-002 -0.10827037672504013     
  -3.4333787879633926E-002 -0.12076353932173182     
  -3.2637653406504152E-002 -0.13251474514196784     
  -3.0649431970893416E-002 -0.14352495990254954     
  -2.7839642116855884E-002 -0.15375297509212540     
  -2.4054352417213157E-002 -0.16289445513114897     
  -1.9543962404284257E-002 -0.17054308318433567     
  -1.4174013485170852E-002 -0.17637892856461876     
  -7.8201953878171380E-003 -0.17998859258704969     
  -6.1924389096630042E-004 -0.18085269422757072     
   7.2072500500845417E-003 -0.17853121677840614     
   1.5337283738910044E-002 -0.17271705263326487     
   2.3324239122159557E-002 -0.16327249194342716     
   3.0653341149643680E-002 -0.15027418383433960     
   3.6871875399477151E-002 -0.13403528609107282     
   4.1727359332388754E-002 -0.11514761070226323     
   4.4948625751979401E-002  -9.4410927304491979E-002
   4.6837513680675631E-002  -7.2646707490770193E-002
   4.7951003068422683E-002  -5.0453982060207361E-002
   4.8234114594642143E-002  -2.8230511290176480E-002
   4.7286906733938899E-002  -6.4584705353394343E-003
   4.5078235359171624E-002   1.4227073174600400E-002
   4.1611217271849424E-002   3.3226275048641764E-002
   3.7025352471388565E-002   5.0030858330762519E-002
   3.1484542582358679E-002   6.4251932697357211E-002
   2.5274931530816988E-002   7.5613979373745963E-002
   1.8573938356953326E-002   8.3937386943752329E-002
   1.1574637638712727E-002   8.9141980421920688E-002
   4.7181785765958231E-003   9.1295136495551321E-002
  -1.6063530033115635E-003   9.0635654183104097E-002
  -7.3360946334909997E-003   8.7482884073287859E-002
  -1.2397520215661238E-002   8.2143796401636118E-002
  -1.6736793071873524E-002   7.4934555894922927E-002
  -2.0387325407801457E-002   6.6166345101449406E-002
  -2.3398376364057689E-002   5.6113675392554227E-002
  -2.5814011889789747E-002   4.5030320647357569E-002
  -2.7684899299834469E-002   3.3143723966148939E-002
  -2.9057939261945595E-002   2.0645400878178552E-002
  -2.9998746925642202E-002   7.7141216423581944E-003
  -3.0577048412720853E-002  -5.4852957491917176E-003
  -3.0908011490794206E-002  -1.8836403291134965E-002
  -3.1063499223398974E-002  -3.2270436648095112E-002
  -3.0999628467998214E-002  -4.5711332741150808E-002
  -3.0640455816292263E-002  -5.9043181106658890E-002
  -2.9975921638983532E-002  -7.2144014451969385E-002
  -2.8981774241517651E-002  -8.4904074672166902E-002
  -2.7665495851292278E-002  -9.7196861705642901E-002
  -2.5935174205892884E-002 -0.10888345318431926     
  -2.3854093804132306E-002 -0.11980291727446774     
  -2.1248412326759419E-002 -0.12975487580635078     
  -1.7898350493314910E-002 -0.13846509840727339     
  -1.4039521436671034E-002 -0.14566803521825358     
  -9.9532719583269019E-003 -0.15122340497278172     
  -5.5444511601172508E-003 -0.15503482978190075     
  -8.9624873557705704E-004 -0.15697086919342707     
   3.8605331437240693E-003 -0.15695202680331374     
   8.6473508338715515E-003 -0.15496349337881501     
   1.3378692472015773E-002 -0.15102384572772234     
   1.8019708820215075E-002 -0.14517699152024025     
   2.2560486754159285E-002 -0.13745656332592254     
   2.6977874098953910E-002 -0.12788899122701022     
   3.1177570055968853E-002 -0.11648059446057303     
   3.5001602795572476E-002 -0.10326143767588758     
   3.7934269123007285E-002  -8.8428926346667144E-002
   3.9805696995789237E-002  -7.2357455620749300E-002
   4.0801754860907286E-002  -5.5465646992687863E-002
   4.0806681991813316E-002  -3.8243013122549643E-002
   3.9486744122017428E-002  -2.1347092000827222E-002
   3.6904124672561718E-002  -5.4800866369117962E-003
   3.3170257304583520E-002   8.7394477943059604E-003
   2.8481082441738831E-002   2.0717897848887494E-002
   2.3049797500385577E-002   2.9906415974291688E-002
   1.7095295944534131E-002   3.5891567533685373E-002
   1.0841952840337147E-002   3.8416304056340445E-002
   4.6599951030905241E-003   3.7504772215027918E-002
  -1.0742393003098200E-003   3.3305593724054845E-002
  -6.2313651580109663E-003   2.5594066906457758E-002
  -1.0887076001577428E-002   1.4028678196169753E-002
  -1.4923869289695257E-002  -8.2705664929460566E-004
  -1.8044712503912212E-002  -1.7409158914350471E-002
  -2.0406429689582749E-002  -3.6086821646651356E-002
  -2.2785361241933619E-002  -6.1214875485008140E-002
  -2.5827588879348367E-002  -9.4835464232111075E-002
  -2.8172260187726145E-002 -0.12565479082547396     
  -2.8586624873125542E-002 -0.14406411815933851     
  -2.8476445395856882E-002 -0.15742290088487643     
  -2.8663908465901781E-002 -0.17177158283861943     
  -2.8486392034279835E-002 -0.18582734728185207     
  -2.8699465960012015E-002 -0.20316839938269196     
  -2.8635373679716615E-002 -0.21954500085578796     
  -2.7950392715869292E-002 -0.23207338184759055     
  -2.6991386452053220E-002 -0.24349387841688697     
  -2.6118181938828464E-002 -0.25656940194615091     
  -2.5289827694887156E-002 -0.27165427584141982     
  -2.4189811161438098E-002 -0.28694430133910415     
  -2.2491228074517308E-002 -0.29954168450091428     
  -2.0365983621856234E-002 -0.31022347942101824     
  -1.7592965864173984E-002 -0.32016938846523729     
  -1.4835592583046417E-002 -0.33102855678774701     
  -1.1929482487369103E-002 -0.34016849516294095     
  -8.0570466600987257E-003 -0.34555460731257381     
  -3.5226326347386127E-003 -0.34902033253507947     
   1.3250779975724522E-003 -0.35054980843528327     
   6.7718212277989576E-003 -0.34942020913710581     
   1.2035286542806851E-002 -0.34675872755373144     
   1.7691543421840247E-002 -0.33907042611893967     
   2.3325440346821331E-002 -0.32848561928920278     
   2.8607599966169846E-002 -0.31524419488786970     
   3.3647891829459944E-002 -0.29755979832497648     
   3.7566192230243510E-002 -0.27832039807306952     
   3.9407349215661427E-002 -0.25895625353884866     
   4.1036660946538260E-002 -0.23443711501033451     
   4.0809211608075747E-002 -0.21009033147193915     
   3.9006567654797673E-002 -0.18676126118037678     
   3.6501651265179631E-002 -0.16322280823541338     
   3.2468537279955190E-002 -0.14407232972457959     
   2.7496151663371993E-002 -0.12812479059830970     
   2.2683635716514931E-002 -0.11237256390192156     
   1.7329158957558606E-002  -9.8770107460163292E-002
   1.2105136636100494E-002  -8.7976734101053777E-002
   7.1518987083095823E-003  -8.0021348851561480E-002
   2.1302995608697955E-003  -7.5586728817848309E-002
  -2.4112838209113560E-003  -7.2185727514983866E-002
  -6.5156905325138301E-003  -7.0288078620603364E-002
  -1.0385111552039682E-002  -7.1648769670144316E-002
  -1.3757145304627299E-002  -7.4106085684264203E-002
  -1.6967436662646912E-002  -7.7825442950280960E-002
  -1.9931113800754192E-002  -8.3159942877533408E-002
  -2.2468903438677960E-002  -9.0529664517813968E-002
  -2.4452631885275043E-002  -9.8641586689115116E-002
  -2.6433005441839172E-002 -0.10868159306101365     
  -2.8210608932601966E-002 -0.11987166576282611     
  -2.9340983645780437E-002 -0.13047471117556969     
  -3.0025957028540468E-002 -0.14119530634609034     
  -3.0725037563978271E-002 -0.15358808301458779     
  -3.0814362968569885E-002 -0.16536471831224073     
  -3.0572474469821271E-002 -0.17790236278075514     
  -3.0137322114381897E-002 -0.19081814758627849     
  -2.9279191348189976E-002 -0.20246141607240112     
  -2.7955680250774981E-002 -0.21339949196204464     
  -2.6252027233556643E-002 -0.22425534092171956     
  -2.4276839364212731E-002 -0.23469499461640217     
  -2.1930368329529912E-002 -0.24380136290355059     
  -1.9058963681739281E-002 -0.25071723131847096     
  -1.5887916950152237E-002 -0.25652234454535022     
  -1.2443791713774471E-002 -0.26177765278171283     
  -8.7549304996256006E-003 -0.26570274850872921     
  -4.7988865659643861E-003 -0.26723914353991507     
  -4.9206175363217339E-004 -0.26699279066678250     
   4.1079934659960056E-003 -0.26585605712538884     
   8.7431539567140483E-003 -0.26266189262136835     
   1.3522858777152620E-002 -0.25696779618238452     
   1.8341559283373495E-002 -0.24831137506764980     
   2.2942329099728407E-002 -0.23739891029022420     
   2.7336034760781728E-002 -0.22419722144925255     
   3.1359333258364874E-002 -0.20847654148468522     
   3.4331880588035393E-002 -0.19100964409492821     
   3.6749278707577139E-002 -0.17080374268618259     
   3.8060967649108629E-002 -0.15010375341687776     
   3.8224276347488040E-002 -0.12898883860675389     
   3.7258140142012841E-002 -0.10726691396602624     
   3.4843922390536679E-002  -8.7271438680981472E-002
   3.1294349812812768E-002  -6.8870428549291013E-002
   2.6860597080462560E-002  -5.1919528171386814E-002
   2.1550575793613021E-002  -3.8019199454714062E-002
   1.6011796321650548E-002  -2.6289791605168651E-002
   9.9495410374155942E-003  -1.9107913612638073E-002
   3.8855744043547052E-003  -1.4487988016370509E-002
  -1.6986560848662475E-003  -1.1368294865961316E-002
  -6.9810490528083033E-003  -1.1732800948930250E-002
  -1.1593697551935371E-002  -1.4238332063600454E-002
  -1.5792930152368937E-002  -1.9727742968793240E-002
  -1.9386576242442492E-002  -2.6940346278759214E-002
  -2.2064770944631443E-002  -3.3588412494951765E-002
  -2.4351596353653811E-002  -4.1621980755814074E-002
  -2.6094198829712964E-002  -5.0482141742897793E-002
  -2.7547907898142685E-002  -6.0605613682247032E-002
  -2.8778869405155214E-002  -7.1464429622343395E-002
  -2.9494164115712859E-002  -8.1460991894590010E-002
  -3.0009034408357827E-002  -9.2005882655315244E-002
  -3.0381673687858480E-002 -0.10277394741907711     
  -3.0495310223035480E-002 -0.11278452793100380     
  -3.0484338019161606E-002 -0.12306337700043886     
  -3.0436133420624407E-002 -0.13421933564125027     
  -3.0107273396015231E-002 -0.14491125578431521     
  -2.9583275267848871E-002 -0.15522883037818055     
  -2.8680239540759458E-002 -0.16448623656292299     
  -2.7324038634225032E-002 -0.17301028434483315     
  -2.5820032244727977E-002 -0.18211195274826256     
  -2.4059379047728417E-002 -0.19094004995398592     
  -2.1520524061625492E-002 -0.19745600644016226     
  -1.8553842847002053E-002 -0.20314508013410051     
  -1.5098225014354533E-002 -0.20721414383432493     
  -1.1062425288001767E-002 -0.20908226904701377     
  -6.5853282418518030E-003 -0.20891340624171198     
  -1.6132715728019548E-003 -0.20617902700824031     
   3.6688099184534625E-003 -0.20126271601696341     
   9.2645524780564526E-003 -0.19357263626746918     
   1.4890048943652794E-002 -0.18364671359727361     
   2.0422132460777089E-002 -0.17135673874554558     
   2.5525241018766506E-002 -0.15682544810996651     
   3.0098039815274796E-002 -0.14002024349514322     
   3.3580908321520588E-002 -0.12190366035518273     
   3.5818327233938692E-002 -0.10279589045475861     
   3.6931229533696881E-002  -8.3278928139922062E-002
   3.6955171890519140E-002  -6.3660104787773869E-002
   3.5649538179467283E-002  -4.4374632936583655E-002
   3.3190793588477249E-002  -2.6012016405908906E-002
   2.9738669097703122E-002  -9.2073297585711575E-003
   2.5521941760440439E-002   5.6276702753495370E-003
   2.0801336643410804E-002   1.8351255264484632E-002
   1.5798206153186112E-002   2.8812401793339638E-002
   1.0638341624235211E-002   3.6931943470045088E-002
   5.4853637272861255E-003   4.2890546857613863E-002
   3.9904182861680819E-004   4.6689592331769995E-002
  -4.5698142965952078E-003   4.8311713758073478E-002
  -9.2795860484672869E-003   4.7947613290218898E-002
  -1.3598808550860849E-002   4.5771578040402987E-002
  -1.7459104207154012E-002   4.1956016647143615E-002
  -2.0852020575837141E-002   3.6695573995651320E-002
  -2.3756840440176719E-002   3.0219222702284255E-002
  -2.6210124461850615E-002   2.2683495886237168E-002
  -2.8250804733063180E-002   1.4245845340216931E-002
  -2.9881946470015675E-002   5.0689107250940953E-003
  -3.1156149514185764E-002  -4.6595898771319378E-003
  -3.2057965950855472E-002  -1.4803645421034059E-002
  -3.2580145336945025E-002  -2.5193648990047595E-002
  -3.2809622691280724E-002  -3.5689619361783116E-002
  -3.2763762662609539E-002  -4.6218353420466068E-002
  -3.2385380985799440E-002  -5.6665296353251619E-002
  -3.1716879313920469E-002  -6.6905907644889892E-002
  -3.0744875600380472E-002  -7.6769701465403184E-002
  -2.9464067651720022E-002  -8.6055268051875369E-002
  -2.7826663177315965E-002  -9.4708411808641257E-002
  -2.5906540287948202E-002 -0.10269783579877904     
  -2.3633508606688378E-002 -0.10985375634704883     
  -2.0794274018758326E-002 -0.11592495862711839     
  -1.7395681069541466E-002 -0.12066389035214847     
  -1.3635602992983727E-002 -0.12389809933588691     
  -9.4886956307473538E-003 -0.12552322002224431     
  -4.9813670349664347E-003 -0.12537008653513673     
  -2.2840580867535950E-004 -0.12324362029724162     
   4.6502596281518919E-003 -0.11901127942569928     
   9.5157270744642697E-003 -0.11260411058426766     
   1.4130441319888108E-002 -0.10403181677744912     
   1.8214139565043690E-002  -9.3437963109075151E-002
   2.1490592569948837E-002  -8.1108924247551145E-002
   2.3866942192858943E-002  -6.7473698986999842E-002
   2.5382720436184229E-002  -5.3029008283183736E-002
   2.6269024153874977E-002  -3.8183435453087548E-002
   2.6696905820685617E-002  -2.3202032210945980E-002
   2.6546097406761865E-002  -8.3354554330262454E-003
   2.5618298170859765E-002   6.0704014548217423E-003
   2.3918754521664004E-002   1.9633898156763401E-002
   2.1476946734912111E-002   3.2020036855542125E-002
   1.8385946088543152E-002   4.2934497962135339E-002
   1.4747059398616232E-002   5.2139037954447034E-002
   1.0708164400444168E-002   5.9471947803693394E-002
   6.3747590539747819E-003   6.4837889771005866E-002
   1.9221201480593606E-003   6.8197569668514868E-002
  -2.3760740149898233E-003   6.9604756622692471E-002
  -6.3593179898397412E-003   6.9211848908824897E-002
  -1.0004331214436429E-002   6.7195920442437884E-002
  -1.3235878393837480E-002   6.3729165372465188E-002
  -1.6026634425693593E-002   5.9006514802345061E-002
  -1.8385864559470697E-002   5.3226940903675052E-002
  -2.0314448295121218E-002   4.6577162946115157E-002
  -2.1831252814948788E-002   3.9232702726335132E-002
  -2.2955863651789549E-002   3.1351819547341495E-002
  -2.3722097202338390E-002   2.3090108118699632E-002
  -2.4179687908762241E-002   1.4595056363632432E-002
  -2.4430701286831225E-002   5.9690318858078364E-003
  -2.4542652748592537E-002  -2.7352729787583721E-003
  -2.4483753057531331E-002  -1.1463888783725415E-002
  -2.4192796948928671E-002  -2.0122214317570018E-002
  -2.3658294566505759E-002  -2.8597385337382319E-002
  -2.2860551092533720E-002  -3.6788360135042893E-002
  -2.1816715137413383E-002  -4.4605438884695259E-002
  -2.0469038449633145E-002  -5.1971827646369803E-002
  -1.8871207334818452E-002  -5.8791940302235890E-002
  -1.6868452814519687E-002  -6.4913274385641651E-002
  -1.4275928711759964E-002  -7.0100863455170609E-002
  -1.1303323274224848E-002  -7.4128783277851593E-002
  -8.2000840405919862E-003  -7.6893036601942535E-002
  -4.9235171409347479E-003  -7.8336464895948782E-002
  -1.6051972532742506E-003  -7.8383240829891343E-002
   1.6110421917458243E-003  -7.7026268246673607E-002
   4.6327733887424243E-003  -7.4329999860467469E-002
   7.3308887433199011E-003  -7.0404575845203210E-002
   9.6139837647299456E-003  -6.5427714763663519E-002
   1.1405039629143654E-002  -5.9613545693502315E-002
   1.2675014304686202E-002  -5.3206803738218553E-002
   1.3453465504690862E-002  -4.6479070419185878E-002
   1.3892009503647829E-002  -3.9656907034575806E-002
   1.4112920246018734E-002  -3.2862266784040854E-002
   1.4079393787586750E-002  -2.6179557681805424E-002
   1.3708728897708369E-002  -1.9735120126755875E-002
   1.3014420126076278E-002  -1.3675853856235065E-002
   1.2014706445551792E-002  -8.1261703698581617E-003
   1.0749329067338107E-002  -3.1959362085176345E-003
   9.2714856369558712E-003   1.0266563251580677E-003
   7.6411661105548921E-003   4.4851863495986456E-003
   5.9265260153311492E-003   7.1498796030217355E-003
   4.2488182192060098E-003   9.0271268849077772E-003
   2.7308824994403697E-003   1.0183693864704425E-002
   1.4151120955109963E-003   1.0730641096818322E-002
   3.0682125206285289E-004   1.0779836252392155E-002
  -5.8198189588528173E-004   1.0434177512122292E-002
  -1.2628373848754049E-003   9.7944095840275924E-003
  -1.7560337265318526E-003   8.9484684258379736E-003
  -2.0857919380240977E-003   7.9717168186404751E-003
  -2.2798263386732769E-003   6.9303540095150499E-003
  -2.3858876925422438E-003   5.8717068586397062E-003
  -2.4392771810488652E-003   4.8191913251793665E-003
  -2.4374274448704966E-003   3.7885463307656374E-003
  -2.3690134976307479E-003   2.8011963173555361E-003
  -2.2451471156317042E-003   1.8796619966313498E-003
  -2.0734086855029093E-003   1.0411087098528852E-003
  -1.8628570642870131E-003   3.0039801181539399E-004
  -1.6224847783205534E-003  -3.3112810260991355E-004
  -1.3614373040955526E-003  -8.4680184102380236E-004
  -1.0887331892101670E-003  -1.2428767107399133E-003
  -8.2073748024562689E-004  -1.5195685917711867E-003
  -5.7608879756167555E-004  -1.6852511914171270E-003
  -3.6364863853701059E-004  -1.7558827036910011E-003
  -1.8619548505992064E-004  -1.7497615940584913E-003
  -4.6506556565434770E-005  -1.6853666607541456E-003
   5.7257483513078782E-005  -1.5811050795365047E-003
   1.2921830209500050E-004  -1.4526481701897657E-003
   1.7506615378587030E-004  -1.3123437673259405E-003
   2.0116411711698417E-004  -1.1698290391997134E-003
   2.1506911135932402E-004  -1.0311231190369711E-003
   2.2138291716050512E-004  -8.9851463314527633E-004
   2.2052317644305003E-004  -7.7324735513971540E-004
   2.1228711076377212E-004  -6.5711844899971528E-004
   1.9913840539241613E-004  -5.5168991878213995E-004
   1.8253904962177404E-004  -4.5756588292921363E-004
   1.6375741749035717E-004  -3.7493619272522632E-004
   1.4400344508841092E-004  -3.0365469293101285E-004
   1.2403084347668654E-004  -2.4326958972297545E-004
   1.0492512547340387E-004  -1.9311857320027608E-004
   8.7789576047592028E-005  -1.5209097801358834E-004
   7.2788839561524504E-005  -1.1879820986578787E-004
   5.9566530317440059E-005  -9.2035405145730111E-005
   4.8301910067434353E-005  -7.0802397975769382E-005
   3.8824060401426719E-005  -5.4093975146672909E-005
   3.0933179684956953E-005  -4.1045507942702342E-005
   2.4450560774700582E-005  -3.0953852708205180E-005
   1.9190567153481261E-005  -2.3208048429918030E-005
   1.4958005390316541E-005  -1.7299814069695472E-005
   1.1583354274501837E-005  -1.2827476419736382E-005
   8.9173441667944149E-006  -9.4642698832686952E-006
   6.8265440333296387E-006  -6.9488888798771107E-006
   5.1983812382852663E-006  -5.0790606277919019E-006
   3.9391290884197071E-006  -3.6967048836660230E-006
   2.9712812280252157E-006  -2.6796520797865174E-006
   2.2315467316364321E-006  -1.9350291305641346E-006
   1.6691970506772845E-006  -1.3923421987066679E-006
   1.2438712700227319E-006  -9.9846374570521987E-007
   9.2364365042308500E-007  -7.1373298860718219E-007
   6.8358145832901426E-007  -5.0867598631912043E-007
   5.0435472659897880E-007  -3.6151461062265784E-007
   3.7104292961533487E-007  -2.5624856560240900E-007
   2.7222935228469966E-007  -1.8118413689511539E-007
   1.9922750391501519E-007  -1.2781091536854852E-007
   1.4545823553690542E-007  -8.9963624403098622E-008
   1.0596647442834664E-007  -6.3193950233418610E-008
   7.7037942444489532E-008  -4.4304720386569024E-008
   5.5899245181922036E-008  -3.1005735768611862E-008
   4.0488088635979197E-008  -2.1662072307731893E-008
   2.9276619219621286E-008  -1.5110199983524341E-008
   2.1136602508492372E-008  -1.0524351694810502E-008
   1.5237547991227014E-008  -7.3200688703135623E-009
   1.0969902995380627E-008  -5.0847227556326457E-009
   7.8874646782450926E-009  -3.5276578843353374E-009
   5.6644206398472327E-009  -2.4445844853870890E-009
   4.0634125793256750E-009  -1.6922058375675279E-009
   2.9118913103535322E-009  -1.1701966656437087E-009
   2.0846709386482922E-009  -8.0844004704470884E-010
   1.4910941462603625E-009  -5.5801254155005257E-010
   1.0656213324318213E-009  -3.8483027632258832E-010
   7.6094674912636414E-010  -2.6518182533770106E-010
   5.4297590567261517E-010  -1.8259376246237688E-010
   3.8716984010029744E-010  -1.2563553760090021E-010
   2.7588958629849042E-010  -8.6385050355465046E-011
   1.9647105519493084E-010  -5.9357801888486153E-011
   1.3983199836548308E-010  -4.0760761367215850E-011
   9.9465660720705054E-011  -2.7973238396771317E-011
   7.0714917159320397E-011  -1.9186181235762737E-011
   5.0249483095167084E-011  -1.3151876240594490E-011
   3.5689886244262442E-011  -9.0104615107694372E-012
   2.5337336808802336E-011  -6.1698138060077099E-012
   1.7979897533474976E-011  -4.2224755316568687E-012
   1.2753551805404850E-011  -2.8882547903380194E-012
   9.0427203356419898E-012  -1.9746004890668315E-012
   6.4090919268598999E-012  -1.3492715723471204E-012
   4.5407538041871699E-012  -9.2150108853638812E-013
   3.2158609412427678E-012  -6.2902457664557323E-013
   2.2767085699346641E-012  -4.2915341278225281E-013
   1.6112420269872007E-012  -2.9263592718948733E-013
   1.1398792321192074E-012  -1.9943839697979954E-013
   8.0612518197310253E-013  -1.3584727545836046E-013
   5.6989114466153492E-013  -9.2480063601810103E-014
   4.0274172418275666E-013  -6.2920674746290516E-014
   2.8451522012241673E-013  -4.2783740356415805E-014
   2.0092166298106835E-013  -2.9073367337032948E-014
   1.4183649094987291E-013  -1.9743912036914515E-014
   1.0008893581082091E-013  -1.3399278736169784E-014
   7.0602050728349941E-014  -9.0871559057357444E-015
   4.9782570561574643E-014  -6.1582850736480914E-015
   3.5088193146153726E-014  -4.1702550762190182E-015
   2.4720804649161463E-014  -2.8217663075642278E-015
   1.7409071517661720E-014  -1.9077364166519800E-015
   1.2254420045728611E-014  -1.2886547138353671E-015
   8.6219599183382813E-015  -8.6967336469296486E-016
   6.0632630503182289E-015  -5.8634898187333663E-016
   4.2617128240622391E-015  -3.9492436111429962E-016
   2.9938396260636080E-015  -2.6570819967725774E-016
   2.1019754493271978E-015  -1.7856768008959328E-016
   1.4749202825408122E-015  -1.1986132259839035E-016
   1.0342774905543138E-015  -8.0353107393197450E-017
   7.2479916041006609E-016  -5.3794786666947830E-017
   5.0756697657405019E-016  -3.5962944143820968E-017
   3.5517750271131719E-016  -2.4005362599872300E-017
   2.4834389202337689E-016  -1.5997649569831334E-017
   1.7349819434442978E-016  -1.0642701491007751E-017
   1.2110026847278756E-016  -7.0671420322119235E-018
   8.4445515994756895E-017  -4.6835524799695347E-018
   5.8824629670739471E-017  -3.0973071077430678E-018
   4.0931666162819323E-017  -2.0436269137238647E-018
   2.8447231027387993E-017  -1.3450893384873520E-018
   1.9745101245249154E-017  -8.8297408618540278E-019
   1.3685824967703025E-017  -5.7795940113643727E-019
   9.4715823664247095E-018  -3.7713165064564430E-019
   6.5441763373367205E-018  -2.4525348114853161E-019
   4.5133744885382026E-018  -1.5890163699439287E-019
   3.1065999216391295E-018  -1.0253644195110831E-019
   2.1336312019026450E-018  -6.5870066821139862E-020
   1.4618490690460071E-018  -4.2107004143128665E-020
   9.9889019402650474E-019  -2.6769527348758724E-020
   6.8049999851823280E-019  -1.6914960288570112E-020
   4.6203254910213846E-019  -1.0614991369131968E-020
   3.1250720535923363E-019  -6.6099720926042278E-021
   2.1045645722627661E-019  -4.0798699901626630E-021
   1.4102772400221109E-019  -2.4928513755352203E-021
   9.3962350453971319E-020  -1.5054254580047448E-021
   6.2187740038281598E-020  -8.9676473464242067E-022
   4.0837680762526035E-020  -5.2562801634368074E-022
   2.6571422546396502E-020  -3.0219588851600894E-022
   1.7100977747219863E-020  -1.6971926576110987E-022
   1.0863377349369233E-020  -9.2607174087923003E-023
   6.7936999364125002E-021  -4.8727064553855465E-023
   4.1680355831622954E-021  -2.4451830789285421E-023
   2.4948461829820046E-021  -1.1491165332640992E-023
   1.4398133750783931E-021  -4.8822741842521100E-024
   7.7357276459936870E-022  -1.7228558938637743E-024
   3.3355083009476845E-022  -3.6368176635751074E-025
   0.0000000000000000        0.0000000000000000     
