 Initial conditions outputted from a previous simulation. Time =    22.000000000000000     
   40.000000000000000        0.0000000000000000              500           1   22.000000000000000     
   6.2755792175944305E-002   2.2471289416909099E-013
   6.1457474641051293E-002   2.6778607050182500E-002
   5.7885923562229533E-002   5.2224078211360866E-002
   5.2357674713651429E-002   7.5221213253942654E-002
   4.5401306804185873E-002   9.4934324406036649E-002
   3.7525146503712359E-002  0.11095230831719159     
   2.9238955398291976E-002  0.12310602146951866     
   2.0948696959490518E-002  0.13147908456044727     
   1.2959664954325004E-002  0.13629175052904197     
   5.4799388972009005E-003  0.13784284514480732     
  -1.3656261129620535E-003  0.13646561801074394     
  -7.5163042912506847E-003  0.13249744972618868     
  -1.2958124131480866E-002  0.12626332640534496     
  -1.7709003753849817E-002  0.11806688582190786     
  -2.1806787786862316E-002  0.10818620006606910     
  -2.5300196245489261E-002   9.6872666683188474E-002
  -2.8242234668925163E-002   8.4351696782493671E-002
  -3.0685570549723512E-002   7.0824460603637965E-002
  -3.2679419138944815E-002   5.6470267521456605E-002
  -3.4267530304675463E-002   4.1449296531108910E-002
  -3.5486938741238622E-002   2.5905497892146575E-002
  -3.6367208115420539E-002   9.9695538226782128E-003
  -3.6929956089966971E-002  -6.2381769802648344E-003
  -3.7188490631211865E-002  -2.2604784295206973E-002
  -3.7147416446535769E-002  -3.9022049126900327E-002
  -3.6802088164254114E-002  -5.5383870501704555E-002
  -3.6137799804961221E-002  -7.1583978064975171E-002
  -3.5128597665900353E-002  -8.7514092336545307E-002
  -3.3735609014457220E-002 -0.10306281323160070     
  -3.1904887654145266E-002 -0.11811564829175629     
  -2.9564918466228791E-002 -0.13255661034462260     
  -2.6623869126180817E-002 -0.14627184970589796     
  -2.2966913661713256E-002 -0.15915603034640438     
  -1.8455105906058870E-002 -0.17112193803521150     
  -1.2927504686905397E-002 -0.18211257898229760     
  -6.2066753169606262E-003 -0.19211483758717943     
   1.8877473734290706E-003 -0.20117493963468663     
   1.1498213716790686E-002 -0.20940872470477626     
   2.2643318695103779E-002 -0.21697777552240444     
   3.5113454628643917E-002 -0.22399564282324175     
   4.8419772856731887E-002 -0.23038186108407196     
   6.1832980554356626E-002 -0.23576680649967083     
   7.4458696874065283E-002 -0.23956274979364200     
   8.5290408253022879E-002 -0.24121773130891944     
   9.3286935801505586E-002 -0.24054824127655935     
   9.7554332262356699E-002 -0.23799544395936573     
   9.7567526270378610E-002 -0.23468453719858040     
   9.3268538207144744E-002 -0.23225648360973136     
   8.5031422534692674E-002 -0.23251128106100510     
   7.3632163429544581E-002 -0.23693068954169455     
   6.0188728378644481E-002 -0.24625075189385889     
   4.5857257461025688E-002 -0.26039824477240581     
   3.1364594188081803E-002 -0.27895226204557150     
   1.6863037272834076E-002 -0.30178638655456896     
   2.3497262359152230E-003 -0.32927546984956135     
  -1.1800248772491971E-002 -0.36187150915665778     
  -2.4792881422923515E-002 -0.39953555052094331     
  -3.5852170679838438E-002 -0.44161665276604978     
  -4.4601648655757810E-002 -0.48718641596971418     
  -5.1077982079094329E-002 -0.53538918555044457     
  -5.5553238369637194E-002 -0.58556510791025884     
  -5.8399677144069802E-002 -0.63724770011399423     
  -5.9984006285678036E-002 -0.69013467484925695     
  -6.0536291737621817E-002 -0.74400583547977794     
  -6.0080188842186945E-002 -0.79860126187335756     
  -5.8498430900996060E-002 -0.85355023127658292     
  -5.5657045565291489E-002 -0.90838346747656062     
  -5.1480951713313107E-002 -0.96256920565938175     
  -4.5974583559447828E-002  -1.0155338512143350     
  -3.9231234673340165E-002  -1.0666813738879490     
  -3.1439558587046564E-002  -1.1154317918432770     
  -2.2874202284278302E-002  -1.1612726986280280     
  -1.3875248983083042E-002  -1.2038026576280587     
  -4.8282209734290789E-003  -1.2427541026488269     
   3.8666510039564814E-003  -1.2779882991941056     
   1.1852762389628152E-002  -1.3094450672055342     
   1.8872158982236598E-002  -1.3370590081895859     
   2.4773317425410002E-002  -1.3607263392778985     
   2.9467445744296179E-002  -1.3804131378974611     
   3.2819599031396307E-002  -1.3963603311292183     
   3.4453030659811180E-002  -1.4092149651558084     
   3.3623073121601725E-002  -1.4200015509333883     
   2.9457067878567902E-002  -1.4300478141997972     
   2.1492339607307984E-002  -1.4409817472344064     
   1.0025540632506278E-002  -1.4546385493294316     
  -4.0144963002116812E-003  -1.4726340552257542     
  -1.9502913723352062E-002  -1.4958842750554171     
  -3.5572789023961875E-002  -1.5246646216304178     
  -5.1777013201451921E-002  -1.5589552184481834     
  -6.7662315543750809E-002  -1.5984262832925951     
  -8.2391505371272308E-002  -1.6423441287693201     
  -9.5392973494235075E-002  -1.6899924841770178     
 -0.10700436928565932       -1.7410611968189700     
 -0.11742194054274704       -1.7951116362248658     
 -0.12589263121154731       -1.8511129744177166     
 -0.13217177209894201       -1.9081815215319236     
 -0.13701541234855014       -1.9659800640350711     
 -0.14070397049355227       -2.0239340554605820     
 -0.14288127179606114       -2.0809905341983872     
 -0.14351745874712329       -2.1362658438605751     
 -0.14283343589426550       -2.1892531505105453     
 -0.14093184899818836       -2.2394643702798644     
 -0.13790988395274606       -2.2862832048387944     
 -0.13407919027306919       -2.3293589549958642     
 -0.12986847257095893       -2.3690437355173231     
 -0.12553815342645719       -2.4058955912525191     
 -0.12126953520549058       -2.4397863232069992     
 -0.11744826353066183       -2.4702453266314457     
 -0.11442962202430181       -2.4974992894455323     
 -0.11202233711459827       -2.5224208589869783     
 -0.10942701876672835       -2.5455599147399224     
 -0.10561946327630328       -2.5666102383690714     
  -9.9654726432652815E-002  -2.5844132077581312     
  -9.0895148443136356E-002  -2.5972856010340584     
  -7.9558468690089035E-002  -2.6036099899683349     
  -6.6646655852066042E-002  -2.6022762474871644     
  -5.2870526404037395E-002  -2.5915305553364290     
  -3.8708636630375007E-002  -2.5683243008266445     
  -2.6780183869656020E-002  -2.5338330531870601     
  -2.1290783737276026E-002  -2.4937779760376948     
  -2.4517937809191478E-002  -2.4501332017800554     
  -3.5083129957332072E-002  -2.4082734608991099     
  -4.9990858405662419E-002  -2.3782361866355815     
  -6.6103574307118385E-002  -2.3618311206790685     
  -8.1288097288492261E-002  -2.3571985163703770     
  -9.4291230025304054E-002  -2.3636018989583856     
 -0.10462545596807196       -2.3774130590820004     
 -0.11222004996893353       -2.3960470795626416     
 -0.11743307473395767       -2.4186041899627688     
 -0.12059295560643678       -2.4429492491178189     
 -0.12217528598730565       -2.4682608032121762     
 -0.12259523804770965       -2.4939195393267330     
 -0.12214870903736497       -2.5195204179323891     
 -0.12099351015682798       -2.5452802201570068     
 -0.11930424849771104       -2.5716167372818322     
 -0.11722597218779927       -2.5979870339436753     
 -0.11484119702937581       -2.6230697388888538     
 -0.11233228667551874       -2.6476943681187151     
 -0.10993827800742073       -2.6738067268842025     
 -0.10762113741812401       -2.7005113405527448     
 -0.10526324150900930       -2.7260500795718423     
 -0.10294942049839202       -2.7507136081023278     
 -0.10082582803283700       -2.7753160095884670     
  -9.9054135213412012E-002  -2.8002327899917145     
  -9.7745721299191568E-002  -2.8256952460412275     
  -9.6925102658740020E-002  -2.8517037025284742     
  -9.6543149530302061E-002  -2.8784184136670623     
  -9.6587082773148633E-002  -2.9052516812301112     
  -9.6923138893363542E-002  -2.9315431471210531     
  -9.7262555620386604E-002  -2.9574776661076614     
  -9.7501689278259945E-002  -2.9832128243115350     
  -9.7658326385758207E-002  -3.0086027080635409     
  -9.7507241906335668E-002  -3.0333343944315581     
  -9.6854926971755129E-002  -3.0571179582680164     
  -9.5799860701825140E-002  -3.0799400837214419     
  -9.4315585525009835E-002  -3.1016243673934705     
  -9.2317417307083413E-002  -3.1217121888803061     
  -8.9857984813798017E-002  -3.1398019434726527     
  -8.6938274773326329E-002  -3.1554115659915367     
  -8.3425270550980923E-002  -3.1680820112418475     
  -7.9457089891204175E-002  -3.1775682614940517     
  -7.5171035428899594E-002  -3.1838041006032261     
  -7.0456596912439398E-002  -3.1866308406157962     
  -6.5263451569968059E-002  -3.1861150852078008     
  -5.9834955253022640E-002  -3.1830416336946006     
  -5.4322381982370459E-002  -3.1771569247057649     
  -4.8820595981046787E-002  -3.1677379453612886     
  -4.3757353505066258E-002  -3.1550505115819059     
  -3.9444122849111939E-002  -3.1390790814739304     
  -3.6116636609665603E-002  -3.1201793545914267     
  -3.4201115447135493E-002  -3.0994932106766875     
  -3.3591043228495196E-002  -3.0771205649748237     
  -3.4147138502304726E-002  -3.0529431581517770     
  -3.6144732613525334E-002  -3.0263690092374449     
  -3.9307213342600851E-002  -2.9978474856002260     
  -4.3751681251609886E-002  -2.9723528595151527     
  -4.9837512984622634E-002  -2.9526505226194470     
  -5.6122669818572522E-002  -2.9358151939357522     
  -6.3252044482327782E-002  -2.9235214619208634     
  -7.0619407086814856E-002  -2.9217844485535527     
  -7.8349010261550847E-002  -2.9245273824133631     
  -8.3125818716898156E-002  -2.9194464234848416     
  -9.1599510730093786E-002  -2.9000464275524691     
  -9.4160034988430549E-002  -2.8820144978474938     
  -9.6291434895123790E-002  -2.8836757671247057     
 -0.10260883556667943       -2.8987756754620571     
 -0.10992155678299856       -2.9150151374956508     
 -0.10924032525362172       -2.9299354903739045     
 -0.10927234956829797       -2.9398550817152267     
 -0.10752777737374719       -2.9462492738148995     
 -0.10740375370104381       -2.9530424497322438     
 -0.10615264421432560       -2.9593486151368320     
 -0.10480965990643537       -2.9663112680742665     
 -0.10319515363511271       -2.9737978185475487     
 -0.10154807134552706       -2.9815963383144100     
  -9.9885703639458159E-002  -2.9896313082729540     
  -9.8193836289434747E-002  -2.9975327489388679     
  -9.6462548601374182E-002  -3.0046997879276311     
  -9.4674558308719389E-002  -3.0107832496348430     
  -9.2845625263825116E-002  -3.0156635689040745     
  -9.1023707706129608E-002  -3.0194075880492810     
  -8.9219257341382058E-002  -3.0220581937268229     
  -8.7252871368385082E-002  -3.0234611426853419     
  -8.4857248377382927E-002  -3.0240053533066824     
  -8.1961250002720976E-002  -3.0242488776824814     
  -7.8450878780442129E-002  -3.0240520632958408     
  -7.4228796940881553E-002  -3.0231237276384366     
  -6.9212884127889521E-002  -3.0212642322805716     
  -6.3418953337067582E-002  -3.0183222059259518     
  -5.7096698617623044E-002  -3.0139374315730327     
  -5.0810549252073699E-002  -3.0071981289585072     
  -4.4699643413846524E-002  -2.9971059507115014     
  -3.8583000801558652E-002  -2.9832170592383238     
  -3.2804672498705438E-002  -2.9661747626225052     
  -2.7818146999529021E-002  -2.9461313483207361     
  -2.4054779492825147E-002  -2.9231750946089834     
  -2.1659213128019324E-002  -2.8976675568802785     
  -2.0297823249473285E-002  -2.8670894851346285     
  -1.9775317502642963E-002  -2.8317865439844874     
  -2.0839121382299309E-002  -2.7984339339869151     
  -2.3583846806444573E-002  -2.7678863055961105     
  -2.7591890659774881E-002  -2.7370930521701955     
  -3.2531389052941125E-002  -2.7074676792033108     
  -3.8160618669380718E-002  -2.6805352662784205     
  -4.3919029762237279E-002  -2.6559314878183278     
  -4.9382691221736316E-002  -2.6339136529565037     
  -5.4463206533610253E-002  -2.6139437095603286     
  -5.9088929304155317E-002  -2.5954869817877166     
  -6.3273634804860535E-002  -2.5792604431034887     
  -6.7077861426547855E-002  -2.5661020157548720     
  -7.0401630234372223E-002  -2.5560156907346148     
  -7.3142798230685049E-002  -2.5482684767792865     
  -7.5332109248578749E-002  -2.5424355651318056     
  -7.6998671853732173E-002  -2.5383990183298044     
  -7.8209056457848980E-002  -2.5365907657315989     
  -7.8972515435946869E-002  -2.5368077505491100     
  -7.9413944827523827E-002  -2.5385463812482434     
  -7.9901216040354925E-002  -2.5411734632916323     
  -8.0588015830308904E-002  -2.5441101901420691     
  -8.1458930576481375E-002  -2.5471662138322251     
  -8.2449042641953962E-002  -2.5505739642616061     
  -8.3293254834827593E-002  -2.5541829469871704     
  -8.3549122628881825E-002  -2.5577596140554668     
  -8.2970102367453433E-002  -2.5608067119799509     
  -8.1515336405982242E-002  -2.5638022670067904     
  -7.9381953237683558E-002  -2.5679697576405189     
  -7.6713699513061395E-002  -2.5726808073401690     
  -7.3514762678369899E-002  -2.5765516234365293     
  -7.0060669699819042E-002  -2.5806055619847008     
  -6.7014635782323126E-002  -2.5864095709555990     
  -6.4677871804685164E-002  -2.5931835942657018     
  -6.3382460946543678E-002  -2.5992892851460705     
  -6.3353869297183008E-002  -2.6041776831643180     
  -6.4192906196318317E-002  -2.6080036188917584     
  -6.5192447943461698E-002  -2.6109222533777547     
  -6.6083070088433005E-002  -2.6134911596633974     
  -6.6576660505597726E-002  -2.6162232615136967     
  -6.6532898353640096E-002  -2.6191204621458155     
  -6.6204435275794671E-002  -2.6217483239600328     
  -6.5930957337696869E-002  -2.6238904986487062     
  -6.5779629744128612E-002  -2.6257649582067271     
  -6.5631317910882753E-002  -2.6274922997947288     
  -6.5359072885357916E-002  -2.6289923841763119     
  -6.4468183825554012E-002  -2.6301974750380892     
  -6.2244471547063633E-002  -2.6310191309521493     
  -5.8260708973094953E-002  -2.6311675706580688     
  -5.3099355262457452E-002  -2.6306390971067120     
  -4.7481273621747998E-002  -2.6295835557718150     
  -4.1675759863438536E-002  -2.6272481826786231     
  -3.5713136270040517E-002  -2.6243034769904758     
  -3.0008254760859585E-002  -2.6223545342214196     
  -2.4489009617907141E-002  -2.6198699822795612     
  -1.9021717486128298E-002  -2.6149569124318499     
  -1.3784625374562386E-002  -2.6087205489709477     
  -8.7139513163723287E-003  -2.6017765431855451     
  -3.5029278451542238E-003  -2.5930288963397721     
   1.7052557963128812E-003  -2.5819510245016941     
   6.6982806879590509E-003  -2.5690738743222123     
   1.1352585054132043E-002  -2.5556302398530053     
   1.5604334832981013E-002  -2.5430457357629948     
   1.9543839989057652E-002  -2.5316306412592322     
   2.3230060334932787E-002  -2.5198190838293568     
   2.6918096495029409E-002  -2.5064678744752129     
   3.1227614708820094E-002  -2.4924656847663114     
   3.6657163104934401E-002  -2.4787386789621451     
   4.3228774517758937E-002  -2.4649362712355227     
   5.0858847598919413E-002  -2.4500034047999582     
   5.9771047516210235E-002  -2.4322728958567361     
   7.0081022943420335E-002  -2.4098417766434972     
   8.1379460066483000E-002  -2.3817187343488446     
   9.3155843487872411E-002  -2.3477914787944201     
  0.10493442571757060       -2.3076042178009857     
  0.11507385500654566       -2.2602471698091193     
  0.11995587010265804       -2.2065892791355934     
  0.11594185589234858       -2.1517313880452305     
  0.10301839502854405       -2.1033067245248720     
   8.5531278799881025E-002  -2.0659653723359073     
   6.8430518741909946E-002  -2.0389001234584145     
   5.3837907325771421E-002  -2.0191116845366088     
   4.1758407570252447E-002  -2.0045974498561629     
   3.2095012408761663E-002  -1.9940367764598219     
   2.4671440933117319E-002  -1.9860970226668102     
   1.8726895030807933E-002  -1.9799730279543426     
   1.3518109154826041E-002  -1.9755281254595412     
   8.8258687461024894E-003  -1.9727790882684788     
   4.6666967048682667E-003  -1.9716717884336450     
   1.0864765942172846E-003  -1.9721354934426318     
  -1.7133651267246309E-003  -1.9740217824688868     
  -3.3840060366276126E-003  -1.9769874753612233     
  -3.5921902101559780E-003  -1.9804655770980055     
  -2.1354578250762663E-003  -1.9837024244856976     
   9.6977007283878666E-004  -1.9858375050624009     
   5.4187011977920160E-003  -1.9860404340307416     
   1.0656323170231257E-002  -1.9836785365241163     
   1.6025587882287674E-002  -1.9784431820092225     
   2.0921588625694640E-002  -1.9703718478993442     
   2.4836594355492306E-002  -1.9597809953542962     
   2.7269086431328790E-002  -1.9472329246692177     
   2.7649403306790842E-002  -1.9336422594061646     
   2.5507582851251324E-002  -1.9203957132585430     
   2.0862783649340064E-002  -1.9091716466849677     
   1.4470887593078900E-002  -1.9013772842701757     
   7.6175567688355345E-003  -1.8975971820724031     
   1.6045863554685267E-003  -1.8975009956982365     
  -2.6393957631842668E-003  -1.9001683152597035     
  -4.6278757521042817E-003  -1.9044480573395846     
  -4.2221739955133480E-003  -1.9091525781100658     
  -1.5538847804873518E-003  -1.9131549968255528     
   3.0249783280330319E-003  -1.9154704188904041     
   9.0058977016786619E-003  -1.9153259511837868     
   1.5798806201005731E-002  -1.9122169341340158     
   2.2814953921339108E-002  -1.9059585302719304     
   2.9592830661629647E-002  -1.8967189367042983     
   3.5984273197257485E-002  -1.8849622137031845     
   4.2316913904238376E-002  -1.8712163899531578     
   4.9413730971252123E-002  -1.8557114312376217     
   5.8480376665724858E-002  -1.8380307391719732     
   7.0810113726188909E-002  -1.8167380995975815     
   8.6786871049832098E-002  -1.7889452101753951     
  0.10396782524268314       -1.7508710107062799     
  0.11626878456154401       -1.7012284590915250     
  0.11743769351536568       -1.6455520649886308     
  0.10717382761212624       -1.5943706880439485     
   9.2234390695090276E-002  -1.5542531465267495     
   7.9711911689154633E-002  -1.5232437994973120     
   7.1097595054278831E-002  -1.4965506510534190     
   6.4284671058942755E-002  -1.4722998300930807     
   5.8133142833526878E-002  -1.4504730058370374     
   5.2773205178529820E-002  -1.4307134510434225     
   4.8056658054880526E-002  -1.4126860665650047     
   4.3824100976947340E-002  -1.3963944567623872     
   4.0415064394896949E-002  -1.3816076363198784     
   3.8093745489880475E-002  -1.3677528459602148     
   3.6709703592255991E-002  -1.3542729563669551     
   3.5973877912493124E-002  -1.3407569644146460     
   3.5544547324949244E-002  -1.3269267913297267     
   3.4939986194466727E-002  -1.3127367602955105     
   3.3661785154872573E-002  -1.2984651843199315     
   3.1381291736944879E-002  -1.2846601253444403     
   2.7993432531478742E-002  -1.2719949776419037     
   2.3605085876247153E-002  -1.2611163601570872     
   1.8501025127893256E-002  -1.2525137313860293     
   1.3061158263192034E-002  -1.2464416276409598     
   7.6637573124609766E-003  -1.2429188723439757     
   2.6266330802559128E-003  -1.2417809884513129     
  -1.8128687237216699E-003  -1.2427419923689984     
  -5.4986424093742513E-003  -1.2454458791933032     
  -8.3457823585408458E-003  -1.2495064465378942     
  -1.0324372489113200E-002  -1.2545346819212755     
  -1.1443373980846055E-002  -1.2601549430386971     
  -1.1737534011371146E-002  -1.2660143134749637     
  -1.1256768707306700E-002  -1.2717878816856445     
  -1.0057577889611615E-002  -1.2771807774183030     
  -8.1964675916357081E-003  -1.2819279002637605     
  -5.7247642094248588E-003  -1.2857920165478651     
  -2.6842900929739551E-003  -1.2885602572142170     
   8.9602729746746112E-004  -1.2900390608811219     
   5.0025285243036422E-003  -1.2900476033547257     
   9.6380917291963158E-003  -1.2884097944814861     
   1.4821768946482029E-002  -1.2849452377463200     
   2.0586102212764835E-002  -1.2794596771170166     
   2.6971604710194566E-002  -1.2717355111267317     
   3.4017813901636024E-002  -1.2615233417823453     
   4.1750155396732498E-002  -1.2485358497736181     
   5.0161909304649872E-002  -1.2324457948296195     
   5.9190749219544675E-002  -1.2128911491724241     
   6.8689849210271298E-002  -1.1894924792211230     
   7.8395115696782175E-002  -1.1618904888276673     
   8.7893546031024589E-002  -1.1298143953602229     
   9.6604510264312674E-002  -1.0931917470761625     
  0.10379640770324697       -1.0522993390578321     
  0.10866821064700972       -1.0079216982943910     
  0.11050982212355276      -0.96143328625597146     
  0.10890485890530165      -0.91469977766306088     
  0.10388272235091037      -0.86976473418799560     
   9.5926742209953633E-002 -0.82843413842018188     
   8.5827376319828341E-002 -0.79196084550747026     
   7.4467568177891352E-002 -0.76095770921025185     
   6.2648397013924176E-002 -0.73550537498142909     
   5.1002223977220741E-002 -0.71533269426276280     
   3.9976286818940929E-002 -0.69997801663806714     
   2.9853003461421324E-002 -0.68890224810370604     
   2.0784529175004937E-002 -0.68155667518684238     
   1.2828782132437582E-002 -0.67741747138224417     
   5.9800135726937155E-003 -0.67600030761793506     
   1.9251736574488930E-004 -0.67686481925872022     
  -4.6015253044270664E-003 -0.67961388054558614     
  -8.4792564748149210E-003 -0.68389034378256397     
  -1.1518475243686209E-002 -0.68937280433393633     
  -1.3791933761076266E-002 -0.69577098987370978     
  -1.5363774351513475E-002 -0.70282097945898769     
  -1.6287555854299179E-002 -0.71028041837405143     
  -1.6605375447304879E-002 -0.71792381448327969     
  -1.6347747971042267E-002 -0.72553795230605200     
  -1.5534066570610086E-002 -0.73291747879353064     
  -1.4173544514972491E-002 -0.73986071996562919     
  -1.2266620804265119E-002 -0.74616578899888175     
  -9.8069034881029058E-003 -0.75162707495889236     
  -6.7837844514426118E-003 -0.75603224767264876     
  -3.1859057396284576E-003 -0.75915997699234405     
   9.9430680684410252E-004 -0.76077866114271708     
   5.7548300395739785E-003 -0.76064660470406786     
   1.1076803896299735E-002 -0.75851429630021683     
   1.6915880544209894E-002 -0.75412972030836178     
   2.3192490337253742E-002 -0.74724798004859649     
   2.9781897390993586E-002 -0.73764682104297608     
   3.6505764513621086E-002 -0.72514968255383161     
   4.3128074710893784E-002 -0.70965720908981067     
   4.9359385932995485E-002 -0.69118604183766796     
   5.4873763221726289E-002 -0.66990961693360296     
   5.9341050821737643E-002 -0.64619009592243515     
   6.2472338247417936E-002 -0.62058616603072203     
   6.4069335920313830E-002 -0.59382305935782498     
   6.4062722416728293E-002 -0.56672211133996575     
   6.2525378070830445E-002 -0.54010427950556528     
   5.9655345545333485E-002 -0.51469492844794273     
   5.5735582531848432E-002 -0.49105630995441096     
   5.1085300593197380E-002 -0.46956018658306781     
   4.6016986740045659E-002 -0.45039634593835515     
   4.0806791484775520E-002 -0.43360325241400410     
   3.5679261438940922E-002 -0.41910664604908027     
   3.0803506789959308E-002 -0.40675636157546424     
   2.6296771521793407E-002 -0.39635666704576666     
   2.2231819680882163E-002 -0.38768902795745386     
   1.8645589410446736E-002 -0.38052810775958817     
   1.5547595759313025E-002 -0.37465245727837743     
   1.2927313636929035E-002 -0.36985132699919454     
   1.0760248032280645E-002 -0.36592878307424981     
   9.0126833878423560E-003 -0.36270601344707659     
   7.6452520927333010E-003 -0.36002245247068054     
   6.6155213559537310E-003 -0.35773615721997021     
   5.8798120474851511E-003 -0.35572372743708341     
   5.3944531591661781E-003 -0.35387995679279938     
   5.1166505099313163E-003 -0.35211732569703402     
   5.0051170380831468E-003 -0.35036538791527111     
   5.0205786866537013E-003 -0.34857005940324215     
   5.1262349823280309E-003 -0.34669278666390696     
   5.2882184323594103E-003 -0.34470955424928929     
   5.4760639928607387E-003 -0.34260968739451542     
   5.6631711588859901E-003 -0.34039441625263789     
   5.8272194813879848E-003 -0.33807519148631493     
   5.9504864889738133E-003 -0.33567177339119159     
   6.0200168159400807E-003 -0.33321015237262996     
   6.0276026436738780E-003 -0.33072039040034384     
   5.9695560220275777E-003 -0.32823449427635287     
   5.8462789347500039E-003 -0.32578443746085606     
   5.6616618043088453E-003 -0.32340043646975675     
   5.4223606187661835E-003 -0.32110956281179154     
   5.1370137322619648E-003 -0.31893473724533111     
   4.8154606046200664E-003 -0.31689411628446251     
   4.4680174487579435E-003 -0.31500084743326795     
   4.1048515718398199E-003 -0.31326314390843074     
   3.7354802920829757E-003 -0.31168461369061423     
   3.3684046192987774E-003 -0.31026477157754029     
   3.0108745629009188E-003 -0.30899966488306690     
   2.6687730781906950E-003 -0.30788255114170981     
   2.3465994960735711E-003 -0.30690457722727882     
   2.0475305464136419E-003 -0.30605542160290761     
   1.7735371121705861E-003 -0.30532387331018801     
   1.5255365939203342E-003 -0.30469833177083122     
   1.3035634991718011E-003 -0.30416722024899268     
   1.1069444062703829E-003 -0.30371931270013547     
   9.3446703499252355E-004 -0.30334397842904881     
   7.8453581836066498E-004 -0.30303135209947674     
   6.5530894490361472E-004 -0.30277243902564555     
   5.4481508175699845E-004 -0.30255916656356097     
   4.5104941902852609E-004 -0.30238439156567665     
   3.7204808501910941E-004 -0.30224187391350776     
   3.0594275221184253E-004 -0.30212622682512663     
   2.5100085315029214E-004 -0.30203285139877278     
   2.0565142761485341E-004 -0.30195785974104178     
   1.6849364771185976E-004 -0.30189799548955104     
   1.3829968383446297E-004 -0.30185055948857875     
   1.1402245983511816E-004 -0.30181333487620199     
   9.4786188972344971E-005 -0.30178451430302933     
   7.9853531782231391E-005 -0.30176265526998425     
   6.8626577213401130E-005 -0.30174665157626762     
   6.0694724226285773E-005 -0.30173567206018620     
   5.5864501526786036E-005 -0.30172911612712788     
   5.4143295820995676E-005 -0.30172668378630108     
