 Initial conditions outputted from a previous simulation. Time =    32.200000000000003     
   40.000000000000000        0.0000000000000000              500           1   32.200000000000003     
   4.0184711835716300E-002 -0.11224084890438293     
   4.7680747895153433E-002  -9.5001862223617936E-002
   5.4195283435138894E-002  -7.4179668423611428E-002
   5.9087294704228487E-002  -5.0301754477445559E-002
   6.1937585590258408E-002  -2.4344505617514688E-002
   6.2387540465325450E-002   2.5645809247912955E-003
   6.0402964296574872E-002   2.9038693083893924E-002
   5.6194951546701455E-002   5.3800911868353847E-002
   5.0178641654574370E-002   7.5817717592110881E-002
   4.2879657445074090E-002   9.4393859152092099E-002
   3.4831668078781096E-002  0.10917992182382924     
   2.6506640075344218E-002  0.12010793998808866     
   1.8279749938544563E-002  0.12730732821820773     
   1.0421346510222359E-002  0.13102905000363815     
   3.1053170024187629E-003  0.13158775665326355     
  -3.5758875572333370E-003  0.12932369039689065     
  -9.5955009242886056E-003  0.12458184350966135     
  -1.4977804645041859E-002  0.11770492393415830     
  -1.9782213670686253E-002  0.10903614497888051     
  -2.4081979042100073E-002   9.8924419881057532E-002
  -2.7938266507159550E-002   8.7721312270596388E-002
  -3.1378764750770359E-002   7.5763292302174629E-002
  -3.4391709081904316E-002   6.3344385333204078E-002
  -3.6937396637718257E-002   5.0692496501202403E-002
  -3.8969251674122692E-002   3.7959745555710446E-002
  -4.0454841100349227E-002   2.5228463579618016E-002
  -4.1391086931073559E-002   1.2529336200134061E-002
  -4.1809877071964624E-002  -1.3306063321217901E-004
  -4.1771283103938073E-002  -1.2753887567084093E-002
  -4.1346625632184067E-002  -2.5308839480070570E-002
  -4.0600046314664469E-002  -3.7746917207368204E-002
  -3.9577169744803464E-002  -4.9993187280676997E-002
  -3.8302123936145273E-002  -6.1954955866134101E-002
  -3.6778225644480647E-002  -7.3525391213789135E-002
  -3.4988739570881139E-002  -8.4582762283347462E-002
  -3.2897422427695978E-002  -9.4987384722974452E-002
  -3.0449235552295319E-002 -0.10457865837739889     
  -2.7573510640309142E-002 -0.11317272661041651     
  -2.4193811332741282E-002 -0.12056206991477919     
  -2.0241477570687623E-002 -0.12651836952361181     
  -1.5662699121649925E-002 -0.13079474226442878     
  -1.0419389735850076E-002 -0.13312476974775087     
  -4.4950163223129820E-003 -0.13322255189238083     
   2.0920298303427586E-003 -0.13078438482916654     
   9.2749468041472809E-003 -0.12549362443373108     
   1.6927513947935683E-002 -0.11703385704662281     
   2.4852825564521872E-002 -0.10511500483976990     
   3.2771702742585944E-002  -8.9516457203296193E-002
   4.0315076494138048E-002  -7.0150319696494226E-002
   4.7028336730985665E-002  -4.7141293948327785E-002
   5.2400122378195108E-002  -2.0907068977771951E-002
   5.5927708533665216E-002   7.7917726604590761E-003
   5.7216309970371713E-002   3.7871445051966393E-002
   5.6082084723528693E-002   6.8038799940125183E-002
   5.2610413201647381E-002   9.6980257627112446E-002
   4.7136131225126769E-002  0.12355974244646246     
   4.0155327480304065E-002  0.14695189207072626     
   3.2213589448077083E-002  0.16667854116528005     
   2.3816017221871259E-002  0.18256869352746122     
   1.5378351076369121E-002  0.19468374050865331     
   7.2134293835896188E-003  0.20323972848737437     
  -4.6194942653945297E-004  0.20854129521481624     
  -7.5116896752990764E-003  0.21093174211758353     
  -1.3863080858857907E-002  0.21075919464316392     
  -1.9490841875640787E-002  0.20835635947374631     
  -2.4404103693448670E-002  0.20403050761294500     
  -2.8636100868793413E-002  0.19806051541032724     
  -3.2235456715366012E-002  0.19069795846242563     
  -3.5258625310451021E-002  0.18216946333023287     
  -3.7763622029835298E-002  0.17267862468583561     
  -3.9805115642397408E-002  0.16240721549165799     
  -4.1430901964998899E-002  0.15151601991830382     
  -4.2680478815571563E-002  0.14014583441733508     
  -4.3585841008621826E-002  0.12841943700460032     
  -4.4172535846521942E-002  0.11644520585055494     
  -4.4460116430417175E-002  0.10432234376067943     
  -4.4461849627421113E-002   9.2146458617512625E-002
  -4.4184437573415225E-002   8.0014131462727095E-002
  -4.3627694485422586E-002   6.8026430124748016E-002
  -4.2782898005652346E-002   5.6291434152296205E-002
  -4.1631151017322301E-002   4.4925498224902376E-002
  -4.0142173724287661E-002   3.4053944843382325E-002
  -3.8276338824138730E-002   2.3810346317064437E-002
  -3.5987758019540433E-002   1.4337035761199220E-002
  -3.3226369517807601E-002   5.7886815631570335E-003
  -2.9936792079119232E-002  -1.6591916805118528E-003
  -2.6064536416995611E-002  -7.7982029019748609E-003
  -2.1572431982715388E-002  -1.2385716256272852E-002
  -1.6415023444187510E-002  -1.5158660850335841E-002
  -1.0543951135154018E-002  -1.5827116259377327E-002
  -3.9673447395602709E-003  -1.4060370363250575E-002
   3.2604118060794349E-003  -9.5140227083701772E-003
   1.1026057824924522E-002  -1.8671498382523345E-003
   1.9127301780945110E-002   9.1578551830425407E-003
   2.7273332973035930E-002   2.3769382587677013E-002
   3.5084406008924374E-002   4.2049038844145008E-002
   4.2083931294048756E-002   6.3877507766862629E-002
   4.7831878775666775E-002   8.8862492038867619E-002
   5.1920073566981598E-002  0.11631742416065712     
   5.3992777225897549E-002  0.14530392560814576     
   5.3861804339191119E-002  0.17470013994595510     
   5.1486877926701279E-002  0.20332760609067724     
   4.7001395963670867E-002  0.23008759222058578     
   4.0743059093574389E-002  0.25404627281545455     
   3.3175445360119765E-002  0.27452761038982593     
   2.4829830179537268E-002  0.29115084393426438     
   1.6242751031827297E-002  0.30380664798530321     
   7.8146194135192484E-003  0.31264225152310038     
  -1.2435783322513989E-004  0.31799225871840614     
  -7.3544636501078377E-003  0.32028139070284412     
  -1.3779800013003432E-002  0.31994394984643565     
  -1.9365148157734369E-002  0.31731865245875712     
  -2.4146040589913747E-002  0.31257397409765925     
  -2.8199722356135732E-002  0.30565616526317052     
  -3.1606895806594065E-002  0.29627919253567986     
  -3.4463369107317524E-002  0.28398356851464412     
  -3.6858526719258974E-002  0.26824633805746101     
  -3.8851864327479446E-002  0.24863144433068668     
  -4.0479667303375967E-002  0.22492672681987858     
  -4.1737745278809177E-002  0.19722060452910550     
  -4.2619838213704173E-002  0.16590776767197532     
  -4.3134105434058143E-002  0.13162235145491313     
  -4.3306372823366301E-002   9.5132647381150501E-002
  -4.3178135106036804E-002   5.7242990480278672E-002
  -4.2784260079673585E-002   1.8733104104665096E-002
  -4.2141951005198915E-002  -1.9661526900467959E-002
  -4.1240914257023052E-002  -5.7264173354240722E-002
  -4.0062094205380455E-002  -9.3476490550908856E-002
  -3.8577311035358143E-002 -0.12780469460900121     
  -3.6743945113743182E-002 -0.15988296466741497     
  -3.4519604898884039E-002 -0.18947964301656747     
  -3.1875170976011218E-002 -0.21646942463795352     
  -2.8772717841758142E-002 -0.24079410259411357     
  -2.5171996510424673E-002 -0.26241505463955567     
  -2.1034521217765067E-002 -0.28127794790366217     
  -1.6328005663134977E-002 -0.29727604496093757     
  -1.1019104041252590E-002 -0.31022681146919151     
  -5.1076852735579357E-003 -0.31988293622512359     
   1.4006993523480206E-003 -0.32593254351363621     
   8.4681406081235609E-003 -0.32802782631522975     
   1.5984810731545188E-002 -0.32580804946543113     
   2.3798694871323196E-002 -0.31892243795046571     
   3.1653498715517092E-002 -0.30713192295801212     
   3.9177762619494794E-002 -0.29037496388535905     
   4.5858837331803876E-002 -0.26887404207806259     
   5.1077020408716423E-002 -0.24321348923486491     
   5.4221209117737423E-002 -0.21437811640956872     
   5.4874977436039571E-002 -0.18382620565055385     
   5.2895214302816969E-002 -0.15339047213377674     
   4.8483465741714929E-002 -0.12503933398642511     
   4.2077297694844709E-002 -0.10059116199718293     
   3.4302634516229093E-002  -8.1304696480292107E-002
   2.5799477826547866E-002  -6.7702260590548471E-002
   1.7123689755886667E-002  -5.9617695564068818E-002
   8.6854076868143632E-003  -5.6410625773791717E-002
   7.5010805151502530E-004  -5.7279651119975766E-002
  -6.5440085017586976E-003  -6.1461058297067453E-002
  -1.3075378630671028E-002  -6.8335856676240231E-002
  -1.8754197305855050E-002  -7.7450678728032615E-002
  -2.3534720501583190E-002  -8.8427765219180984E-002
  -2.7459357491637245E-002 -0.10094428156410770     
  -3.0649202645165050E-002 -0.11469955242074530     
  -3.3228782048643400E-002 -0.12942196010250595     
  -3.5278886074007650E-002 -0.14489997106199062     
  -3.6860370801069360E-002 -0.16097986289327570     
  -3.8033444781337161E-002 -0.17756399440829296     
  -3.8854184655339533E-002 -0.19459077601840638     
  -3.9381346757198878E-002 -0.21201045477513975     
  -3.9665686893893361E-002 -0.22977558321578881     
  -3.9736862230110546E-002 -0.24783506848684686     
  -3.9590004615945786E-002 -0.26613444095124839     
  -3.9214532759221786E-002 -0.28461108443183208     
  -3.8598645750314235E-002 -0.30319324601495634     
  -3.7740562749011060E-002 -0.32179333325446330     
  -3.6641090287329633E-002 -0.34030121974320376     
  -3.5295553191803317E-002 -0.35857798078464037     
  -3.3690567907588231E-002 -0.37644322689926818     
  -3.1803761886856179E-002 -0.39367183728069155     
  -2.9589750619395599E-002 -0.40998698928192057     
  -2.6998106185303031E-002 -0.42506614605615495     
  -2.3966616183385699E-002 -0.43855653381866855     
  -2.0380309463776249E-002 -0.45009322859648560     
  -1.6108760100627104E-002 -0.45929590539059545     
  -1.1078157024665665E-002 -0.46575578499544407     
  -5.2897167526132364E-003 -0.46905959340158215     
   1.2129668069389718E-003 -0.46880642338771905     
   8.3000516068141711E-003 -0.46463088776822653     
   1.5812244256919496E-002 -0.45624329512011086     
   2.3576805648840005E-002 -0.44342507689972516     
   3.1365142477788703E-002 -0.42607684713156613     
   3.8762258362220053E-002 -0.40422306254402018     
   4.5233240695655832E-002 -0.37814873161261831     
   5.0242943478330991E-002 -0.34849545703588658     
   5.3275772930063678E-002 -0.31632360714782354     
   5.3918879919539829E-002 -0.28314448299883593     
   5.2054968168559972E-002 -0.25070806437723786     
   4.7868947847428560E-002 -0.22067971522256888     
   4.1779810871116790E-002 -0.19438692226402304     
   3.4374155955634894E-002 -0.17257172890748576     
   2.6305149210300596E-002 -0.15543954847877975     
   1.8137658179790201E-002 -0.14278799604225434     
   1.0226523616281903E-002 -0.13417428564365058     
   2.8346617296176589E-003 -0.12910640597745970     
  -3.8548712224347678E-003 -0.12708002382216224     
  -9.7715660533284013E-003 -0.12764907372067261     
  -1.4925235442746572E-002 -0.13045224981853148     
  -1.9356496886079960E-002 -0.13517513700784670     
  -2.3193316083301121E-002 -0.14162060303343013     
  -2.6558731404439553E-002 -0.14968634215056920     
  -2.9502491196622838E-002 -0.15934553765430221     
  -3.1978192170712835E-002 -0.17061054833781472     
  -3.3987643394658103E-002 -0.18343642511748379     
  -3.5575746982843395E-002 -0.19769117950239840     
  -3.6805323650699426E-002 -0.21315431938765955     
  -3.7741262318509265E-002 -0.22956182745122794     
  -3.8422937551777697E-002 -0.24667012956561168     
  -3.8824101907163275E-002 -0.26428987391063608     
  -3.8919994923786817E-002 -0.28229283099838171     
  -3.8722869790214581E-002 -0.30058088452288156     
  -3.8260683932083456E-002 -0.31905032009280498     
  -3.7544706047871718E-002 -0.33755756577232748     
  -3.6561708335077082E-002 -0.35589082238967706     
  -3.5289935464803905E-002 -0.37375859139929152     
  -3.3721001716244044E-002 -0.39079009033727824     
  -3.1862571610988988E-002 -0.40656207204113759     
  -2.9697771585999524E-002 -0.42063586484728682     
  -2.7157050773187835E-002 -0.43259456409140418     
  -2.4144523754679924E-002 -0.44206697461029731     
  -2.0569018799588178E-002 -0.44868991650597412     
  -1.6365629015395022E-002 -0.45207071598264159     
  -1.1529709738020611E-002 -0.45177264044388699     
  -6.0884414444677439E-003 -0.44732222518072640     
  -8.4970197681221552E-005 -0.43826373138532243     
   6.4303997614682199E-003 -0.42422355840777232     
   1.3439444070040600E-002 -0.40499156002363262     
   2.0841312001518505E-002 -0.38055848696535244     
   2.8499649932822599E-002 -0.35115969248949153     
   3.6189157868709375E-002 -0.31730755995458670     
   4.3518900166229640E-002 -0.27978033920362128     
   4.9983659398189821E-002 -0.23965129630992396     
   5.5031500295183694E-002 -0.19834227767175949     
   5.8037187945445726E-002 -0.15760102379311774     
   5.8489413387324524E-002 -0.11937170539161535     
   5.6128786043986460E-002  -8.5476260039739627E-002
   5.1147948583045971E-002  -5.7222459619027083E-002
   4.4118680721267192E-002  -3.5136116006972216E-002
   3.5886441206878200E-002  -1.8925477258297199E-002
   2.7340327927062799E-002  -7.7229338055213731E-003
   1.9120716866989549E-002  -4.4627312765080487E-004
   1.1537683267563338E-002   3.8759915848395154E-003
   4.7224498159309193E-003   5.9037954332275501E-003
  -1.3520293301710717E-003   5.9615201555892269E-003
  -6.7548157969749738E-003   4.1458264082886867E-003
  -1.1551162554866464E-002   4.8402281940972591E-004
  -1.5791623230678221E-002  -4.9558679659909982E-003
  -1.9502806192932057E-002  -1.2023505865682464E-002
  -2.2711815736917614E-002  -2.0498717775755702E-002
  -2.5456780989511121E-002  -3.0139982336729567E-002
  -2.7786212549954805E-002  -4.0727365154288715E-002
  -2.9756925566259990E-002  -5.2087307648485369E-002
  -3.1422973946215495E-002  -6.4100110195627197E-002
  -3.2818929615919583E-002  -7.6683510246887382E-002
  -3.3959074362268013E-002  -8.9772184755813736E-002
  -3.4835491896999325E-002 -0.10329699597025857     
  -3.5422506436457904E-002 -0.11716754044018211     
  -3.5687154336985036E-002 -0.13127245484236547     
  -3.5590485954334131E-002 -0.14547304026045674     
  -3.5094007059413672E-002 -0.15960864287284710     
  -3.4169376059710724E-002 -0.17350450357419400     
  -3.2783952674451201E-002 -0.18696748261981608     
  -3.0923081581169163E-002 -0.19979849583389833     
  -2.8569550313914414E-002 -0.21178972388716819     
  -2.5717204140842033E-002 -0.22272775250208407     
  -2.2381872111694352E-002 -0.23240654358062024     
  -1.8557951799297010E-002 -0.24062452114024827     
  -1.4256466095909222E-002 -0.24717804468548127     
  -9.4877298716975859E-003 -0.25187030934169385     
  -4.2678987813509518E-003 -0.25450249590946156     
   1.3601544873043973E-003 -0.25488005479439002     
   7.3440311356525317E-003 -0.25282293051803234     
   1.3619684518215054E-002 -0.24817614463489113     
   2.0089360714206160E-002 -0.24080577822345670     
   2.6632781824570396E-002 -0.23062831951535487     
   3.3065158866147311E-002 -0.21760356142859588     
   3.9166139247434201E-002 -0.20175523882963173     
   4.4694181639609289E-002 -0.18318835671046652     
   4.9339289727038722E-002 -0.16214095446442842     
   5.2766944309237007E-002 -0.13898412521664114     
   5.4659904330293073E-002 -0.11428108165961115     
   5.4780051305644277E-002  -8.8849985052752670E-002
   5.2980217700755290E-002  -6.3729301039218686E-002
   4.9294256220723018E-002  -3.9975466377916304E-002
   4.3970148310419434E-002  -1.8515111800323381E-002
   3.7401863515501781E-002  -5.1525660822582349E-005
   3.0035339409480184E-002   1.4981847050620950E-002
   2.2312588852421648E-002   2.6427225162903606E-002
   1.4618235334378294E-002   3.4345977405306337E-002
   7.2398875150699333E-003   3.8937754793558765E-002
   3.7611699365331335E-004   4.0480582832107773E-002
  -5.8367662133217207E-003   3.9297331023029278E-002
  -1.1315587240034154E-002   3.5735243214128937E-002
  -1.6031805214988634E-002   3.0147255135431213E-002
  -2.0005940604965047E-002   2.2871368759302488E-002
  -2.3292747693820250E-002   1.4213752339846846E-002
  -2.5963594186142611E-002   4.4418698114082255E-003
  -2.8093124267089487E-002  -6.2138148738094335E-003
  -2.9753613798504955E-002  -1.7555668552737724E-002
  -3.1013902545755652E-002  -2.9416345145417716E-002
  -3.1937192766718837E-002  -4.1657496284277867E-002
  -3.2575914952251414E-002  -5.4166706279556130E-002
  -3.2966783998565563E-002  -6.6850598811824591E-002
  -3.3130115535431208E-002  -7.9625545577490617E-002
  -3.3074310111342480E-002  -9.2410055740331315E-002
  -3.2802051546714936E-002 -0.10512196455365341     
  -3.2313222273251577E-002 -0.11767969270232313     
  -3.1602364735870615E-002 -0.13000362945936739     
  -3.0652968560612424E-002 -0.14201387276408894     
  -2.9432838148761617E-002 -0.15362363162295481     
  -2.7892975114878860E-002 -0.16473054774158383     
  -2.5969173055387193E-002 -0.17520852690854072     
  -2.3584323955184887E-002 -0.18490071287230858     
  -2.0651426655416204E-002 -0.19361259962159286     
  -1.7080239947364909E-002 -0.20110511663598105     
  -1.2790979946711831E-002 -0.20709036800202885     
  -7.7350218899752479E-003 -0.21123496367872038     
  -1.9172105837872294E-003 -0.21317520169237503     
   4.5890136203179483E-003 -0.21254440685617951     
   1.1640660176210283E-002 -0.20900719360833439     
   1.9037732088800045E-002 -0.20229144676836486     
   2.6538517236226970E-002 -0.19221051325633889     
   3.3862254447422586E-002 -0.17867809601437004     
   4.0673162453890195E-002 -0.16173238197909978     
   4.6563370938677670E-002 -0.14158967176883205     
   5.1073845851068674E-002 -0.11872464523581085     
   5.3784035606963571E-002  -9.3927538947722558E-002
   5.4449228411104986E-002  -6.8260007265674341E-002
   5.3103369730940347E-002  -4.2876900214110093E-002
   5.0043958824113860E-002  -1.8789477399427011E-002
   4.5699544377826529E-002   3.2911760562052009E-003
   4.0472995380406246E-002   2.2956338617573020E-002
   3.4657248646939830E-002   3.9996902317465929E-002
   2.8442395247745569E-002   5.4295887428924043E-002
   2.1967696410438518E-002   6.5773313564877187E-002
   1.5368637537906842E-002   7.4381809515352296E-002
   8.7969337866523525E-003   8.0126318894069820E-002
   2.4140186845035615E-003   8.3082366983128056E-002
  -3.6301823259692746E-003   8.3398590351204185E-002
  -9.2187688707609933E-003   8.1282203106288864E-002
  -1.4279519937837590E-002   7.6974513538596065E-002
  -1.8783230686859758E-002   7.0725850160575129E-002
  -2.2731025352874041E-002   6.2777556730740910E-002
  -2.6136860063920037E-002   5.3354874988642172E-002
  -2.9012399846634604E-002   4.2669943946179692E-002
  -3.1359156512975703E-002   3.0930668479451397E-002
  -3.3168944811227348E-002   1.8350057956604826E-002
  -3.4430460420253682E-002   5.1517227166804286E-003
  -3.5138269722389280E-002  -8.4304607237207611E-003
  -3.5300799799059333E-002  -2.2158254147086495E-002
  -3.4945140930489407E-002  -3.5798915259912356E-002
  -3.4117576428905484E-002  -4.9136858074235172E-002
  -3.2879428753070553E-002  -6.1984721823378837E-002
  -3.1298466626474265E-002  -7.4191221199239973E-002
  -2.9437227429699515E-002  -8.5643191128906559E-002
  -2.7341109709815570E-002  -9.6260147286045400E-002
  -2.5030157498421093E-002 -0.10598180713521894     
  -2.2497928930934677E-002 -0.11475181140991857     
  -1.9718252225624299E-002 -0.12250285273451472     
  -1.6657052392578944E-002 -0.12914803548348336     
  -1.3283888149539584E-002 -0.13458030989290673     
  -9.5781031376924019E-003 -0.13867766308049428     
  -5.5277813870414213E-003 -0.14130863015387179     
  -1.1247134506247774E-003 -0.14233244356285507     
   3.6368124926578127E-003 -0.14159154791912704     
   8.7477465973736634E-003 -0.13890072049453703     
   1.4151763746247093E-002 -0.13404481936524293     
   1.9694522358133390E-002 -0.12680361328526218     
   2.5072298015313028E-002 -0.11702304483202494     
   2.9817348947033841E-002 -0.10473835478642751     
   3.3365433630826835E-002  -9.0314411207426643E-002
   3.5218394619388416E-002  -7.4514884261304343E-002
   3.5137575769685001E-002  -5.8405977070108535E-002
   3.3246596464851258E-002  -4.3098168517740135E-002
   2.9969128035208983E-002  -2.9465936312431995E-002
   2.5854844781720995E-002  -1.8004498589613248E-002
   2.1417487181977495E-002  -8.8547514166108891E-003
   1.7055093507322087E-002  -1.9103358000429455E-003
   1.3036240502284809E-002   3.0762493747043523E-003
   9.5145634644512728E-003   6.4147023626303186E-003
   6.5541262901609729E-003   8.4245296121137764E-003
   4.1572526608942475E-003   9.4053903699474126E-003
   2.2872044475871624E-003   9.6229433147545403E-003
   8.8446224417764124E-004   9.3028033054329932E-003
  -1.2096537329764993E-004   8.6293039781473631E-003
  -8.0060494910574973E-004   7.7476973884954012E-003
  -1.2218924273945213E-003   6.7683046689923834E-003
  -1.4449142732515642E-003   5.7715696090398505E-003
  -1.5208822467502458E-003   4.8134636619777899E-003
  -1.4920891617965317E-003   3.9306543989944707E-003
  -1.3927901798826219E-003   3.1449169847195700E-003
  -1.2503625891570245E-003   2.4666275269993334E-003
  -1.0863518740639149E-003   1.8974738174171585E-003
  -9.1724068396857854E-004   1.4326399607327554E-003
  -7.5497107854657984E-004   1.0627203604462764E-003
  -6.0739804079552743E-004   7.7550002633191043E-004
  -4.7884277951742331E-004   5.5757306178400620E-004
  -3.7079190828002208E-004   3.9568201707448843E-004
  -2.8267909173261161E-004   2.7767934764776238E-004
  -2.1264241290230078E-004   1.9308622590376426E-004
  -1.5816503844420321E-004   1.3329871339186493E-004
  -1.1655168442658687E-004   9.1536225063588642E-005
  -8.5238739122722580E-005   6.2635286084196601E-005
  -6.1964213030199700E-005   4.2774761387662175E-005
  -4.4834631597957872E-005   2.9192970622691563E-005
  -3.2325527632711055E-005   1.9932068231501495E-005
  -2.3245403022913963E-005   1.3625298057772393E-005
  -1.6684112995815607E-005   9.3298115228979431E-006
  -1.1958651178421094E-005   6.4008047516585018E-006
  -8.5633944760165823E-006   4.3998487802282069E-006
  -6.1278775836422364E-006   3.0298078589100307E-006
  -4.3827382483561166E-006   2.0895258651818107E-006
  -3.1332075615773081E-006   1.4427340649768518E-006
  -2.2389957068764055E-006   9.9693861287101099E-007
  -1.5993134927156030E-006   6.8918041785408419E-007
  -1.1418682857587680E-006   4.7646333134021664E-007
  -8.1485697684957163E-007   3.2932497988423828E-007
  -5.8117822018606637E-007   2.2751236353726032E-007
  -4.1426721409265505E-007   1.5706433873121873E-007
  -2.9510627670965732E-007   1.0833514520891608E-007
  -2.1008244843104525E-007   7.4649221605096822E-008
  -1.4945313132809327E-007   5.1381404846241764E-008
  -1.0624739134819425E-007   3.5325257561395021E-008
  -7.5479136727358535E-008   2.4257616844672304E-008
  -5.3583518043649028E-008   1.6637488250623469E-008
  -3.8013147081436118E-008   1.1397360812540536E-008
  -2.6948791167394229E-008   7.7983512049620721E-009
  -1.9092096558794177E-008   5.3295660674919246E-009
  -1.3517110640512107E-008   3.6381656001088788E-009
  -9.5639596700036261E-009   2.4807730482123064E-009
  -6.7627492189219999E-009   1.6897351246202686E-009
  -4.7791279058252279E-009   1.1497154728547119E-009
  -3.3753736912495504E-009   7.8147479601156253E-010
  -2.3825970834749633E-009   5.3064535421204482E-010
  -1.6809010071018673E-009   3.5997259491107956E-010
  -1.1852313769770955E-009   2.4396068014952849E-010
  -8.3529454666749830E-010   1.6518241131537338E-010
  -5.8837873320303474E-010   1.1173984815338224E-010
  -4.1424725791394111E-010   7.5519275979406121E-011
  -2.9150861895278367E-010   5.0993701932902141E-011
  -2.0503836215547035E-010   3.4402189539501686E-011
  -1.4414939718272316E-010   2.3188175147201594E-011
  -1.0129444884083805E-010   1.5615517801442229E-011
  -7.1146540360307351E-011   1.0506357057520813E-011
  -4.9947820361097988E-011   7.0623411784651172E-012
  -3.5048726924020850E-011   4.7428457072394799E-012
  -2.4582059794700652E-011   3.1821026292519764E-012
  -1.7232606564692397E-011   2.1328653866073301E-012
  -1.2074403402228605E-011   1.4281505568036783E-012
  -8.4558379082544099E-012   9.5528060914155977E-013
  -5.9185729810235009E-012   6.3828895502774250E-013
  -4.1403657534156259E-012   4.2600411895258348E-013
  -2.8947593068854551E-012   2.8398713363898161E-013
  -2.0226821699345815E-012   1.8908089876664463E-013
  -1.4124472596183343E-012   1.2572850715388680E-013
  -9.8567261438972326E-013   8.3488561593397777E-014
  -6.8737510249854775E-013   5.5359748279284325E-014
  -4.7900336876609862E-013   3.6652062045277759E-014
  -3.3354008952219559E-013   2.4226981179852394E-014
  -2.3206042799391264E-013   1.5986445279858768E-014
  -1.6131478715577155E-013   1.0529472346894658E-014
  -1.1203174477071864E-013   6.9216317425797946E-015
  -7.7727129408611426E-014   4.5404266463037261E-015
  -5.3868657409892641E-014   2.9716900131616117E-015
  -3.7290241780326559E-014   1.9402322581014204E-015
  -2.5781542714102083E-014   1.2634651098957610E-015
  -1.7800464169126028E-014   8.2042324387383848E-016
  -1.2271868566069495E-014   5.3109473900850454E-016
  -8.4467260227653273E-015   3.4264621281866894E-016
  -5.8036054000176497E-015   2.2025426893857404E-016
  -3.9798167522738488E-015   1.4101095847115428E-016
  -2.7233079602214404E-015   8.9878264564927813E-017
  -1.8590805491371835E-015   5.7006697264938818E-017
  -1.2657573718698411E-015   3.5960838388241368E-017
  -8.5924452815451287E-016   2.2547050495725350E-017
  -5.8134789738358450E-016   1.4040400609864475E-017
  -3.9184782868234329E-016   8.6758351123127952E-018
  -2.6298593195319313E-016   5.3139769434926678E-018
  -1.7563316845253231E-016   3.2221097923662443E-018
  -1.1662898888437653E-016   1.9309974649392092E-018
  -7.6935479766669377E-017   1.1415271225073682E-018
  -5.0358247590731603E-017   6.6401370215792834E-019
  -3.2661038180446415E-017   3.7886299313311317E-019
  -2.0953623837962093E-017   2.1116543358527025E-019
  -1.3269132406011915E-017   1.1434994624738528E-019
  -8.2725332261240254E-018   5.9711999650382253E-020
  -5.0597746862974799E-018   2.9737336270227764E-020
  -3.0194055007758851E-018   1.3869179013942033E-020
  -1.7372907906395199E-018   5.8482832609607275E-021
  -9.3063359034814732E-019   2.0486748165124980E-021
  -4.0007119455963574E-019   4.2911775223784176E-022
  -0.0000000000000000        0.0000000000000000     
