 Initial conditions outputted from a previous simulation. Time =    39.400000000000006     
   40.000000000000000        0.0000000000000000              500           1   39.400000000000006     
  -2.1987977952770642E-002  0.12530773864836262     
  -2.5375722523542376E-002  0.11392883092364180     
  -2.8264819921954284E-002  0.10135013470465663     
  -3.0667035928390460E-002   8.7773371734383557E-002
  -3.2652178198209418E-002   7.3367755569263518E-002
  -3.4227968701530984E-002   5.8312983687567425E-002
  -3.5442749357909850E-002   4.2741003470375891E-002
  -3.6323165255807643E-002   2.6784358375216942E-002
  -3.6889208374956448E-002   1.0563425518949069E-002
  -3.7155927245331413E-002  -5.8095482167408756E-003
  -3.7130078267597663E-002  -2.2225551258895436E-002
  -3.6811098063685960E-002  -3.8576795525790880E-002
  -3.6191657226791338E-002  -5.4753671373476392E-002
  -3.5257725068068797E-002  -7.0641309404049876E-002
  -3.3989358569002898E-002  -8.6116046781629776E-002
  -3.2362081062536407E-002 -0.10104111782459316     
  -3.0348725029927724E-002 -0.11526105595863680     
  -2.7921553853929706E-002 -0.12859438440542786     
  -2.5053642289619715E-002 -0.14082462191273476     
  -2.1717548939490797E-002 -0.15169135593414390     
  -1.7879510412710773E-002 -0.16088614400531007     
  -1.3490415088086615E-002 -0.16806013613187740     
  -8.4803980394704669E-003 -0.17284756118857716     
  -2.7675799888081981E-003 -0.17490024626355816     
   3.7122857770788696E-003 -0.17391865059902270     
   1.0959801921291052E-002 -0.16966373715900837     
   1.8865777042285516E-002 -0.16194621931242154     
   2.7184603391670899E-002 -0.15061015549696055     
   3.5538937768001086E-002 -0.13554150651103097     
   4.3452410140970878E-002 -0.11672349906005577     
   5.0395403811179691E-002  -9.4330547227728739E-002
   5.5833738931132706E-002  -6.8822889742901253E-002
   5.9289935496055692E-002  -4.0994215815341642E-002
   6.0431271277004928E-002  -1.1934081397435767E-002
   5.9163050859128256E-002   1.7106197924241180E-002
   5.5665917534459965E-002   4.4908254751189411E-002
   5.0338141834500819E-002   7.0463127287917524E-002
   4.3676631602827670E-002   9.3059764819255625E-002
   3.6168980528328003E-002  0.11227829897579662     
   2.8238753226041417E-002  0.12793558553507828     
   2.0237060395287224E-002  0.14003150739926634     
   1.2450591166123315E-002  0.14870730877075400     
   5.1039193368284793E-003  0.15420346984752373     
  -1.6442757283476627E-003  0.15681650758234247     
  -7.7006307628113956E-003  0.15686383148407929     
  -1.3029059043527391E-002  0.15466011291097795     
  -1.7639105109860425E-002  0.15050336067934936     
  -2.1572903097827646E-002  0.14466788868693792     
  -2.4891251998120749E-002  0.13740077067980316     
  -2.7660602735619492E-002  0.12891952778446661     
  -2.9943087635766898E-002  0.11941142408510641     
  -3.1790773564826721E-002  0.10903578630200618     
  -3.3244460480133194E-002   9.7929871841843194E-002
  -3.4336106956737451E-002   8.6217374983090761E-002
  -3.5092623672215564E-002   7.4017332424981597E-002
  -3.5538684968065816E-002   6.1450603261209616E-002
  -3.5697425939492523E-002   4.8641887376040596E-002
  -3.5589326711092009E-002   3.5717118521817789E-002
  -3.5230381616780382E-002   2.2798087443452790E-002
  -3.4630497318444226E-002   9.9974177090918371E-003
  -3.3792228955568493E-002  -2.5830426976364211E-003
  -3.2709300792721482E-002  -1.4848725411653009E-002
  -3.1364544557855971E-002  -2.6704110624294401E-002
  -2.9727671436957790E-002  -3.8042014101237080E-002
  -2.7754105210144767E-002  -4.8733617844327261E-002
  -2.5386532912240675E-002  -5.8622100987478297E-002
  -2.2560104025677322E-002  -6.7521182973775906E-002
  -1.9210355701220608E-002  -7.5217943967775952E-002
  -1.5281682490672424E-002  -8.1477985532228250E-002
  -1.0734107254661363E-002  -8.6050668629141472E-002
  -5.5476797596036125E-003  -8.8672330125284124E-002
   2.7508632020178367E-004  -8.9066177594207679E-002
   6.7053116023330153E-003  -8.6941095151300260E-002
   1.3681566243307356E-002  -8.1995259821279962E-002
   2.1097445346776007E-002  -7.3928488224933600E-002
   2.8779331555244505E-002  -6.2466352953436499E-002
   3.6467067122515406E-002  -4.7400777719120657E-002
   4.3803573510681544E-002  -2.8649236027822225E-002
   5.0341536791550741E-002  -6.3258128909680390E-003
   5.5580023054487504E-002   1.9184820918149464E-002
   5.9054277999897119E-002   4.7178128354691769E-002
   6.0435935528173779E-002   7.6653253199614607E-002
   5.9611697627514129E-002  0.10641853434850129     
   5.6711196420643574E-002  0.13526635086562599     
   5.2053523571451737E-002  0.16216327911410450     
   4.6068102196453999E-002  0.18636030898168865     
   3.9202659421528757E-002  0.20740554480512202     
   3.1864726926278023E-002  0.22510196942978494     
   2.4404078785624662E-002  0.23943880754813071     
   1.7093793873449357E-002  0.25053677636186183     
   1.0120820316290654E-002  0.25860416181779877     
   3.6251641895265387E-003  0.26388866460655602     
  -2.3080144065432181E-003  0.26665188745221996     
  -7.6442304224062828E-003  0.26715912347251508     
  -1.2373800036947774E-002  0.26566587417479698     
  -1.6512306244835958E-002  0.26241137114896879     
  -2.0090035414212410E-002  0.25761864047516592     
  -2.3148007786738617E-002  0.25149547339843453     
  -2.5737977931537207E-002  0.24423076006356953     
  -2.7908959690673394E-002  0.23599354454117924     
  -2.9701575019633955E-002  0.22693552800198566     
  -3.1148677132476908E-002  0.21719349126986329     
  -3.2273600765997397E-002  0.20688945122995284     
  -3.3098367493475986E-002  0.19612731378757042     
  -3.3648498648921485E-002  0.18498315259664441     
  -3.3955041716618395E-002  0.17349856917251219     
  -3.4046293569199360E-002  0.16168725806718279     
  -3.3939605678096903E-002  0.14957243975644799     
  -3.3617869778060000E-002  0.13725610225055548     
  -3.3031050990123080E-002  0.12501355042314571     
  -3.2114226280126147E-002  0.11338297867070984     
  -3.0740668395978912E-002  0.10318266879420798     
  -2.8749212266420320E-002   9.5416704193128074E-002
  -2.6019994139650053E-002   9.1013181169609006E-002
  -2.2501119277641122E-002   9.0371777602133718E-002
  -1.8315173062042354E-002   9.2817754311375372E-002
  -1.3729518740522211E-002   9.6177239640786255E-002
  -9.0106458401544836E-003   9.6812893339290787E-002
  -4.3705316149014036E-003   9.0438472300000919E-002
   8.3375819960335287E-005   7.3560089864809386E-002
   4.4507082127081344E-003   4.4857735969537862E-002
   8.9694053927659705E-003   5.7291489530254562E-003
   1.3885348469154244E-002  -4.0268744523905220E-002
   1.9330979709924669E-002  -8.8558100256310862E-002
   2.5262615844321410E-002 -0.13463918263980743     
   3.1484076394052062E-002 -0.17480936352695761     
   3.7763259982704613E-002 -0.20650856445116089     
   4.3808817559950121E-002 -0.22843626525880806     
   4.9208932970190508E-002 -0.24046886758362848     
   5.3599305129847147E-002 -0.24348898417831050     
   5.6608608478622910E-002 -0.23912573359057554     
   5.7847430427510817E-002 -0.22942311114039490     
   5.7094199310796900E-002 -0.21656159829355887     
   5.4332318647510633E-002 -0.20261184310473249     
   4.9656408663918614E-002 -0.18934736449432396     
   4.3363334344190096E-002 -0.17819983163428335     
   3.5937750385647282E-002 -0.17020873723699734     
   2.7941762173030335E-002 -0.16598974418126544     
   1.9794892157470958E-002 -0.16573195942165847     
   1.1859290182856714E-002 -0.16925736981155629     
   4.4285823851595747E-003 -0.17616497239389747     
  -2.3592558014404498E-003 -0.18599647431952460     
  -8.4194306794596885E-003 -0.19837252954831849     
  -1.3672786644077244E-002 -0.21302822575760766     
  -1.8169593064009358E-002 -0.22975768868209082     
  -2.1984616288369785E-002 -0.24837336294430504     
  -2.5188780524041946E-002 -0.26866328253332195     
  -2.7830131679701588E-002 -0.29038172843047516     
  -2.9945198251020246E-002 -0.31326792208179383     
  -3.1581680180487348E-002 -0.33705972942937157     
  -3.2795940947019125E-002 -0.36150824341260185     
  -3.3648042148848450E-002 -0.38639026715992852     
  -3.4197245196800299E-002 -0.41151587018815533     
  -3.4489589129234555E-002 -0.43672765095192839     
  -3.4552134488771827E-002 -0.46189457004289952     
  -3.4386095678153573E-002 -0.48690030070848417     
  -3.3992118652919075E-002 -0.51163146677887894     
  -3.3384665680173405E-002 -0.53596889426146688     
  -3.2584703426170876E-002 -0.55978537184709964     
  -3.1591089376826378E-002 -0.58295017724341536     
  -3.0372480877769163E-002 -0.60532838426768831     
  -2.8873805531430832E-002 -0.62677906171147935     
  -2.7008244782968097E-002 -0.64714788364404019     
  -2.4680559161662688E-002 -0.66625840090194255     
  -2.1826721010006912E-002 -0.68390889088888451     
  -1.8400955261802448E-002 -0.69986865190540404     
  -1.4390398249402301E-002 -0.71387532350589389     
  -9.7875843380726447E-003 -0.72563155638506982     
  -4.5991739003678495E-003 -0.73479407488877024     
   1.1827697658589229E-003 -0.74097714844768880     
   7.5939289752395469E-003 -0.74372936982662929     
   1.4582327715380062E-002 -0.74256867466082599     
   2.1955605708269876E-002 -0.73698853818541710     
   2.9542780323863597E-002 -0.72651828838986432     
   3.7096390267170924E-002 -0.71083168163002852     
   4.4296754018771652E-002 -0.68982952269785258     
   5.0737911327017965E-002 -0.66378857823052739     
   5.5753921525246275E-002 -0.63345749125412065     
   5.8550621376036005E-002 -0.60006679400259133     
   5.8534768729951676E-002 -0.56532852870784878     
   5.5604961022232870E-002 -0.53121298810647699     
   5.0219716609771786E-002 -0.49970753997225759     
   4.3103927757773643E-002 -0.47254013245339654     
   3.5010564730599159E-002 -0.45088623473003958     
   2.6522619918813876E-002 -0.43525601920437057     
   1.7947173308686920E-002 -0.42545870781894884     
   9.5959174900530752E-003 -0.42078847442391887     
   1.7603174236111513E-003 -0.42039776864649409     
  -5.3319224142587187E-003 -0.42352149900000174     
  -1.1543675077866026E-002 -0.42963826430605701     
  -1.6877668906977325E-002 -0.43842128760927174     
  -2.1405812816169795E-002 -0.44960094627598823     
  -2.5190022821878388E-002 -0.46291251938526734     
  -2.8324360659834302E-002 -0.47803203922271287     
  -3.0856028276400094E-002 -0.49460206477428881     
  -3.2847957805787906E-002 -0.51226789602597766     
  -3.4370279213412576E-002 -0.53065889535977762     
  -3.5502999100441718E-002 -0.54942426105813524     
  -3.6320952838021003E-002 -0.56824716617507998     
  -3.6879429281609352E-002 -0.58686488349554855     
  -3.7222637167683169E-002 -0.60508818818579679     
  -3.7370743831300936E-002 -0.62278490191655322     
  -3.7318170033406491E-002 -0.63985444285871973     
  -3.7044073280367108E-002 -0.65620755021103738     
  -3.6529517961697539E-002 -0.67175483958319959     
  -3.5766115649621608E-002 -0.68641137425308119     
  -3.4742038478932515E-002 -0.70009887669516657     
  -3.3433879270269008E-002 -0.71274980007297994     
  -3.1806350719546496E-002 -0.72430070494847987     
  -2.9797922836644467E-002 -0.73469717320949568     
  -2.7336944219290542E-002 -0.74390256781268094     
  -2.4365111417930983E-002 -0.75191831576390578     
  -2.0841679401287613E-002 -0.75874118095158460     
  -1.6741286445041952E-002 -0.76427960582480392     
  -1.2033905997723898E-002 -0.76832569896696723     
  -6.6854701160222307E-003 -0.77051054225695370     
  -6.6483404323332935E-004 -0.77028985199751576     
   6.0077111441644319E-003 -0.76703046112727358     
   1.3234398824022631E-002 -0.76003743405673863     
   2.0875710343218674E-002 -0.74858786191303639     
   2.8683262115132904E-002 -0.73198538487865705     
   3.6248094952142103E-002 -0.70963077216268333     
   4.3059528573020575E-002 -0.68117546096586856     
   4.8502414022897865E-002 -0.64668256087309084     
   5.1912626541101771E-002 -0.60682828998215976     
   5.2733940173861134E-002 -0.56311331556376176     
   5.0747212231611750E-002 -0.51780172098827826     
   4.6206555761698014E-002 -0.47348307208447832     
   3.9680333356516211E-002 -0.43239946230933574     
   3.1872910290685237E-002 -0.39588412439322740     
   2.3521391884775349E-002 -0.36421187811306222     
   1.5215484848991817E-002 -0.33683167672341113     
   7.3833167560417743E-003 -0.31287333658623523     
   3.3926318987663050E-004 -0.29156441353764267     
  -5.7457235336505529E-003 -0.27239443997937418     
  -1.0871792860909090E-002 -0.25521683398613509     
  -1.5191169815392544E-002 -0.24023410073671536     
  -1.8848705466182239E-002 -0.22786555990742782     
  -2.1867820210659642E-002 -0.21861638413879825     
  -2.4248932245053572E-002 -0.21292000326170521     
  -2.6042624653065088E-002 -0.21097677549967178     
  -2.7376615392631556E-002 -0.21269212180498989     
  -2.8426158642822340E-002 -0.21767802804125039     
  -2.9336274309501750E-002 -0.22533477271598198     
  -3.0188277318236381E-002 -0.23497715128893767     
  -3.0964816243161459E-002 -0.24595351085550834     
  -3.1595257989401097E-002 -0.25772434638557201     
  -3.2029002394273878E-002 -0.26988177454225254     
  -3.2229458323299431E-002 -0.28213397985854355     
  -3.2162996695745967E-002 -0.29427752813945818     
  -3.1827077160085877E-002 -0.30617087678854360     
  -3.1240880458690373E-002 -0.31771654891907908     
  -3.0416632093570692E-002 -0.32885098663346596     
  -2.9339927187690133E-002 -0.33953080903482324     
  -2.7914744481433041E-002 -0.34970949345757674     
  -2.5989775536676848E-002 -0.35930218363479727     
  -2.3418093565220264E-002 -0.36814814206679114     
  -2.0077720033155173E-002 -0.37599250251492622     
  -1.5921945873940292E-002 -0.38248947070406580     
  -1.0944248758911325E-002 -0.38723539843398913     
  -5.1796007164553095E-003 -0.38980886186048963     
   1.2950240626217887E-003 -0.38980829486427082     
   8.3809227336364891E-003 -0.38688610507805965     
   1.5927792913192601E-002 -0.38076195344031877     
   2.3734329695295202E-002 -0.37123833583759602     
   3.1564975760628562E-002 -0.35821652864390957     
   3.9125682161929375E-002 -0.34170899277083355     
   4.6013982685300076E-002 -0.32187507649854719     
   5.1816394871437826E-002 -0.29905532469413010     
   5.6087838207771822E-002 -0.27380640628124531     
   5.8522620944993511E-002 -0.24690828639156845     
   5.9029154436439336E-002 -0.21931313509142153     
   5.7639451333604173E-002 -0.19203924816773166     
   5.4489943093022471E-002 -0.16603524306229189     
   4.9808442902631977E-002 -0.14212176438463386     
   4.3892796687966397E-002 -0.12091777840885147     
   3.7138523378317169E-002 -0.10282756975296985     
   2.9935646304382852E-002  -8.8059843338991181E-002
   2.2576224194304273E-002  -7.6634190783121323E-002
   1.5330872771859103E-002  -6.8406837092762088E-002
   8.3477980709370497E-003  -6.3174412711820532E-002
   1.7572450640850890E-003  -6.0708749350411935E-002
  -4.3471386745740541E-003  -6.0785985363183664E-002
  -9.9229512682975970E-003  -6.3172979564711851E-002
  -1.4926178509035569E-002  -6.7628575306531408E-002
  -1.9327071375330504E-002  -7.3908573413690476E-002
  -2.3120971541562400E-002  -8.1765936929822883E-002
  -2.6303480798878533E-002  -9.0959096258738312E-002
  -2.8887728074280760E-002 -0.10124591732563884     
  -3.0910861623783720E-002 -0.11238135938366292     
  -3.2414403682698135E-002 -0.12413640205339033     
  -3.3443235311520769E-002 -0.13631186217181590     
  -3.4042658747062644E-002 -0.14872894066564415     
  -3.4249961182776172E-002 -0.16122338010452375     
  -3.4097728046341529E-002 -0.17364650687775315     
  -3.3622508061227845E-002 -0.18586413953197103     
  -3.2863918844081672E-002 -0.19775762605668057     
  -3.1857573294819988E-002 -0.20922814527097072     
  -3.0629006657276376E-002 -0.22019646189301370     
  -2.9188798423416980E-002 -0.23059615745599954     
  -2.7529274288736406E-002 -0.24036454210827188     
  -2.5623952422170079E-002 -0.24943375760457981     
  -2.3428449112276102E-002 -0.25772226991490610     
  -2.0881549558415521E-002 -0.26512640538752114     
  -1.7907828386116351E-002 -0.27151166478878064     
  -1.4424120620998881E-002 -0.27670495361835756     
  -1.0349953131598776E-002 -0.28049042436684390     
  -5.6192893317533067E-003 -0.28261075793918289     
  -1.9061834255513336E-004 -0.28277286211148384     
   5.9446177187817252E-003 -0.28065522782042840     
   1.2751225247955349E-002 -0.27591573932254576     
   2.0131784846341809E-002 -0.26820333617867764     
   2.7898976944516693E-002 -0.25718238871807531     
   3.5745115458757241E-002 -0.24258171214472718     
   4.3224388990354044E-002 -0.22427704675922111     
   4.9769619015446104E-002 -0.20240238475460215     
   5.4762837969414745E-002 -0.17745962650205738     
   5.7659737133466921E-002 -0.15036732609415110     
   5.8132188483141105E-002 -0.12238713007438701     
   5.6163475897071984E-002  -9.4919051144951236E-002
   5.2043189116575642E-002  -6.9241798706597885E-002
   4.6267127806496368E-002  -4.6315145970125170E-002
   3.9402895303118024E-002  -2.6711755509197337E-002
   3.1983474232168276E-002  -1.0658465298519833E-002
   2.4450108443731966E-002   1.8745620996752956E-003
   1.7133064852767148E-002   1.1082720605801689E-002
   1.0254754204147742E-002   1.7252324606060559E-002
   3.9455053784769973E-003   2.0707087277747675E-002
  -1.7359213777795740E-003   2.1774094462929706E-002
  -6.7831964558244719E-003   2.0763776386353374E-002
  -1.1226602902591611E-002   1.7958297974308219E-002
  -1.5119838454703815E-002   1.3605116886618616E-002
  -1.8528688439187778E-002   7.9143342842641993E-003
  -2.1521316986158032E-002   1.0592819182852597E-003
  -2.4160140693283906E-002  -6.8199154572231675E-003
  -2.6495535536072968E-002  -1.5610082712880162E-002
  -2.8561950853871313E-002  -2.5216699608238149E-002
  -3.0376928996470001E-002  -3.5554813056621684E-002
  -3.1942900264171403E-002  -4.6540752903227893E-002
  -3.3250827507526434E-002  -5.8086020045448807E-002
  -3.4284250592308066E-002  -7.0093945008539882E-002
  -3.5022207019645674E-002  -8.2458653426458084E-002
  -3.5440101620402203E-002  -9.5065012117895795E-002
  -3.5508743829728517E-002 -0.10778804548902103     
  -3.5192779854592134E-002 -0.12049090097917368     
  -3.4450024611872063E-002 -0.13302147905837050     
  -3.3232697630248074E-002 -0.14520874543710155     
  -3.1490669559557129E-002 -0.15686004084262145     
  -2.9176072750590174E-002 -0.16776035911705259     
  -2.6248395978161563E-002 -0.17767392112279878     
  -2.2679423520544112E-002 -0.18634784453128775     
  -1.8457736715590273E-002 -0.19351750773013163     
  -1.3592680063660450E-002 -0.19891325697802711     
  -8.1177189617970737E-003 -0.20226819983696118     
  -2.0932384425262534E-003 -0.20332687425682516     
   4.3907712039782847E-003 -0.20185476147887615     
   1.1211310731830675E-002 -0.19764923341037463     
   1.8207826389150025E-002 -0.19055357176318741     
   2.5177872094009422E-002 -0.18047633622036879     
   3.1876732004178815E-002 -0.16741715564098281     
   3.8025584803551941E-002 -0.15149628433207976     
   4.3330199422933882E-002 -0.13298064869674794     
   4.7507140246488236E-002 -0.11229718152001611     
   5.0310818901275457E-002  -9.0027344107916574E-002
   5.1555602759685321E-002  -6.6883029057012794E-002
   5.1131997300929405E-002  -4.3668557717067118E-002
   4.9020875141725796E-002  -2.1232547051996543E-002
   4.5310093137599913E-002  -4.0838791331127049E-004
   4.0210490475362633E-002   1.8059845290390966E-002
   3.4056811690491871E-002   3.3600064659608846E-002
   2.7276461053472697E-002   4.5880261410815026E-002
   2.0325210216461730E-002   5.4832217713925137E-002
   1.3613299342744588E-002   6.0619149417052626E-002
   7.4531267056962645E-003   6.3565408292302769E-002
   2.0430657294154427E-003   6.4080303689873469E-002
  -2.5201775079125273E-003   6.2598392301667138E-002
  -6.2166008308576892E-003   5.9541667750374561E-002
  -9.0770662884359869E-003   5.5299618374944272E-002
  -1.1162252145193381E-002   5.0221198082739268E-002
  -1.2548340470234195E-002   4.4613427373933347E-002
  -1.3318914573594019E-002   3.8742608852989323E-002
  -1.3561044437454954E-002   3.2835719905211967E-002
  -1.3363287590561403E-002   2.7081026096840693E-002
  -1.2813808599987042E-002   2.1628081673158172E-002
  -1.1997557828437229E-002   1.6588040157727930E-002
  -1.0992395778330511E-002   1.2035511492146612E-002
  -9.8650326658771201E-003   8.0129133192985581E-003
  -8.6682886597212721E-003   4.5373605271210463E-003
  -7.4411175900091098E-003   1.6089084254960115E-003
  -6.2119473871409848E-003  -7.8202153049049554E-004
  -5.0044313551418423E-003  -2.6503278240530715E-003
  -3.8433448712180272E-003  -4.0162767091045737E-003
  -2.7579066325323425E-003  -4.9092517863472242E-003
  -1.7807257762498577E-003  -5.3726519427809410E-003
  -9.4262373679852938E-004  -5.4665792341782342E-003
  -2.6571801848992662E-004  -5.2658804454728345E-003
   2.4192519760424510E-004  -4.8534091873509823E-003
   5.8770639176073660E-004  -4.3107416188503372E-003
   7.9177068212834688E-004  -3.7095742803619461E-003
   8.8182361519995023E-004  -3.1062298284862556E-003
   8.8768892619622234E-004  -2.5399487072390032E-003
   8.3712028981818910E-004  -2.0341974301457582E-003
   7.5335249126525449E-004  -1.5996757649144086E-003
   6.5419045996546168E-004  -1.2378539887231716E-003
   5.5217606292612821E-004  -9.4427003364850194E-004
   4.5535833952825875E-004  -7.1119882000389152E-004
   3.6828743025352044E-004  -5.2959143171469171E-004
   2.9298956490058118E-004  -3.9035246297850781E-004
   2.2980386606969995E-004  -2.8509266632193770E-004
   1.7804044884923425E-004  -2.0650083221518097E-004
   1.3646134189471102E-004  -1.4846092736824095E-004
   1.0360818411789235E-004  -1.0601460881591354E-004
   7.8009806464214587E-005  -7.5241418483358894E-005
   5.8301927052888770E-005  -5.3104510143112885E-005
   4.3285964488806417E-005  -3.7291475068707903E-005
   3.1948304330933826E-005  -2.6066958921345067E-005
   2.3455943076606477E-005  -1.8144878476562084E-005
   1.7139507069698018E-005  -1.2582438486228669E-005
   1.2470771713529946E-005  -8.6950616069102545E-006
   9.0390809204105084E-006  -5.9898364810657546E-006
   6.5291662214927270E-006  -4.1145060177558535E-006
   4.7015715775042494E-006  -2.8190095852122787E-006
   3.3760942189257026E-006  -1.9268932891755309E-006
   2.4182050150616924E-006  -1.3143113734543105E-006
   1.7281744538789314E-006  -8.9476153687673184E-007
   1.2325258612601278E-006  -6.0808738144730096E-007
   8.7741868492428200E-007  -4.1261802988040710E-007
   6.2359073568408361E-007  -2.7958954512389595E-007
   4.4253327207064471E-007  -1.8921027756322223E-007
   3.1362452240448440E-007  -1.2790104354618095E-007
   2.2199828229334497E-007  -8.6368988114971971E-008
   1.5696991488974100E-007  -5.8269253036759167E-008
   1.1088087985482393E-007  -3.9278735200293529E-008
   7.8254908454384305E-008  -2.6457322261866317E-008
   5.5184601897575095E-008  -1.7808783119319623E-008
   3.8887339759144148E-008  -1.1979762030742157E-008
   2.7384914481311374E-008  -8.0539631807486306E-009
   1.9273154175068319E-008  -5.4117416806541417E-009
   1.3556723937683541E-008  -3.6345087626744639E-009
   9.5309614571329682E-009  -2.4397646875219587E-009
   6.6975433594447886E-009  -1.6370173674347686E-009
   4.7044157174245030E-009  -1.0979151286587811E-009
   3.3030830088238895E-009  -7.3603594621027836E-010
   2.3182871054728008E-009  -4.9322657759024413E-010
   1.6265122654374818E-009  -3.3037824809917241E-010
   1.1407661040830514E-009  -2.2120367320817056E-010
   7.9981618386385078E-010  -1.4804224755143980E-010
   5.6058539309843170E-010  -9.9034434062029673E-011
   3.9278391418227942E-010  -6.6219680190667007E-011
   2.7512303297146166E-010  -4.4256766681529511E-011
   1.9264659008140622E-010  -2.9563366391337032E-011
   1.3485138686907880E-010  -1.9737764919698938E-011
   9.4364073605869425E-011  -1.3170390748333804E-011
   6.6010263308609393E-011  -8.7829639223760234E-012
   4.6159918224930064E-011  -5.8534086379328948E-012
   3.2267220617044800E-011  -3.8983768479530503E-012
   2.2547279445325616E-011  -2.5944556893390953E-012
   1.5749065963627096E-011  -1.7253397583721584E-012
   1.0995991779467799E-011  -1.1464247392329018E-012
   7.6740157714570465E-012  -7.6108586474668472E-013
   5.3531345903404139E-012  -5.0479085913493173E-013
   3.7323131618017587E-012  -3.3446392803653819E-013
   2.6008680340346448E-012  -2.2136801053556298E-013
   1.8113956446404147E-012  -1.4634345866897468E-013
   1.2607992563415979E-012  -9.6624397143925570E-014
   8.7699544424970271E-013  -6.3710968089129800E-014
   6.0960253141682229E-013  -4.1947957248851861E-014
   4.2342002922252367E-013  -2.7575785110119043E-014
   2.9386381288190632E-013  -1.8097231772813796E-014
   2.0377137061098122E-013  -1.1855100938202293E-014
   1.4116658851171981E-013  -7.7507389291747564E-015
   9.7696365831736172E-014  -5.0565588407210690E-015
   6.7537488365646047E-014  -3.2912662019875463E-015
   4.6632571036513623E-014  -2.1368805177124706E-015
   3.2156201561289530E-014  -1.3835986546182267E-015
   2.2142071166175743E-014  -8.9319140975542311E-016
   1.5222651589595991E-014  -5.7472732034300063E-016
   1.0447526002963564E-014  -3.6848904575307154E-016
   7.1566676727303849E-015  -2.3532958143117891E-016
   4.8920902294523540E-015  -1.4963701330067917E-016
   3.3362828424371666E-015  -9.4690528200681301E-017
   2.2693340682560524E-015  -5.9599252114661313E-017
   1.5390892327757563E-015  -3.7287532226263946E-017
   1.0403928570428516E-015  -2.3171144014313941E-017
   7.0066041018076418E-016  -1.4289045024571683E-017
   4.6985699753526598E-016  -8.7350252401785944E-018
   3.1354256801833210E-016  -5.2864597376587067E-018
   2.0804949755596267E-016  -3.1623713960300550E-018
   1.3714189776746090E-016  -1.8661629007791547E-018
   8.9703723337329533E-017  -1.0836707200670370E-018
   5.8140586357276454E-017  -6.1728227729344012E-019
   3.7276217688422739E-017  -3.4350257388598376E-019
   2.3591378455010496E-017  -1.8572626170809251E-019
   1.4699554332233133E-017  -9.6840046922816420E-020
   8.9861037234021845E-018  -4.8159216006405549E-020
   5.3599379004521681E-018  -2.2430680110806528E-020
   3.0827316594703291E-018  -9.4465223559221175E-021
   1.6507955420926091E-018  -3.3053261384637660E-021
   7.0943474129176893E-019  -6.9152017128069485E-022
   0.0000000000000000        0.0000000000000000     
