 Initial conditions outputted from a previous simulation. Time =    33.200000000000003     
   40.000000000000000        0.0000000000000000              500           1   33.200000000000003     
  -3.3887864056509412E-002   6.9036395926900002E-002
  -3.5062916989289580E-002   5.3630587946958234E-002
  -3.5985413464742932E-002   3.7792534331638622E-002
  -3.6604226364444548E-002   2.1654324739194843E-002
  -3.6971387422093181E-002   5.3053964700383949E-003
  -3.7035777192548559E-002  -1.1099439752167903E-002
  -3.6815810159947858E-002  -2.7475969643954101E-002
  -3.6300457963091420E-002  -4.3710391048575124E-002
  -3.5471675483850384E-002  -5.9689245997920179E-002
  -3.4308757647348316E-002  -7.5294482661240059E-002
  -3.2782783072246795E-002  -9.0396339465794784E-002
  -3.0858500618041712E-002 -0.10485217174048840     
  -2.8496066412101239E-002 -0.11850303711661039     
  -2.5652279558993886E-002 -0.13116952112731442     
  -2.2283543876896756E-002 -0.14264765335264615     
  -1.8350365827152847E-002 -0.15270407780336040     
  -1.3823266479607016E-002 -0.16107045934073910     
  -8.6904608645001127E-003 -0.16743757078414781     
  -2.9671981284018494E-003 -0.17144996831510595     
   3.2946420177337389E-003 -0.17270361146122135     
   1.0000005557199838E-002 -0.17075174743365207     
   1.7010931790657359E-002 -0.16512872692134817     
   2.4154221374751369E-002 -0.15540333330038694     
   3.1230429144405502E-002 -0.14126501154088877     
   3.8010995534994603E-002 -0.12262658196168398     
   4.4213749957133293E-002  -9.9710289568022484E-002
   4.9473206773640720E-002  -7.3088084433767395E-002
   5.3351765620031459E-002  -4.3666629085082183E-002
   5.5422515915651310E-002  -1.2619909417591566E-002
   5.5391872549096929E-002   1.8728256010243187E-002
   5.3191610554756082E-002   4.9063832383029381E-002
   4.8997494303935143E-002   7.7252147725849082E-002
   4.3180476594767973E-002  0.10246303816949424     
   3.6218254530660562E-002  0.12421031923183502     
   2.8598134739631523E-002  0.14230986827974432     
   2.0742349276380089E-002  0.15679562074100292     
   1.2976159107080228E-002  0.16783417919846394     
   5.5332012572400380E-003  0.17566235568260333     
  -1.4283895151309908E-003  0.18055191239446522     
  -7.8156143830259324E-003  0.18279127375090665     
  -1.3587840314635079E-002  0.18267576044936637     
  -1.8736946833056125E-002  0.18050040136414369     
  -2.3272751669047093E-002  0.17654830375340225     
  -2.7218339204773092E-002  0.17107989943643614     
  -3.0606889660159675E-002  0.16432858668969627     
  -3.3477420455724646E-002  0.15650059804358710     
  -3.5872002253267317E-002  0.14777719089925315     
  -3.7833413187590023E-002  0.13831893467626516     
  -3.9401766814020529E-002  0.12827051414020008     
  -4.0611339254472988E-002  0.11776460966102582     
  -4.1488687302546054E-002  0.10692465516131777     
  -4.2052061106420513E-002   9.5866424063520070E-002
  -4.2312095787376644E-002   8.4698621017275807E-002
  -4.2273446383973963E-002   7.3523382377520430E-002
  -4.1936432688706740E-002   6.2437717728446612E-002
  -4.1297840286566176E-002   5.1536402082775851E-002
  -4.0350501050190321E-002   4.0916191961534523E-002
  -3.9081704381906980E-002   3.0680666792731251E-002
  -3.7470927581026270E-002   2.0944731784524072E-002
  -3.5487753600318750E-002   1.1838107407971863E-002
  -3.3090960677858980E-002   3.5077465875861858E-003
  -3.0229515648513838E-002  -3.8803674660189548E-003
  -2.6845700567472215E-002  -1.0139369850112706E-002
  -2.2880134344627691E-002  -1.5059070405306966E-002
  -1.8278194202363717E-002  -1.8402907745687980E-002
  -1.2997307575071613E-002  -1.9905051694049779E-002
  -7.0149160725846019E-003  -1.9269142330223945E-002
  -3.3793582864307043E-004  -1.6171002645381662E-002
   6.9848614418411645E-003  -1.0268128920700796E-002
   1.4846695240509128E-002  -1.2179740423492237E-003
   2.3062134542022227E-002   1.1292774044914687E-002
   3.1346245095984993E-002   2.7503445857892224E-002
   3.9301626517237342E-002   4.7515323709091110E-002
   4.6423307864978003E-002   7.1212903406710271E-002
   5.2137441331510742E-002   9.8181419212080803E-002
   5.5888173754145697E-002  0.12764505378913052     
   5.7258481339220055E-002  0.15847525021589573     
   5.6080077197917744E-002  0.18930937873142265     
   5.2478878154943211E-002  0.21875794755506769     
   4.6831514150037210E-002  0.24562625981831135     
   3.9672664155305855E-002  0.26906829988795566     
   3.1577539341046318E-002  0.28863084482702911     
   2.3074380791309797E-002  0.30419996344628553     
   1.4600399099353244E-002  0.31590077206234912     
   6.4807136983071386E-003  0.32400057095908352     
  -1.0775850375750694E-003  0.32883527342608404     
  -7.9543467478794070E-003  0.33075900262008640     
  -1.4098700539637030E-002  0.33012016581966064     
  -1.9508352759921938E-002  0.32725284567818075     
  -2.4208767649241254E-002  0.32247072842214797     
  -2.8243723292469120E-002  0.31606029456676210     
  -3.1659146454227294E-002  0.30827684211071182     
  -3.4502457329353906E-002  0.29934652857042432     
  -3.6831833973775763E-002  0.28946793255623315     
  -3.8705250912216549E-002  0.27881287178535530     
  -4.0174770254782326E-002  0.26752830198073246     
  -4.1284389454686300E-002  0.25573827469391475     
  -4.2069869504878045E-002  0.24355002841182122     
  -4.2558914651464927E-002  0.23106111842643809     
  -4.2766252279366083E-002  0.21836338123463153     
  -4.2693036346920003E-002  0.20554883514815261     
  -4.2329563014520830E-002  0.19271319824359362     
  -4.1651513282588870E-002  0.17995661923091136     
  -4.0620699977843802E-002  0.16738209332009646     
  -3.9211594617616842E-002  0.15509755340075257     
  -3.7418839324336380E-002  0.14321931718133221     
  -3.5226279375047853E-002  0.13187221133218741     
  -3.2599915116358479E-002  0.12120317706870232     
  -2.9500394652379715E-002  0.11140355585468192     
  -2.5873056823733701E-002  0.10271866372818797     
  -2.1665723613288154E-002   9.5454878363623999E-002
  -1.6829857116537780E-002   8.9964297924777753E-002
  -1.1368298299940866E-002   8.6584255272071184E-002
  -5.3157285131680658E-003   8.5536425948103678E-002
   1.3096256673414824E-003   8.6813753286740597E-002
   8.4303265603363174E-003   9.0070276635000501E-002
   1.5983238289255373E-002   9.4602498818484718E-002
   2.3877024649513860E-002   9.9417099699983941E-002
   3.1836900837318702E-002  0.10346501606862245     
   3.9451474574472581E-002  0.10592264057876333     
   4.6205277178462768E-002  0.10641900508569908     
   5.1534202245322479E-002  0.10517309815507522     
   5.4975384531658705E-002  0.10291612379797341     
   5.6179154879941400E-002  0.10068544226104004     
   5.4990243782015932E-002   9.9465966222459123E-002
   5.1530722817339787E-002   9.9735430489961946E-002
   4.6113757445491690E-002  0.10126080755395991     
   3.9193590469696775E-002  0.10316440547186320     
   3.1265198352993379E-002  0.10418561718601696     
   2.2798014863773818E-002  0.10312956029611996     
   1.4195739883532820E-002   9.9196350784805140E-002
   5.8021779634363181E-003   9.2101258961907004E-002
  -2.0739045774166420E-003   8.2012240430585720E-002
  -9.1987334179434513E-003   6.9371455640168042E-002
  -1.5457570027770567E-002   5.4738197094265299E-002
  -2.0822620488453715E-002   3.8641261417681975E-002
  -2.5340209704385351E-002   2.1500943661867951E-002
  -2.9094770354847702E-002   3.6033023077481825E-003
  -3.2168917520006723E-002  -1.4895535310757236E-002
  -3.4652927892216884E-002  -3.3910733348335026E-002
  -3.6619493262304056E-002  -5.3394215911387433E-002
  -3.8127729367824846E-002  -7.3312611067147981E-002
  -3.9251529498958632E-002  -9.3629776403938408E-002
  -4.0052936099178676E-002 -0.11431182923305366     
  -4.0560443827667297E-002 -0.13533087197021501     
  -4.0788250043507938E-002 -0.15666209835694653     
  -4.0736984612880799E-002 -0.17827851141262685     
  -4.0411349409242278E-002 -0.20013795279383328     
  -3.9825357980106099E-002 -0.22217037125971256     
  -3.8994275756614960E-002 -0.24427257315530734     
  -3.7919594489521001E-002 -0.26630667263756203     
  -3.6593296722666299E-002 -0.28810351374500986     
  -3.4997885033950016E-002 -0.30946994011051682     
  -3.3113137700707770E-002 -0.33019183090505072     
  -3.0914236543605776E-002 -0.35004090888015721     
  -2.8361174732546211E-002 -0.36877538203638016     
  -2.5385488634786905E-002 -0.38613086357423426     
  -2.1913536846168397E-002 -0.40180911362530625     
  -1.7883123792247206E-002 -0.41547374105211859     
  -1.3254301163418183E-002 -0.42675144806866006     
  -7.9783764673391298E-003 -0.43524693420135857     
  -2.0240262061713907E-003 -0.44055061603150497     
   4.5595152787953602E-003 -0.44222738274038320     
   1.1709017524050120E-002 -0.43986611410624488     
   1.9241361892471418E-002 -0.43310125000569899     
   2.6968421312971454E-002 -0.42165182995311529     
   3.4648523651172790E-002 -0.40539631553846300     
   4.1920158203357101E-002 -0.38442798344810070     
   4.8255295720009396E-002 -0.35911471960663949     
   5.3009035073351515E-002 -0.33013759391126712     
   5.5478023625818634E-002 -0.29855207746376999     
   5.5268404538728610E-002 -0.26587303157059572     
   5.2327419472765757E-002 -0.23395120917542381     
   4.7034521198016176E-002 -0.20476729567959603     
   4.0010940080351089E-002 -0.18007097534159897     
   3.1972953600616895E-002 -0.16092955884361176     
   2.3542905751279024E-002 -0.14759195116746976     
   1.5185050092493086E-002 -0.13962964777149475     
   7.1950401903578967E-003 -0.13623238999762055     
  -2.1761931920277473E-004 -0.13655024595784188     
  -6.9520744189886831E-003 -0.13981290192609641     
  -1.2920643252557222E-002 -0.14540158195794792     
  -1.8091973651394914E-002 -0.15285208600127237     
  -2.2498993421792880E-002 -0.16180064882855372     
  -2.6179397509710593E-002 -0.17199050403730048     
  -2.9193675472786430E-002 -0.18324129187408256     
  -3.1625478865777067E-002 -0.19539805783961062     
  -3.3545404419842897E-002 -0.20832847080093617     
  -3.5029728579164705E-002 -0.22191849911293890     
  -3.6195688374023753E-002 -0.23610353069566237     
  -3.7120125462166226E-002 -0.25087774234860183     
  -3.7825700850247619E-002 -0.26628843637933136     
  -3.8315490156480496E-002 -0.28240611237867469     
  -3.8583406951552941E-002 -0.29927268618119607     
  -3.8613662350715131E-002 -0.31686111700819275     
  -3.8400998404981707E-002 -0.33505347480333919     
  -3.7954983796875973E-002 -0.35364990562370852     
  -3.7266013733594519E-002 -0.37240037149850258     
  -3.6307178194957546E-002 -0.39102682533361022     
  -3.5044067250363693E-002 -0.40924503540582707     
  -3.3444683814811027E-002 -0.42676186718054115     
  -3.1442223809951195E-002 -0.44328183575978497     
  -2.8926165846065128E-002 -0.45850008305153900     
  -2.5830681522643423E-002 -0.47208437951759336     
  -2.2175227530068776E-002 -0.48368398188502276     
  -1.7975592380427088E-002 -0.49293121608129342     
  -1.3250884919212200E-002 -0.49945650914375883     
  -8.0177424301338621E-003 -0.50291249300068885     
  -2.2312881713607621E-003 -0.50297404083548669     
   4.1107843292654172E-003 -0.49937573808136654     
   1.0896442938556270E-002 -0.49191147455052930     
   1.7982499368879922E-002 -0.48045970333524951     
   2.5257387823258721E-002 -0.46504746100668531     
   3.2523566356760555E-002 -0.44584050043698731     
   3.9371939183910389E-002 -0.42315587247505310     
   4.5252760521371671E-002 -0.39742892688039072     
   4.9605113931619586E-002 -0.36921333033794812     
   5.1902447539750582E-002 -0.33925479495092820     
   5.1891079238596420E-002 -0.30855369188834519     
   4.9625184595993965E-002 -0.27831596439498929     
   4.5324507503840851E-002 -0.24983904110073746     
   3.9339410728148151E-002 -0.22422377088921283     
   3.2171010602045531E-002 -0.20226409337078891     
   2.4368716695665652E-002 -0.18438668390364535     
   1.6418229226789524E-002 -0.17061873147564088     
   8.6601495859818696E-003 -0.16065265586207436     
   1.3405676731353421E-003 -0.15396048956314040     
  -5.3975561278884121E-003 -0.14983998966623432     
  -1.1475078534521767E-002 -0.14757769566097717     
  -1.6831275192625218E-002 -0.14655476436948872     
  -2.1432204002297468E-002 -0.14627682324631072     
  -2.5304722299647451E-002 -0.14638497074833537     
  -2.8509142013348351E-002 -0.14665205070923734     
  -3.1092087720178244E-002 -0.14698148620799023     
  -3.3084091064547780E-002 -0.14739743940122599     
  -3.4524112517183028E-002 -0.14801911367719622     
  -3.5482694644464255E-002 -0.14905356192525215     
  -3.6045059872418898E-002 -0.15077171116423249     
  -3.6294099228430750E-002 -0.15348377236625002     
  -3.6302845214973879E-002 -0.15749864516176434     
  -3.6114653086063236E-002 -0.16305309263687162     
  -3.5735522829814265E-002 -0.17025578758470084     
  -3.5173507121186998E-002 -0.17904753159594228     
  -3.4437487577003378E-002 -0.18919966778258460     
  -3.3522773109335997E-002 -0.20036251110061729     
  -3.2391593991846608E-002 -0.21212625569685445     
  -3.0980368370594622E-002 -0.22408020488697356     
  -2.9211308667258819E-002 -0.23585192381363465     
  -2.7038534958416603E-002 -0.24711528988189768     
  -2.4435362671582146E-002 -0.25758791900125250     
  -2.1389211803847081E-002 -0.26702016660842859     
  -1.7866874201518269E-002 -0.27518077227126170     
  -1.3769461955617398E-002 -0.28183845298118865     
  -8.9739845697359294E-003 -0.28673478681424425     
  -3.4126674425479036E-003 -0.28956514555106971     
   2.8957400222206554E-003 -0.28998092864518354     
   9.8230198535049808E-003 -0.28761973704926180     
   1.7172012719883181E-002 -0.28215547078696490     
   2.4709738545543983E-002 -0.27334913098136965     
   3.2159546041230905E-002 -0.26109289336463221     
   3.9215760694632319E-002 -0.24543212120443128     
   4.5535822614170093E-002 -0.22658648633850137     
   5.0724645245891604E-002 -0.20495367524610072     
   5.4453567848929137E-002 -0.18111859010213746     
   5.6444114027498368E-002 -0.15584386389065955     
   5.6543124419978705E-002 -0.13001668550612175     
   5.4781025473471481E-002 -0.10459395752376187     
   5.1292377786454041E-002  -8.0511822824033477E-002
   4.6343165360622086E-002  -5.8587578161149394E-002
   4.0291904143650130E-002  -3.9451521537587429E-002
   3.3507543139300482E-002  -2.3475636938156449E-002
   2.6372840749417294E-002  -1.0771101616845779E-002
   1.9212902560315645E-002  -1.2734575090037202E-003
   1.2228491899949718E-002   5.1934666834151022E-003
   5.5826088610087541E-003   8.8463622218458385E-003
  -6.4558700488161203E-004   9.8983856014328245E-003
  -6.4057054731396085E-003   8.5530612813817172E-003
  -1.1656082586239732E-002   5.0090801883901021E-003
  -1.6381109951481381E-002  -5.2961108419688051E-004
  -2.0559958428732268E-002  -7.8527071847904559E-003
  -2.4190536218968401E-002  -1.6740751667777002E-002
  -2.7276582829605871E-002  -2.6969802318897507E-002
  -2.9827858597683832E-002  -3.8315884752769432E-002
  -3.1861697533684785E-002  -5.0556256319155543E-002
  -3.3404590711640522E-002  -6.3480334303370245E-002
  -3.4474218876564579E-002  -7.6893043010339945E-002
  -3.5098800997686266E-002  -9.0611919742802804E-002
  -3.5304864417542860E-002 -0.10447004699923911     
  -3.5123842058065312E-002 -0.11830872025434405     
  -3.4595915304141731E-002 -0.13197249473886491     
  -3.3749182049167201E-002 -0.14531960346166733     
  -3.2600970440865323E-002 -0.15822676028410257     
  -3.1168550075174436E-002 -0.17058000634127235     
  -2.9469084096875112E-002 -0.18227100024929696     
  -2.7515131717598295E-002 -0.19320100344223382     
  -2.5308923985502281E-002 -0.20328130302096484     
  -2.2836288290539263E-002 -0.21242692512753369     
  -2.0064208847266559E-002 -0.22054628068856114     
  -1.6942584999030220E-002 -0.22752980512336662     
  -1.3408155806986849E-002 -0.23324055578619621     
  -9.3903651227409835E-003 -0.23750757049921281     
  -4.8201165627515764E-003 -0.24012090546828585     
   3.5756524759515939E-004 -0.24082907028449141     
   6.1667662304922344E-003 -0.23934233634940424     
   1.2582735287804209E-002 -0.23534481644794947     
   1.9517149492713194E-002 -0.22851485712475644     
   2.6806329357836271E-002 -0.21855169615735723     
   3.4196546838955295E-002 -0.20521067596654732     
   4.1325179087328016E-002 -0.18835764098910029     
   4.7713662344468291E-002 -0.16805372365975516     
   5.2802360901250026E-002 -0.14466064866496045     
   5.6045513994999324E-002 -0.11891892505593650     
   5.7044250481538182E-002  -9.1931831538472383E-002
   5.5659733037198574E-002  -6.5022348828887119E-002
   5.2052302450474285E-002  -3.9503857947316597E-002
   4.6631679258503034E-002  -1.6457883273331017E-002
   3.9943883706360386E-002   3.3967422647188171E-003
   3.2543189782161946E-002   1.9713509172965618E-002
   2.4899708080582887E-002   3.2437982600873633E-002
   1.7368231934076234E-002   4.1702200996499128E-002
   1.0201564834450449E-002   4.7744231305523202E-002
   3.5716664058101175E-003   5.0861132219218348E-002
  -2.4184664501890885E-003   5.1378393216803889E-002
  -7.7251329689263827E-003   4.9625210918127834E-002
  -1.2350024974595990E-002   4.5916856871391326E-002
  -1.6326382774633781E-002   4.0545068335371415E-002
  -1.9710139063576129E-002   3.3772580204454720E-002
  -2.2574897307453570E-002   2.5827642249255385E-002
  -2.5006153889175126E-002   1.6897729528755193E-002
  -2.7090949070075893E-002   7.1253917848487355E-003
  -2.8903054667514472E-002  -3.3890208246316667E-003
  -3.0488738702404615E-002  -1.4575013665572933E-002
  -3.1859971395602732E-002  -2.6372314367956447E-002
  -3.2998663723336347E-002  -3.8710748288997898E-002
  -3.3869711257778788E-002  -5.1496911455166938E-002
  -3.4436513650794011E-002  -6.4611320430888741E-002
  -3.4672477082289641E-002  -7.7914793412232231E-002
  -3.4564787993397642E-002  -9.1259466307305206E-002
  -3.4110154503711083E-002 -0.10449897636177018     
  -3.3304958295824715E-002 -0.11749337495219314     
  -3.2133993046285482E-002 -0.13010652008724438     
  -3.0562387907095468E-002 -0.14219638617267746     
  -2.8534432698715074E-002 -0.15360139440042520     
  -2.5980996035602548E-002 -0.16412768976468461     
  -2.2834387579507925E-002 -0.17354243535297353     
  -1.9046827961956558E-002 -0.18157661061899860     
  -1.4607230815383170E-002 -0.18793817074753549     
  -9.5511037984356388E-003 -0.19233360193337054     
  -3.9598569075325373E-003 -0.19449340684201327     
   2.0513504972393317E-003 -0.19419509646144842     
   8.3538471067739293E-003 -0.19127651049693700     
   1.4825588129352986E-002 -0.18563425248267823     
   2.1360027766871154E-002 -0.17720798143129490     
   2.7854472917086572E-002 -0.16596022988949446     
   3.4177074562338865E-002 -0.15186918625006449     
   4.0124870404705207E-002 -0.13495275028276482     
   4.5397789108895720E-002 -0.11533121721793434     
   4.9615513292335420E-002  -9.3312319782380027E-002
   5.2385808760354854E-002  -6.9456098728054305E-002
   5.3398273167853373E-002  -4.4572390351408260E-002
   5.2494387312551787E-002  -1.9638694455352278E-002
   4.9683127656905197E-002   4.3223751566417940E-003
   4.5118344473429883E-002   2.6352779452279370E-002
   3.9075920213865023E-002   4.5638981715444137E-002
   3.1940858513948241E-002   6.1577643161286826E-002
   2.4180345772984460E-002   7.3829341061997789E-002
   1.6286371393535018E-002   8.2336451642624792E-002
   8.7048283431434940E-003   8.7289248888513166E-002
   1.7812938656778402E-003   8.9054738875168640E-002
  -4.2613122385164485E-003   8.8097363648682883E-002
  -9.3165569559803176E-003   8.4912560813632534E-002
  -1.3370922014212638E-002   7.9980752639952649E-002
  -1.6474067530765257E-002   7.3740891128015462E-002
  -1.8711216327238475E-002   6.6579073972690930E-002
  -2.0181991790829825E-002   5.8827174317846655E-002
  -2.0986970321698800E-002   5.0767132902815273E-002
  -2.1221360702380457E-002   4.2637308009156015E-002
  -2.0973914886880513E-002   3.4638124093098570E-002
  -2.0328446813766974E-002   2.6935485871539336E-002
  -1.9365418296714721E-002   1.9661815176319073E-002
  -1.8161745062409695E-002   1.2915783717713463E-002
  -1.6788054446670347E-002   6.7625958193860743E-003
  -1.5303906214923117E-002   1.2367853664909721E-003
  -1.3752652359021750E-002  -3.6511983826243411E-003
  -1.2158289689140511E-002  -7.9047278424161978E-003
  -1.0526553479572343E-002  -1.1528877180578757E-002
  -8.8514887639185909E-003  -1.4519711216003013E-002
  -7.1269689851774128E-003  -1.6858821710446847E-002
  -5.3605127746468254E-003  -1.8516229752375428E-002
  -3.5848780964511605E-003  -1.9462621386430810E-002
  -1.8621687887436654E-003  -1.9688502522750579E-002
  -2.7668072510429216E-004  -1.9224099208867994E-002
   1.0830221663931398E-003  -1.8151561687181961E-002
   2.1467032790876269E-003  -1.6602583680410659E-002
   2.8802646965785622E-003  -1.4740570088111521E-002
   3.2913933475914401E-003  -1.2733973249652966E-002
   3.4223062601321068E-003  -1.0731189523653963E-002
   3.3351288015067118E-003  -8.8448956754468740E-003
   3.0970116520778013E-003  -7.1476390943298919E-003
   2.7693551750806065E-003  -5.6757580223673054E-003
   2.4020309718425694E-003  -4.4374371381382255E-003
   2.0316341184463287E-003  -3.4216469731645177E-003
   1.6823639847550003E-003  -2.6060668061511859E-003
   1.3682291301552508E-003  -1.9631723108296576E-003
   1.0955963781203201E-003  -1.4644199445321086E-003
   8.6554260757763389E-004  -1.0828432465087238E-003
   6.7580060775576753E-004  -7.9445805781898002E-004
   5.2224585055016823E-004  -5.7883344835716786E-004
   3.9994776658284261E-004  -4.1912704688744454E-004
   3.0386052366194858E-004  -3.0181408421157030E-004
   2.2924170030013966E-004  -2.1626621280464677E-004
   1.7187398073252006E-004  -1.5428019710847762E-004
   1.2815123062135287E-004  -1.0961924871760761E-004
   9.5079341810494692E-005  -7.7601648382124850E-005
   7.0229022927430741E-005  -5.4750686909949673E-005
   5.1665262555652100E-005  -3.8507843831390622E-005
   3.7869557555446290E-005  -2.7004736859345975E-005
   2.7664797890877251E-005  -1.8885978758547364E-005
   2.0147862442687780E-005  -1.3173966102913631E-005
   1.4631849617105955E-005  -9.1671247068786030E-006
   1.0598183605646677E-005  -6.3642371168683718E-006
   7.6578957307918796E-006  -4.4086910260569690E-006
   5.5208956187972290E-006  -3.0477117421072967E-006
   3.9719306056383850E-006  -2.1027495754088155E-006
   2.8520046568895526E-006  -1.4480954026975331E-006
   2.0441600595767861E-006  -9.9551424381099692E-007
   1.4626858125617808E-006  -6.8325275989954871E-007
   1.0449852983269496E-006  -4.6820921283681215E-007
   7.4548716278186553E-007  -3.2037768932730358E-007
   5.3111129872174163E-007  -2.1892000390552501E-007
   3.7790937244421015E-007  -1.4939790972344514E-007
   2.6858693861179497E-007  -1.0182919989779813E-007
   1.9068332282601045E-007  -6.9326539982631624E-008
   1.3523960934702900E-007  -4.7147048304133176E-008
   9.5827169275630549E-008  -3.2030477285519804E-008
   6.7841379364341379E-008  -2.1739527452787930E-008
   4.7989617423663158E-008  -1.4741314217280975E-008
   3.3921076227508432E-008  -9.9871396083792389E-009
   2.3959770248756520E-008  -6.7605505224055839E-009
   1.6912402877492618E-008  -4.5727146448687404E-009
   1.1930390187374516E-008  -3.0905104124282088E-009
   8.4109653478982463E-009  -2.0871868281065822E-009
   5.9264191876786138E-009  -1.4085633489723815E-009
   4.1735539456116306E-009  -9.4990984215198997E-010
   2.9376299265297083E-009  -6.4015397248453324E-010
   2.0666849441617047E-009  -4.3110773817987492E-010
   1.4532653923578742E-009  -2.9012687833817597E-010
   1.0214450544750183E-009  -1.9511496110213626E-010
   7.1761111587891587E-010  -1.3112683569667328E-010
   5.0393062697768237E-010  -8.8061730360973277E-011
   3.5372190401301001E-010  -5.9097891190890265E-011
   2.4817825008274962E-010  -3.9631334155731644E-011
   1.7405072481139885E-010  -2.6556964334163314E-011
   1.2201042668239614E-010  -1.7781997861511602E-011
   8.5491815447028954E-011  -1.1896868374009721E-011
   5.9876301222926256E-011  -7.9528085279926464E-012
   4.1916345738768717E-011  -5.3116333168506069E-012
   2.9329449225416749E-011  -3.5443558713426687E-012
   2.0512059276740807E-011  -2.3628066508164703E-012
   1.4338081839506090E-011  -1.5735425510221527E-012
   1.0017043578972776E-011  -1.0468001585577077E-012
   6.9942911319540350E-012  -6.9559612660380786E-013
   4.8807993820499808E-012  -4.6166728682580048E-013
   3.4038252149745444E-012  -3.0601820691689444E-013
   2.3722303725611227E-012  -2.0257049789115776E-013
   1.6521225691114084E-012  -1.3389891005441393E-013
   1.1497514482254278E-012  -8.8370478989680502E-014
   7.9950339398009698E-013  -5.8226400519662727E-014
   5.5547850079384198E-013  -3.8296920586122823E-014
   3.8558317683106059E-013  -2.5140988533818653E-014
   2.6738871207287809E-013  -1.6470734854858001E-014
   1.8522906910223051E-013  -1.0766799644588988E-014
   1.2816793254392256E-013  -7.0214473062230549E-015
   8.8575266664866644E-014  -4.5671749401047674E-015
   6.1131079992328380E-014  -2.9624722036453493E-015
   4.2128500515504526E-014  -1.9157532842914162E-015
   2.8986467678661098E-014  -1.2347612994162650E-015
   1.9909163114975533E-014  -7.9295425446866493E-016
   1.3648118006449209E-014  -5.0720049814779073E-016
   9.3361327285108105E-015  -3.2299803458890267E-016
   6.3713980746932117E-015  -2.0469348452752931E-016
   4.3366930792484981E-015  -1.2901928434929537E-016
   2.9430784164651095E-015  -8.0830307145089006E-017
   1.9906866201910418E-015  -5.0296288281494647E-017
   1.3414380721146700E-015  -3.1056411131013335E-017
   9.0007051251902097E-016  -1.9008775246717633E-017
   6.0096008881534479E-016  -1.1518067986964524E-017
   3.9897415028039750E-016  -6.8981971668656064E-018
   2.6312857633334859E-016  -4.0753410067655078E-018
   1.7219436717607078E-016  -2.3691213368470209E-018
   1.1165783624589567E-016  -1.3509313000514676E-018
   7.1619838827933341E-017  -7.5252789783568338E-019
   4.5345707624083607E-017  -4.0727899216384937E-019
   2.8265511575433999E-017  -2.1255987286865183E-019
   1.7285443796030238E-017  -1.0580168192439243E-019
   1.0313584360571027E-017  -4.9319546914477594E-020
   5.9334687496092014E-018  -2.0786580888670103E-020
   3.1781315490908693E-018  -7.2782292661116999E-021
   1.3661246138691930E-018  -1.5237723241536390E-021
   0.0000000000000000        0.0000000000000000     
