 Initial conditions outputted from a previous simulation. Time =    19.800000000000001     
   40.000000000000000        0.0000000000000000              500           1   19.800000000000001     
   4.0184711835566607E-002  0.11224084890467256     
   3.1809199200912561E-002  0.12558948285298646     
   2.3403841304931079E-002  0.13512065720754418     
   1.5234236131604854E-002  0.14101665328824425     
   7.5754738746838307E-003  0.14354081687030126     
   5.1414861938846356E-004  0.14304367755922712     
  -5.8507771493034391E-003  0.13984809995426614     
  -1.1500111131348748E-002  0.13428525565290794     
  -1.6447296283611312E-002  0.12666524166356496     
  -2.0725898762748447E-002  0.11727251397807931     
  -2.4383809141596997E-002  0.10636603951942006     
  -2.7474407878761441E-002   9.4178349868789840E-002
  -3.0051444199410193E-002   8.0916811685845996E-002
  -3.2166067964458409E-002   6.6765938647865508E-002
  -3.3864764268787477E-002   5.1889901688261249E-002
  -3.5188415418831644E-002   3.6435437727021888E-002
  -3.6172347471118950E-002   2.0535290596444319E-002
  -3.6847017879854227E-002   4.3124313336856445E-003
  -3.7238702832347856E-002  -1.2114624053090401E-002
  -3.7369023578105218E-002  -2.8625658060995023E-002
  -3.7252248085197247E-002  -4.5093098411828653E-002
  -3.6890542291913471E-002  -6.1378933063949967E-002
  -3.6269084221113253E-002  -7.7335648685852409E-002
  -3.5353763631737166E-002  -9.2810666662404950E-002
  -3.4093196838686377E-002 -0.10765165299004857     
  -3.2424591293035758E-002 -0.12170941013739871     
  -3.0281150608914280E-002 -0.13483629609866155     
  -2.7598402994116446E-002 -0.14688033886780053     
  -2.4318039961383563E-002 -0.15767698287548759     
  -2.0389590844356823E-002 -0.16704087521035649     
  -1.5771539118114169E-002 -0.17475948364786875     
  -1.0433894836261627E-002 -0.18058948805474012     
  -4.3638379112549454E-003 -0.18425646743619942     
   2.4247652469864722E-003 -0.18545848652439462     
   9.8778539992083001E-003 -0.18387468074843308     
   1.7884122683208624E-002 -0.17918098158018841     
   2.6255900998955913E-002 -0.17107655068088670     
   3.4711123855445787E-002 -0.15932549464153772     
   4.2862295307180297E-002 -0.14381771025322293     
   5.0222928040387825E-002 -0.12464761590899735     
   5.6244984748374915E-002 -0.10219719822994365     
   6.0394516844423415E-002  -7.7193013063346083E-002
   6.2254658983970583E-002  -5.0696300806969595E-002
   6.1624261527209512E-002  -2.3997382368470248E-002
   5.8571529706334141E-002   1.5716006373201416E-003
   5.3416394694608141E-002   2.4842167730487849E-002
   4.6649408238609705E-002   4.4956415782467937E-002
   3.8825041706532649E-002   6.1415101007581095E-002
   3.0470289440960207E-002   7.4040181055138737E-002
   2.2028748135575225E-002   8.2894109142859981E-002
   1.3838613407533422E-002   8.8194089898643441E-002
   6.1340891284678775E-003   9.0241525900395414E-002
  -9.4013978752185837E-004   8.9372105656687781E-002
  -7.3095130676902702E-003   8.5924351555188364E-002
  -1.2950825853437677E-002   8.0221886830829897E-002
  -1.7876582908500298E-002   7.2564873997549725E-002
  -2.2122642425923395E-002   6.3227176452349154E-002
  -2.5738476737121031E-002   5.2456680249923039E-002
  -2.8779529499006754E-002   4.0476824438304783E-002
  -3.1301556021234828E-002   2.7488127977595769E-002
  -3.3357095871131670E-002   1.3669444844132203E-002
  -3.4994025584554327E-002  -8.2048540739559060E-004
  -3.6255414060957329E-002  -1.5840347626489303E-002
  -3.7179305594427149E-002  -3.1262183371631926E-002
  -3.7797445848392945E-002  -4.6966797704994415E-002
  -3.8133228590312290E-002  -6.2839878466710700E-002
  -3.8200043840400814E-002  -7.8769241154478711E-002
  -3.8000703166776235E-002  -9.4642725645350326E-002
  -3.7527458941487311E-002 -0.11034633010552453     
  -3.6762314072403053E-002 -0.12576245144327300     
  -3.5678293944812381E-002 -0.14076799116101091     
  -3.4241081384135189E-002 -0.15523193323379070     
  -3.2409927553952625E-002 -0.16901208906642179     
  -3.0137317137116544E-002 -0.18195129079556432     
  -2.7368680094055978E-002 -0.19387468861631785     
  -2.4044867614817948E-002 -0.20458750878035245     
  -2.0103317306368575E-002 -0.21387316119044641     
  -1.5481802455782534E-002 -0.22149394312438814     
  -1.0123902411984003E-002 -0.22719209320824149     
  -3.9960231366111404E-003 -0.23068720635522022     
   2.8893970302860425E-003 -0.23167830034454015     
   1.0471216522414093E-002 -0.22985349630987970     
   1.8618856552402776E-002 -0.22489726293013365     
   2.7111388106278271E-002 -0.21650927942570766     
   3.5632991136121860E-002 -0.20445594594707486     
   4.3765453467205680E-002 -0.18864327632797623     
   5.0994953610257868E-002 -0.16920063761079848     
   5.6792337789374384E-002 -0.14656597682190314     
   6.0686336108005730E-002 -0.12151869107842279     
   6.2323362145197438E-002  -9.5134211276210301E-002
   6.1573929729261345E-002  -6.8671113859394964E-002
   5.8515564932219155E-002  -4.3385227716485841E-002
   5.3441825193134319E-002  -2.0356255096290049E-002
   4.6849502574249434E-002  -4.0183463316349624E-004
   3.9258958972789991E-002   1.5984460032707648E-002
   3.1114448086872266E-002   2.8626507268910716E-002
   2.2839944426028738E-002   3.7569752642441279E-002
   1.4767325726079798E-002   4.3006933206462074E-002
   7.1165666404951174E-003   4.5231673012247162E-002
   3.5443070691503913E-005   4.4574547212743371E-002
  -6.4068191274790354E-003   4.1362262454742310E-002
  -1.2178911811552461E-002   3.5898137850428703E-002
  -1.7272624608769414E-002   2.8453195963905449E-002
  -2.1699856652891328E-002   1.9271018122496184E-002
  -2.5499867555072362E-002   8.5775612943336122E-003
  -2.8730191935922317E-002  -3.4258370667418409E-003
  -3.1445297620566234E-002  -1.6565635735691281E-002
  -3.3691954925028481E-002  -3.0689146763580762E-002
  -3.5510469601136942E-002  -4.5662447907282168E-002
  -3.6919112515688961E-002  -6.1361669219545521E-002
  -3.7929282214916982E-002  -7.7657804017878335E-002
  -3.8547412899214151E-002  -9.4421877139716975E-002
  -3.8766794510237124E-002 -0.11152596537975701     
  -3.8578096382284932E-002 -0.12884504208171949     
  -3.7991685111135369E-002 -0.14626312838196528     
  -3.7036169659449086E-002 -0.16366981201259256     
  -3.5735663584368346E-002 -0.18096649568702358     
  -3.4121573115037614E-002 -0.19807044579464067     
  -3.2235863982918007E-002 -0.21491127871086449     
  -3.0119038246931209E-002 -0.23142240973680250     
  -2.7790784209387066E-002 -0.24751908786089113     
  -2.5203737543338569E-002 -0.26306406916790548     
  -2.2241149296959851E-002 -0.27783684705274342     
  -1.8759160736284620E-002 -0.29150848734380863     
  -1.4638290949601125E-002 -0.30363925763388694     
  -9.8150491387343497E-003 -0.31371434619853727     
  -4.2609052515743644E-003 -0.32120943906138744     
   2.0142429743069800E-003 -0.32565511405969921     
   8.9233742522992314E-003 -0.32668838800880046     
   1.6331599973254313E-002 -0.32405540732240962     
   2.4061931350376060E-002 -0.31759245535512415     
   3.1957133680350823E-002 -0.30718977899403810     
   3.9792801042155039E-002 -0.29273832984178577     
   4.7186973229686832E-002 -0.27416264850674688     
   5.3622531965099071E-002 -0.25152151068850243     
   5.8481770122281292E-002 -0.22515802955488265     
   6.1126785432941554E-002 -0.19587006884222882     
   6.1173318388226393E-002 -0.16497425055051154     
   5.8605499198406942E-002 -0.13420078125019755     
   5.3734341852782842E-002 -0.10541561171780874     
   4.7064982800846006E-002  -8.0243071373662350E-002
   3.9215579086978709E-002  -5.9764843097048409E-002
   3.0789815222012625E-002  -4.4366411860925783E-002
   2.2238815083090432E-002  -3.3859025947139569E-002
   1.3902424610118048E-002  -2.7734274165338343E-002
   6.0792768527717922E-003  -2.5386270084928789E-002
  -1.0448557983720175E-003  -2.6268208610202109E-002
  -7.3913577782270560E-003  -2.9938533652406108E-002
  -1.2972475779920617E-002  -3.6037196987082208E-002
  -1.7864628351614655E-002  -4.4276779072896726E-002
  -2.2130715630459024E-002  -5.4402696848210641E-002
  -2.5800497740584499E-002  -6.6171189482887555E-002
  -2.8872672481828798E-002  -7.9343555081926115E-002
  -3.1349593973231976E-002  -9.3669276117975139E-002
  -3.3272541020354068E-002 -0.10888881000671496     
  -3.4711355658047734E-002 -0.12474536935566888     
  -3.5739784264966920E-002 -0.14100099212880082     
  -3.6416318940292597E-002 -0.15745124463611870     
  -3.6787321783899631E-002 -0.17393384724084823     
  -3.6897865333210114E-002 -0.19032767238846315     
  -3.6774444100423423E-002 -0.20655179398780527     
  -3.6427248474019631E-002 -0.22255666510643884     
  -3.5859972330552131E-002 -0.23831254888984191     
  -3.5063617195477466E-002 -0.25379790705755206     
  -3.4002043353460576E-002 -0.26898462708375004     
  -3.2629488014944502E-002 -0.28382476494757758     
  -3.0897861094147553E-002 -0.29823824073639849     
  -2.8747644226348189E-002 -0.31210338722160519     
  -2.6106465210063091E-002 -0.32525212621993471     
  -2.2916495617127865E-002 -0.33746554140142226     
  -1.9126513766256237E-002 -0.34848395990952796     
  -1.4688647677022470E-002 -0.35801458432992311     
  -9.5695171408048830E-003 -0.36573825728077719     
  -3.7770733765721347E-003 -0.37131940454192180     
   2.6542612893997943E-003 -0.37439988947998709     
   9.6793272713670483E-003 -0.37459495008870114     
   1.7188565013284595E-002 -0.37149861007796897     
   2.5000324566381234E-002 -0.36469866801211376     
   3.2886536579522389E-002 -0.35383452639796442     
   4.0489188659744622E-002 -0.33866181201704215     
   4.7343432517541952E-002 -0.31917960656901195     
   5.2980278163227520E-002 -0.29574538504478198     
   5.6966050557233729E-002 -0.26912210016478860     
   5.8931841302947659E-002 -0.24045025695530706     
   5.8652252792006428E-002 -0.21106524641750030     
   5.6103890195190097E-002 -0.18232044936706648     
   5.1470199632888326E-002 -0.15548610527652887     
   4.5087131973780482E-002 -0.13168015176156422     
   3.7455750404151111E-002 -0.11182831227146703     
   2.9115653664702344E-002  -9.6542937007249363E-002
   2.0521626832192566E-002  -8.5993775341748152E-002
   1.2050534947952366E-002  -7.9947042966699050E-002
   4.0192665868075466E-003  -7.7879666719339824E-002
  -3.3309171070486547E-003  -7.9174473446699312E-002
  -9.8247964531108147E-003  -8.3280313377083845E-002
  -1.5381642481811552E-002  -8.9727027059286008E-002
  -1.9991150181678713E-002  -9.8123630387367558E-002
  -2.3721089024809554E-002 -0.10813471423682711     
  -2.6680070777041199E-002 -0.11946213947038134     
  -2.8981743100699269E-002 -0.13184493477369993     
  -3.0745117773459184E-002 -0.14506106222008192     
  -3.2070263625034012E-002 -0.15892630722772727     
  -3.3053559582880448E-002 -0.17329439647282902     
  -3.3792396059307873E-002 -0.18805371045673264     
  -3.4347702434399129E-002 -0.20312453791880153     
  -3.4748351191298377E-002 -0.21844690857280746     
  -3.5016864687862560E-002 -0.23396646389573039     
  -3.5162494399946016E-002 -0.24962447983910604     
  -3.5163346562139958E-002 -0.26535033172735939     
  -3.4972208539340369E-002 -0.28106048221191904     
  -3.4533993710643432E-002 -0.29665584088204128     
  -3.3763036446332828E-002 -0.31201936891028059     
  -3.2553904182888262E-002 -0.32700932622940271     
  -3.0840495090008493E-002 -0.34144732131077904     
  -2.8569838404613128E-002 -0.35511431841996910     
  -2.5671773133265612E-002 -0.36775628133602239     
  -2.2103119755448316E-002 -0.37909260759125840     
  -1.7828538887218769E-002 -0.38881752422517107     
  -1.2783224964885069E-002 -0.39661271070755971     
  -6.9475230098398682E-003 -0.40214737234246078     
  -3.9888157360140988E-004 -0.40506942591471129     
   6.7319731187507120E-003 -0.40502974928927982     
   1.4282877605573160E-002 -0.40169312009394958     
   2.2024781694602712E-002 -0.39474071057288462     
   2.9715600772812947E-002 -0.38392015980133448     
   3.7070359734612209E-002 -0.36907816071375782     
   4.3705372301096307E-002 -0.35026162073311556     
   4.9171859240859636E-002 -0.32779833289441962     
   5.3111950494778203E-002 -0.30231307101676841     
   5.5295114266079345E-002 -0.27470163360097921     
   5.5620020694295683E-002 -0.24603453932240629     
   5.4110767524251084E-002 -0.21742907789426325     
   5.0927081039122905E-002 -0.18999535223360287     
   4.6283492983537115E-002 -0.16472973840281155     
   4.0482709757475192E-002 -0.14246891124655436     
   3.3873908274160723E-002 -0.12383448299182319     
   2.6764887454631743E-002 -0.10917499626842567     
   1.9391847883603392E-002  -9.8578909012376939E-002
   1.1974309634782481E-002  -9.1929162783776996E-002
   4.7319145527446463E-003  -8.8957975920455498E-002
  -2.1067533012145497E-003  -8.9319725784662490E-002
  -8.3800606979407034E-003  -9.2618037527113353E-002
  -1.3996502418540432E-002  -9.8443196783781578E-002
  -1.8942963829339649E-002 -0.10640831175028809     
  -2.3267285810501713E-002 -0.11617143425733620     
  -2.7003894687636937E-002 -0.12744384522973451     
  -3.0169851517616780E-002 -0.13998024562250086     
  -3.2785990836874251E-002 -0.15356084969184183     
  -3.4873691963052726E-002 -0.16797508953248372     
  -3.6456680072194089E-002 -0.18301305426113570     
  -3.7558261491615667E-002 -0.19847831280297812     
  -3.8194142979254893E-002 -0.21419782783050784     
  -3.8383605459450007E-002 -0.23002562236564622     
  -3.8152753971317538E-002 -0.24583661173132715     
  -3.7536690025592720E-002 -0.26150425802753779     
  -3.6581571603547101E-002 -0.27689048065610372     
  -3.5332507578431926E-002 -0.29184682340709989     
  -3.3820639558714310E-002 -0.30622260047988320     
  -3.2061901232409810E-002 -0.31988493276975322     
  -3.0043396565325071E-002 -0.33272781703302712     
  -2.7739743124231008E-002 -0.34466495049428469     
  -2.5109277816305772E-002 -0.35561465421109134     
  -2.2096636438603167E-002 -0.36547337951965625     
  -1.8668270006084137E-002 -0.37409611719727337     
  -1.4769260479037758E-002 -0.38129983397119710     
  -1.0357659264136164E-002 -0.38686227213912544     
  -5.3973015033911579E-003 -0.39053901867447655     
   1.5886007992891324E-004 -0.39207180983165679     
   6.2899855685557013E-003 -0.39118972046402856     
   1.2944568949166572E-002 -0.38762784053631250     
   2.0018646638207755E-002 -0.38113655296726229     
   2.7320398783301850E-002 -0.37149787506989840     
   3.4601653371828869E-002 -0.35856301362600157     
   4.1548322116726585E-002 -0.34227872096763151     
   4.7727478590641616E-002 -0.32275054792686481     
   5.2740872369859033E-002 -0.30032458092538900     
   5.6133361477197496E-002 -0.27562557832416357     
   5.7486153280145141E-002 -0.24956520960225628     
   5.6595056271869691E-002 -0.22332748781963793     
   5.3399396954157761E-002 -0.19815902948654693     
   4.8052866456617077E-002 -0.17524154204614284     
   4.1006128935064938E-002 -0.15557619832134273     
   3.2842264646799263E-002 -0.13978018703125059     
   2.4182529337814392E-002 -0.12803709503600105     
   1.5625261102356295E-002 -0.12023558094422056     
   7.5294994580733356E-003 -0.11604007222348538     
   1.0827061496096284E-004 -0.11504605857045196     
  -6.5407363371614534E-003 -0.11688424503758238     
  -1.2392166956727211E-002 -0.12119073375433341     
  -1.7443432557888734E-002 -0.12759419469074057     
  -2.1711770058193032E-002 -0.13574020665450248     
  -2.5249867130736778E-002 -0.14531675602853977     
  -2.8129082310807272E-002 -0.15604744074052596     
  -3.0417484451964120E-002 -0.16768495118493651     
  -3.2176557654914437E-002 -0.18001260105562972     
  -3.3463083572837747E-002 -0.19283779320840769     
  -3.4330434170980036E-002 -0.20598506475127412     
  -3.4833667040570906E-002 -0.21929793564600311     
  -3.5032291394213939E-002 -0.23264464927678974     
  -3.4985083838479397E-002 -0.24592216635565950     
  -3.4741136610208827E-002 -0.25905566886843839     
  -3.4332279496987937E-002 -0.27199211311648186     
  -3.3768819832808168E-002 -0.28468932110980505     
  -3.3039428200238398E-002 -0.29710408978921787     
  -3.2114607065590411E-002 -0.30918194209220951     
  -3.0951788270191138E-002 -0.32084964822774587     
  -2.9500593250384666E-002 -0.33201090154456275     
  -2.7707577846044096E-002 -0.34254496217723168     
  -2.5519643308189309E-002 -0.35230746628706355     
  -2.2885439115082045E-002 -0.36113207468218961     
  -1.9755191566466213E-002 -0.36883138068443372     
  -1.6080739315839223E-002 -0.37519599456076058     
  -1.1818227714897897E-002 -0.37999209092979619     
  -6.9354435944272317E-003 -0.38295931515302661     
  -1.4242623277521292E-003 -0.38381202147029780     
   4.6832067148283793E-003 -0.38224700658014255     
   1.1297647715247751E-002 -0.37796032929353507     
   1.8258263815102049E-002 -0.37067483963367204     
   2.5324807704495373E-002 -0.36017887496558315     
   3.2179569184659043E-002 -0.34637484196859181     
   3.8443171498750740E-002 -0.32933315488599529     
   4.3707530543985233E-002 -0.30934150307112507     
   4.7586197675648097E-002 -0.28693287240412996     
   4.9775225581994681E-002 -0.26287296371048730     
   5.0108991974535728E-002 -0.23809534607581651     
   4.8591677097485415E-002 -0.21359232794065369     
   4.5391982123966744E-002 -0.19029112101684370     
   4.0803796914866720E-002 -0.16895251255777219     
   3.5188794658092798E-002 -0.15011668334644140     
   2.8920044519441822E-002 -0.13409833066747892     
   2.2339505795307343E-002 -0.12101651523876780     
   1.5733431329833611E-002 -0.11084021527641670     
   9.3234233764197365E-003 -0.10343480639932714     
   3.2682767017310041E-003  -9.8601453748035292E-002
  -2.3281789744433335E-003  -9.6106913760855839E-002
  -7.4067609074042482E-003  -9.5704355024680790E-002
  -1.1942388978957212E-002  -9.7147004480704083E-002
  -1.5934567844150246E-002 -0.10019658237798656     
  -1.9399355786521532E-002 -0.10462813538948418     
  -2.2362885214762113E-002 -0.11023240076538207     
  -2.4856419946102670E-002 -0.11681651195131842     
  -2.6912777171903140E-002 -0.12420359292444373     
  -2.8563798110879314E-002 -0.13223163132472099     
  -2.9838621710019223E-002 -0.14075192562328415     
  -3.0762599884377132E-002 -0.14962728167823738     
  -3.1356697945433373E-002 -0.15873007179481821     
  -3.1637254701662884E-002 -0.16794026447926344     
  -3.1616020589541140E-002 -0.17714350964924547     
  -3.1300405866188465E-002 -0.18622933261157615     
  -3.0693888226676114E-002 -0.19508948030547388     
  -2.9796557677331175E-002 -0.20361645990840269     
  -2.8605790757213537E-002 -0.21170230353729078     
  -2.7117052708835101E-002 -0.21923759063071441     
  -2.5324838965853053E-002 -0.22611076158031554     
  -2.3223779599819794E-002 -0.23220776111604111     
  -2.0809936305393031E-002 -0.23741206113372862     
  -1.8082323872082209E-002 -0.24160513043773241     
  -1.5044686291280989E-002 -0.24466744232190746     
  -1.1707547163972673E-002 -0.24648014188733633     
  -8.0905297999273769E-003 -0.24692753418613794     
  -4.2248966290708368E-003 -0.24590059691815278     
  -1.5618060546440142E-004 -0.24330175539910059     
   4.0533342471437764E-003 -0.23905115984935385     
   8.3226811695738447E-003 -0.23309463771226302     
   1.2551408846277364E-002 -0.22541330314074615     
   1.6620664598469174E-002 -0.21603443040321157     
   2.0397007458608719E-002 -0.20504259384467829     
   2.3739678227866174E-002 -0.19258927415611571     
   2.6511580197221375E-002 -0.17889831558926050     
   2.8593305279347680E-002 -0.16426419392349251     
   2.9898289903735064E-002 -0.14904056554740214     
   3.0386038192031273E-002 -0.13361839481531804     
   3.0069976064130498E-002 -0.11839586209787127     
   2.9017416699623405E-002 -0.10374516401215150     
   2.7341211096765801E-002  -8.9982756219778665E-002
   2.5185063853878718E-002  -7.7348666233117994E-002
   2.2706092442238233E-002  -6.5997634912845216E-002
   2.0058368662812180E-002  -5.6001488419239458E-002
   1.7380114012767109E-002  -4.7359755882829306E-002
   1.4785671365327385E-002  -4.0014737170304016E-002
   1.2362049703856445E-002  -3.3867693777330628E-002
   1.0169067418358164E-002  -2.8793900919530126E-002
   8.2418822985705111E-003  -2.4655381088003719E-002
   6.5948073176751104E-003  -2.1310947874948173E-002
   5.2255761008099810E-003  -1.8623672210255810E-002
   4.1195069464980564E-003  -1.6466109827954729E-002
   3.2532531495515992E-003  -1.4723694236194643E-002
   2.5980006988900791E-003  -1.3296681150205596E-002
   2.1220868635133221E-003  -1.2100977560617935E-002
   1.7930782158998939E-003  -1.1068127593639083E-002
   1.5793783175830811E-003  -1.0144669712197426E-002
   1.4514446946941489E-003  -9.2910297602071881E-003
   1.3826893267194550E-003  -8.4800732790350202E-003
   1.3501214192363827E-003  -7.6954097115025022E-003
   1.3347695890647581E-003  -6.9295224870735061E-003
   1.3218976251061537E-003  -6.1817941816208069E-003
   1.3010103579026463E-003  -5.4565041023143992E-003
   1.2656409114986085E-003  -4.7608913669080809E-003
   1.2129217595649232E-003  -4.1033899404444643E-003
   1.1429672989692360E-003  -3.4921419897868990E-003
   1.0581260522944038E-003  -2.9338751095530158E-003
   9.6218387749913415E-004  -2.4331883964226540E-003
   8.5960608513614061E-004  -1.9922412607625462E-003
   7.5489360867582391E-004  -1.6107906838716197E-003
   6.5210132160336979E-004  -1.2864890032993485E-003
   5.5453442571621876E-004  -1.0153408570741597E-003
   4.6461042904951902E-004  -7.9222347609659086E-004
   3.8385507615578145E-004  -6.1139329102071600E-004
   3.1299206391821572E-004  -4.6692655877291053E-004
   2.5208678472348947E-004  -3.5306619659017694E-004
   2.0071057549233748E-004  -2.6446724934283338E-004
   1.5810085152589103E-004  -1.9634770692373050E-004
   1.2330162037192904E-004  -1.4455975331971956E-004
   9.5276700743585717E-005  -1.0559998531477215E-004
   7.2993852117803738E-005  -7.6577084795290807E-005
   5.5481884516818147E-005  -5.5153232098699857E-005
   4.1864941189794373E-005  -3.9472330815214270E-005
   3.1378949981275865E-005  -2.8084681201322927E-005
   2.3375155238136672E-005  -1.9874591291549980E-005
   1.7315044312181802E-005  -1.3994807688390487E-005
   1.2760155026227325E-005  -9.8096617959614653E-006
   9.3593859711287691E-006  -6.8474309931912863E-006
   6.8356453428788337E-006  -4.7615182795996265E-006
   4.9730220708239347E-006  -3.2995472205890721E-006
   3.6051605684864713E-006  -2.2792427124399452E-006
   2.6051583710468942E-006  -1.5699282305633077E-006
   1.8770626206626389E-006  -1.0785427552978806E-006
   1.3488911117589876E-006  -7.3921140575421023E-007
   9.6702161177283811E-007  -5.0555630885226770E-007
   6.9175812713968625E-007  -3.4508557722862380E-007
   4.9387782312414387E-007  -2.3513581679701614E-007
   3.5197493151589673E-007  -1.5996162697125047E-007
   2.5043948073035440E-007  -1.0866277967656114E-007
   1.7793336009974032E-007  -7.3717370664559369E-008
   1.2625062838398442E-007  -4.9949667593365933E-008
   8.9471213182414236E-008  -3.3807493887369114E-008
   6.3336380906725987E-008  -2.2858591486001120E-008
   4.4790388430391831E-008  -1.5441007835816250E-008
   3.1645725497627654E-008  -1.0421268081475364E-008
   2.2339670383581339E-008  -7.0276342980040531E-009
   1.5757924094295245E-008  -4.7354636476953346E-009
   1.1107272116093397E-008  -3.1885867156403246E-009
   7.8239212757416853E-009  -2.1455107950987533E-009
   5.5076940068089882E-009  -1.4426843058404946E-009
   3.8748990896520103E-009  -9.6945722452659257E-010
   2.7246506300093321E-009  -6.5104162085113756E-010
   1.9148441020354806E-009  -4.3693335589056856E-010
   1.3450501280448755E-009  -2.9305509887459887E-010
   9.4435291406426187E-010  -1.9643103643002309E-010
   6.6271613939314766E-010  -1.3158145968333064E-010
   4.6486089463820179E-010  -8.8084210155362143E-011
   3.2592975227462313E-010  -5.8926853155575687E-011
   2.2841903461387516E-010  -3.9394117807809055E-011
   1.6001038894713857E-010  -2.6317320861854117E-011
   1.1203934992432934E-010  -1.7568369442166313E-011
   7.8414617040895086E-011  -1.1718880286054067E-011
   5.4855945467038081E-011  -7.8106846618213426E-012
   3.8357073455129327E-011  -5.2014190982589227E-012
   2.6807468613051777E-011  -3.4606979366253429E-012
   1.8726079715402489E-011  -2.3003388004574353E-012
   1.3074027302136695E-011  -1.5274993595256055E-012
   9.1228945510189754E-012  -1.0132200883570947E-012
   6.3621579017249378E-012  -6.7132038945244345E-013
   4.4341555540412733E-012  -4.4424863123451209E-013
   3.0884214416846792E-012  -2.9360023558097639E-013
   2.1496312517322946E-012  -1.9376760742546343E-013
   1.4951121491951746E-012  -1.2769007045168149E-013
   1.0390690288175770E-012  -8.4011125282845326E-014
   7.2152581118800195E-013  -5.5178276895013202E-014
   5.0057541439443510E-013  -3.6173778353278653E-014
   3.4695061014217442E-013  -2.3667420427491193E-014
   2.4022224850652328E-013  -1.5451461853376038E-014
   1.6613813232204982E-013  -1.0064044513040596E-014
   1.1476108528393059E-013  -6.5384366870275733E-015
   7.9166756592292894E-014  -4.2362129439643137E-015
   5.4533297598238879E-014  -2.7363814204841546E-015
   3.7505277803867256E-014  -1.7617709780754504E-015
   2.5749439079691818E-014  -1.1302104542932157E-015
   1.7644588547699322E-014  -7.2218839221796763E-016
   1.2065243099285547E-014  -4.5945695118435763E-016
   8.2307678436901436E-015  -2.9089558966682539E-016
   5.6002455542703568E-015  -1.8318486212819510E-016
   3.7992612364315000E-015  -1.1466326663818329E-016
   2.5689477609750041E-015  -7.1287614922514723E-017
   1.7305498258100569E-015  -4.3981505260120377E-017
   1.1607992145809942E-015  -2.6898367747530773E-017
   7.7481714365001637E-016  -1.6286074271040918E-017
   5.1425349311241982E-016  -9.7465098155615896E-018
   3.3906680852069735E-016  -5.7539461657608296E-018
   2.2183338048854637E-016  -3.3426347218546491E-018
   1.4381161235946553E-016  -1.9047857335382252E-018
   9.2223447347295110E-017  -1.0603723999442839E-018
   5.8378729688090012E-017  -5.7353905927879614E-019
   3.6382632697346664E-017  -2.9915805307302058E-019
   2.2245737115816768E-017  -1.4882478029404134E-019
   1.3271418800413929E-017  -6.9339669710811519E-020
   7.6343550753425678E-018  -2.9210989900203261E-020
   4.0888923811915115E-018  -1.0223813917449086E-020
   1.7575168251527158E-018  -2.1395903796743222E-021
   0.0000000000000000        0.0000000000000000     
