 Initial conditions outputted from a previous simulation. Time =    27.400000000000002     
   40.000000000000000        0.0000000000000000              500           1   27.400000000000002     
  -2.1987977952754634E-002  0.12530773864840061     
  -2.5371634731228596E-002  0.11392891120222985     
  -2.8259170270141513E-002  0.10134993205512492     
  -3.0660305233501668E-002   8.7772784220524189E-002
  -3.2645845215113753E-002   7.3366110086489772E-002
  -3.4221635761177177E-002   5.8310670286420056E-002
  -3.5436515988516534E-002   4.2737830947375405E-002
  -3.6316857187090074E-002   2.6780224317303408E-002
  -3.6882317252844549E-002   1.0558181718831647E-002
  -3.7147634590926820E-002  -5.8162075287101463E-003
  -3.7118994139815127E-002  -2.2234147078532215E-002
  -3.6794896637381752E-002  -3.8588268444471552E-002
  -3.6166484838386088E-002  -5.4769767923926210E-002
  -3.5217170491168251E-002  -7.0665320317632840E-002
  -3.3922768349181405E-002  -8.6154263246457835E-002
  -3.2251930525069680E-002 -0.10110564676910010     
  -3.0166834710312160E-002 -0.11537504908752486     
  -2.7624415949767400E-002 -0.12880109869840356     
  -2.4578226860578135E-002 -0.14120156593079772     
  -2.0980746529107031E-002 -0.15236918197142413     
  -1.6786126834958663E-002 -0.16206790395420476     
  -1.1954256213953874E-002 -0.17003057021637955     
  -6.4576068387093644E-003 -0.17595828717667836     
  -2.9089223618008721E-004 -0.17952150146170828     
   6.5188013510723095E-003 -0.18036479455815790     
   1.3903115081537958E-002 -0.17812143954516380     
   2.1741922582073817E-002 -0.17244414831294397     
   2.9845196737604589E-002 -0.16305149090180410     
   3.7926187808857474E-002 -0.14978186365227525     
   4.5579156378387782E-002 -0.13264910694864002     
   5.2287871898760864E-002 -0.11190194174536558     
   5.7485276580395851E-002  -8.8084414955074519E-002
   6.0657091989246292E-002  -6.2070212697677721E-002
   6.1454747896733747E-002  -3.5025144364999553E-002
   5.9777468402004631E-002  -8.2722583126990309E-003
   5.5796178168719804E-002   1.6909457534353755E-002
   4.9910885141416839E-002   3.9474864006453302E-002
   4.2656516893546235E-002   5.8719530795972502E-002
   3.4593595076340744E-002   7.4284849648971543E-002
   2.6222378970031324E-002   8.6093296465263661E-002
   1.7938747018499443E-002   9.4261085601063263E-002
   1.0026259145642679E-002   9.9020936898413806E-002
   2.6687388098932639E-003  0.10066609119916184     
  -4.0295814236510482E-003   9.9513506752973241E-002
  -1.0023096280864304E-002   9.5880686563089790E-002
  -1.5306103826725415E-002   9.0071570611246057E-002
  -1.9898121730591082E-002   8.2368359354798665E-002
  -2.3834050232604490E-002   7.3027270121732504E-002
  -2.7158633881588932E-002   6.2277287505039275E-002
  -2.9923599849173140E-002   5.0321594751569644E-002
  -3.2185501617080448E-002   3.7341283703418292E-002
  -3.4002737609665906E-002   2.3500423466827378E-002
  -3.5431266476804384E-002   8.9511307759713391E-003
  -3.6519689990763465E-002  -6.1626622520625316E-003
  -3.7305040457796597E-002  -2.1703375832000511E-002
  -3.7810529331076731E-002  -3.7539527726078784E-002
  -3.8045786692522586E-002  -5.3545951675701024E-002
  -3.8009127876674979E-002  -6.9603253063173567E-002
  -3.7690662619575807E-002  -8.5595680435544427E-002
  -3.7074954937279768E-002 -0.10140727584187953     
  -3.6142323088683558E-002 -0.11691689897269575     
  -3.4868468285205081E-002 -0.13199324216647587     
  -3.3222872952068987E-002 -0.14649096434109649     
  -3.1167084371435397E-002 -0.16024852403423345     
  -2.8654110459722226E-002 -0.17308746505605951     
  -2.5629744745779458E-002 -0.18481224268435592     
  -2.2036133568075142E-002 -0.19520958577523445     
  -1.7817315474893965E-002 -0.20404687158528240     
  -1.2926084970355739E-002 -0.21106968162719700     
  -7.3320248970864055E-003 -0.21599976023390494     
  -1.0311724479286028E-003 -0.21853541514067998     
   5.9428942274972205E-003 -0.21835598991437169     
   1.3505517580451524E-002 -0.21513326277967065     
   2.1507957432430204E-002 -0.20855458081799425     
   2.9723489626303827E-002 -0.19836087090685764     
   3.7830317497786231E-002 -0.18439832598755343     
   4.5402479299860077E-002 -0.16668339388701317     
   5.1927334435647780E-002 -0.14547601506307400     
   5.6858108505257153E-002 -0.12134371069303419     
   5.9708186722307328E-002  -9.5182683684541608E-002
   6.0177459997094083E-002  -6.8159622786923640E-002
   5.8221677779642787E-002  -4.1565796131092653E-002
   5.4050811171722057E-002  -1.6631037790476748E-002
   4.8082141680073770E-002   5.6387959462528107E-003
   4.0832661350986982E-002   2.4563754557200144E-002
   3.2820423452267364E-002   3.9802485186368787E-002
   2.4509209016674374E-002   5.1289359345744967E-002
   1.6271731460663515E-002   5.9151767369272988E-002
   8.3782002572048587E-003   6.3638725833521995E-002
   1.0147794070016316E-003   6.5060661500276132E-002
  -5.7138856730052862E-003   6.3747291708271245E-002
  -1.1751274721849364E-002   6.0021866937502555E-002
  -1.7080221149878071E-002   5.4191652707025098E-002
  -2.1719425270240240E-002   4.6541018244631437E-002
  -2.5706515914633816E-002   3.7323830358448253E-002
  -2.9085589587505598E-002   2.6763137964622763E-002
  -3.1907355268397490E-002   1.5061630877911496E-002
  -3.4223773949730044E-002   2.4090816272540681E-003
  -3.6082289425101735E-002  -1.1023893798990910E-002
  -3.7523817152724757E-002  -2.5088052779626759E-002
  -3.8595641898780869E-002  -3.9649672144769652E-002
  -3.9339602718114410E-002  -5.4595514891395996E-002
  -3.9770564226909937E-002  -6.9828199598897550E-002
  -3.9887713819324475E-002  -8.5262185206764429E-002
  -3.9682643577012462E-002 -0.10079756632028319     
  -3.9142658302950037E-002 -0.11630760161553168     
  -3.8260482753285606E-002 -0.13165717383605677     
  -3.7035695031195894E-002 -0.14670664923062840     
  -3.5441774440590296E-002 -0.16130436010146812     
  -3.3446613206297070E-002 -0.17530055255753302     
  -3.1037331090233627E-002 -0.18854032185082450     
  -2.8201289831934630E-002 -0.20088253482072596     
  -2.4933391018583995E-002 -0.21222641491365060     
  -2.1228055786233227E-002 -0.22253105409904267     
  -1.7083136295534415E-002 -0.23183931915264316     
  -1.2496669503307278E-002 -0.24028567351861216     
  -7.4401641251451243E-003 -0.24807642384579928     
  -1.8723807776456611E-003 -0.25545122651480562     
   4.2251366844845203E-003 -0.26259383249478779     
   1.0838033121440799E-002 -0.26954626060782588     
   1.7864412200475018E-002 -0.27611889653025662     
   2.5110841381702907E-002 -0.28181576108623663     
   3.2345647453668719E-002 -0.28583885715361673     
   3.9239169235124223E-002 -0.28711102118326265     
   4.5367975016125904E-002 -0.28449444697882481     
   5.0244046313610832E-002 -0.27714361623630196     
   5.3414070394148833E-002 -0.26479669447179260     
   5.4535052286685828E-002 -0.24798220969185475     
   5.3448130454556854E-002 -0.22795080913437696     
   5.0185304263595215E-002 -0.20644697328181175     
   4.4974793089850050E-002 -0.18538278695146745     
   3.8151140931629156E-002 -0.16645253434341883     
   3.0193837770087557E-002 -0.15092503309506311     
   2.1638894451046841E-002 -0.13953426714871225     
   1.2994646566373145E-002 -0.13244510554979491     
   4.6781817111388076E-003 -0.12940732519197148     
  -3.0173885882619558E-003 -0.12989570083697960     
  -9.9314886621072133E-003 -0.13329191317673605     
  -1.5980472705449396E-002 -0.13903417549124542     
  -2.1173466229153726E-002 -0.14666651147296467     
  -2.5563252906317925E-002 -0.15588595972250882     
  -2.9241620236825291E-002 -0.16649658804410719     
  -3.2304584823391498E-002 -0.17836416722982193     
  -3.4827484021651062E-002 -0.19139771408428047     
  -3.6868018379047990E-002 -0.20550419755966076     
  -3.8462292195887988E-002 -0.22058542627881683     
  -3.9639373946709043E-002 -0.23652780000742024     
  -4.0432737315277252E-002 -0.25319481338301225     
  -4.0901951059130734E-002 -0.27043066991174347     
  -4.1115229135867376E-002 -0.28806456545931036     
  -4.1105283683500853E-002 -0.30592356926528752     
  -4.0880888366470636E-002 -0.32383585881489335     
  -4.0448921514493204E-002 -0.34162457267755619     
  -3.9809121544961919E-002 -0.35911248663088796     
  -3.8959365053393591E-002 -0.37612735591639579     
  -3.7894872849705608E-002 -0.39251687213932479     
  -3.6601435116590135E-002 -0.40815469225481443     
  -3.5009889407837634E-002 -0.42292035518169740     
  -3.3022386896187111E-002 -0.43667857079573752     
  -3.0578947797733472E-002 -0.44924486499297933     
  -2.7626560403044599E-002 -0.46038511558373940     
  -2.4115380057194945E-002 -0.46984762918556555     
  -2.0041318000518425E-002 -0.47737624724557698     
  -1.5387005611990802E-002 -0.48272935815964596     
  -1.0125510423116107E-002 -0.48564196847382479     
  -4.2411072324012606E-003 -0.48580720673738786     
   2.2593343176315812E-003 -0.48288029569515312     
   9.2997932387899815E-003 -0.47646502145083175     
   1.6760648403473511E-002 -0.46622323281231032     
   2.4444233701133203E-002 -0.45189771105374132     
   3.2038077182641705E-002 -0.43329549687724334     
   3.9067645245909464E-002 -0.41036857492943746     
   4.4912073860420641E-002 -0.38328321823709016     
   4.8947123191090951E-002 -0.35263708787818038     
   5.0698519011255820E-002 -0.31961776905099465     
   4.9939397454765506E-002 -0.28587620249648937     
   4.6810425414932917E-002 -0.25328063437124670     
   4.1671152495848303E-002 -0.22349394056883526     
   3.5007128795520898E-002 -0.19768651926761910     
   2.7354201742472248E-002 -0.17647808810526028     
   1.9227416231143685E-002 -0.15996870404072736     
   1.1075968580969351E-002 -0.14794731119808061     
   3.2621625902701096E-003 -0.14004112842692776     
  -3.9692353294205254E-003 -0.13579213347552144     
  -1.0480075817629960E-002 -0.13474704891740116     
  -1.6262402146825877E-002 -0.13643966378465466     
  -2.1349746687272637E-002 -0.14042902116767894     
  -2.5796733786036048E-002 -0.14634374598552086     
  -2.9659938805127684E-002 -0.15386351059400244     
  -3.2961287964126972E-002 -0.16274146461261491     
  -3.5734891448767660E-002 -0.17278697339035651     
  -3.8035474200488535E-002 -0.18385387292072961     
  -3.9919313920936492E-002 -0.19583283091856130     
  -4.1424514845132938E-002 -0.20862242898426320     
  -4.2570296226472834E-002 -0.22211244375537345     
  -4.3367255552470362E-002 -0.23617676624788317     
  -4.3819374235159560E-002 -0.25067785571383600     
  -4.3937365761399665E-002 -0.26548423726208970     
  -4.3756278072670178E-002 -0.28047503288993009     
  -4.3306345348778780E-002 -0.29553532914751457     
  -4.2601403849446759E-002 -0.31053146183547081     
  -4.1639418459360963E-002 -0.32529751835795478     
  -4.0410034979675317E-002 -0.33963763780092027     
  -3.8889313211683159E-002 -0.35334132457731399     
  -3.7045165630381384E-002 -0.36621554295619158     
  -3.4861260541945389E-002 -0.37808421028784217     
  -3.2307022752440295E-002 -0.38877266581721143     
  -2.9333304225577096E-002 -0.39809820684603980     
  -2.5893227651189111E-002 -0.40584153444646331     
  -2.1953602244855402E-002 -0.41176153677228333     
  -1.7481268631872347E-002 -0.41561047003474610     
  -1.2478636584736075E-002 -0.41713435324888032     
  -6.9263456159310444E-003 -0.41607962472961812     
  -8.2043185599876465E-004 -0.41217212463642217     
   5.7937143919423676E-003 -0.40513212519075503     
   1.2779607826352856E-002 -0.39469265841562673     
   1.9972367987240450E-002 -0.38058920706786087     
   2.7163812752677510E-002 -0.36260544758495822     
   3.4051537214737769E-002 -0.34066290398819216     
   4.0200715442948960E-002 -0.31493216870794560     
   4.5131793148677414E-002 -0.28594128680141473     
   4.8274937966196071E-002 -0.25455032503146591     
   4.9151075816703055E-002 -0.22187018441859530     
   4.7586661716487400E-002 -0.18916401806154431     
   4.3753158583233698E-002 -0.15772435492771342     
   3.8004733384097059E-002 -0.12878558616116983     
   3.0849392166227750E-002 -0.10338834885445013     
   2.2871139926718694E-002  -8.2202969823558292E-002
   1.4622822328224528E-002  -6.5423459960467778E-002
   6.5413285844162202E-003  -5.2784522434629999E-002
  -9.7872411642791618E-004  -4.3706336100795759E-002
  -7.6939958200301284E-003  -3.7501485443941836E-002
  -1.3541860711380617E-002  -3.3547773456712372E-002
  -1.8564738726771446E-002  -3.1387200746802082E-002
  -2.2818798615996418E-002  -3.0723093330640883E-002
  -2.6388036511924919E-002  -3.1378189972351603E-002
  -2.9345164141579939E-002  -3.3272199999736560E-002
  -3.1731740358003357E-002  -3.6379977747219620E-002
  -3.3581893871921183E-002  -4.0701069537307205E-002
  -3.4971145103954555E-002  -4.6245219883483055E-002
  -3.5955865378107833E-002  -5.3019227633858260E-002
  -3.6603880655758675E-002  -6.0997507187454940E-002
  -3.6994352464761307E-002  -7.0097212876746265E-002
  -3.7193323504544351E-002  -8.0174493063491434E-002
  -3.7232161538135251E-002  -9.1042713343101420E-002
  -3.7115926773112748E-002 -0.10249960700470358     
  -3.6835941927233148E-002 -0.11435140958973762     
  -3.6367110131815414E-002 -0.12641934762857712     
  -3.5650825238665744E-002 -0.13853354156845082     
  -3.4634915432809985E-002 -0.15052047761253265     
  -3.3291996371220836E-002 -0.16219789421906741     
  -3.1616198627699287E-002 -0.17337959404325382     
  -2.9603718243506688E-002 -0.18388687999458911     
  -2.7248732359682053E-002 -0.19355301156047844     
  -2.4479521298689501E-002 -0.20222134766484084     
  -2.1186473941798588E-002 -0.20972474294581003     
  -1.7259460403485950E-002 -0.21586171390684028     
  -1.2604015005318036E-002 -0.22038223130155779     
  -7.2005875449605069E-003 -0.22298196413459509     
  -1.0808303667519496E-003 -0.22332482437197598     
   5.6701425104622311E-003 -0.22106728686060118     
   1.2897976212343974E-002 -0.21589318307890590     
   2.0414926524745594E-002 -0.20755013595486768     
   2.7982189257681291E-002 -0.19587451641033865     
   3.5309088277461834E-002 -0.18082777335047417     
   4.2087045678978967E-002 -0.16251663903366995     
   4.7968673427667793E-002 -0.14122309504967473     
   5.2556313842494116E-002 -0.11742073794919926     
   5.5508331903127373E-002  -9.1785972725387729E-002
   5.6516249556444249E-002  -6.5175190117773438E-002
   5.5455919954498868E-002  -3.8581846828458950E-002
   5.2413387216559977E-002  -1.3048769792252965E-002
   4.7627568454222002E-002   1.0434870808725802E-002
   4.1458520842652440E-002   3.1042145659263887E-002
   3.4340129332363335E-002   4.8215271067244422E-002
   2.6699437452360357E-002   6.1716480805175243E-002
   1.8962822750887155E-002   7.1571472328835262E-002
   1.1464680068917429E-002   7.7978978552998221E-002
   4.3999275334815563E-003   8.1239799144632419E-002
  -2.0774441475535257E-003   8.1673019999232710E-002
  -7.9166288696540174E-003   7.9595298990129293E-002
  -1.3089766844554623E-002   7.5311963530646148E-002
  -1.7582886846056776E-002   6.9123185211155902E-002
  -2.1413590025362025E-002   6.1320635687822166E-002
  -2.4617310288897323E-002   5.2171588424078548E-002
  -2.7227660243777749E-002   4.1916261226882634E-002
  -2.9296527628761903E-002   3.0775063176497086E-002
  -3.0873560399229626E-002   1.8947274143951483E-002
  -3.2007136859086585E-002   6.6205779817290200E-003
  -3.2756165029799042E-002  -6.0310677107331167E-003
  -3.3177612651089136E-002  -1.8861534940290532E-002
  -3.3323882946981083E-002  -3.1757259480072020E-002
  -3.3233818671761971E-002  -4.4623457476778670E-002
  -3.2927470461941000E-002  -5.7370773453800483E-002
  -3.2423808145791676E-002  -6.9914041463406212E-002
  -3.1758751623094501E-002  -8.2183522825780980E-002
  -3.0974694290512996E-002  -9.4139489909779633E-002
  -3.0087532740228146E-002 -0.10577445163101308     
  -2.9057652732871680E-002 -0.11708965508902566     
  -2.7785722567143855E-002 -0.12805439112940964     
  -2.6134847585866986E-002 -0.13857248908062678     
  -2.3962042984471701E-002 -0.14847144587252181     
  -2.1140111537837944E-002 -0.15751030727484561     
  -1.7566126812535363E-002 -0.16539319529643023     
  -1.3165941269151259E-002 -0.17178038848003954     
  -7.9027569570013501E-003 -0.17629851220563150     
  -1.7877199643232004E-003 -0.17855485520111619     
   5.1149416069383793E-003 -0.17815610899133233     
   1.2689683379206540E-002 -0.17472568725273149     
   2.0766981379025964E-002 -0.16791525051137929     
   2.9099561267477727E-002 -0.15741943099230993     
   3.7316806060367580E-002 -0.14302040834893157     
   4.4890492221406599E-002 -0.12468953294356884     
   5.1167546008113386E-002 -0.10273576498577874     
   5.5501361212603947E-002  -7.7925609188696995E-002
   5.7442739278409059E-002  -5.1465200880286416E-002
   5.6889671469147300E-002  -2.4794991577968380E-002
   5.4105694401224147E-002   7.2230313124447296E-004
   4.9598725025810218E-002   2.4057696777473117E-002
   4.3936783936729125E-002   4.4601343703277042E-002
   3.7601118546486144E-002   6.2087448135774846E-002
   3.0935738450983713E-002   7.6456045079595386E-002
   2.4180787047352909E-002   8.7747621586887134E-002
   1.7526686712958948E-002   9.6063491771966603E-002
   1.1136218454465947E-002  0.10156279526363907     
   5.1341312030555334E-003  0.10445541766245661     
  -4.0536611712084248E-004  0.10497998727936207     
  -5.4573482176088432E-003  0.10337889053779871     
  -1.0036721427829656E-002   9.9878936239794158E-002
  -1.4186593226048956E-002   9.4677626992103983E-002
  -1.7963572168542895E-002   8.7935166976305656E-002
  -2.1419804657006825E-002   7.9775056208797240E-002
  -2.4585997501981351E-002   7.0295073644821418E-002
  -2.7461656735961331E-002   5.9586437539735533E-002
  -3.0016958064709321E-002   4.7754627290127839E-002
  -3.2205447480875206E-002   3.4933824601030464E-002
  -3.3981332181924534E-002   2.1289973756221402E-002
  -3.5313630046524234E-002   7.0130154405751181E-003
  -3.6192244956505103E-002  -7.6968935291070453E-003
  -3.6625299981390934E-002  -2.2643183903999102E-002
  -3.6630388050508236E-002  -3.7642046437707778E-002
  -3.6223831306849155E-002  -5.2524829534697309E-002
  -3.5411736467084433E-002  -6.7134013200440504E-002
  -3.4185307564572824E-002  -8.1314915174811445E-002
  -3.2521259436370423E-002  -9.4906125637573335E-002
  -3.0386790535464451E-002 -0.10773157619979391     
  -2.7747679946111700E-002 -0.11959641818196741     
  -2.4577621423500937E-002 -0.13028788064401153     
  -2.0866696269464070E-002 -0.13958122498780232     
  -1.6626857497511627E-002 -0.14724983336586364     
  -1.1892657278086104E-002 -0.15307733090829084     
  -6.7165501114843269E-003 -0.15686860079754272     
  -1.1601341872102531E-003 -0.15845612113252247     
   4.7147594436868310E-003 -0.15769902766798075     
   1.0849425505072381E-002 -0.15447522566616492     
   1.7181008793161593E-002 -0.14867120612135634     
   2.3623381034660072E-002 -0.14017806062817381     
   3.0040999201903378E-002 -0.12890309350425580     
   3.6225970094709271E-002 -0.11480286532527199     
   4.1890072469151531E-002  -9.7935808897127732E-002
   4.6679366684701684E-002  -7.8523303009439799E-002
   5.0210954604982809E-002  -5.7001644144511324E-002
   5.2125020281734706E-002  -3.4047006033661585E-002
   5.2144955357951044E-002  -1.0559285329004787E-002
   5.0139834540962123E-002   1.2405661221784931E-002
   4.6176896726695220E-002   3.3758446167570996E-002
   4.0539348667215189E-002   5.2534103985636960E-002
   3.3687146737709207E-002   6.8035902804076800E-002
   2.6166914354641652E-002   7.9908898339516102E-002
   1.8509209891155811E-002   8.8123176406932971E-002
   1.1154091291870200E-002   9.2895389635296005E-002
   4.4199229775192736E-003   9.4595123832566366E-002
  -1.4945063625083840E-003   9.3666641472293616E-002
  -6.4908240759517961E-003   9.0574485551294451E-002
  -1.0546550511988289E-002   8.5770036946588718E-002
  -1.3691886698241786E-002   7.9673066271511259E-002
  -1.5990865152360371E-002   7.2662608552738039E-002
  -1.7527294162488997E-002   6.5073149842531999E-002
  -1.8394796681847334E-002   5.7193778237989011E-002
  -1.8690060405091281E-002   4.9268945657042131E-002
  -1.8508362649386018E-002   4.1500077802653995E-002
  -1.7940481264447781E-002   3.4047713436766734E-002
  -1.7070294844597027E-002   2.7034170665183689E-002
  -1.5972596369881943E-002   2.0546960740606197E-002
  -1.4710935311341444E-002   1.4643308805303044E-002
  -1.3335746072169450E-002   9.3561005729654954E-003
  -1.1883533910714377E-002   4.7012166061003047E-003
  -1.0378221415984535E-002   6.8548729209089133E-004
  -8.8355503429233314E-003  -2.6864233632331535E-003
  -7.2704218943764488E-003  -5.4085339145717266E-003
  -5.7054032455588211E-003  -7.4754918955374150E-003
  -4.1770923943590353E-003  -8.8903413039725637E-003
  -2.7367609456275558E-003  -9.6758245222940565E-003
  -1.4435135921299198E-003  -9.8844338894458778E-003
  -3.5172723505546796E-004  -9.6018345961919327E-003
   5.0216793812946515E-004  -8.9406613105471478E-003
   1.1078303124985802E-003  -8.0261751099660623E-003
   1.4810720667673201E-003  -6.9791033598044895E-003
   1.6570846823904268E-003  -5.9016296752897523E-003
   1.6807729159035692E-003  -4.8699322050507936E-003
   1.5979799323646597E-003  -3.9332315224845215E-003
   1.4495049318833245E-003  -3.1172513827366932E-003
   1.2680868112194702E-003  -2.4297102064433683E-003
   1.0777060183539673E-003  -1.8660743126429039E-003
   8.9436086919363685E-004  -1.4145458095962957E-003
   7.2754962953770048E-004  -1.0598680505666373E-003
   5.8190812003035286E-004  -7.8594626462451841E-004
   4.5870496871246576E-004  -5.7748005352662541E-004
   3.5707221257865108E-004  -4.2084919363337701E-004
   2.7493939576990001E-004  -3.0447706632688240E-004
   2.0969121400721274E-004  -2.1886079897180021E-004
   1.5859839941839959E-004  -1.5641163004354169E-004
   1.1907730466064014E-004  -1.1120361736361117E-004
   8.8826503896403695E-005  -7.8693913261622725E-005
   6.5880398750159247E-005  -5.5453046441514086E-005
   4.8611539511660600E-005  -3.8925312961372757E-005
   3.5704398043068608E-005  -2.7226857491087948E-005
   2.6115611408524236E-005  -1.8981843354791493E-005
   1.9030262224231863E-005  -1.3193373443090420E-005
   1.3819843692430969E-005  -9.1440595646354667E-006
   1.0004720876957604E-005  -6.3207419545602045E-006
   7.2221329604810630E-006  -4.3582892087766488E-006
   5.1998136127020840E-006  -2.9981315465748521E-006
   3.7347795876111342E-006  -2.0579528571433434E-006
   2.6765899103090357E-006  -1.4097115406451854E-006
   1.9143262413952843E-006  -9.6381147728653876E-007
   1.3665911186401078E-006  -6.5777146559210707E-007
   9.7390235971090383E-007  -4.4815736784461455E-007
   6.9295820507951499E-007  -3.0486496002188657E-007
   4.9234488044891126E-007  -2.0708669226550041E-007
   3.4934473676248472E-007  -1.4047796632576011E-007
   2.4757625196925006E-007  -9.5173616444852690E-008
   1.7525789504766361E-007  -6.4404408481658228E-008
   1.2393679841383699E-007  -4.3535237695649947E-008
   8.7561642477780182E-008  -2.9398523801381250E-008
   6.1809062276654719E-008  -1.9833517269004312E-008
   4.3595905704814555E-008  -1.3368764489940759E-008
   3.0727155428467223E-008  -9.0037879782154634E-009
   2.1642489984580361E-008  -6.0593258980218384E-009
   1.5234312910257779E-008  -4.0748212549138104E-009
   1.0717400217628709E-008  -2.7383926993079796E-009
   7.5357213611176963E-009  -1.8390822804489835E-009
   5.2959605842381476E-009  -1.2343487949244630E-009
   3.7201707511901634E-009  -8.2797403006476674E-010
   2.6121071141577983E-009  -5.5506797281654356E-010
   1.8333230722479436E-009  -3.7190553111804524E-010
   1.2862196580642324E-009  -2.4904644604031938E-010
   9.0204032625606096E-010  -1.6668304040416327E-010
   6.3237751505310090E-010  -1.1149768363910559E-010
   4.4316966398982676E-010  -7.4542090941391999E-011
   3.1046225597119766E-010  -4.9807465421650655E-011
   2.1741696454848492E-010  -3.3261224548033437E-011
   1.5220299318640018E-010  -2.2198551593860060E-011
   1.0651140408541510E-010  -1.4806187631535997E-011
   7.4509029134486318E-011  -9.8691905870553345E-012
   5.2102317859769544E-011  -6.5739260846940424E-012
   3.6419564144257212E-011  -4.3757873554443283E-012
   2.5446904935144484E-011  -2.9104260953743542E-012
   1.7772536384642488E-011  -1.9342136986429652E-012
   1.2407048678835926E-011  -1.2843280637588739E-012
   8.6572761463668808E-012  -8.5201008860150334E-013
   6.0377547259613702E-012  -5.6465309381424523E-013
   4.2085968539269215E-012  -3.7381356641215433E-013
   2.9319162918287793E-012  -2.4718946211564478E-013
   2.0412738036134747E-012  -1.6325570223331689E-013
   1.4202595297574810E-012  -1.0767844374973580E-013
   9.8748449023403177E-013  -7.0919535733536478E-014
   6.8606650962213861E-013  -4.6636959636001632E-014
   4.7626691841589869E-013  -3.0617358532887313E-014
   3.3033542401668225E-013  -2.0064073541769854E-014
   2.2890208587782749E-013  -1.3122584273306213E-014
   1.5845291472700307E-013  -8.5643994297878171E-015
   1.0956423850562428E-013  -5.5766410977362946E-015
   7.5668204384458761E-014  -3.6220889688233594E-015
   5.2189959297317388E-014  -2.3461657989926514E-015
   3.5944839466464184E-014  -1.5151740390658145E-015
   2.4717388670786970E-014  -9.7532250219765011E-016
   1.6967487442934405E-014  -6.2557267001020356E-016
   1.1625308504736399E-014  -3.9966331991866412E-016
   7.9483202895885030E-015  -2.5422525859100337E-016
   5.4216149952893913E-015  -1.6093296026834789E-016
   3.6884741521436047E-015  -1.0132919973559742E-016
   2.5020278686366655E-015  -6.3417489238968479E-017
   1.6916215606725179E-015  -3.9422167293424963E-017
   1.1394318533317670E-015  -2.4318661319393253E-017
   7.6422064719952673E-016  -1.4870984481535721E-017
   5.1005754227600876E-016  -9.0027480050981510E-018
   3.3849804781708351E-016  -5.3870750009144549E-018
   2.2316374847276398E-016  -3.1799105940251146E-018
   1.4599064189122486E-016  -1.8470682570152230E-018
   9.4635030843450268E-017  -1.0524087107192026E-018
   6.0681880931812634E-017  -5.8578738086396855E-019
   3.8408872636545756E-017  -3.1680094350080072E-019
   2.3934774415595397E-017  -1.6522054481771949E-019
   1.4633179947698538E-017  -8.2181821284243879E-020
   8.7289805190483884E-018  -3.8283865875795589E-020
   5.0207622090100985E-018  -1.6125370413212304E-020
   2.6887552611843749E-018  -5.6429080984286295E-021
   1.1555586051441037E-018  -1.1807062358817721E-021
   0.0000000000000000        0.0000000000000000     
