 Initial conditions outputted from a previous simulation. Time =    17.800000000000001     
   40.000000000000000        0.0000000000000000              500           1   17.800000000000001     
   4.0184711835572540E-002  0.11224084890464318     
   3.1802192627754085E-002  0.12558845814488553     
   2.3393854204241782E-002  0.13511892973613088     
   1.5222293162777609E-002  0.14101464842608455     
   7.5640204957925826E-003  0.14353811150344623     
   5.0297119926789359E-004  0.14304078627407529     
  -5.8610524304236154E-003  0.13984488835131920     
  -1.1509243997322951E-002  0.13428161298776589     
  -1.6455216232472144E-002  0.12666100159611840     
  -2.0732593610964134E-002  0.11726743065668734     
  -2.4389362322671207E-002  0.10635983550461188     
  -2.7478982561767742E-002   9.4170720757613582E-002
  -3.0055305189450300E-002   8.0907440441412626E-002
  -3.2169668558284306E-002   6.6754555513422700E-002
  -3.3868913961142423E-002   5.1876443653678161E-002
  -3.5194542076898219E-002   3.6420434217614685E-002
  -3.6182731883218029E-002   2.0520649903361873E-002
  -3.6864541538444866E-002   4.3026788857258580E-003
  -3.7265275352345563E-002  -1.2111142525898217E-002
  -3.7402075899305005E-002  -2.8596992894348694E-002
  -3.7280055302093794E-002  -4.5027147413821689E-002
  -3.6889019504556440E-002  -6.1270784901925730E-002
  -3.6203179655559165E-002  -7.7196795176736097E-002
  -3.5184456933542128E-002  -9.2675788134768164E-002
  -3.3787663760745601E-002 -0.10757898886495568     
  -3.1965077767270075E-002 -0.12177371601609283     
  -2.9669003681423237E-002 -0.13511690851598238     
  -2.6852504459235101E-002 -0.14744861728082173     
  -2.3469409729957598E-002 -0.15858676652409884     
  -1.9474865039079636E-002 -0.16832359715049111     
  -1.4827514681936825E-002 -0.17642362557870661     
  -9.4941985434642308E-003 -0.18262295140154280     
  -3.4577463727312307E-003 -0.18663025827778526     
   3.2719495662462900E-003 -0.18813054092669795     
   1.0643715457494521E-002 -0.18679325549341941     
   1.8548135383640786E-002 -0.18228742611680193     
   2.6799043038728858E-002 -0.17430739763023906     
   3.5116485771398483E-002 -0.16261390910766110     
   4.3117343023229414E-002 -0.14709448011501336     
   5.0323883466659752E-002 -0.12784183785861108     
   5.6202192983006251E-002 -0.10523665121704372     
   6.0235891954906216E-002  -8.0004153483227244E-002
   6.2024354699948263E-002  -5.3204547071819999E-002
   6.1375833803808025E-002  -2.6129881699249898E-002
   5.8357821423417680E-002  -1.2118861408077174E-004
   5.3280378061876486E-002   2.3633858606544406E-002
   4.6619462535658532E-002   4.4249026539921431E-002
   3.8915065975344963E-002   6.1192752180780928E-002
   3.0682538441341629E-002   7.4256822816999551E-002
   2.2357153380766649E-002   8.3480218353847196E-002
   1.4271510722825948E-002   8.9065520074053856E-002
   6.6560750779171979E-003   9.1308456971087734E-002
  -3.4721390240824348E-004   9.0546853756361456E-002
  -6.6661474132015024E-003   8.7127657606757489E-002
  -1.2279577073558761E-002   8.1387712625844391E-002
  -1.7201397757913978E-002   7.3643612420766072E-002
  -2.1467736388829414E-002   6.4187019323585184E-002
  -2.5127172690503071E-002   5.3283140451489457E-002
  -2.8233621804058657E-002   4.1171005287438743E-002
  -3.0841337114697619E-002   2.8064759022644086E-002
  -3.3001502945596256E-002   1.4155498021203168E-002
  -3.4760036221908409E-002  -3.8659557160571864E-004
  -3.6156184191396122E-002  -1.5409847666445738E-002
  -3.7221471249957457E-002  -3.0778418132521135E-002
  -3.7978873702324514E-002  -4.6369533627245864E-002
  -3.8442429827896335E-002  -6.2070745180952458E-002
  -3.8617370867934639E-002  -7.7776960760175443E-002
  -3.8500497397347774E-002  -9.3387051509686181E-002
  -3.8080294598388499E-002 -0.10880045420729315     
  -3.7336664243058537E-002 -0.12391430795970873     
  -3.6241102317078597E-002 -0.13862106394758789     
  -3.4757872535179452E-002 -0.15280614078523053     
  -3.2846113129622316E-002 -0.16634468678579711     
  -3.0461310632207753E-002 -0.17909691240607228     
  -2.7555542076338452E-002 -0.19090345415406226     
  -2.4078792903890572E-002 -0.20158130019073253     
  -1.9978689007258615E-002 -0.21091996382834546     
  -1.5205607068971946E-002 -0.21867958818558134     
  -9.7199679851736609E-003 -0.22459174653124794     
  -3.5005440887461905E-003 -0.22836017913846982     
   3.4378575598713753E-003 -0.22966314305232349     
   1.1033571800860769E-002 -0.22816216372100359     
   1.9157537881193072E-002 -0.22351499041513651     
   2.7594505964821495E-002 -0.21540098336352753     
   3.6027901229914443E-002 -0.20357260499739149     
   4.4041147020544444E-002 -0.18792880642991322     
   5.1134028071265533E-002 -0.16859531317616319     
   5.6790730620607875E-002 -0.14600511790451356     
   6.0543286951245570E-002 -0.12093328554896596     
   6.2036086173383874E-002  -9.4457982344905600E-002
   6.1143501100078421E-002  -6.7844660374428045E-002
   5.7956685097534169E-002  -4.2350269144925297E-002
   5.2784041561136377E-002  -1.9048321217596552E-002
   4.6137938780523219E-002   1.2391703660061689E-003
   3.8552614338501968E-002   1.7998069230311459E-002
   3.0475494243485429E-002   3.1022500447834511E-002
   2.2322732501218943E-002   4.0325609730610779E-002
   1.4409733349874342E-002   4.6071235217219252E-002
   6.9387819064050064E-003   4.8530592679190875E-002
   4.4930220504755702E-005   4.8014615656498970E-002
  -6.2134401652005700E-003   4.4838292066479123E-002
  -1.1818962345833874E-002   3.9309003761840731E-002
  -1.6781757074749725E-002   3.1719422437300908E-002
  -2.1134936647778036E-002   2.2346850279621366E-002
  -2.4927663451392874E-002   1.1452018847093822E-002
  -2.8208730023318779E-002  -7.3535871079949151E-004
  -3.1026116839388072E-002  -1.4016372121912139E-002
  -3.3422072540833944E-002  -2.8215535258517898E-002
  -3.5414632526066511E-002  -4.3185517891670681E-002
  -3.6994843679660182E-002  -5.8796374030838240E-002
  -3.8157852086779423E-002  -7.4914462142391586E-002
  -3.8901648741901336E-002  -9.1403547376982058E-002
  -3.9236673052782903E-002 -0.10811876264240818     
  -3.9162321777164319E-002 -0.12490974460171499     
  -3.8659757083762271E-002 -0.14162519309158322     
  -3.7744591133607237E-002 -0.15810374221314374     
  -3.6465140982315805E-002 -0.17419027463709813     
  -3.4884343593089090E-002 -0.18976110738197344     
  -3.3071890149900959E-002 -0.20473794761626887     
  -3.1041932818566122E-002 -0.21908906100513356     
  -2.8729346936304193E-002 -0.23280043266033870     
  -2.6026787390571009E-002 -0.24582303791298557     
  -2.2820553134917050E-002 -0.25803204779374989     
  -1.9020287097558337E-002 -0.26920122149549075     
  -1.4560394517548423E-002 -0.27900720586797900     
  -9.3926701645423768E-003 -0.28705133477238476     
  -3.5022815584877538E-003 -0.29289072694399437     
   3.0707873657927877E-003 -0.29607172924754094     
   1.0239776652261093E-002 -0.29616164783595850     
   1.7896202991777993E-002 -0.29277181378716044     
   2.5841948141473496E-002 -0.28557490809460923     
   3.3829684117648674E-002 -0.27432606890226924     
   4.1527033951485527E-002 -0.25891222252773505     
   4.8442730504484922E-002 -0.23943967016894710     
   5.4017738199631474E-002 -0.21634469649728624     
   5.7820192132212331E-002 -0.19044051164346373     
   5.9601967567664817E-002 -0.16281264325986261     
   5.9290595048433328E-002 -0.13462258391528506     
   5.6904775176468837E-002 -0.10695820171606223     
   5.2588030715118791E-002  -8.0811387589461603E-002
   4.6595720090904631E-002  -5.7134130694769990E-002
   3.9290285296936789E-002  -3.6842992427291388E-002
   3.1139803019184079E-002  -2.0692151492042048E-002
   2.2641874577305380E-002  -9.1150500336860067E-003
   1.4231257385190453E-002  -2.1251421964855600E-003
   6.2405693546217639E-003   6.3214125428799964E-004
  -1.1061069003539422E-003  -2.8488797597894680E-004
  -7.6293745833959734E-003  -4.2788309098995914E-003
  -1.3264071738631505E-002  -1.0803709425941910E-002
  -1.8092890797968133E-002  -1.9404397270419364E-002
  -2.2224215670740344E-002  -2.9717539246325628E-002
  -2.5753937976216758E-002  -4.1455390920847622E-002
  -2.8771159767632167E-002  -5.4388832734164061E-002
  -3.1335184188838495E-002  -6.8328555376690941E-002
  -3.3459151901334666E-002  -8.3113173872768162E-002
  -3.5145892978500543E-002  -9.8594373004862651E-002
  -3.6424075694304760E-002 -0.11462110515410388     
  -3.7335665742982249E-002 -0.13103281047774784     
  -3.7924490825408955E-002 -0.14766394405442568     
  -3.8226530530791267E-002 -0.16435150511437627     
  -3.8231807459452455E-002 -0.18094768868868430     
  -3.7897653477293944E-002 -0.19731835509567261     
  -3.7188689743858881E-002 -0.21333721216333379     
  -3.6083000817358338E-002 -0.22888359289845606     
  -3.4568193135310891E-002 -0.24384138888244358     
  -3.2628669784258178E-002 -0.25810464573895114     
  -3.0228942831706504E-002 -0.27157876517320223     
  -2.7322712165777557E-002 -0.28417214586285405     
  -2.3890815276590805E-002 -0.29578098960968785     
  -1.9948269150681510E-002 -0.30627561697022726     
  -1.5517106768029171E-002 -0.31549101904745480     
  -1.0606438212206202E-002 -0.32322515037014948     
  -5.2149069651281528E-003 -0.32923928713509637     
   6.5684776886247033E-004 -0.33324931183636319     
   6.9756793784529220E-003 -0.33493224627540252     
   1.3689870878873488E-002 -0.33394070499983824     
   2.0717879671498567E-002 -0.32991378672761823     
   2.7944206734279119E-002 -0.32249824071762345     
   3.5223309324845666E-002 -0.31139055483413636     
   4.2330703571021380E-002 -0.29635581473763428     
   4.8929930102670931E-002 -0.27728995705515436     
   5.4563249221542230E-002 -0.25430543696651048     
   5.8671893879683551E-002 -0.22787326092866031     
   6.0706872386745374E-002 -0.19891226119817396     
   6.0283304935094748E-002 -0.16878924527448722     
   5.7278886258767314E-002 -0.13917573435752645     
   5.1894915203298267E-002 -0.11180933627555699     
   4.4588167270565887E-002  -8.8197922298394793E-002
   3.6006520535927809E-002  -6.9394298543049196E-002
   2.6836896782095075E-002  -5.5869307878588785E-002
   1.7696382946340974E-002  -4.7528818932838161E-002
   9.0916369549795192E-003  -4.3832466536566132E-002
   1.3543821766304049E-003  -4.4008653652005791E-002
  -5.3890521553814231E-003  -4.7262603264972822E-002
  -1.1107728228224634E-002  -5.2919387224163505E-002
  -1.5872236486592566E-002  -6.0481253199963024E-002
  -1.9820066732777173E-002  -6.9604397890759631E-002
  -2.3096814230971537E-002  -8.0025664689013606E-002
  -2.5817703839912328E-002  -9.1527508471783064E-002
  -2.8072894819421799E-002 -0.10392084440643316     
  -2.9947714692904168E-002 -0.11704911675794637     
  -3.1514629979964529E-002 -0.13079415841738445     
  -3.2837943054434229E-002 -0.14507510789035505     
  -3.3985085891607675E-002 -0.15983666428248824     
  -3.4991859441934586E-002 -0.17503544955903580     
  -3.5849147240340960E-002 -0.19062008922337981     
  -3.6528354247019244E-002 -0.20651363659640873     
  -3.6983413985491390E-002 -0.22260601355386461     
  -3.7165503691559888E-002 -0.23875471072521792     
  -3.7034310785649401E-002 -0.25479732630108742     
  -3.6549986031661770E-002 -0.27056674807649933     
  -3.5655441358780800E-002 -0.28590629948776791     
  -3.4286719311624435E-002 -0.30067449269713947     
  -3.2365982476322927E-002 -0.31473969301554122     
  -2.9823116538343471E-002 -0.32796624011099573     
  -2.6630094402470529E-002 -0.34019542928944685     
  -2.2774318662281676E-002 -0.35123717680578692     
  -1.8233158239256492E-002 -0.36086045786669751     
  -1.2986216852234989E-002 -0.36878327087428997     
  -7.0236430530096891E-003 -0.37467028240945899     
  -3.6306357915704237E-004 -0.37813145906986201     
   6.9450352638136970E-003 -0.37874174051467285     
   1.4767121342410218E-002 -0.37606622433464482     
   2.2864720020209083E-002 -0.36969433586369499     
   3.0959837253871126E-002 -0.35930637893554523     
   3.8717465244828754E-002 -0.34472199021497740     
   4.5739034056621941E-002 -0.32601113683228083     
   5.1581043286438699E-002 -0.30358203450899468     
   5.5807036876093612E-002 -0.27815822246109934     
   5.8096917323168407E-002 -0.25072464912323905     
   5.8308657373146694E-002 -0.22239291071439468     
   5.6483056638133508E-002 -0.19428954640128032     
   5.2836687589661077E-002 -0.16751238258860093     
   4.7652195968485633E-002 -0.14307103540229948     
   4.1245404922265957E-002 -0.12183160149353099     
   3.3964320716004019E-002 -0.10444122643105305     
   2.6162316024396753E-002  -9.1245426256276616E-002
   1.8187657753731330E-002  -8.2297954873975579E-002
   1.0340467008236900E-002  -7.7393461025564408E-002
   2.8581906619932203E-003  -7.6154724742084567E-002
  -4.0687887661749484E-003  -7.8140226101434562E-002
  -1.0327005141773369E-002  -8.2902613006864037E-002
  -1.5865988253992533E-002  -9.0032914967495034E-002
  -2.0682791187325297E-002  -9.9161427744093991E-002
  -2.4813418284781872E-002 -0.10995996791240942     
  -2.8284463069246771E-002 -0.12214105711699427     
  -3.1144460647029731E-002 -0.13544131811648105     
  -3.3459321144420642E-002 -0.14962397217586446     
  -3.5282672638312751E-002 -0.16448019666897948     
  -3.6655476872092307E-002 -0.17982323752028045     
  -3.7603581244289128E-002 -0.19549668556400029     
  -3.8137621945099051E-002 -0.21137259653569784     
  -3.8265792778745429E-002 -0.22734032297057075     
  -3.7999942967787109E-002 -0.24329675581553883     
  -3.7360468394491433E-002 -0.25912368060341345     
  -3.6372712878478750E-002 -0.27468161053591184     
  -3.5058383501185869E-002 -0.28981547974292804     
  -3.3424083336355645E-002 -0.30436376703820894     
  -3.1473328453803177E-002 -0.31817634647311993     
  -2.9192258219587982E-002 -0.33112070018759515     
  -2.6565807560043234E-002 -0.34307454487785000     
  -2.3570466103829426E-002 -0.35391692268528618     
  -2.0169903060332256E-002 -0.36351128105252711     
  -1.6349990366590763E-002 -0.37169413032295423     
  -1.2073303934564144E-002 -0.37828199025644121     
  -7.3343423967460958E-003 -0.38306597230320816     
  -2.1308528361576907E-003 -0.38582768896370884     
   3.5353791833645084E-003 -0.38634964973643326     
   9.6070232973821425E-003 -0.38441596583276849     
   1.5997960919213954E-002 -0.37983876077979117     
   2.2586670507854460E-002 -0.37246241707750072     
   2.9180577761058216E-002 -0.36217888760440115     
   3.5551752861546736E-002 -0.34897154998065744     
   4.1437836333934927E-002 -0.33291165455683486     
   4.6485844162479667E-002 -0.31421551955794119     
   5.0404653708609436E-002 -0.29327964378631510     
   5.2915520644073864E-002 -0.27067624364008391     
   5.3771182593197568E-002 -0.24717529755167206     
   5.2862515071872111E-002 -0.22368532999285065     
   5.0197381596168066E-002 -0.20114272276109829     
   4.5910883841645177E-002 -0.18043009235479007     
   4.0327674968222316E-002 -0.16225063923512442     
   3.3838155125456189E-002 -0.14703767811103818     
   2.6832272314375273E-002 -0.13499651464872114     
   1.9710399620361557E-002 -0.12615980163720159     
   1.2736187363124785E-002 -0.12041714257755617     
   6.1210572793507743E-003 -0.11755931107381047     
   1.6125050088129620E-005 -0.11734702148393807     
  -5.4914504801305370E-003 -0.11950277021400411     
  -1.0358008490856633E-002 -0.12371806506733687     
  -1.4573845289259332E-002 -0.12969177081989128     
  -1.8162290138059273E-002 -0.13715275926181733     
  -2.1164041166879029E-002 -0.14585413389518284     
  -2.3617127069743615E-002 -0.15556692421656754     
  -2.5558575290529913E-002 -0.16608020890204936     
  -2.7031148950979290E-002 -0.17719955648544858     
  -2.8081590503317794E-002 -0.18874785351566126     
  -2.8757101968795440E-002 -0.20056859915115524     
  -2.9103479481284271E-002 -0.21252677162009953     
  -2.9161725921847299E-002 -0.22450757830576101     
  -2.8963073668394484E-002 -0.23641365247695756     
  -2.8525550852027206E-002 -0.24815902271362897     
  -2.7854161116259102E-002 -0.25966134386875550     
  -2.6943873924668276E-002 -0.27083586725183617     
  -2.5783078692822394E-002 -0.28159207416883791     
  -2.4356109457774715E-002 -0.29183182581448330     
  -2.2645092491920610E-002 -0.30144832674039435     
  -2.0631572908000443E-002 -0.31032577593379296     
  -1.8297948749348987E-002 -0.31833943635182893     
  -1.5628988932834268E-002 -0.32535591108718581     
  -1.2613909587332517E-002 -0.33123382426307146     
  -9.2490952361340539E-003 -0.33582531994026071     
  -5.5412597534357858E-003 -0.33897869608937614     
  -1.5109242588116183E-003 -0.34054239655308627     
   2.8038844491633606E-003 -0.34037064530909733     
   7.3440089756793983E-003 -0.33833107943586144     
   1.2026143128310395E-002 -0.33431467103189966     
   1.6741160387002477E-002 -0.32824799408605110     
   2.1354724239228143E-002 -0.32010745154230663     
   2.5711204186258902E-002 -0.30993435704798206     
   2.9641727144620732E-002 -0.29784879366658751     
   3.2976581434956666E-002 -0.28405919088858278     
   3.5561133752370008E-002 -0.26886404093353122     
   3.7273102195077734E-002 -0.25264269910720777     
   3.8037926699612729E-002 -0.23583415497691856     
   3.7838725819711719E-002 -0.21890573655436871     
   3.6718323530794940E-002 -0.20231680628336704     
   3.4772854401128359E-002 -0.18648416989172437     
   3.2138683806433546E-002 -0.17175528456796424     
   2.8975858135822232E-002 -0.15839277729148221     
   2.5451543057946911E-002 -0.14657056661036946     
   2.1726101428548739E-002 -0.13637935779793914     
   1.7943180185342439E-002 -0.12783811363429032     
   1.4223988781202637E-002 -0.12090819065105085     
   1.0665185086729853E-002 -0.11550763390302560     
   7.3394397568478697E-003 -0.11152408712302535     
   4.2976902512851410E-003 -0.10882560194144407     
   1.5722714150185823E-003 -0.10726921060638457     
  -8.1960766879664976E-004 -0.10670742287514542     
  -2.8724412411448518E-003 -0.10699294249091856     
  -4.5894000351298344E-003 -0.10798197461981107     
  -5.9798250993482287E-003 -0.10953641208880642     
  -7.0571869836635057E-003 -0.11152514595968031     
  -7.8374875992841091E-003 -0.11382475857339441     
  -8.3381046136994687E-003 -0.11631979871903708     
  -8.5770141059762616E-003 -0.11890278160908285     
  -8.5723107987028310E-003 -0.12147403680646954     
  -8.3419719204540829E-003 -0.12394149836496909     
  -7.9038144209481968E-003 -0.12622050161958417     
  -7.2755927867248797E-003 -0.12823363904959983     
  -6.4751937477710523E-003 -0.12991071587249184     
  -5.5208890630923145E-003 -0.13118882834698181     
  -4.4316084276947330E-003 -0.13201257424345628     
  -3.2271993827849492E-003 -0.13233439492464644     
  -1.9286452775918736E-003 -0.13211503730131732     
  -5.5821294156653599E-004 -0.13132411266075814     
   8.6049697535801341E-004 -0.12994071840524707     
   2.3026204438141981E-003 -0.12795407680978918     
   3.7422397362481524E-003 -0.12536413308091554     
   5.1527438180491800E-003 -0.12218204524744893     
   6.5073414328823617E-003 -0.11843049165593852     
   7.7797173660416521E-003 -0.11414371917287516     
   8.9448090095572419E-003 -0.10936725855749815     
   9.9796655009915004E-003 -0.10415724482984388     
   1.0864337062119846E-002  -9.8579301134948477E-002
   1.1582730217310773E-002  -9.2706974701129347E-002
   1.2123357707831095E-002  -8.6619751284797195E-002
   1.2479912174426936E-002  -8.0400716323279178E-002
   1.2651601481548352E-002  -7.4133971659675613E-002
   1.2643201111287441E-002  -6.7901950017578747E-002
   1.2464803883055544E-002  -6.1782789429444485E-002
   1.2131276208966885E-002  -5.5847932307737165E-002
   1.1661458937566751E-002  -5.0160097516720160E-002
   1.1077175192060513E-002  -4.4771740784871929E-002
   1.0402123921570739E-002  -3.9724074149372478E-002
   9.6607441399151252E-003  -3.5046665664292875E-002
   8.8771308899648644E-003  -3.0757593390261163E-002
   8.0740714789639904E-003  -2.6864088544301900E-002
   7.2722523369411918E-003  -2.3363575245438254E-002
   6.4896662475144723E-003  -2.0244999685824574E-002
   5.7412296973437370E-003  -1.7490338807047170E-002
   5.0386029408393202E-003  -1.5076185281646571E-002
   4.3901923771942474E-003  -1.2975318799025776E-002
   3.8013063651275922E-003  -1.1158190403664515E-002
   3.2744313232452704E-003  -9.5942645024540349E-003
   2.8095941144531443E-003  -8.2531804059213440E-003
   2.4047783547899780E-003  -7.1057108364404511E-003
   2.0563655123591084E-003  -6.1245082283891477E-003
   1.7595757161381316E-003  -5.2846407604590535E-003
   1.5088875327994558E-003  -4.5639290316034998E-003
   1.2984202603422694E-003  -3.9431013479616873E-003
   1.1222663773691186E-003  -3.4057909544227241E-003
   9.7476564890811924E-004  -2.9384023855736200E-003
   8.5071606110988403E-004  -2.5298765066992667E-003
   7.4552028061135528E-004  -2.1713847716913620E-003
   6.5526970877873957E-004  -1.8559827081439662E-003
   5.7677135096879137E-004  -1.5782506336185730E-003
   5.0752549130445143E-004  -1.3339461706720903E-003
   4.4566434275034381E-004  -1.1196884484920794E-003
   3.8986321072854649E-004  -9.3268829385045340E-004
   3.3923609957747558E-004  -7.7053269849682070E-004
   2.9322704840755278E-004  -6.3102596114371747E-004
   2.5150689368204051E-004  -5.1208469430788712E-004
   2.1388284896821488E-004  -4.1167981777194876E-004
   1.8022559885950263E-004  -3.2781601639049360E-004
   1.5041589257448068E-004  -2.5853799211025249E-004
   1.2431022783843254E-004  -2.0195305255409830E-004
   1.0172338024738734E-004  -1.5626085462787433E-004
   8.2424377583319343E-005  -1.1978307579002802E-004
   6.6142039551596852E-005  -9.0988020695074035E-005
   5.2576299781486757E-005  -6.8507342780743975E-005
   4.1412037719285095E-005  -5.1143919200452924E-005
   3.2332893810586012E-005  -3.7871322589591023E-005
   2.5033358194506966E-005  -2.7826245059166428E-005
   1.9228184506924143E-005  -2.0295687569978740E-005
   1.4658806121032406E-005  -1.4700819724417458E-005
   1.1096886528579878E-005  -1.0579250121773587E-005
   8.3454185026499125E-006  -7.5671329432789556E-006
   6.2379218213001041E-006  -5.3821627089317970E-006
   4.6363122573389350E-006  -3.8081425204607174E-006
   3.4279632172985388E-006  -2.6814930367050688E-006
   2.5223897132664910E-006  -1.8798198015347418E-006
   1.8478786607272949E-006  -1.3124790299573816E-006
   1.3482878121972023E-006  -9.1296977104748511E-007
   9.8014833397440917E-007  -6.3292131939924120E-007
   7.1013749054921260E-007  -4.3742505839877039E-007
   5.1293836852059116E-007  -3.0146668249255018E-007
   3.6947086802869002E-007  -2.0723723594586231E-007
   2.6545902734872427E-007  -1.4213151597211373E-007
   1.9029063810764204E-007  -9.7274517611299705E-008
   1.3612290019400452E-007  -6.6447247536609648E-008
   9.7189982646019826E-008  -4.5310505436480305E-008
   6.9272861786273580E-008  -3.0848343391881295E-008
   4.9297345049675255E-008  -2.0971797189289608E-008
   3.5031880435467269E-008  -1.4238476039614036E-008
   2.4862080761539821E-008  -9.6552275334421454E-009
   1.7623597206283770E-008  -6.5399457018135697E-009
   1.2478963972158089E-008  -4.4252187092631508E-009
   8.8273131641530834E-009  -2.9914099548185604E-009
   6.2384894459567758E-009  -2.0203426646591042E-009
   4.4051656815174452E-009  -1.3633437799039077E-009
   3.1081672085031379E-009  -9.1925639328645437E-010
   2.1914421546946482E-009  -6.1934863568643289E-010
   1.5440464843130377E-009  -4.1697897355946499E-010
   1.0872112435127655E-009  -2.8053294279582837E-010
   7.6507969313595303E-010  -1.8860443881533031E-010
   5.3808668149862467E-010  -1.2671363009510947E-010
   3.7823537249327439E-010  -8.5074771487066244E-011
   2.6573323586352797E-010  -5.7080092047298833E-011
   1.8659976064129821E-010  -3.8271295067661318E-011
   1.3096753132965168E-010  -2.5642619245364816E-011
   9.1877205040011145E-011  -1.7169056043164357E-011
   6.4423768908028741E-011  -1.1487283770037943E-011
   4.5152295400993639E-011  -7.6800721340091892E-012
   3.1630682612550570E-011  -5.1307213434293552E-012
   2.2147799047660184E-011  -3.4248608064791289E-012
   1.5500393399697726E-011  -2.2842465422231457E-012
   1.0842775758901103E-011  -1.5221614182697722E-012
   7.5808504049103955E-012  -1.0133888672760057E-012
   5.2974608316261683E-012  -6.7401104601907938E-013
   3.6998251946537201E-012  -4.4782548399635397E-013
   2.5825458638505531E-012  -2.9721755004557715E-013
   1.8015921493195535E-012  -1.9703085369993246E-013
   1.2560100059819263E-012  -1.3045345428167904E-013
   8.7506988925036695E-013  -8.6258672595251217E-014
   6.0923995419546270E-013  -5.6955631488186270E-014
   4.2384879862158714E-013  -3.7550384886744567E-014
   2.9463830874666315E-013  -2.4716608234171097E-014
   2.0464420010806203E-013  -1.6240837065556843E-014
   1.4200878992875614E-013  -1.0651630421617912E-014
   9.8448053018868306E-014  -6.9718677358503430E-015
   6.8177694044468838E-014  -4.5534244948675863E-015
   4.7161113127345014E-014  -2.9669217762958430E-015
   3.2583012320624657E-014  -1.9282677472459486E-015
   2.2481106738837006E-014  -1.2497587462947997E-015
   1.5488572105549520E-014  -8.0756103648652324E-016
   1.0654019102039611E-014  -5.2010858871889644E-016
   7.3157207819108952E-015  -3.3376857628315692E-016
   5.0137891298007534E-015  -2.1334085797304530E-016
   3.4288841097400879E-015  -1.3576935556570798E-016
   2.3394641829228543E-015  -8.5985172445470556E-017
   1.5919874572962650E-015  -5.4162874971107324E-017
   1.0801536532146752E-015  -3.3912390695200313E-017
   7.3045392816297394E-016  -2.1089509630213513E-017
   4.9211915794514746E-016  -1.3014789725438697E-017
   3.3013333611330120E-016  -7.9616678530616741E-018
   2.2038151974494753E-016  -4.8217201450983192E-018
   1.4628321828967345E-016  -2.8862806874071061E-018
   9.6458725665971452E-017  -1.7043369084978252E-018
   6.3113149546629661E-017  -9.9031901601396055E-019
   4.0918658605275451E-017  -5.6444956824941976E-019
   2.6242247956182938E-017  -3.1428702234124007E-019
   1.6612856648242241E-017  -1.7002631877790509E-019
   1.0354078447031235E-017  -8.8702310664115873E-020
   6.3312472140407327E-018  -4.4135326662782514E-020
   3.7773064458819169E-018  -2.0566732806088888E-020
   2.1729843814429063E-018  -8.6655663897453901E-021
   1.1638747710887099E-018  -3.0333608830122066E-021
   5.0028181388304300E-019  -6.3489471740043282E-022
   0.0000000000000000        0.0000000000000000     
