 Initial conditions outputted from a previous simulation. Time =    41.200000000000003     
   40.000000000000000        0.0000000000000000              500           1   41.200000000000003     
  -3.3887864056513950E-002   6.9036395926861172E-002
  -3.5089965780198837E-002   5.3630022113400330E-002
  -3.6021897000559584E-002   3.7793408690283768E-002
  -3.6646904238425489E-002   2.1656552652864761E-002
  -3.7010317336639599E-002   5.3140522274365788E-003
  -3.7072559206462803E-002  -1.1087890250528950E-002
  -3.6848725207198660E-002  -2.7460464833795571E-002
  -3.6328505251176771E-002  -4.3690795399440874E-002
  -3.5494483670121924E-002  -5.9665540099302014E-002
  -3.4325361709665138E-002  -7.5266398404047946E-002
  -3.2791557643054900E-002  -9.0363859958449866E-002
  -3.0856631845504183E-002 -0.10481576883432099     
  -2.8478568623823024E-002 -0.11846423082245640     
  -2.5610743038047341E-002 -0.13113206473275255     
  -2.2204331995744564E-002 -0.14261959911627251     
  -1.8212178387030094E-002 -0.15270125610661486     
  -1.3594251409294761E-002 -0.16112188838959129     
  -8.3252240754815750E-003 -0.16759311594731258     
  -2.4044343127489877E-003 -0.17179018741043584     
   4.1323113726707246E-003 -0.17335064356220037     
   1.1201474720839202E-002 -0.17187800713097046     
   1.8665433664244845E-002 -0.16695835182055987     
   2.6334206505114293E-002 -0.15820216615713306     
   3.3971240050131309E-002 -0.14531891665895644     
   4.1290803950113218E-002 -0.12821317516132705     
   4.7939446915043538E-002 -0.10707323340989990     
   5.3479816748999064E-002  -8.2423078572908981E-002
   5.7418839179086585E-002  -5.5121666519233135E-002
   5.9305720732519315E-002  -2.6302481899436316E-002
   5.8868559977267712E-002   2.7471825239472835E-003
   5.6113742462596677E-002   3.0749627772295795E-002
   5.1327524209419322E-002   5.6601260178074243E-002
   4.4983015526677231E-002   7.9490541041692689E-002
   3.7611121725931097E-002   9.8940535800619192E-002
   2.9698307776046286E-002  0.11477622740968993     
   2.1638639304570120E-002  0.12704281304100862     
   1.3732049808615115E-002  0.13591616710076504     
   6.2034866262207968E-003  0.14163887000443051     
  -7.8302824029044364E-004  0.14448692182525139     
  -7.1234290272921708E-003  0.14475229325275160     
  -1.2771910995801133E-002  0.14273173540504497     
  -1.7727973189373646E-002  0.13871951011304456     
  -2.2019662554358881E-002  0.13299954400550135     
  -2.5691569044308703E-002  0.12583721167027709     
  -2.8796654445706418E-002  0.11747261153961097     
  -3.1390335703034178E-002  0.10811518871184088     
  -3.3527117371449019E-002   9.7941078028455170E-002
  -3.5258058141943965E-002   8.7095625614211497E-002
  -3.6627222499963516E-002   7.5700993240296707E-002
  -3.7667932321248952E-002   6.3866261960309756E-002
  -3.8400668201108039E-002   5.1696826626269440E-002
  -3.8833604119072072E-002   3.9300279278707349E-002
  -3.8965742001562352E-002   2.6787551397608876E-002
  -3.8791565771187184E-002   1.4270430632368322E-002
  -3.8305338878753530E-002   1.8580730500172113E-003
  -3.7503348267958155E-002  -1.0344948600170033E-002
  -3.6383304034406240E-002  -2.2237662140222800E-002
  -3.4941053482602256E-002  -3.3718824165192111E-002
  -3.3165568180477563E-002  -4.4681278673586379E-002
  -3.1033812749828776E-002  -5.5005921866879609E-002
  -2.8507412933646142E-002  -6.4556178629931626E-002
  -2.5532764830715576E-002  -7.3173185941723229E-002
  -2.2045411790332429E-002  -8.0671443731655440E-002
  -1.7978445141966521E-002  -8.6834898710431360E-002
  -1.3273657594547053E-002  -9.1414229632372099E-002
  -7.8934708560542046E-003  -9.4126798526553507E-002
  -1.8317208053691700E-003  -9.4660980747750936E-002
   4.8775392014655311E-003  -9.2686668373930997E-002
   1.2152957474321394E-002  -8.7872600185759736E-002
   1.9859552502468458E-002  -7.9909017946675681E-002
   2.7801036647455375E-002  -6.8534150772087910E-002
   3.5708635651307948E-002  -5.3566427371702030E-002
   4.3228506909742635E-002  -3.4946424022774772E-002
   4.9918718507213362E-002  -1.2792836601690939E-002
   5.5268610603258113E-002   1.2523805036542381E-002
   5.8765603614251039E-002   4.0308139912423824E-002
   6.0013251015775537E-002   6.9525589630665602E-002
   5.8853073259181654E-002   9.8906080633176366E-002
   5.5419411225715413E-002  0.12715470328106462     
   5.0088881634622009E-002  0.15317532861771646     
   4.3372157405103133E-002  0.17620741067940390     
   3.5791364702850298E-002  0.19584139782855559     
   2.7804841534689595E-002  0.21194905860670890     
   1.9784163946327416E-002  0.22459288626067436     
   1.2011014751199688E-002  0.23395561207506943     
   4.6791873841818855E-003  0.24028993972885968     
  -2.0814855764388620E-003  0.24388203983647042     
  -8.1975298909784632E-003  0.24502974569422362     
  -1.3641356608284631E-002  0.24402978996514901     
  -1.8414418599664539E-002  0.24116511504268365     
  -2.2545921813271697E-002  0.23669478909014771     
  -2.6079973285258028E-002  0.23084921372013995     
  -2.9064588660284711E-002  0.22383240385591605     
  -3.1551919305614004E-002  0.21582584723095299     
  -3.3594024994024363E-002  0.20698861441782673     
  -3.5237274691929089E-002  0.19745597924066757     
  -3.6519902054799873E-002  0.18734278216181305     
  -3.7474015574650583E-002  0.17675145960273833     
  -3.8128710644498284E-002  0.16577676640403419     
  -3.8504364420417603E-002  0.15450873872287976     
  -3.8609263211063387E-002  0.14304178191095579     
  -3.8446100049459177E-002  0.13148400782646066     
  -3.8008112709198634E-002  0.11996276138573428     
  -3.7270411093147771E-002  0.10862042714386733     
  -3.6196588041317007E-002   9.7595511873152685E-002
  -3.4761348284948423E-002   8.6994651870076642E-002
  -3.2955727845980991E-002   7.6860322003406506E-002
  -3.0796645884009100E-002   6.7162672354445049E-002
  -2.8321977174088478E-002   5.7853161062782765E-002
  -2.5545211523725991E-002   4.9005540533058521E-002
  -2.2413854362382780E-002   4.1057493628578627E-002
  -1.8803208409706396E-002   3.5103106330457330E-002
  -1.4560944290062142E-002   3.3095605754290637E-002
  -9.4689502989032948E-003   3.7772552702947867E-002
  -3.3408879793127323E-003   5.2105048823957202E-002
   3.8920653406520288E-003   7.8017452814240204E-002
   1.2100023287686931E-002  0.11451784873651710     
   2.0856631942629170E-002  0.15583929224149276     
   2.9425689905183759E-002  0.19111466811926936     
   3.6987052725896453E-002  0.20743675116609239     
   4.2976027903146335E-002  0.19597717643337184     
   4.7343086788111263E-002  0.15684416754933297     
   5.0388676093861155E-002   9.8505339655359514E-002
   5.2407199523929505E-002   3.2993137203698918E-002
   5.3489316737649992E-002  -2.8811131914475117E-002
   5.3510656284389065E-002  -7.9665129714530991E-002
   5.2308220446690763E-002 -0.11641824517911342     
   4.9832451300239486E-002 -0.13936221337357738     
   4.6100290784996598E-002 -0.15122567937830120     
   4.1191616613447987E-002 -0.15601543985801883     
   3.5266977108725284E-002 -0.15791965169662855     
   2.8525159025879654E-002 -0.16046417299769025     
   2.1199089819817902E-002 -0.16601846715443014     
   1.3624951735072350E-002 -0.17568639881698520     
   6.1819229769641574E-003 -0.18949048483315314     
  -8.0392951548964077E-004 -0.20674680833076003     
  -7.1313383391612157E-003 -0.22648339100309692     
  -1.2678185005441701E-002 -0.24777048205157590     
  -1.7420820869286136E-002 -0.26992933017636755     
  -2.1428959558099710E-002 -0.29258576664987096     
  -2.4778025665162188E-002 -0.31561630875219310     
  -2.7533596935522157E-002 -0.33904176031206495     
  -2.9773741102446613E-002 -0.36292355305830726     
  -3.1556865318517972E-002 -0.38729203237709364     
  -3.2934057672840092E-002 -0.41211716979828605     
  -3.3946495003535276E-002 -0.43731581478916143     
  -3.4627669791896944E-002 -0.46277364411414668     
  -3.5000480972926483E-002 -0.48836710596558008     
  -3.5076897925658379E-002 -0.51398171778232626     
  -3.4874813755522427E-002 -0.53951797754346287     
  -3.4423456115315366E-002 -0.56489111018045612     
  -3.3755448123018159E-002 -0.59002949611492483     
  -3.2900540611398209E-002 -0.61487039980696789     
  -3.1868348468349635E-002 -0.63935530715716604     
  -3.0652609034304498E-002 -0.66342410300165000     
  -2.9256246039067547E-002 -0.68700561428839890     
  -2.7701686139457275E-002 -0.71001208658268333     
  -2.5978837425838303E-002 -0.73233679711374156     
  -2.4047315079838955E-002 -0.75384760929849892     
  -2.1847397383903257E-002 -0.77438546281663678     
  -1.9301030902445664E-002 -0.79375679791906950     
  -1.6326571155716917E-002 -0.81172934129731356     
  -1.2859960523574817E-002 -0.82802870256601757     
  -8.8607886343257600E-003 -0.84232565798140746     
  -4.2994207524091740E-003 -0.85423738454597253     
   8.5794161855504451E-004 -0.86333719233139539     
   6.6109374063634306E-003 -0.86918044341242473     
   1.2921459486712651E-002 -0.87133931829903288     
   1.9720484171458736E-002 -0.86942115518586738     
   2.6847234220630459E-002 -0.86307435603505522     
   3.4131572173284198E-002 -0.85199514049620939     
   4.1302007039344793E-002 -0.83601992285439153     
   4.7928402786517416E-002 -0.81525657350368907     
   5.3485619858461363E-002 -0.79017218452306548     
   5.7376211549787642E-002 -0.76162495000671804     
   5.8987390546306404E-002 -0.73076377386563751     
   5.7942447227768944E-002 -0.69897890289320386     
   5.4280815090311955E-002 -0.66789318025040167     
   4.8437335414981991E-002 -0.63922924039690088     
   4.1050914195350299E-002 -0.61459359082974974     
   3.2845291774771898E-002 -0.59518363366701965     
   2.4450120843946817E-002 -0.58153340931899722     
   1.6236490345713998E-002 -0.57350222480860436     
   8.4172880055563542E-003 -0.57046914975619600     
   1.1758495295978494E-003 -0.57163194695109687     
  -5.3405574560023740E-003 -0.57621660356844107     
  -1.1065322260113312E-002 -0.58357204042794764     
  -1.5976175677502362E-002 -0.59319837993465707     
  -2.0115201742435231E-002 -0.60468935578725980     
  -2.3582481266843931E-002 -0.61771118708168815     
  -2.6483071117726870E-002 -0.63200928451672189     
  -2.8881296129188716E-002 -0.64740191004708170     
  -3.0804756825965059E-002 -0.66379730723081898     
  -3.2266333447758401E-002 -0.68115303612871048     
  -3.3331501847875734E-002 -0.69940497860323159     
  -3.4083974403307168E-002 -0.71840636400552049     
  -3.4605128053229905E-002 -0.73790547133845563     
  -3.4959845333219899E-002 -0.75758164200076827     
  -3.5154358436152049E-002 -0.77710833570637650     
  -3.5163139633484573E-002 -0.79621319721704431     
  -3.4953805555053799E-002 -0.81470883727498522     
  -3.4506658036779235E-002 -0.83248797137795960     
  -3.3799288194260431E-002 -0.84948213735057221     
  -3.2811932819988038E-002 -0.86561013007680387     
  -3.1550388006602273E-002 -0.88074899630123893     
  -3.0010931212202031E-002 -0.89472836891903362     
  -2.8129351659029540E-002 -0.90737011049936456     
  -2.5850345067048461E-002 -0.91852147407315632     
  -2.3143176817358942E-002 -0.92805135672321404     
  -1.9958664328276549E-002 -0.93582805986796935     
  -1.6252380258039534E-002 -0.94167894816850117     
  -1.1988029648359280E-002 -0.94540665260716961     
  -7.0946699253263022E-003 -0.94681271226858332     
  -1.5072801693197897E-003 -0.94565134308999732     
   4.7807503999378531E-003 -0.94163056616912255     
   1.1719715630483706E-002 -0.93438232106382202     
   1.9210060489578962E-002 -0.92344328249479635     
   2.7085888091302471E-002 -0.90826703868687153     
   3.4983134001280392E-002 -0.88823673883378684     
   4.2416077123643023E-002 -0.86274733825522765     
   4.8771412214379875E-002 -0.83144389373630623     
   5.3343310198299944E-002 -0.79452499262078791     
   5.5495002458148548E-002 -0.75300709324996895     
   5.4864762626380757E-002 -0.70868572119967277     
   5.1414628419143529E-002 -0.66386427598985198     
   4.5575912369719050E-002 -0.62091546927189334     
   3.8021893802729204E-002 -0.58178704678515714     
   2.9508849936188391E-002 -0.54761144508293491     
   2.0690958949773540E-002 -0.51858729491878419     
   1.2110242949332786E-002 -0.49410509829817423     
   4.1715465931753994E-003 -0.47309843322732181     
  -2.8736273343450869E-003 -0.45445744164081864     
  -8.9486678671332458E-003 -0.43734694982594541     
  -1.4046433646914389E-002 -0.42131356790242391     
  -1.8271521022095807E-002 -0.40623636105638489     
  -2.1711442768983305E-002 -0.39224244460784491     
  -2.4415058128692317E-002 -0.37962817988559239     
  -2.6442689910644968E-002 -0.36878788569710652     
  -2.7857242783377079E-002 -0.36017647631045252     
  -2.8724836552302926E-002 -0.35425267814207073     
  -2.9155406746076053E-002 -0.35136424882960743     
  -2.9313874950730581E-002 -0.35164661767835859     
  -2.9387592865655312E-002 -0.35496596326331870     
  -2.9516666495150248E-002 -0.36093958273479793     
  -2.9704681033109130E-002 -0.36902758784052653     
  -2.9859180160181808E-002 -0.37862580808998797     
  -2.9865887486690751E-002 -0.38914913152807273     
  -2.9654346636178566E-002 -0.40008764231862909     
  -2.9183575931022242E-002 -0.41104011288002040     
  -2.8424689269834658E-002 -0.42172599264763683     
  -2.7350496856176520E-002 -0.43196929815074797     
  -2.5938748915497700E-002 -0.44165482892156083     
  -2.4091531339615335E-002 -0.45068030973665218     
  -2.1672890173975130E-002 -0.45890378465422432     
  -1.8488703007529791E-002 -0.46610712285224803     
  -1.4361801774536321E-002 -0.47197671762412163     
  -9.2076380664405967E-003 -0.47610631783576035     
  -3.0273089714793013E-003 -0.47802887743322120     
   4.0761516149411146E-003 -0.47725937052189338     
   1.1924662020486393E-002 -0.47334558383429098     
   2.0278914612892211E-002 -0.46591611870898803     
   2.8822456509858423E-002 -0.45471486618476287     
   3.7188535746040162E-002 -0.43963389185158652     
   4.4995270377131982E-002 -0.42074830615567704     
   5.1817417132364187E-002 -0.39833020061011765     
   5.7276924910555548E-002 -0.37287115191385439     
   6.1068207705817605E-002 -0.34508577758786435     
   6.2910933236461866E-002 -0.31588043660236703     
   6.2695329831560995E-002 -0.28631492304247763     
   6.0418906424972892E-002 -0.25751253510854932     
   5.6282076582906945E-002 -0.23048901439322170     
   5.0697630222525228E-002 -0.20605351134349803     
   4.4114800697689346E-002 -0.18471519731745628     
   3.6921343596856344E-002 -0.16669534826038068     
   2.9504294813321875E-002 -0.15202747295629282     
   2.2110446385073125E-002 -0.14061429738364964     
   1.4939336499523807E-002 -0.13227456044042285     
   8.1283817361028580E-003 -0.12682214688443458     
   1.7298720407100338E-003 -0.12406032913546672     
  -4.1924275536252484E-003 -0.12379060040405804     
  -9.6089547695537118E-003 -0.12580789769016892     
  -1.4489898705220550E-002 -0.12988960927737755     
  -1.8801991602728583E-002 -0.13579901810439868     
  -2.2535304907301053E-002 -0.14328832772119884     
  -2.5690221329069351E-002 -0.15211206515806228     
  -2.8268962261520147E-002 -0.16203746521539267     
  -3.0293162818222526E-002 -0.17284357544647294     
  -3.1788652938336999E-002 -0.18432220072754593     
  -3.2787755303808008E-002 -0.19626917655456591     
  -3.3336256337565005E-002 -0.20848185040122755     
  -3.3470245741557089E-002 -0.22077357008279327     
  -3.3218242468793333E-002 -0.23298454316368927     
  -3.2609391772757956E-002 -0.24496960794572725     
  -3.1670320305135127E-002 -0.25658799026447554     
  -3.0424470539476521E-002 -0.26770956269983232     
  -2.8892917771988165E-002 -0.27822140338528023     
  -2.7088580544694766E-002 -0.28802535482993852     
  -2.5008993056189199E-002 -0.29703077095793179     
  -2.2633808675784340E-002 -0.30514507600702162     
  -1.9926605419146079E-002 -0.31226436072284569     
  -1.6838677455701091E-002 -0.31826654847843761     
  -1.3312490677541507E-002 -0.32300631237281130     
  -9.2841871670934304E-003 -0.32630951885699094     
  -4.6881964598802141E-003 -0.32796689741142770     
   5.3206180171972860E-004 -0.32772935098978817     
   6.4075882343729374E-003 -0.32530857871091401     
   1.2925493742791422E-002 -0.32038552732096698     
   2.0012038244661842E-002 -0.31262685154252456     
   2.7515933479954558E-002 -0.30170941449711747     
   3.5189178171131187E-002 -0.28735679452492324     
   4.2667612246790172E-002 -0.26939679560907576     
   4.9464019960088444E-002 -0.24784784536748972     
   5.4996052507305666E-002 -0.22302727443429418     
   5.8668597864286506E-002 -0.19564498381510961     
   6.0007049044321283E-002 -0.16681801062528009     
   5.8799080738567003E-002 -0.13794902965460273     
   5.5174657186842412E-002 -0.11047786695532986     
   4.9571789577966284E-002  -8.5605177075170957E-002
   4.2601315618962014E-002  -6.4117336550014656E-002
   3.4886269983964054E-002  -4.6370736165055632E-002
   2.6952483072795387E-002  -3.2389171831438995E-002
   1.9192423304486606E-002  -2.1987069608078374E-002
   1.1874745489722772E-002  -1.4865145505910553E-002
   5.1660338159997977E-003  -1.0671853596000697E-002
  -8.4915891829618663E-004  -9.0422106060125667E-003
  -6.1503645420941718E-003  -9.6231299577934446E-003
  -1.0764425800526433E-002  -1.2089742441525293E-002
  -1.4750284008273364E-002  -1.6155342356673787E-002
  -1.8185382203478304E-002  -2.1576564037763118E-002
  -2.1153491884747598E-002  -2.8154405125070323E-002
  -2.3734251646276575E-002  -3.5731313432130811E-002
  -2.5995024304462717E-002  -4.4184774677707678E-002
  -2.7985629123952978E-002  -5.3418293828328550E-002
  -2.9736245616735671E-002  -6.3351126439291486E-002
  -3.1258226217434973E-002  -7.3908329917772256E-002
  -3.2546944574908601E-002  -8.5012418728819830E-002
  -3.3585589795356488E-002  -9.6577292223625447E-002
  -3.4348920877807256E-002 -0.10850449871789755     
  -3.4806228904588940E-002 -0.12068140640434133     
  -3.4923252365792336E-002 -0.13298059062224279     
  -3.4663306937333542E-002 -0.14525983222563152     
  -3.3987926548455581E-002 -0.15736227737215602     
  -3.2857166808389127E-002 -0.16911646938478136     
  -3.1229821499974244E-002 -0.18033610309072567     
  -2.9063964124165523E-002 -0.19081942143347025     
  -2.6318297967330258E-002 -0.20034832178729586     
  -2.2954873404100740E-002 -0.20868753379034882     
  -1.8943723452682495E-002 -0.21558458626793772     
  -1.4269659053201615E-002 -0.22077161451737265     
  -8.9407989398615963E-003 -0.22397025043234201     
  -2.9975411405356272E-003 -0.22490068103320141     
   3.4800112585894882E-003 -0.22329529616831134     
   1.0368090675112577E-002 -0.21891625408282758     
   1.7499430874361205E-002 -0.21157528708707549     
   2.4666204362294705E-002 -0.20115407340005978     
   3.1623331608093296E-002 -0.18762511959220687     
   3.8091700454671223E-002 -0.17107522513407233     
   4.3765549835181945E-002 -0.15173296907909328     
   4.8331540349694828E-002 -0.12999551145828470     
   5.1503238934295009E-002 -0.10644104192034284     
   5.3063790848811160E-002  -8.1810643012360018E-002
   5.2900471284821324E-002  -5.6954369647408867E-002
   5.1018101731206515E-002  -3.2754757104878567E-002
   4.7532548551745192E-002  -1.0049916866815554E-002
   4.2656074269552861E-002   1.0429955920799188E-002
   3.6682229884404477E-002   2.8112059482866377E-002
   2.9966283544431222E-002   4.2617725795454912E-002
   2.2893815352024054E-002   5.3780110884600052E-002
   1.5839253461377052E-002   6.1634517641583550E-002
   9.1263757034473428E-003   6.6382400683294318E-002
   3.0030740540957128E-003   6.8341178435763830E-002
  -2.3656768368685685E-003   6.7894523695209708E-002
  -6.8908898238276891E-003   6.5452255679498500E-002
  -1.0545606750665654E-002   6.1422031100165669E-002
  -1.3349256814447994E-002   5.6191103460613900E-002
  -1.5353211631605156E-002   5.0115481352791889E-002
  -1.6628790383203754E-002   4.3514210279758825E-002
  -1.7258143691137380E-002   3.6667080790185526E-002
  -1.7327999848610196E-002   2.9814459798908528E-002
  -1.6925933629090263E-002   2.3158163638271858E-002
  -1.6138459416463177E-002   1.6862502085063968E-002
  -1.5049867207255381E-002   1.1055027752715822E-002
  -1.3740566285227782E-002   5.8272098300226728E-003
  -1.2284107615820418E-002   1.2360219234592987E-003
  -1.0743132747444442E-002  -2.6921887616076340E-003
  -9.1658779369119519E-003  -5.9547363223301612E-003
  -7.5856741711368995E-003  -8.5633353665823860E-003
  -6.0251979835845111E-003  -1.0535329068653541E-002
  -4.5048866593856230E-003  -1.1889167851407036E-002
  -3.0520591400565542E-003  -1.2646703012984517E-002
  -1.7058198048798621E-003  -1.2841583469969390E-002
  -5.1420825523634036E-004  -1.2529343117998359E-002
   4.7600858847227253E-004  -1.1793015255222247E-002
   1.2322666665429479E-003  -1.0739846256976280E-002
   1.7455499915761525E-003  -9.4892409899155136E-003
   2.0320282741845990E-003  -8.1566173355080099E-003
   2.1272939648805111E-003  -6.8393677961860345E-003
   2.0769159973211379E-003  -5.6090058873978577E-003
   1.9274366475543867E-003  -4.5099753681304136E-003
   1.7201248123761383E-003  -3.5631354269909520E-003
   1.4878282569008370E-003  -2.7714208782884777E-003
   1.2542651226998271E-003  -2.1257903589022146E-003
   1.0348697652421998E-003  -1.6103741208713972E-003
   8.3838750557522893E-004  -1.2063723182946995E-003
   6.6862377589970942E-004  -8.9469586709799598E-004
   5.2601997953959361E-004  -6.5756817396228910E-004
   4.0893324517888083E-004  -4.7935580468184665E-004
   3.1459824566331670E-004  -3.4686763981351770E-004
   2.3979620445581203E-004  -2.4931950009182165E-004
   1.8128475353187419E-004  -1.7811421959759263E-004
   1.3605026777988290E-004  -1.2653875560642900E-004
   1.0143543049174232E-004  -8.9441293903821039E-005
   7.5183332484663081E-005  -6.2925527501118901E-005
   5.5430392328503482E-005  -4.4081411246105570E-005
   4.0671558004260126E-005  -3.0759099679864963E-005
   2.9713014099466083E-005  -2.1385426552451888E-005
   2.1621764457267411E-005  -1.4818826569221039E-005
   1.5677666828877576E-005  -1.0237098479491777E-005
   1.1330767961344321E-005  -7.0520315607987975E-006
   8.1649462291305314E-006  -4.8453548569023882E-006
   5.8678661117999072E-006  -3.3212651131193552E-006
   4.2067456194629894E-006  -2.2716120444770748E-006
   3.0091815287565574E-006  -1.5505916719483948E-006
   2.1482018267319886E-006  -1.0564954111806810E-006
   1.5307599106492301E-006  -7.1864306071472049E-007
   1.0889751582536474E-006  -4.8808731805785233E-007
   7.7352582328708377E-007  -3.3103859714351790E-007
   5.4870468349350340E-007  -2.2423832021260770E-007
   3.8874515804269887E-007  -1.5171890492185828E-007
   2.7510855563460749E-007  -1.0254451206869262E-007
   1.9449190886644295E-007  -6.9241750523432532E-008
   1.3737208481735430E-007  -4.6713524498385522E-008
   9.6946481302991664E-008  -3.1489705665005621E-008
   6.8365277599653351E-008  -2.1211670622006706E-008
   4.8176915479934947E-008  -1.4278650003755259E-008
   3.3928838888033438E-008  -9.6056788619892314E-009
   2.3880827677633506E-008  -6.4582880396613142E-009
   1.6799686662213456E-008  -4.3398258658431055E-009
   1.1812531125253701E-008  -2.9147903348485085E-009
   8.3021571487764610E-009  -1.9567468381614214E-009
   5.8325598227623316E-009  -1.3129983044493481E-009
   4.0959985316828946E-009  -8.8065055440178282E-010
   2.8754308641490502E-009  -5.9041665742204874E-010
   2.0178881482908813E-009  -3.9566963552425008E-010
   1.4156279352704080E-009  -2.6504987126245295E-010
   9.9280593973290722E-010  -1.7747734540405400E-010
   6.9606006893498798E-010  -1.1878908000257685E-010
   4.8786396097488567E-010  -7.9473867585442715E-011
   3.4183906545241594E-010  -5.3147220439740015E-011
   2.3945044066115298E-010  -3.5525277787400779E-011
   1.6767930728187004E-010  -2.3734805701357135E-011
   1.1738455300089227E-010  -1.5849440159639692E-011
   8.2149846534300072E-011  -1.0578137802970826E-011
   5.7472819520521464E-011  -7.0559709541796411E-012
   4.0195067148392211E-011  -4.7037046979700472E-012
   2.8101600018738243E-011  -3.1335788504775044E-012
   1.9639474074065991E-011  -2.0861151782645192E-012
   1.3720204934791469E-011  -1.3877488448967413E-012
   9.5810613425142363E-012  -9.2243184877598898E-013
   6.6877208494053308E-012  -6.1260756355248238E-013
   4.6659726628599832E-012  -4.0646834026613971E-013
   3.2538129497651606E-012  -2.6942428646437005E-013
   2.2678524709736536E-012  -1.7839359956774680E-013
   1.5797664984013653E-012  -1.1798274152655940E-013
   1.0997890841423032E-012  -7.7931966295204298E-014
   7.6514747769018753E-013  -5.1407767967711699E-014
   5.3196017478074846E-013  -3.3861975313693926E-014
   3.6956279204109846E-013  -2.2269822157096427E-014
   2.5653530709791314E-013  -1.4621373485864976E-014
   1.7792128437992963E-013  -9.5822518732193354E-015
   1.2328200365407752E-013  -6.2674420803039690E-015
   8.5335229498476296E-014  -4.0905837302273967E-015
   5.9003267080076488E-014  -2.6636301536672615E-015
   4.0747465475491217E-014  -1.7300919358262132E-015
   2.8103139232396174E-014  -1.1206607169053194E-015
   1.9354673502667447E-014  -7.2373643616036051E-016
   1.3308649769346767E-014  -4.6587160510385563E-016
   9.1354871918927623E-015  -2.9880918805698946E-016
   6.2589584987775130E-015  -1.9090056377893932E-016
   4.2791448193426835E-015  -1.2143037000293327E-016
   2.9187370218419436E-015  -7.6868542231946157E-017
   1.9856300394573870E-015  -4.8398613615882218E-017
   1.3468823611653447E-015  -3.0290185230144843E-017
   9.1059930297269568E-016  -1.8829036955147901E-017
   6.1333775288052168E-016  -1.1615084016495671E-017
   4.1135618027283168E-016  -7.1026109169993391E-018
   2.7454089769518865E-016  -4.2998143527252310E-018
   1.8219370934958929E-016  -2.5729111189350183E-018
   1.2011325285286209E-016  -1.5187448353562340E-018
   7.8574770779907498E-017  -8.8216970790299703E-019
   5.0933276587618389E-017  -5.0263676447820493E-019
   3.2658862566376968E-017  -2.7977699727701991E-019
   2.0671244850324191E-017  -1.5130820900538338E-019
   1.2881252751849584E-017  -7.8912604100834651E-020
   7.8752016117782279E-018  -3.9252490695424579E-020
   4.6976539165191246E-018  -1.8286049945628204E-020
   2.7019779251181331E-018  -7.7024800930335876E-021
   1.4469653441966515E-018  -2.6955317794021381E-021
   6.2186189707001900E-019  -5.6403642791221850E-022
   0.0000000000000000        0.0000000000000000     
