  -0.801603E-001   0.100000E+001  -0.303051E-001   0.147445E+000
   0.000000E+000   0.100000E+001   0.538761E-002   0.149221E+000
   0.801603E-001   0.100000E+001  -0.147164E-002   0.147770E+000
   0.160321E+000   0.100000E+001  -0.762333E-002   0.143740E+000
   0.240481E+000   0.100000E+001  -0.130615E-001   0.137450E+000
   0.320641E+000   0.100000E+001  -0.178046E-001   0.129205E+000
   0.400802E+000   0.100000E+001  -0.218922E-001   0.119281E+000
   0.480962E+000   0.100000E+001  -0.253748E-001   0.107930E+000
   0.561122E+000   0.100000E+001  -0.283060E-001   0.953748E-001
   0.641283E+000   0.100000E+001  -0.307389E-001   0.818163E-001
   0.721443E+000   0.100000E+001  -0.327232E-001   0.674327E-001
   0.801603E+000   0.100000E+001  -0.343029E-001   0.523833E-001
   0.881764E+000   0.100000E+001  -0.355154E-001   0.368112E-001
   0.961924E+000   0.100000E+001  -0.363910E-001   0.208459E-001
   0.104208E+001   0.100000E+001  -0.369522E-001   0.460689E-002
   0.112224E+001   0.100000E+001  -0.372142E-001  -0.117939E-001
   0.120240E+001   0.100000E+001  -0.371851E-001  -0.282490E-001
   0.128257E+001   0.100000E+001  -0.368662E-001  -0.446517E-001
   0.136273E+001   0.100000E+001  -0.362531E-001  -0.608928E-001
   0.144289E+001   0.100000E+001  -0.353359E-001  -0.768558E-001
   0.152305E+001   0.100000E+001  -0.340999E-001  -0.924112E-001
   0.160321E+001   0.100000E+001  -0.325234E-001  -0.107411E+000
   0.168337E+001   0.100000E+001  -0.305747E-001  -0.121687E+000
   0.176353E+001   0.100000E+001  -0.282089E-001  -0.135047E+000
   0.184369E+001   0.100000E+001  -0.253671E-001  -0.147281E+000
   0.192385E+001   0.100000E+001  -0.219795E-001  -0.158166E+000
   0.200401E+001   0.100000E+001  -0.179736E-001  -0.167464E+000
   0.208417E+001   0.100000E+001  -0.132844E-001  -0.174929E+000
   0.216433E+001   0.100000E+001  -0.786576E-002  -0.180301E+000
   0.224449E+001   0.100000E+001  -0.170134E-002  -0.183298E+000
   0.232465E+001   0.100000E+001   0.518458E-002  -0.183624E+000
   0.240481E+001   0.100000E+001   0.127147E-001  -0.180968E+000
   0.248497E+001   0.100000E+001   0.207443E-001  -0.175021E+000
   0.256513E+001   0.100000E+001   0.290454E-001  -0.165509E+000
   0.264529E+001   0.100000E+001   0.372943E-001  -0.152236E+000
   0.272545E+001   0.100000E+001   0.450684E-001  -0.135158E+000
   0.280561E+001   0.100000E+001   0.518639E-001  -0.114459E+000
   0.288577E+001   0.100000E+001   0.571442E-001  -0.906322E-001
   0.296593E+001   0.100000E+001   0.604226E-001  -0.645233E-001
   0.304609E+001   0.100000E+001   0.613642E-001  -0.372889E-001
   0.312625E+001   0.100000E+001   0.598685E-001  -0.102619E-001
   0.320641E+001   0.100000E+001   0.560975E-001   0.152498E-001
   0.328657E+001   0.100000E+001   0.504332E-001   0.381561E-001
   0.336673E+001   0.100000E+001   0.433858E-001   0.576998E-001
   0.344689E+001   0.100000E+001   0.354932E-001   0.734742E-001
   0.352705E+001   0.100000E+001   0.272441E-001   0.853697E-001
   0.360721E+001   0.100000E+001   0.190354E-001   0.934921E-001
   0.368737E+001   0.100000E+001   0.111599E-001   0.980819E-001
   0.376754E+001   0.100000E+001   0.381312E-002   0.994515E-001
   0.384770E+001   0.100000E+001  -0.289032E-002   0.979414E-001
   0.392786E+001   0.100000E+001  -0.889833E-002   0.938932E-001
   0.400802E+001   0.100000E+001  -0.142038E-001   0.876336E-001
   0.408818E+001   0.100000E+001  -0.188295E-001   0.794660E-001
   0.416834E+001   0.100000E+001  -0.228164E-001   0.696674E-001
   0.424850E+001   0.100000E+001  -0.262143E-001   0.584879E-001
   0.432866E+001   0.100000E+001  -0.290766E-001   0.461517E-001
   0.440882E+001   0.100000E+001  -0.314557E-001   0.328589E-001
   0.448898E+001   0.100000E+001  -0.334002E-001   0.187880E-001
   0.456914E+001   0.100000E+001  -0.349539E-001   0.409796E-002
   0.464930E+001   0.100000E+001  -0.361539E-001  -0.110691E-001
   0.472946E+001   0.100000E+001  -0.370300E-001  -0.265850E-001
   0.480962E+001   0.100000E+001  -0.376043E-001  -0.423329E-001
   0.488978E+001   0.100000E+001  -0.378903E-001  -0.582034E-001
   0.496994E+001   0.100000E+001  -0.378932E-001  -0.740919E-001
   0.505010E+001   0.100000E+001  -0.376096E-001  -0.898945E-001
   0.513026E+001   0.100000E+001  -0.370279E-001  -0.105505E+000
   0.521042E+001   0.100000E+001  -0.361288E-001  -0.120812E+000
   0.529058E+001   0.100000E+001  -0.348854E-001  -0.135695E+000
   0.537074E+001   0.100000E+001  -0.332641E-001  -0.150023E+000
   0.545090E+001   0.100000E+001  -0.312247E-001  -0.163650E+000
   0.553106E+001   0.100000E+001  -0.287215E-001  -0.176415E+000
   0.561122E+001   0.100000E+001  -0.257037E-001  -0.188135E+000
   0.569138E+001   0.100000E+001  -0.221179E-001  -0.198608E+000
   0.577154E+001   0.100000E+001  -0.179108E-001  -0.207604E+000
   0.585170E+001   0.100000E+001  -0.130339E-001  -0.214868E+000
   0.593186E+001   0.100000E+001  -0.745126E-002  -0.220118E+000
   0.601202E+001   0.100000E+001  -0.114966E-002  -0.223045E+000
   0.609218E+001   0.100000E+001   0.584819E-002  -0.223318E+000
   0.617234E+001   0.100000E+001   0.134671E-001  -0.220595E+000
   0.625251E+001   0.100000E+001   0.215613E-001  -0.214548E+000
   0.633267E+001   0.100000E+001   0.298966E-001  -0.204890E+000
   0.641283E+001   0.100000E+001   0.381387E-001  -0.191429E+000
   0.649299E+001   0.100000E+001   0.458543E-001  -0.174137E+000
   0.657315E+001   0.100000E+001   0.525338E-001  -0.153232E+000
   0.665331E+001   0.100000E+001   0.576451E-001  -0.129247E+000
   0.673347E+001   0.100000E+001   0.607168E-001  -0.103061E+000
   0.681363E+001   0.100000E+001   0.614358E-001  -0.758505E-001
   0.689379E+001   0.100000E+001   0.597250E-001  -0.489487E-001
   0.697395E+001   0.100000E+001   0.557669E-001  -0.236461E-001
   0.705411E+001   0.100000E+001   0.499579E-001  -0.100541E-002
   0.713427E+001   0.100000E+001   0.428157E-001   0.182476E-001
   0.721443E+001   0.100000E+001   0.348778E-001   0.337352E-001
   0.729459E+001   0.100000E+001   0.266262E-001   0.453708E-001
   0.737475E+001   0.100000E+001   0.184474E-001   0.532748E-001
   0.745491E+001   0.100000E+001   0.106213E-001   0.576944E-001
   0.753507E+001   0.100000E+001   0.332978E-002   0.589404E-001
   0.761523E+001   0.100000E+001  -0.332537E-002   0.573446E-001
   0.769539E+001   0.100000E+001  -0.930024E-002   0.532346E-001
   0.777555E+001   0.100000E+001  -0.145893E-001   0.469217E-001
   0.785571E+001   0.100000E+001  -0.192103E-001   0.386971E-001
   0.793587E+001   0.100000E+001  -0.231954E-001   0.288312E-001
   0.801603E+001   0.100000E+001  -0.265858E-001   0.175743E-001
   0.809619E+001   0.100000E+001  -0.294291E-001   0.515554E-002
   0.817635E+001   0.100000E+001  -0.317773E-001  -0.821795E-002
   0.825651E+001   0.100000E+001  -0.336832E-001  -0.223623E-001
   0.833667E+001   0.100000E+001  -0.351968E-001  -0.371165E-001
   0.841683E+001   0.100000E+001  -0.363612E-001  -0.523404E-001
   0.849699E+001   0.100000E+001  -0.372098E-001  -0.679106E-001
   0.857715E+001   0.100000E+001  -0.377641E-001  -0.837153E-001
   0.865731E+001   0.100000E+001  -0.380340E-001  -0.996485E-001
   0.873747E+001   0.100000E+001  -0.380183E-001  -0.115605E+000
   0.881764E+001   0.100000E+001  -0.377069E-001  -0.131476E+000
   0.889780E+001   0.100000E+001  -0.370828E-001  -0.147146E+000
   0.897796E+001   0.100000E+001  -0.361241E-001  -0.162491E+000
   0.905812E+001   0.100000E+001  -0.348058E-001  -0.177377E+000
   0.913828E+001   0.100000E+001  -0.331012E-001  -0.191664E+000
   0.921844E+001   0.100000E+001  -0.309811E-001  -0.205198E+000
   0.929860E+001   0.100000E+001  -0.284132E-001  -0.217821E+000
   0.937876E+001   0.100000E+001  -0.253587E-001  -0.229362E+000
   0.945892E+001   0.100000E+001  -0.217706E-001  -0.239636E+000
   0.953908E+001   0.100000E+001  -0.175932E-001  -0.248436E+000
   0.961924E+001   0.100000E+001  -0.127657E-001  -0.255525E+000
   0.969940E+001   0.100000E+001  -0.723262E-002  -0.260632E+000
   0.977956E+001   0.100000E+001  -0.959532E-003  -0.263444E+000
   0.985972E+001   0.100000E+001   0.604480E-002  -0.263616E+000
   0.993988E+001   0.100000E+001   0.137045E-001  -0.260782E+000
   0.100200E+002   0.100000E+001   0.218549E-001  -0.254592E+000
   0.101002E+002   0.100000E+001   0.302296E-001  -0.244754E+000
   0.101804E+002   0.100000E+001   0.384627E-001  -0.231098E+000
   0.102605E+002   0.100000E+001   0.461097E-001  -0.213643E+000
   0.103407E+002   0.100000E+001   0.526846E-001  -0.192654E+000
   0.104208E+002   0.100000E+001   0.577071E-001  -0.168685E+000
   0.105010E+002   0.100000E+001   0.607543E-001  -0.142585E+000
   0.105812E+002   0.100000E+001   0.615197E-001  -0.115462E+000
   0.106613E+002   0.100000E+001   0.598784E-001  -0.885965E-001
   0.107415E+002   0.100000E+001   0.559406E-001  -0.632854E-001
   0.108216E+002   0.100000E+001   0.500579E-001  -0.406531E-001
   0.109018E+002   0.100000E+001   0.427584E-001  -0.214964E-001
   0.109820E+002   0.100000E+001   0.346326E-001  -0.622576E-002
   0.110621E+002   0.100000E+001   0.262222E-001   0.508874E-002
   0.111423E+002   0.100000E+001   0.179522E-001   0.126154E-001
   0.112224E+002   0.100000E+001   0.101133E-001   0.166555E-001
   0.113026E+002   0.100000E+001   0.287685E-002   0.175646E-001
   0.113828E+002   0.100000E+001  -0.367583E-002   0.157037E-001
   0.114629E+002   0.100000E+001  -0.952399E-002   0.114140E-001
   0.115431E+002   0.100000E+001  -0.146827E-001   0.500843E-002
   0.116232E+002   0.100000E+001  -0.191860E-001  -0.322919E-002
   0.117034E+002   0.100000E+001  -0.230761E-001  -0.130416E-001
   0.117836E+002   0.100000E+001  -0.263988E-001  -0.241947E-001
   0.118637E+002   0.100000E+001  -0.292002E-001  -0.364748E-001
   0.119439E+002   0.100000E+001  -0.315261E-001  -0.496874E-001
   0.120240E+002   0.100000E+001  -0.334212E-001  -0.636563E-001
   0.121042E+002   0.100000E+001  -0.349276E-001  -0.782231E-001
   0.121844E+002   0.100000E+001  -0.360838E-001  -0.932464E-001
   0.122645E+002   0.100000E+001  -0.369222E-001  -0.108600E+000
   0.123447E+002   0.100000E+001  -0.374678E-001  -0.124172E+000
   0.124248E+002   0.100000E+001  -0.377364E-001  -0.139858E+000
   0.125050E+002   0.100000E+001  -0.377337E-001  -0.155560E+000
   0.125852E+002   0.100000E+001  -0.374549E-001  -0.171180E+000
   0.126653E+002   0.100000E+001  -0.368855E-001  -0.186619E+000
   0.127455E+002   0.100000E+001  -0.360016E-001  -0.201767E+000
   0.128257E+002   0.100000E+001  -0.347715E-001  -0.216506E+000
   0.129058E+002   0.100000E+001  -0.331564E-001  -0.230702E+000
   0.129860E+002   0.100000E+001  -0.311121E-001  -0.244206E+000
   0.130661E+002   0.100000E+001  -0.285893E-001  -0.256850E+000
   0.131463E+002   0.100000E+001  -0.255360E-001  -0.268445E+000
   0.132265E+002   0.100000E+001  -0.218989E-001  -0.278779E+000
   0.133066E+002   0.100000E+001  -0.176270E-001  -0.287617E+000
   0.133868E+002   0.100000E+001  -0.126765E-001  -0.294699E+000
   0.134669E+002   0.100000E+001  -0.701801E-002  -0.299736E+000
   0.135471E+002   0.100000E+001  -0.647250E-003  -0.302418E+000
   0.136273E+002   0.100000E+001   0.640216E-002  -0.302419E+000
   0.137074E+002   0.100000E+001   0.140424E-001  -0.299407E+000
   0.137876E+002   0.100000E+001   0.221141E-001  -0.293065E+000
   0.138677E+002   0.100000E+001   0.303702E-001  -0.283134E+000
   0.139479E+002   0.100000E+001   0.384665E-001  -0.269458E+000
   0.140281E+002   0.100000E+001   0.459679E-001  -0.252054E+000
   0.141082E+002   0.100000E+001   0.523765E-001  -0.231191E+000
   0.141884E+002   0.100000E+001   0.571915E-001  -0.207447E+000
   0.142685E+002   0.100000E+001   0.599919E-001  -0.181719E+000
   0.143487E+002   0.100000E+001   0.605248E-001  -0.155154E+000
   0.144289E+002   0.100000E+001   0.587645E-001  -0.129009E+000
   0.145090E+002   0.100000E+001   0.549168E-001  -0.104462E+000
   0.145892E+002   0.100000E+001   0.493668E-001  -0.824674E-001
   0.146693E+002   0.100000E+001   0.425930E-001  -0.636662E-001
   0.147495E+002   0.100000E+001   0.350821E-001  -0.483923E-001
   0.148297E+002   0.100000E+001   0.272664E-001  -0.367240E-001
   0.149098E+002   0.100000E+001   0.194926E-001  -0.285585E-001
   0.149900E+002   0.100000E+001   0.120143E-001  -0.236807E-001
   0.150701E+002   0.100000E+001   0.500028E-002  -0.218165E-001
   0.151503E+002   0.100000E+001  -0.144954E-002  -0.226693E-001
   0.152305E+002   0.100000E+001  -0.728771E-002  -0.259420E-001
   0.153106E+002   0.100000E+001  -0.125037E-001  -0.313499E-001
   0.153908E+002   0.100000E+001  -0.171112E-001  -0.386263E-001
   0.154709E+002   0.100000E+001  -0.211387E-001  -0.475253E-001
   0.155511E+002   0.100000E+001  -0.246228E-001  -0.578213E-001
   0.156313E+002   0.100000E+001  -0.276030E-001  -0.693090E-001
   0.157114E+002   0.100000E+001  -0.301187E-001  -0.818008E-001
   0.157916E+002   0.100000E+001  -0.322071E-001  -0.951261E-001
   0.158717E+002   0.100000E+001  -0.339017E-001  -0.109129E+000
   0.159519E+002   0.100000E+001  -0.352313E-001  -0.123665E+000
   0.160321E+002   0.100000E+001  -0.362191E-001  -0.138602E+000
   0.161122E+002   0.100000E+001  -0.368824E-001  -0.153815E+000
   0.161924E+002   0.100000E+001  -0.372326E-001  -0.169183E+000
   0.162725E+002   0.100000E+001  -0.372747E-001  -0.184592E+000
   0.163527E+002   0.100000E+001  -0.370078E-001  -0.199927E+000
   0.164329E+002   0.100000E+001  -0.364254E-001  -0.215071E+000
   0.165130E+002   0.100000E+001  -0.355157E-001  -0.229907E+000
   0.165932E+002   0.100000E+001  -0.342619E-001  -0.244309E+000
   0.166733E+002   0.100000E+001  -0.326426E-001  -0.258149E+000
   0.167535E+002   0.100000E+001  -0.306320E-001  -0.271287E+000
   0.168337E+002   0.100000E+001  -0.282006E-001  -0.283574E+000
   0.169138E+002   0.100000E+001  -0.253158E-001  -0.294850E+000
   0.169940E+002   0.100000E+001  -0.219432E-001  -0.304941E+000
   0.170741E+002   0.100000E+001  -0.180487E-001  -0.313655E+000
   0.171543E+002   0.100000E+001  -0.136022E-001  -0.320786E+000
   0.172345E+002   0.100000E+001  -0.858233E-002  -0.326108E+000
   0.173146E+002   0.100000E+001  -0.298272E-002  -0.329381E+000
   0.173948E+002   0.100000E+001   0.317938E-002  -0.330350E+000
   0.174749E+002   0.100000E+001   0.985342E-002  -0.328756E+000
   0.175551E+002   0.100000E+001   0.169445E-001  -0.324348E+000
   0.176353E+002   0.100000E+001   0.243024E-001  -0.316899E+000
   0.177154E+002   0.100000E+001   0.317126E-001  -0.306237E+000
   0.177956E+002   0.100000E+001   0.388923E-001  -0.292285E+000
   0.178758E+002   0.100000E+001   0.454961E-001  -0.275105E+000
   0.179559E+002   0.100000E+001   0.511362E-001  -0.254948E+000
   0.180361E+002   0.100000E+001   0.554204E-001  -0.232296E+000
   0.181162E+002   0.100000E+001   0.580075E-001  -0.207870E+000
   0.181964E+002   0.100000E+001   0.586683E-001  -0.182593E+000
   0.182766E+002   0.100000E+001   0.573354E-001  -0.157499E+000
   0.183567E+002   0.100000E+001   0.541205E-001  -0.133608E+000
   0.184369E+002   0.100000E+001   0.492921E-001  -0.111801E+000
   0.185170E+002   0.100000E+001   0.432219E-001  -0.927378E-001
   0.185972E+002   0.100000E+001   0.363202E-001  -0.768281E-001
   0.186774E+002   0.100000E+001   0.289804E-001  -0.642499E-001
   0.187575E+002   0.100000E+001   0.215425E-001  -0.549972E-001
   0.188377E+002   0.100000E+001   0.142762E-001  -0.489335E-001
   0.189178E+002   0.100000E+001   0.737892E-002  -0.458394E-001
   0.189980E+002   0.100000E+001   0.982772E-003  -0.454503E-001
   0.190782E+002   0.100000E+001  -0.483465E-002  -0.474824E-001
   0.191583E+002   0.100000E+001  -0.100381E-001  -0.516509E-001
   0.192385E+002   0.100000E+001  -0.146236E-001  -0.576799E-001
   0.193186E+002   0.100000E+001  -0.186087E-001  -0.653100E-001
   0.193988E+002   0.100000E+001  -0.220253E-001  -0.743010E-001
   0.194790E+002   0.100000E+001  -0.249131E-001  -0.844336E-001
   0.195591E+002   0.100000E+001  -0.273152E-001  -0.955096E-001
   0.196393E+002   0.100000E+001  -0.292753E-001  -0.107351E+000
   0.197194E+002   0.100000E+001  -0.308350E-001  -0.119798E+000
   0.197996E+002   0.100000E+001  -0.320327E-001  -0.132710E+000
   0.198798E+002   0.100000E+001  -0.329024E-001  -0.145959E+000
   0.199599E+002   0.100000E+001  -0.334738E-001  -0.159432E+000
   0.200401E+002   0.100000E+001  -0.337713E-001  -0.173026E+000
   0.201202E+002   0.100000E+001  -0.338145E-001  -0.186648E+000
   0.202004E+002   0.100000E+001  -0.336179E-001  -0.200213E+000
   0.202806E+002   0.100000E+001  -0.331904E-001  -0.213640E+000
   0.203607E+002   0.100000E+001  -0.325351E-001  -0.226850E+000
   0.204409E+002   0.100000E+001  -0.316491E-001  -0.239767E+000
   0.205210E+002   0.100000E+001  -0.305233E-001  -0.252310E+000
   0.206012E+002   0.100000E+001  -0.291418E-001  -0.264394E+000
   0.206814E+002   0.100000E+001  -0.274824E-001  -0.275928E+000
   0.207615E+002   0.100000E+001  -0.255162E-001  -0.286807E+000
   0.208417E+002   0.100000E+001  -0.232081E-001  -0.296915E+000
   0.209218E+002   0.100000E+001  -0.205175E-001  -0.306121E+000
   0.210020E+002   0.100000E+001  -0.173999E-001  -0.314273E+000
   0.210822E+002   0.100000E+001  -0.138088E-001  -0.321198E+000
   0.211623E+002   0.100000E+001  -0.969977E-002  -0.326702E+000
   0.212425E+002   0.100000E+001  -0.503447E-002  -0.330566E+000
   0.213226E+002   0.100000E+001   0.212286E-003  -0.332546E+000
   0.214028E+002   0.100000E+001   0.604419E-002  -0.332381E+000
   0.214830E+002   0.100000E+001   0.124325E-001  -0.329794E+000
   0.215631E+002   0.100000E+001   0.193029E-001  -0.324501E+000
   0.216433E+002   0.100000E+001   0.265211E-001  -0.316240E+000
   0.217234E+002   0.100000E+001   0.338799E-001  -0.304788E+000
   0.218036E+002   0.100000E+001   0.410904E-001  -0.290013E+000
   0.218838E+002   0.100000E+001   0.477863E-001  -0.271928E+000
   0.219639E+002   0.100000E+001   0.535446E-001  -0.250747E+000
   0.220441E+002   0.100000E+001   0.579298E-001  -0.226943E+000
   0.221242E+002   0.100000E+001   0.605575E-001  -0.201261E+000
   0.222044E+002   0.100000E+001   0.611679E-001  -0.174678E+000
   0.222846E+002   0.100000E+001   0.596850E-001  -0.148299E+000
   0.223647E+002   0.100000E+001   0.562379E-001  -0.123213E+000
   0.224449E+002   0.100000E+001   0.511333E-001  -0.100341E+000
   0.225251E+002   0.100000E+001   0.447875E-001  -0.803488E-001
   0.226052E+002   0.100000E+001   0.376469E-001  -0.636230E-001
   0.226854E+002   0.100000E+001   0.301250E-001  -0.503041E-001
   0.227655E+002   0.100000E+001   0.225667E-001  -0.403481E-001
   0.228457E+002   0.100000E+001   0.152369E-001  -0.335870E-001
   0.229259E+002   0.100000E+001   0.832402E-002  -0.297777E-001
   0.230060E+002   0.100000E+001   0.194812E-002  -0.286391E-001
   0.230862E+002   0.100000E+001  -0.382726E-002  -0.298781E-001
   0.231663E+002   0.100000E+001  -0.898332E-002  -0.332076E-001
   0.232465E+002   0.100000E+001  -0.135335E-001  -0.383584E-001
   0.233267E+002   0.100000E+001  -0.175113E-001  -0.450852E-001
   0.234068E+002   0.100000E+001  -0.209603E-001  -0.531677E-001
   0.234870E+002   0.100000E+001  -0.239264E-001  -0.624094E-001
   0.235671E+002   0.100000E+001  -0.264547E-001  -0.726340E-001
   0.236473E+002   0.100000E+001  -0.285883E-001  -0.836833E-001
   0.237275E+002   0.100000E+001  -0.303688E-001  -0.954160E-001
   0.238076E+002   0.100000E+001  -0.318363E-001  -0.107708E+000
   0.238878E+002   0.100000E+001  -0.330277E-001  -0.120453E+000
   0.239679E+002   0.100000E+001  -0.339731E-001  -0.133561E+000
   0.240481E+002   0.100000E+001  -0.346928E-001  -0.146954E+000
   0.241283E+002   0.100000E+001  -0.351946E-001  -0.160560E+000
   0.242084E+002   0.100000E+001  -0.354752E-001  -0.174307E+000
   0.242886E+002   0.100000E+001  -0.355230E-001  -0.188118E+000
   0.243687E+002   0.100000E+001  -0.353226E-001  -0.201907E+000
   0.244489E+002   0.100000E+001  -0.348585E-001  -0.215580E+000
   0.245291E+002   0.100000E+001  -0.341145E-001  -0.229041E+000
   0.246092E+002   0.100000E+001  -0.330712E-001  -0.242187E+000
   0.246894E+002   0.100000E+001  -0.316993E-001  -0.254912E+000
   0.247695E+002   0.100000E+001  -0.299550E-001  -0.267097E+000
   0.248497E+002   0.100000E+001  -0.277776E-001  -0.278602E+000
   0.249299E+002   0.100000E+001  -0.250933E-001  -0.289256E+000
   0.250100E+002   0.100000E+001  -0.218237E-001  -0.298850E+000
   0.250902E+002   0.100000E+001  -0.178968E-001  -0.307137E+000
   0.251703E+002   0.100000E+001  -0.132569E-001  -0.313838E+000
   0.252505E+002   0.100000E+001  -0.786911E-002  -0.318650E+000
   0.253307E+002   0.100000E+001  -0.171902E-002  -0.321254E+000
   0.254108E+002   0.100000E+001   0.518961E-002  -0.321318E+000
   0.254910E+002   0.100000E+001   0.128319E-001  -0.318492E+000
   0.255711E+002   0.100000E+001   0.211439E-001  -0.312406E+000
   0.256513E+002   0.100000E+001   0.299830E-001  -0.302671E+000
   0.257315E+002   0.100000E+001   0.390756E-001  -0.288922E+000
   0.258116E+002   0.100000E+001   0.479745E-001  -0.270904E+000
   0.258918E+002   0.100000E+001   0.560704E-001  -0.248615E+000
   0.259719E+002   0.100000E+001   0.626852E-001  -0.222448E+000
   0.260521E+002   0.100000E+001   0.672230E-001  -0.193242E+000
   0.261323E+002   0.100000E+001   0.692978E-001  -0.162201E+000
   0.262124E+002   0.100000E+001   0.687676E-001  -0.130713E+000
   0.262926E+002   0.100000E+001   0.656986E-001  -0.100178E+000
   0.263727E+002   0.100000E+001   0.603412E-001  -0.718811E-001
   0.264529E+002   0.100000E+001   0.531378E-001  -0.468712E-001
   0.265331E+002   0.100000E+001   0.446954E-001  -0.258265E-001
   0.266132E+002   0.100000E+001   0.356720E-001  -0.899930E-002
   0.266934E+002   0.100000E+001   0.266340E-001   0.371515E-002
   0.267735E+002   0.100000E+001   0.179716E-001   0.126331E-001
   0.268537E+002   0.100000E+001   0.989725E-002   0.181454E-001
   0.269339E+002   0.100000E+001   0.249240E-002   0.206323E-001
   0.270140E+002   0.100000E+001  -0.423353E-002   0.204286E-001
   0.270942E+002   0.100000E+001  -0.102945E-001   0.178232E-001
   0.271743E+002   0.100000E+001  -0.157006E-001   0.130783E-001
   0.272545E+002   0.100000E+001  -0.204531E-001   0.644802E-002
   0.273347E+002   0.100000E+001  -0.245536E-001  -0.181112E-002
   0.274148E+002   0.100000E+001  -0.280164E-001  -0.114411E-001
   0.274950E+002   0.100000E+001  -0.308765E-001  -0.221925E-001
   0.275752E+002   0.100000E+001  -0.331897E-001  -0.338372E-001
   0.276553E+002   0.100000E+001  -0.350254E-001  -0.461799E-001
   0.277355E+002   0.100000E+001  -0.364531E-001  -0.590633E-001
   0.278156E+002   0.100000E+001  -0.375282E-001  -0.723641E-001
   0.278958E+002   0.100000E+001  -0.382808E-001  -0.859816E-001
   0.279760E+002   0.100000E+001  -0.387106E-001  -0.998215E-001
   0.280561E+002   0.100000E+001  -0.387896E-001  -0.113779E+000
   0.281363E+002   0.100000E+001  -0.384709E-001  -0.127726E+000
   0.282164E+002   0.100000E+001  -0.377009E-001  -0.141504E+000
   0.282966E+002   0.100000E+001  -0.364300E-001  -0.154930E+000
   0.283768E+002   0.100000E+001  -0.346209E-001  -0.167799E+000
   0.284569E+002   0.100000E+001  -0.322505E-001  -0.179894E+000
   0.285371E+002   0.100000E+001  -0.293069E-001  -0.190999E+000
   0.286172E+002   0.100000E+001  -0.257819E-001  -0.200903E+000
   0.286974E+002   0.100000E+001  -0.216615E-001  -0.209396E+000
   0.287776E+002   0.100000E+001  -0.169190E-001  -0.216266E+000
   0.288577E+002   0.100000E+001  -0.115129E-001  -0.221283E+000
   0.289379E+002   0.100000E+001  -0.539606E-002  -0.224183E+000
   0.290180E+002   0.100000E+001   0.146545E-002  -0.224658E+000
   0.290982E+002   0.100000E+001   0.906101E-002  -0.222352E+000
   0.291784E+002   0.100000E+001   0.172975E-001  -0.216878E+000
   0.292585E+002   0.100000E+001   0.259608E-001  -0.207854E+000
   0.293387E+002   0.100000E+001   0.346898E-001  -0.194979E+000
   0.294188E+002   0.100000E+001   0.429774E-001  -0.178131E+000
   0.294990E+002   0.100000E+001   0.502090E-001  -0.157484E+000
   0.295792E+002   0.100000E+001   0.557386E-001  -0.133599E+000
   0.296593E+002   0.100000E+001   0.589907E-001  -0.107468E+000
   0.297395E+002   0.100000E+001   0.595767E-001  -0.804515E-001
   0.298196E+002   0.100000E+001   0.574074E-001  -0.541161E-001
   0.298998E+002   0.100000E+001   0.527586E-001  -0.299571E-001
   0.299800E+002   0.100000E+001   0.462343E-001  -0.911377E-002
   0.300601E+002   0.100000E+001   0.386156E-001   0.780360E-002
   0.301403E+002   0.100000E+001   0.306663E-001   0.206998E-001
   0.302204E+002   0.100000E+001   0.229942E-001   0.298479E-001
   0.303006E+002   0.100000E+001   0.160069E-001   0.357193E-001
   0.303808E+002   0.100000E+001   0.993134E-002   0.388574E-001
   0.304609E+002   0.100000E+001   0.485583E-002   0.398027E-001
   0.305411E+002   0.100000E+001   0.772884E-003   0.390534E-001
   0.306212E+002   0.100000E+001  -0.238400E-002   0.370484E-001
   0.307014E+002   0.100000E+001  -0.471326E-002   0.341635E-001
   0.307816E+002   0.100000E+001  -0.632727E-002   0.307129E-001
   0.308617E+002   0.100000E+001  -0.734050E-002   0.269531E-001
   0.309419E+002   0.100000E+001  -0.786201E-002   0.230882E-001
   0.310220E+002   0.100000E+001  -0.799103E-002   0.192765E-001
   0.311022E+002   0.100000E+001  -0.781438E-002   0.156362E-001
   0.311824E+002   0.100000E+001  -0.740517E-002   0.122531E-001
   0.312625E+002   0.100000E+001  -0.682306E-002   0.918720E-002
   0.313427E+002   0.100000E+001  -0.611635E-002   0.647938E-002
   0.314228E+002   0.100000E+001  -0.532556E-002   0.415634E-002
   0.315030E+002   0.100000E+001  -0.448781E-002   0.223269E-002
   0.315832E+002   0.100000E+001  -0.364021E-002   0.710409E-003
   0.316633E+002   0.100000E+001  -0.282065E-002  -0.423579E-003
   0.317435E+002   0.100000E+001  -0.206546E-002  -0.119924E-002
   0.318236E+002   0.100000E+001  -0.140482E-002  -0.166274E-002
   0.319038E+002   0.100000E+001  -0.858361E-003  -0.187220E-002
   0.319840E+002   0.100000E+001  -0.432833E-003  -0.189083E-002
   0.320641E+002   0.100000E+001  -0.122915E-003  -0.177960E-002
   0.321443E+002   0.100000E+001   0.855929E-004  -0.159142E-002
   0.322244E+002   0.100000E+001   0.211657E-003  -0.136791E-002
   0.323046E+002   0.100000E+001   0.275295E-003  -0.113890E-002
   0.323848E+002   0.100000E+001   0.294959E-003  -0.923518E-003
   0.324649E+002   0.100000E+001   0.286089E-003  -0.732361E-003
   0.325451E+002   0.100000E+001   0.260637E-003  -0.569786E-003
   0.326253E+002   0.100000E+001   0.227227E-003  -0.436028E-003
   0.327054E+002   0.100000E+001   0.191655E-003  -0.328882E-003
   0.327856E+002   0.100000E+001   0.157505E-003  -0.244930E-003
   0.328657E+002   0.100000E+001   0.126741E-003  -0.180368E-003
   0.329459E+002   0.100000E+001   0.100220E-003  -0.131503E-003
   0.330261E+002   0.100000E+001   0.780904E-004  -0.950258E-004
   0.331062E+002   0.100000E+001   0.600870E-004  -0.681219E-004
   0.331864E+002   0.100000E+001   0.457358E-004  -0.484874E-004
   0.332665E+002   0.100000E+001   0.344858E-004  -0.342913E-004
   0.333467E+002   0.100000E+001   0.257897E-004  -0.241119E-004
   0.334269E+002   0.100000E+001   0.191473E-004  -0.168664E-004
   0.335070E+002   0.100000E+001   0.141251E-004  -0.117430E-004
   0.335872E+002   0.100000E+001   0.103614E-004  -0.814149E-005
   0.336673E+002   0.100000E+001   0.756250E-005  -0.562313E-005
   0.337475E+002   0.100000E+001   0.549506E-005  -0.387051E-005
   0.338277E+002   0.100000E+001   0.397697E-005  -0.265597E-005
   0.339078E+002   0.100000E+001   0.286809E-005  -0.181751E-005
   0.339880E+002   0.100000E+001   0.206187E-005  -0.124067E-005
   0.340681E+002   0.100000E+001   0.147810E-005  -0.845035E-006
   0.341483E+002   0.100000E+001   0.105695E-005  -0.574419E-006
   0.342285E+002   0.100000E+001   0.754094E-006  -0.389774E-006
   0.343086E+002   0.100000E+001   0.536940E-006  -0.264064E-006
   0.343888E+002   0.100000E+001   0.381633E-006  -0.178644E-006
   0.344689E+002   0.100000E+001   0.270812E-006  -0.120704E-006
   0.345491E+002   0.100000E+001   0.191897E-006  -0.814634E-007
   0.346293E+002   0.100000E+001   0.135802E-006  -0.549242E-007
   0.347094E+002   0.100000E+001   0.959947E-007  -0.369974E-007
   0.347896E+002   0.100000E+001   0.677856E-007  -0.249014E-007
   0.348697E+002   0.100000E+001   0.478215E-007  -0.167477E-007
   0.349499E+002   0.100000E+001   0.337089E-007  -0.112562E-007
   0.350301E+002   0.100000E+001   0.237431E-007  -0.756075E-008
   0.351102E+002   0.100000E+001   0.167121E-007  -0.507562E-008
   0.351904E+002   0.100000E+001   0.117559E-007  -0.340551E-008
   0.352705E+002   0.100000E+001   0.826476E-008  -0.228380E-008
   0.353507E+002   0.100000E+001   0.580734E-008  -0.153083E-008
   0.354309E+002   0.100000E+001   0.407864E-008  -0.102565E-008
   0.355110E+002   0.100000E+001   0.286323E-008  -0.686870E-009
   0.355912E+002   0.100000E+001   0.200917E-008  -0.459788E-009
   0.356713E+002   0.100000E+001   0.140930E-008  -0.307645E-009
   0.357515E+002   0.100000E+001   0.988152E-009  -0.205755E-009
   0.358317E+002   0.100000E+001   0.692609E-009  -0.137547E-009
   0.359118E+002   0.100000E+001   0.485287E-009  -0.919081E-010
   0.359920E+002   0.100000E+001   0.339907E-009  -0.613827E-010
   0.360721E+002   0.100000E+001   0.237998E-009  -0.409751E-010
   0.361523E+002   0.100000E+001   0.166586E-009  -0.273380E-010
   0.362325E+002   0.100000E+001   0.116561E-009  -0.182295E-010
   0.363126E+002   0.100000E+001   0.815305E-010  -0.121487E-010
   0.363928E+002   0.100000E+001   0.570074E-010  -0.809121E-011
   0.364729E+002   0.100000E+001   0.398458E-010  -0.538535E-011
   0.365531E+002   0.100000E+001   0.278400E-010  -0.358187E-011
   0.366333E+002   0.100000E+001   0.194439E-010  -0.238057E-011
   0.367134E+002   0.100000E+001   0.135743E-010  -0.158090E-011
   0.367936E+002   0.100000E+001   0.947245E-011  -0.104896E-011
   0.368737E+002   0.100000E+001   0.660701E-011  -0.695362E-012
   0.369539E+002   0.100000E+001   0.460611E-011  -0.460508E-012
   0.370341E+002   0.100000E+001   0.320949E-011  -0.304652E-012
   0.371142E+002   0.100000E+001   0.223509E-011  -0.201315E-012
   0.371944E+002   0.100000E+001   0.155559E-011  -0.132867E-012
   0.372745E+002   0.100000E+001   0.108198E-011  -0.875763E-013
   0.373547E+002   0.100000E+001   0.752041E-012  -0.576419E-013
   0.374349E+002   0.100000E+001   0.522328E-012  -0.378812E-013
   0.375150E+002   0.100000E+001   0.362493E-012  -0.248536E-013
   0.375952E+002   0.100000E+001   0.251351E-012  -0.162771E-013
   0.376754E+002   0.100000E+001   0.174123E-012  -0.106396E-013
   0.377555E+002   0.100000E+001   0.120502E-012  -0.693995E-014
   0.378357E+002   0.100000E+001   0.833016E-013  -0.451644E-014
   0.379158E+002   0.100000E+001   0.575167E-013  -0.293196E-014
   0.379960E+002   0.100000E+001   0.396614E-013  -0.189820E-014
   0.380762E+002   0.100000E+001   0.273100E-013  -0.122530E-014
   0.381563E+002   0.100000E+001   0.187757E-013  -0.788377E-015
   0.382365E+002   0.100000E+001   0.128861E-013  -0.505452E-015
   0.383166E+002   0.100000E+001   0.882723E-014  -0.322793E-015
   0.383968E+002   0.100000E+001   0.603411E-014  -0.205251E-015
   0.384770E+002   0.100000E+001   0.411517E-014  -0.129884E-015
   0.385571E+002   0.100000E+001   0.279916E-014  -0.817524E-016
   0.386373E+002   0.100000E+001   0.189844E-014  -0.511490E-016
   0.387174E+002   0.100000E+001   0.128332E-014  -0.317861E-016
   0.387976E+002   0.100000E+001   0.864264E-015  -0.196025E-016
   0.388778E+002   0.100000E+001   0.579567E-015  -0.119837E-016
   0.389579E+002   0.100000E+001   0.386751E-015  -0.725289E-017
   0.390381E+002   0.100000E+001   0.256622E-015  -0.433885E-017
   0.391182E+002   0.100000E+001   0.169156E-015  -0.256049E-017
   0.391984E+002   0.100000E+001   0.110640E-015  -0.148688E-017
   0.392786E+002   0.100000E+001   0.717069E-016  -0.846958E-018
   0.393587E+002   0.100000E+001   0.459714E-016  -0.471299E-018
   0.394389E+002   0.100000E+001   0.290921E-016  -0.254809E-018
   0.395190E+002   0.100000E+001   0.181253E-016  -0.132848E-018
   0.395992E+002   0.100000E+001   0.110790E-016  -0.660569E-019
   0.396794E+002   0.100000E+001   0.660732E-017  -0.307604E-019
   0.397595E+002   0.100000E+001   0.379949E-017  -0.129509E-019
   0.398397E+002   0.100000E+001   0.203420E-017  -0.452994E-020
   0.399198E+002   0.100000E+001   0.874007E-018  -0.947329E-021
   0.400000E+002   0.100000E+001   0.000000E+000  -0.000000E+000
   0.400802E+002   0.100000E+001   0.407034E-017  -0.736045E-021

