  -0.801603E-001   0.100000E+001  -0.393109E-001   0.783475E-001
   0.000000E+000   0.100000E+001  -0.202494E-001   0.129382E+000
   0.801603E-001   0.100000E+001  -0.238734E-001   0.118607E+000
   0.160321E+000   0.100000E+001  -0.269907E-001   0.106532E+000
   0.240481E+000   0.100000E+001  -0.296012E-001   0.933722E-001
   0.320641E+000   0.100000E+001  -0.317833E-001   0.793023E-001
   0.400802E+000   0.100000E+001  -0.335349E-001   0.645164E-001
   0.480962E+000   0.100000E+001  -0.349114E-001   0.491497E-001
   0.561122E+000   0.100000E+001  -0.359416E-001   0.333410E-001
   0.641283E+000   0.100000E+001  -0.366477E-001   0.172146E-001
   0.721443E+000   0.100000E+001  -0.370481E-001   0.884972E-003
   0.801603E+000   0.100000E+001  -0.371524E-001  -0.155378E-001
   0.881764E+000   0.100000E+001  -0.369626E-001  -0.319465E-001
   0.961924E+000   0.100000E+001  -0.364736E-001  -0.482336E-001
   0.104208E+001   0.100000E+001  -0.356730E-001  -0.642886E-001
   0.112224E+001   0.100000E+001  -0.345411E-001  -0.799941E-001
   0.120240E+001   0.100000E+001  -0.330518E-001  -0.952234E-001
   0.128257E+001   0.100000E+001  -0.311733E-001  -0.109836E+000
   0.136273E+001   0.100000E+001  -0.288688E-001  -0.123672E+000
   0.144289E+001   0.100000E+001  -0.260972E-001  -0.136551E+000
   0.152305E+001   0.100000E+001  -0.228131E-001  -0.148263E+000
   0.160321E+001   0.100000E+001  -0.189668E-001  -0.158570E+000
   0.168337E+001   0.100000E+001  -0.145066E-001  -0.167208E+000
   0.176353E+001   0.100000E+001  -0.938346E-002  -0.173886E+000
   0.184369E+001   0.100000E+001  -0.356146E-002  -0.178297E+000
   0.192385E+001   0.100000E+001   0.296764E-002  -0.180122E+000
   0.200401E+001   0.100000E+001   0.101668E-001  -0.179036E+000
   0.208417E+001   0.100000E+001   0.179351E-001  -0.174722E+000
   0.216433E+001   0.100000E+001   0.260891E-001  -0.166890E+000
   0.224449E+001   0.100000E+001   0.343479E-001  -0.155313E+000
   0.232465E+001   0.100000E+001   0.423262E-001  -0.139885E+000
   0.240481E+001   0.100000E+001   0.495443E-001  -0.120700E+000
   0.248497E+001   0.100000E+001   0.554664E-001  -0.981257E-001
   0.256513E+001   0.100000E+001   0.595718E-001  -0.728715E-001
   0.264529E+001   0.100000E+001   0.614514E-001  -0.459786E-001
   0.272545E+001   0.100000E+001   0.609026E-001  -0.187253E-001
   0.280561E+001   0.100000E+001   0.579831E-001   0.755283E-002
   0.288577E+001   0.100000E+001   0.529954E-001   0.316652E-001
   0.296593E+001   0.100000E+001   0.464095E-001   0.527166E-001
   0.304609E+001   0.100000E+001   0.387606E-001   0.701607E-001
   0.312625E+001   0.100000E+001   0.305601E-001   0.837704E-001
   0.320641E+001   0.100000E+001   0.222424E-001   0.935638E-001
   0.328657E+001   0.100000E+001   0.141433E-001   0.997244E-001
   0.336673E+001   0.100000E+001   0.649956E-002   0.102532E+000
   0.344689E+001   0.100000E+001  -0.539085E-003   0.102314E+000
   0.352705E+001   0.100000E+001  -0.689310E-002   0.994091E-001
   0.360721E+001   0.100000E+001  -0.125350E-001   0.941477E-001
   0.368737E+001   0.100000E+001  -0.174736E-001   0.868425E-001
   0.376754E+001   0.100000E+001  -0.217418E-001   0.777815E-001
   0.384770E+001   0.100000E+001  -0.253865E-001   0.672264E-001
   0.392786E+001   0.100000E+001  -0.284614E-001   0.554115E-001
   0.400802E+001   0.100000E+001  -0.310212E-001   0.425457E-001
   0.408818E+001   0.100000E+001  -0.331175E-001   0.288147E-001
   0.416834E+001   0.100000E+001  -0.347960E-001   0.143840E-001
   0.424850E+001   0.100000E+001  -0.360961E-001  -0.597365E-003
   0.432866E+001   0.100000E+001  -0.370505E-001  -0.159940E-001
   0.440882E+001   0.100000E+001  -0.376860E-001  -0.316820E-001
   0.448898E+001   0.100000E+001  -0.380226E-001  -0.475466E-001
   0.456914E+001   0.100000E+001  -0.380725E-001  -0.634801E-001
   0.464930E+001   0.100000E+001  -0.378387E-001  -0.793780E-001
   0.472946E+001   0.100000E+001  -0.373154E-001  -0.951353E-001
   0.480962E+001   0.100000E+001  -0.364883E-001  -0.110642E+000
   0.488978E+001   0.100000E+001  -0.353363E-001  -0.125783E+000
   0.496994E+001   0.100000E+001  -0.338317E-001  -0.140431E+000
   0.505010E+001   0.100000E+001  -0.319390E-001  -0.154450E+000
   0.513026E+001   0.100000E+001  -0.296142E-001  -0.167688E+000
   0.521042E+001   0.100000E+001  -0.268049E-001  -0.179973E+000
   0.529058E+001   0.100000E+001  -0.234551E-001  -0.191108E+000
   0.537074E+001   0.100000E+001  -0.195104E-001  -0.200871E+000
   0.545090E+001   0.100000E+001  -0.149244E-001  -0.209014E+000
   0.553106E+001   0.100000E+001  -0.966173E-002  -0.215268E+000
   0.561122E+001   0.100000E+001  -0.369945E-002  -0.219345E+000
   0.569138E+001   0.100000E+001   0.296796E-002  -0.220931E+000
   0.577154E+001   0.100000E+001   0.103136E-001  -0.219689E+000
   0.585170E+001   0.100000E+001   0.182490E-001  -0.215262E+000
   0.593186E+001   0.100000E+001   0.265858E-001  -0.207298E+000
   0.601202E+001   0.100000E+001   0.350045E-001  -0.195518E+000
   0.609218E+001   0.100000E+001   0.430543E-001  -0.179802E+000
   0.617234E+001   0.100000E+001   0.502023E-001  -0.160294E+000
   0.625251E+001   0.100000E+001   0.559244E-001  -0.137467E+000
   0.633267E+001   0.100000E+001   0.597902E-001  -0.112102E+000
   0.641283E+001   0.100000E+001   0.615002E-001  -0.852251E-001
   0.649299E+001   0.100000E+001   0.608805E-001  -0.580184E-001
   0.657315E+001   0.100000E+001   0.579024E-001  -0.317566E-001
   0.665331E+001   0.100000E+001   0.527557E-001  -0.768738E-002
   0.673347E+001   0.100000E+001   0.459030E-001   0.131688E-001
   0.681363E+001   0.100000E+001   0.380087E-001   0.302150E-001
   0.689379E+001   0.100000E+001   0.297442E-001   0.433220E-001
   0.697395E+001   0.100000E+001   0.216026E-001   0.526922E-001
   0.705411E+001   0.100000E+001   0.138361E-001   0.586548E-001
   0.713427E+001   0.100000E+001   0.651548E-002   0.615181E-001
   0.721443E+001   0.100000E+001  -0.362548E-003   0.615156E-001
   0.729459E+001   0.100000E+001  -0.678803E-002   0.588281E-001
   0.737475E+001   0.100000E+001  -0.127009E-001   0.536367E-001
   0.745491E+001   0.100000E+001  -0.180048E-001   0.461678E-001
   0.753507E+001   0.100000E+001  -0.226073E-001   0.367071E-001
   0.761523E+001   0.100000E+001  -0.264553E-001   0.255832E-001
   0.769539E+001   0.100000E+001  -0.295512E-001   0.131360E-001
   0.777555E+001   0.100000E+001  -0.319490E-001  -0.313991E-003
   0.785571E+001   0.100000E+001  -0.337382E-001  -0.144885E-001
   0.793587E+001   0.100000E+001  -0.350228E-001  -0.291626E-001
   0.801603E+001   0.100000E+001  -0.359027E-001  -0.441647E-001
   0.809619E+001   0.100000E+001  -0.364603E-001  -0.593676E-001
   0.817635E+001   0.100000E+001  -0.367552E-001  -0.746754E-001
   0.825651E+001   0.100000E+001  -0.368257E-001  -0.900106E-001
   0.833667E+001   0.100000E+001  -0.366934E-001  -0.105304E+000
   0.841683E+001   0.100000E+001  -0.363698E-001  -0.120491E+000
   0.849699E+001   0.100000E+001  -0.358603E-001  -0.135506E+000
   0.857715E+001   0.100000E+001  -0.351642E-001  -0.150290E+000
   0.865731E+001   0.100000E+001  -0.342721E-001  -0.164784E+000
   0.873747E+001   0.100000E+001  -0.331603E-001  -0.178927E+000
   0.881764E+001   0.100000E+001  -0.317846E-001  -0.192651E+000
   0.889780E+001   0.100000E+001  -0.300759E-001  -0.205867E+000
   0.897796E+001   0.100000E+001  -0.279388E-001  -0.218455E+000
   0.905812E+001   0.100000E+001  -0.252536E-001  -0.230248E+000
   0.913828E+001   0.100000E+001  -0.218834E-001  -0.241021E+000
   0.921844E+001   0.100000E+001  -0.176848E-001  -0.250482E+000
   0.929860E+001   0.100000E+001  -0.125236E-001  -0.258268E+000
   0.937876E+001   0.100000E+001  -0.629481E-002  -0.263938E+000
   0.945892E+001   0.100000E+001   0.105069E-002  -0.266987E+000
   0.953908E+001   0.100000E+001   0.947350E-002  -0.266853E+000
   0.961924E+001   0.100000E+001   0.188061E-001  -0.262948E+000
   0.969940E+001   0.100000E+001   0.287111E-001  -0.254719E+000
   0.977956E+001   0.100000E+001   0.386506E-001  -0.241748E+000
   0.985972E+001   0.100000E+001   0.478920E-001  -0.223906E+000
   0.993988E+001   0.100000E+001   0.555871E-001  -0.201533E+000
   0.100200E+002   0.100000E+001   0.609421E-001  -0.175560E+000
   0.101002E+002   0.100000E+001   0.634336E-001  -0.147460E+000
   0.101804E+002   0.100000E+001   0.629637E-001  -0.118975E+000
   0.102605E+002   0.100000E+001   0.598586E-001  -0.917375E-001
   0.103407E+002   0.100000E+001   0.547163E-001  -0.669751E-001
   0.104208E+002   0.100000E+001   0.482086E-001  -0.454213E-001
   0.105010E+002   0.100000E+001   0.409377E-001  -0.273883E-001
   0.105812E+002   0.100000E+001   0.333725E-001  -0.129011E-001
   0.106613E+002   0.100000E+001   0.258416E-001  -0.181990E-002
   0.107415E+002   0.100000E+001   0.185553E-001   0.607102E-002
   0.108216E+002   0.100000E+001   0.116366E-001   0.110111E-001
   0.109018E+002   0.100000E+001   0.515082E-002   0.132371E-001
   0.109820E+002   0.100000E+001  -0.871962E-003   0.129726E-001
   0.110621E+002   0.100000E+001  -0.642093E-002   0.104265E-001
   0.111423E+002   0.100000E+001  -0.114945E-001   0.579571E-002
   0.112224E+002   0.100000E+001  -0.160949E-001  -0.731360E-003
   0.113026E+002   0.100000E+001  -0.202256E-001  -0.897123E-002
   0.113828E+002   0.100000E+001  -0.238907E-001  -0.187431E-001
   0.114629E+002   0.100000E+001  -0.270948E-001  -0.298674E-001
   0.115431E+002   0.100000E+001  -0.298433E-001  -0.421655E-001
   0.116232E+002   0.100000E+001  -0.321430E-001  -0.554598E-001
   0.117034E+002   0.100000E+001  -0.340018E-001  -0.695745E-001
   0.117836E+002   0.100000E+001  -0.354286E-001  -0.843360E-001
   0.118637E+002   0.100000E+001  -0.364329E-001  -0.995741E-001
   0.119439E+002   0.100000E+001  -0.370241E-001  -0.115122E+000
   0.120240E+002   0.100000E+001  -0.372114E-001  -0.130816E+000
   0.121042E+002   0.100000E+001  -0.370025E-001  -0.146497E+000
   0.121844E+002   0.100000E+001  -0.364034E-001  -0.162008E+000
   0.122645E+002   0.100000E+001  -0.354179E-001  -0.177197E+000
   0.123447E+002   0.100000E+001  -0.340469E-001  -0.191911E+000
   0.124248E+002   0.100000E+001  -0.322885E-001  -0.205999E+000
   0.125050E+002   0.100000E+001  -0.301376E-001  -0.219309E+000
   0.125852E+002   0.100000E+001  -0.275861E-001  -0.231687E+000
   0.126653E+002   0.100000E+001  -0.246239E-001  -0.242975E+000
   0.127455E+002   0.100000E+001  -0.212396E-001  -0.253011E+000
   0.128257E+002   0.100000E+001  -0.174222E-001  -0.261625E+000
   0.129058E+002   0.100000E+001  -0.131642E-001  -0.268641E+000
   0.129860E+002   0.100000E+001  -0.846476E-002  -0.273877E+000
   0.130661E+002   0.100000E+001  -0.333432E-002  -0.277143E+000
   0.131463E+002   0.100000E+001   0.219923E-002  -0.278250E+000
   0.132265E+002   0.100000E+001   0.808392E-002  -0.277009E+000
   0.133066E+002   0.100000E+001   0.142361E-001  -0.273249E+000
   0.133868E+002   0.100000E+001   0.205332E-001  -0.266824E+000
   0.134669E+002   0.100000E+001   0.268081E-001  -0.257638E+000
   0.135471E+002   0.100000E+001   0.328474E-001  -0.245669E+000
   0.136273E+002   0.100000E+001   0.383965E-001  -0.231004E+000
   0.137074E+002   0.100000E+001   0.431741E-001  -0.213865E+000
   0.137876E+002   0.100000E+001   0.468983E-001  -0.194635E+000
   0.138677E+002   0.100000E+001   0.493216E-001  -0.173862E+000
   0.139479E+002   0.100000E+001   0.502704E-001  -0.152236E+000
   0.140281E+002   0.100000E+001   0.496763E-001  -0.130530E+000
   0.141082E+002   0.100000E+001   0.475917E-001  -0.109525E+000
   0.141884E+002   0.100000E+001   0.441813E-001  -0.899284E-001
   0.142685E+002   0.100000E+001   0.396942E-001  -0.723104E-001
   0.143487E+002   0.100000E+001   0.344250E-001  -0.570712E-001
   0.144289E+002   0.100000E+001   0.286753E-001  -0.444388E-001
   0.145090E+002   0.100000E+001   0.227233E-001  -0.344893E-001
   0.145892E+002   0.100000E+001   0.168056E-001  -0.271792E-001
   0.146693E+002   0.100000E+001   0.111092E-001  -0.223786E-001
   0.147495E+002   0.100000E+001   0.577148E-002  -0.199015E-001
   0.148297E+002   0.100000E+001   0.885328E-003  -0.195289E-001
   0.149098E+002   0.100000E+001  -0.349325E-002  -0.210262E-001
   0.149900E+002   0.100000E+001  -0.733730E-002  -0.241554E-001
   0.150701E+002   0.100000E+001  -0.106413E-001  -0.286826E-001
   0.151503E+002   0.100000E+001  -0.134147E-001  -0.343829E-001
   0.152305E+002   0.100000E+001  -0.156766E-001  -0.410429E-001
   0.153106E+002   0.100000E+001  -0.174515E-001  -0.484621E-001
   0.153908E+002   0.100000E+001  -0.187666E-001  -0.564526E-001
   0.154709E+002   0.100000E+001  -0.196492E-001  -0.648387E-001
   0.155511E+002   0.100000E+001  -0.201258E-001  -0.734563E-001
   0.156313E+002   0.100000E+001  -0.202211E-001  -0.821515E-001
   0.157114E+002   0.100000E+001  -0.199574E-001  -0.907794E-001
   0.157916E+002   0.100000E+001  -0.193555E-001  -0.992033E-001
   0.158717E+002   0.100000E+001  -0.184340E-001  -0.107293E+000
   0.159519E+002   0.100000E+001  -0.172111E-001  -0.114927E+000
   0.160321E+002   0.100000E+001  -0.157042E-001  -0.121986E+000
   0.161122E+002   0.100000E+001  -0.139319E-001  -0.128359E+000
   0.161924E+002   0.100000E+001  -0.119144E-001  -0.133942E+000
   0.162725E+002   0.100000E+001  -0.967480E-002  -0.138637E+000
   0.163527E+002   0.100000E+001  -0.724047E-002  -0.142356E+000
   0.164329E+002   0.100000E+001  -0.464375E-002  -0.145018E+000
   0.165130E+002   0.100000E+001  -0.192301E-002  -0.146560E+000
   0.165932E+002   0.100000E+001   0.876903E-003  -0.146932E+000
   0.166733E+002   0.100000E+001   0.370458E-002  -0.146103E+000
   0.167535E+002   0.100000E+001   0.650258E-002  -0.144067E+000
   0.168337E+002   0.100000E+001   0.920874E-002  -0.140842E+000
   0.169138E+002   0.100000E+001   0.117582E-001  -0.136474E+000
   0.169940E+002   0.100000E+001   0.140863E-001  -0.131043E+000
   0.170741E+002   0.100000E+001   0.161320E-001  -0.124654E+000
   0.171543E+002   0.100000E+001   0.178415E-001  -0.117446E+000
   0.172345E+002   0.100000E+001   0.191720E-001  -0.109577E+000
   0.173146E+002   0.100000E+001   0.200949E-001  -0.101226E+000
   0.173948E+002   0.100000E+001   0.205978E-001  -0.925841E-001
   0.174749E+002   0.100000E+001   0.206850E-001  -0.838408E-001
   0.175551E+002   0.100000E+001   0.203774E-001  -0.751806E-001
   0.176353E+002   0.100000E+001   0.197101E-001  -0.667725E-001
   0.177154E+002   0.100000E+001   0.187293E-001  -0.587647E-001
   0.177956E+002   0.100000E+001   0.174891E-001  -0.512795E-001
   0.178758E+002   0.100000E+001   0.160474E-001  -0.444114E-001
   0.179559E+002   0.100000E+001   0.144628E-001  -0.382271E-001
   0.180361E+002   0.100000E+001   0.127912E-001  -0.327667E-001
   0.181162E+002   0.100000E+001   0.110840E-001  -0.280462E-001
   0.181964E+002   0.100000E+001   0.938633E-002  -0.240607E-001
   0.182766E+002   0.100000E+001   0.773632E-002  -0.207884E-001
   0.183567E+002   0.100000E+001   0.616495E-002  -0.181938E-001
   0.184369E+002   0.100000E+001   0.469615E-002  -0.162309E-001
   0.185170E+002   0.100000E+001   0.334736E-002  -0.148468E-001
   0.185972E+002   0.100000E+001   0.213019E-002  -0.139838E-001
   0.186774E+002   0.100000E+001   0.105127E-002  -0.135818E-001
   0.187575E+002   0.100000E+001   0.112988E-003  -0.135800E-001
   0.188377E+002   0.100000E+001  -0.685699E-003  -0.139186E-001
   0.189178E+002   0.100000E+001  -0.134856E-002  -0.145394E-001
   0.189980E+002   0.100000E+001  -0.188145E-002  -0.153870E-001
   0.190782E+002   0.100000E+001  -0.229181E-002  -0.164094E-001
   0.191583E+002   0.100000E+001  -0.258816E-002  -0.175583E-001
   0.192385E+002   0.100000E+001  -0.277979E-002  -0.187894E-001
   0.193186E+002   0.100000E+001  -0.287640E-002  -0.200624E-001
   0.193988E+002   0.100000E+001  -0.288789E-002  -0.213413E-001
   0.194790E+002   0.100000E+001  -0.282418E-002  -0.225944E-001
   0.195591E+002   0.100000E+001  -0.269502E-002  -0.237939E-001
   0.196393E+002   0.100000E+001  -0.250996E-002  -0.249161E-001
   0.197194E+002   0.100000E+001  -0.227816E-002  -0.259411E-001
   0.197996E+002   0.100000E+001  -0.200840E-002  -0.268527E-001
   0.198798E+002   0.100000E+001  -0.170900E-002  -0.276381E-001
   0.199599E+002   0.100000E+001  -0.138776E-002  -0.282879E-001
   0.200401E+002   0.100000E+001  -0.105197E-002  -0.287957E-001
   0.201202E+002   0.100000E+001  -0.708340E-003  -0.291580E-001
   0.202004E+002   0.100000E+001  -0.363010E-003  -0.293737E-001
   0.202806E+002   0.100000E+001  -0.215182E-004  -0.294443E-001
   0.203607E+002   0.100000E+001   0.311203E-003  -0.293733E-001
   0.204409E+002   0.100000E+001   0.630835E-003  -0.291659E-001
   0.205210E+002   0.100000E+001   0.933668E-003  -0.288292E-001
   0.206012E+002   0.100000E+001   0.121660E-002  -0.283713E-001
   0.206814E+002   0.100000E+001   0.147713E-002  -0.278017E-001
   0.207615E+002   0.100000E+001   0.171331E-002  -0.271305E-001
   0.208417E+002   0.100000E+001   0.192377E-002  -0.263687E-001
   0.209218E+002   0.100000E+001   0.210765E-002  -0.255273E-001
   0.210020E+002   0.100000E+001   0.226456E-002  -0.246178E-001
   0.210822E+002   0.100000E+001   0.239457E-002  -0.236516E-001
   0.211623E+002   0.100000E+001   0.249816E-002  -0.226399E-001
   0.212425E+002   0.100000E+001   0.257612E-002  -0.215936E-001
   0.213226E+002   0.100000E+001   0.262959E-002  -0.205231E-001
   0.214028E+002   0.100000E+001   0.265994E-002  -0.194381E-001
   0.214830E+002   0.100000E+001   0.266873E-002  -0.183480E-001
   0.215631E+002   0.100000E+001   0.265771E-002  -0.172611E-001
   0.216433E+002   0.100000E+001   0.262869E-002  -0.161850E-001
   0.217234E+002   0.100000E+001   0.258359E-002  -0.151266E-001
   0.218036E+002   0.100000E+001   0.252434E-002  -0.140920E-001
   0.218838E+002   0.100000E+001   0.245285E-002  -0.130864E-001
   0.219639E+002   0.100000E+001   0.237101E-002  -0.121141E-001
   0.220441E+002   0.100000E+001   0.228062E-002  -0.111788E-001
   0.221242E+002   0.100000E+001   0.218342E-002  -0.102833E-001
   0.222044E+002   0.100000E+001   0.208102E-002  -0.943001E-002
   0.222846E+002   0.100000E+001   0.197494E-002  -0.862036E-002
   0.223647E+002   0.100000E+001   0.186655E-002  -0.785539E-002
   0.224449E+002   0.100000E+001   0.175709E-002  -0.713554E-002
   0.225251E+002   0.100000E+001   0.164768E-002  -0.646080E-002
   0.226052E+002   0.100000E+001   0.153931E-002  -0.583077E-002
   0.226854E+002   0.100000E+001   0.143282E-002  -0.524465E-002
   0.227655E+002   0.100000E+001   0.132893E-002  -0.470135E-002
   0.228457E+002   0.100000E+001   0.122826E-002  -0.419955E-002
   0.229259E+002   0.100000E+001   0.113130E-002  -0.373770E-002
   0.230060E+002   0.100000E+001   0.103844E-002  -0.331408E-002
   0.230862E+002   0.100000E+001   0.949971E-003  -0.292687E-002
   0.231663E+002   0.100000E+001   0.866109E-003  -0.257415E-002
   0.232465E+002   0.100000E+001   0.786986E-003  -0.225395E-002
   0.233267E+002   0.100000E+001   0.712668E-003  -0.196427E-002
   0.234068E+002   0.100000E+001   0.643162E-003  -0.170312E-002
   0.234870E+002   0.100000E+001   0.578423E-003  -0.146851E-002
   0.235671E+002   0.100000E+001   0.518365E-003  -0.125851E-002
   0.236473E+002   0.100000E+001   0.462863E-003  -0.107122E-002
   0.237275E+002   0.100000E+001   0.411765E-003  -0.904832E-003
   0.238076E+002   0.100000E+001   0.364896E-003  -0.757591E-003
   0.238878E+002   0.100000E+001   0.322062E-003  -0.627831E-003
   0.239679E+002   0.100000E+001   0.283056E-003  -0.513973E-003
   0.240481E+002   0.100000E+001   0.247664E-003  -0.414528E-003
   0.241283E+002   0.100000E+001   0.215666E-003  -0.328099E-003
   0.242084E+002   0.100000E+001   0.186840E-003  -0.253380E-003
   0.242886E+002   0.100000E+001   0.160967E-003  -0.189160E-003
   0.243687E+002   0.100000E+001   0.137831E-003  -0.134314E-003
   0.244489E+002   0.100000E+001   0.117219E-003  -0.878092E-004
   0.245291E+002   0.100000E+001   0.989282E-004  -0.486938E-004
   0.246092E+002   0.100000E+001   0.827622E-004  -0.160994E-004
   0.246894E+002   0.100000E+001   0.685344E-004   0.107658E-004
   0.247695E+002   0.100000E+001   0.560675E-004   0.326200E-004
   0.248497E+002   0.100000E+001   0.451948E-004   0.501127E-004
   0.249299E+002   0.100000E+001   0.357595E-004   0.638286E-004
   0.250100E+002   0.100000E+001   0.276159E-004   0.742927E-004
   0.250902E+002   0.100000E+001   0.206282E-004   0.819737E-004
   0.251703E+002   0.100000E+001   0.146712E-004   0.872892E-004
   0.252505E+002   0.100000E+001   0.962938E-005   0.906094E-004
   0.253307E+002   0.100000E+001   0.539712E-005   0.922609E-004
   0.254108E+002   0.100000E+001   0.187782E-005   0.925313E-004
   0.254910E+002   0.100000E+001  -0.101632E-005   0.916718E-004
   0.255711E+002   0.100000E+001  -0.336483E-005   0.899015E-004
   0.256513E+002   0.100000E+001  -0.523946E-005   0.874102E-004
   0.257315E+002   0.100000E+001  -0.670470E-005   0.843614E-004
   0.258116E+002   0.100000E+001  -0.781829E-005   0.808953E-004
   0.258918E+002   0.100000E+001  -0.863171E-005   0.771309E-004
   0.259719E+002   0.100000E+001  -0.919068E-005   0.731691E-004
   0.260521E+002   0.100000E+001  -0.953566E-005   0.690942E-004
   0.261323E+002   0.100000E+001  -0.970225E-005   0.649764E-004
   0.262124E+002   0.100000E+001  -0.972169E-005   0.608729E-004
   0.262926E+002   0.100000E+001  -0.962125E-005   0.568303E-004
   0.263727E+002   0.100000E+001  -0.942459E-005   0.528857E-004
   0.264529E+002   0.100000E+001  -0.915218E-005   0.490679E-004
   0.265331E+002   0.100000E+001  -0.882158E-005   0.453988E-004
   0.266132E+002   0.100000E+001  -0.844779E-005   0.418942E-004
   0.266934E+002   0.100000E+001  -0.804354E-005   0.385649E-004
   0.267735E+002   0.100000E+001  -0.761952E-005   0.354177E-004
   0.268537E+002   0.100000E+001  -0.718468E-005   0.324555E-004
   0.269339E+002   0.100000E+001  -0.674637E-005   0.296788E-004
   0.270140E+002   0.100000E+001  -0.631061E-005   0.270852E-004
   0.270942E+002   0.100000E+001  -0.588226E-005   0.246710E-004
   0.271743E+002   0.100000E+001  -0.546515E-005   0.224305E-004
   0.272545E+002   0.100000E+001  -0.506228E-005   0.203573E-004
   0.273347E+002   0.100000E+001  -0.467591E-005   0.184439E-004
   0.274148E+002   0.100000E+001  -0.430764E-005   0.166825E-004
   0.274950E+002   0.100000E+001  -0.395853E-005   0.150646E-004
   0.275752E+002   0.100000E+001  -0.362919E-005   0.135820E-004
   0.276553E+002   0.100000E+001  -0.331986E-005   0.122260E-004
   0.277355E+002   0.100000E+001  -0.303048E-005   0.109884E-004
   0.278156E+002   0.100000E+001  -0.276074E-005   0.986086E-005
   0.278958E+002   0.100000E+001  -0.251013E-005   0.883554E-005
   0.279760E+002   0.100000E+001  -0.227801E-005   0.790477E-005
   0.280561E+002   0.100000E+001  -0.206362E-005   0.706125E-005
   0.281363E+002   0.100000E+001  -0.186612E-005   0.629808E-005
   0.282164E+002   0.100000E+001  -0.168463E-005   0.560869E-005
   0.282966E+002   0.100000E+001  -0.151825E-005   0.498695E-005
   0.283768E+002   0.100000E+001  -0.136603E-005   0.442709E-005
   0.284569E+002   0.100000E+001  -0.122707E-005   0.392373E-005
   0.285371E+002   0.100000E+001  -0.110046E-005   0.347187E-005
   0.286172E+002   0.100000E+001  -0.985324E-006   0.306688E-005
   0.286974E+002   0.100000E+001  -0.880808E-006   0.270445E-005
   0.287776E+002   0.100000E+001  -0.786100E-006   0.238063E-005
   0.288577E+002   0.100000E+001  -0.700427E-006   0.209176E-005
   0.289379E+002   0.100000E+001  -0.623058E-006   0.183450E-005
   0.290180E+002   0.100000E+001  -0.553303E-006   0.160577E-005
   0.290982E+002   0.100000E+001  -0.490516E-006   0.140276E-005
   0.291784E+002   0.100000E+001  -0.434093E-006   0.122288E-005
   0.292585E+002   0.100000E+001  -0.383470E-006   0.106381E-005
   0.293387E+002   0.100000E+001  -0.338128E-006   0.923381E-006
   0.294188E+002   0.100000E+001  -0.297581E-006   0.799666E-006
   0.294990E+002   0.100000E+001  -0.261385E-006   0.690893E-006
   0.295792E+002   0.100000E+001  -0.229128E-006   0.595457E-006
   0.296593E+002   0.100000E+001  -0.200432E-006   0.511906E-006
   0.297395E+002   0.100000E+001  -0.174951E-006   0.438926E-006
   0.298196E+002   0.100000E+001  -0.152367E-006   0.375330E-006
   0.298998E+002   0.100000E+001  -0.132390E-006   0.320049E-006
   0.299800E+002   0.100000E+001  -0.114755E-006   0.272118E-006
   0.300601E+002   0.100000E+001  -0.992205E-007   0.230671E-006
   0.301403E+002   0.100000E+001  -0.855659E-007   0.194931E-006
   0.302204E+002   0.100000E+001  -0.735917E-007   0.164201E-006
   0.303006E+002   0.100000E+001  -0.631162E-007   0.137858E-006
   0.303808E+002   0.100000E+001  -0.539751E-007   0.115347E-006
   0.304609E+002   0.100000E+001  -0.460193E-007   0.961720E-007
   0.305411E+002   0.100000E+001  -0.391142E-007   0.798949E-007
   0.306212E+002   0.100000E+001  -0.331384E-007   0.661256E-007
   0.307014E+002   0.100000E+001  -0.279822E-007   0.545201E-007
   0.307816E+002   0.100000E+001  -0.235473E-007   0.447750E-007
   0.308617E+002   0.100000E+001  -0.197453E-007   0.366237E-007
   0.309419E+002   0.100000E+001  -0.164968E-007   0.298330E-007
   0.310220E+002   0.100000E+001  -0.137313E-007   0.241989E-007
   0.311022E+002   0.100000E+001  -0.113855E-007   0.195444E-007
   0.311824E+002   0.100000E+001  -0.940329E-008   0.157159E-007
   0.312625E+002   0.100000E+001  -0.773495E-008   0.125809E-007
   0.313427E+002   0.100000E+001  -0.633647E-008   0.100256E-007
   0.314228E+002   0.100000E+001  -0.516912E-008   0.795245E-008
   0.315030E+002   0.100000E+001  -0.419888E-008   0.627857E-008
   0.315832E+002   0.100000E+001  -0.339602E-008   0.493363E-008
   0.316633E+002   0.100000E+001  -0.273466E-008   0.385834E-008
   0.317435E+002   0.100000E+001  -0.219238E-008   0.300295E-008
   0.318236E+002   0.100000E+001  -0.174980E-008   0.232594E-008
   0.319038E+002   0.100000E+001  -0.139032E-008   0.179286E-008
   0.319840E+002   0.100000E+001  -0.109972E-008   0.137528E-008
   0.320641E+002   0.100000E+001  -0.865963E-009   0.104987E-008
   0.321443E+002   0.100000E+001  -0.678834E-009   0.797605E-009
   0.322244E+002   0.100000E+001  -0.529768E-009   0.603065E-009
   0.323046E+002   0.100000E+001  -0.411605E-009   0.453818E-009
   0.323848E+002   0.100000E+001  -0.318397E-009   0.339910E-009
   0.324649E+002   0.100000E+001  -0.245229E-009   0.253420E-009
   0.325451E+002   0.100000E+001  -0.188072E-009   0.188080E-009
   0.326253E+002   0.100000E+001  -0.143633E-009   0.138966E-009
   0.327054E+002   0.100000E+001  -0.109245E-009   0.102231E-009
   0.327856E+002   0.100000E+001  -0.827585E-010   0.748871E-010
   0.328657E+002   0.100000E+001  -0.624495E-010   0.546300E-010
   0.329459E+002   0.100000E+001  -0.469463E-010   0.396925E-010
   0.330261E+002   0.100000E+001  -0.351627E-010   0.287271E-010
   0.331062E+002   0.100000E+001  -0.262436E-010   0.207128E-010
   0.331864E+002   0.100000E+001  -0.195202E-010   0.148801E-010
   0.332665E+002   0.100000E+001  -0.144717E-010   0.106526E-010
   0.333467E+002   0.100000E+001  -0.106952E-010   0.760062E-011
   0.334269E+002   0.100000E+001  -0.788043E-011   0.540560E-011
   0.335070E+002   0.100000E+001  -0.578979E-011   0.383267E-011
   0.335872E+002   0.100000E+001  -0.424216E-011   0.270946E-011
   0.336673E+002   0.100000E+001  -0.310012E-011   0.191006E-011
   0.337475E+002   0.100000E+001  -0.225993E-011   0.134292E-011
   0.338277E+002   0.100000E+001  -0.164359E-011   0.941789E-012
   0.339078E+002   0.100000E+001  -0.119268E-011   0.658884E-012
   0.339880E+002   0.100000E+001  -0.863664E-012   0.459907E-012
   0.340681E+002   0.100000E+001  -0.624169E-012   0.320323E-012
   0.341483E+002   0.100000E+001  -0.450242E-012   0.222645E-012
   0.342285E+002   0.100000E+001  -0.324207E-012   0.154451E-012
   0.343086E+002   0.100000E+001  -0.233064E-012   0.106946E-012
   0.343888E+002   0.100000E+001  -0.167281E-012   0.739228E-013
   0.344689E+002   0.100000E+001  -0.119888E-012   0.510117E-013
   0.345491E+002   0.100000E+001  -0.858033E-013   0.351461E-013
   0.346293E+002   0.100000E+001  -0.613284E-013   0.241788E-013
   0.347094E+002   0.100000E+001  -0.437808E-013   0.166102E-013
   0.347896E+002   0.100000E+001  -0.312177E-013   0.113954E-013
   0.348697E+002   0.100000E+001  -0.222353E-013   0.780764E-014
   0.349499E+002   0.100000E+001  -0.158211E-013   0.534290E-014
   0.350301E+002   0.100000E+001  -0.112462E-013   0.365193E-014
   0.351102E+002   0.100000E+001  -0.798677E-014   0.249331E-014
   0.351904E+002   0.100000E+001  -0.566706E-014   0.170042E-014
   0.352705E+002   0.100000E+001  -0.401776E-014   0.115846E-014
   0.353507E+002   0.100000E+001  -0.284621E-014   0.788434E-015
   0.354309E+002   0.100000E+001  -0.201475E-014   0.536067E-015
   0.355110E+002   0.100000E+001  -0.142516E-014   0.364128E-015
   0.355912E+002   0.100000E+001  -0.100741E-014   0.247104E-015
   0.356713E+002   0.100000E+001  -0.711639E-015   0.167533E-015
   0.357515E+002   0.100000E+001  -0.502382E-015   0.113481E-015
   0.358317E+002   0.100000E+001  -0.354436E-015   0.767982E-016
   0.359118E+002   0.100000E+001  -0.249907E-015   0.519259E-016
   0.359920E+002   0.100000E+001  -0.176101E-015   0.350770E-016
   0.360721E+002   0.100000E+001  -0.124020E-015   0.236735E-016
   0.361523E+002   0.100000E+001  -0.872917E-016   0.159625E-016
   0.362325E+002   0.100000E+001  -0.614054E-016   0.107531E-016
   0.363126E+002   0.100000E+001  -0.431712E-016   0.723686E-017
   0.363928E+002   0.100000E+001  -0.303344E-016   0.486566E-017
   0.364729E+002   0.100000E+001  -0.213024E-016   0.326811E-017
   0.365531E+002   0.100000E+001  -0.149510E-016   0.219282E-017
   0.366333E+002   0.100000E+001  -0.104872E-016   0.146975E-017
   0.367134E+002   0.100000E+001  -0.735170E-017   0.984016E-018
   0.367936E+002   0.100000E+001  -0.515050E-017   0.658048E-018
   0.368737E+002   0.100000E+001  -0.360609E-017   0.439531E-018
   0.369539E+002   0.100000E+001  -0.252314E-017   0.293205E-018
   0.370341E+002   0.100000E+001  -0.176421E-017   0.195333E-018
   0.371142E+002   0.100000E+001  -0.123269E-017   0.129950E-018
   0.371944E+002   0.100000E+001  -0.860668E-018   0.863245E-019
   0.372745E+002   0.100000E+001  -0.600455E-018   0.572553E-019
   0.373547E+002   0.100000E+001  -0.418572E-018   0.379122E-019
   0.374349E+002   0.100000E+001  -0.291531E-018   0.250600E-019
   0.375150E+002   0.100000E+001  -0.202862E-018   0.165337E-019
   0.375952E+002   0.100000E+001  -0.141024E-018   0.108866E-019
   0.376754E+002   0.100000E+001  -0.979342E-019   0.715294E-020
   0.377555E+002   0.100000E+001  -0.679346E-019   0.468903E-020
   0.378357E+002   0.100000E+001  -0.470682E-019   0.306626E-020
   0.379158E+002   0.100000E+001  -0.325690E-019   0.199978E-020
   0.379960E+002   0.100000E+001  -0.225048E-019   0.130048E-020
   0.380762E+002   0.100000E+001  -0.155271E-019   0.843089E-021
   0.381563E+002   0.100000E+001  -0.106952E-019   0.544713E-021
   0.382365E+002   0.100000E+001  -0.735370E-020   0.350633E-021
   0.383166E+002   0.100000E+001  -0.504622E-020   0.224788E-021
   0.383968E+002   0.100000E+001  -0.345528E-020   0.143468E-021
   0.384770E+002   0.100000E+001  -0.236025E-020   0.911151E-022
   0.385571E+002   0.100000E+001  -0.160794E-020   0.575500E-022
   0.386373E+002   0.100000E+001  -0.109216E-020   0.361279E-022
   0.387174E+002   0.100000E+001  -0.739338E-021   0.225245E-022
   0.387976E+002   0.100000E+001  -0.498599E-021   0.139347E-022
   0.388778E+002   0.100000E+001  -0.334799E-021   0.854474E-023
   0.389579E+002   0.100000E+001  -0.223699E-021   0.518680E-023
   0.390381E+002   0.100000E+001  -0.148614E-021   0.311175E-023
   0.391182E+002   0.100000E+001  -0.980768E-022   0.184144E-023
   0.391984E+002   0.100000E+001  -0.642221E-022   0.107221E-023
   0.392786E+002   0.100000E+001  -0.416684E-022   0.612350E-024
   0.393587E+002   0.100000E+001  -0.267415E-022   0.341612E-024
   0.394389E+002   0.100000E+001  -0.169397E-022   0.185147E-024
   0.395190E+002   0.100000E+001  -0.105637E-022   0.967568E-025
   0.395992E+002   0.100000E+001  -0.646254E-023   0.482199E-025
   0.396794E+002   0.100000E+001  -0.385707E-023   0.225027E-025
   0.397595E+002   0.100000E+001  -0.221942E-023   0.949325E-026
   0.398397E+002   0.100000E+001  -0.118889E-023   0.332662E-026
   0.399198E+002   0.100000E+001  -0.511074E-024   0.697001E-027
   0.400000E+002   0.100000E+001  -0.000000E+000   0.000000E+000
   0.400802E+002   0.100000E+001  -0.238119E-023   0.545040E-027

