  -0.801603E-001   0.100000E+001   0.579926E-001  -0.115091E+000
   0.000000E+000   0.100000E+001   0.179876E-001  -0.142999E+000
   0.801603E-001   0.100000E+001   0.261366E-001  -0.135988E+000
   0.160321E+000   0.100000E+001   0.344524E-001  -0.125275E+000
   0.240481E+000   0.100000E+001   0.425213E-001  -0.110709E+000
   0.320641E+000   0.100000E+001   0.498918E-001  -0.923567E-001
   0.400802E+000   0.100000E+001   0.560085E-001  -0.705279E-001
   0.480962E+000   0.100000E+001   0.603472E-001  -0.459017E-001
   0.561122E+000   0.100000E+001   0.624802E-001  -0.194934E-001
   0.641283E+000   0.100000E+001   0.621788E-001   0.742471E-002
   0.721443E+000   0.100000E+001   0.594766E-001   0.334999E-001
   0.801603E+000   0.100000E+001   0.546581E-001   0.575084E-001
   0.881764E+000   0.100000E+001   0.481855E-001   0.785142E-001
   0.961924E+000   0.100000E+001   0.405965E-001   0.959334E-001
   0.104208E+001   0.100000E+001   0.324126E-001   0.109511E+000
   0.112224E+001   0.100000E+001   0.240794E-001   0.119249E+000
   0.120240E+001   0.100000E+001   0.159418E-001   0.125322E+000
   0.128257E+001   0.100000E+001   0.824157E-002   0.128003E+000
   0.136273E+001   0.100000E+001   0.112950E-002   0.127618E+000
   0.144289E+001   0.100000E+001  -0.531789E-002   0.124507E+000
   0.152305E+001   0.100000E+001  -0.110797E-001   0.119009E+000
   0.160321E+001   0.100000E+001  -0.161703E-001   0.111453E+000
   0.168337E+001   0.100000E+001  -0.206200E-001   0.102150E+000
   0.176353E+001   0.100000E+001  -0.244600E-001   0.913827E-001
   0.184369E+001   0.100000E+001  -0.277194E-001   0.793968E-001
   0.192385E+001   0.100000E+001  -0.304294E-001   0.663953E-001
   0.200401E+001   0.100000E+001  -0.326292E-001   0.525466E-001
   0.208417E+001   0.100000E+001  -0.343658E-001   0.379968E-001
   0.216433E+001   0.100000E+001  -0.356889E-001   0.228795E-001
   0.224449E+001   0.100000E+001  -0.366444E-001   0.732245E-002
   0.232465E+001   0.100000E+001  -0.372697E-001  -0.855008E-002
   0.240481E+001   0.100000E+001  -0.375918E-001  -0.246171E-001
   0.248497E+001   0.100000E+001  -0.376271E-001  -0.407605E-001
   0.256513E+001   0.100000E+001  -0.373830E-001  -0.568644E-001
   0.264529E+001   0.100000E+001  -0.368579E-001  -0.728143E-001
   0.272545E+001   0.100000E+001  -0.360421E-001  -0.884948E-001
   0.280561E+001   0.100000E+001  -0.349170E-001  -0.103787E+000
   0.288577E+001   0.100000E+001  -0.334546E-001  -0.118565E+000
   0.296593E+001   0.100000E+001  -0.316177E-001  -0.132691E+000
   0.304609E+001   0.100000E+001  -0.293611E-001  -0.146011E+000
   0.312625E+001   0.100000E+001  -0.266340E-001  -0.158355E+000
   0.320641E+001   0.100000E+001  -0.233821E-001  -0.169529E+000
   0.328657E+001   0.100000E+001  -0.195504E-001  -0.179318E+000
   0.336673E+001   0.100000E+001  -0.150864E-001  -0.187479E+000
   0.344689E+001   0.100000E+001  -0.994648E-002  -0.193746E+000
   0.352705E+001   0.100000E+001  -0.410328E-002  -0.197826E+000
   0.360721E+001   0.100000E+001   0.244374E-002  -0.199404E+000
   0.368737E+001   0.100000E+001   0.965464E-002  -0.198148E+000
   0.376754E+001   0.100000E+001   0.174316E-001  -0.193723E+000
   0.384770E+001   0.100000E+001   0.255990E-001  -0.185814E+000
   0.392786E+001   0.100000E+001   0.338837E-001  -0.174165E+000
   0.400802E+001   0.100000E+001   0.419037E-001  -0.158642E+000
   0.408818E+001   0.100000E+001   0.491747E-001  -0.139313E+000
   0.416834E+001   0.100000E+001   0.551486E-001  -0.116540E+000
   0.424850E+001   0.100000E+001   0.592902E-001  -0.910401E-001
   0.432866E+001   0.100000E+001   0.611814E-001  -0.638792E-001
   0.440882E+001   0.100000E+001   0.606212E-001  -0.363676E-001
   0.448898E+001   0.100000E+001   0.576766E-001  -0.986687E-002
   0.456914E+001   0.100000E+001   0.526615E-001   0.144183E-001
   0.464930E+001   0.100000E+001   0.460558E-001   0.355891E-001
   0.472946E+001   0.100000E+001   0.384016E-001   0.531038E-001
   0.480962E+001   0.100000E+001   0.302171E-001   0.667450E-001
   0.488978E+001   0.100000E+001   0.219412E-001   0.765443E-001
   0.496994E+001   0.100000E+001   0.139111E-001   0.826993E-001
   0.505010E+001   0.100000E+001   0.636192E-002   0.855030E-001
   0.513026E+001   0.100000E+001  -0.561378E-003   0.852928E-001
   0.521042E+001   0.100000E+001  -0.678657E-002   0.824151E-001
   0.529058E+001   0.100000E+001  -0.122961E-001   0.772047E-001
   0.537074E+001   0.100000E+001  -0.171099E-001   0.699721E-001
   0.545090E+001   0.100000E+001  -0.212705E-001   0.609986E-001
   0.553106E+001   0.100000E+001  -0.248312E-001   0.505352E-001
   0.561122E+001   0.100000E+001  -0.278476E-001   0.388052E-001
   0.569138E+001   0.100000E+001  -0.303722E-001   0.260079E-001
   0.577154E+001   0.100000E+001  -0.324526E-001   0.123227E-001
   0.585170E+001   0.100000E+001  -0.341305E-001  -0.208756E-002
   0.593186E+001   0.100000E+001  -0.354425E-001  -0.170740E-001
   0.601202E+001   0.100000E+001  -0.364203E-001  -0.325001E-001
   0.609218E+001   0.100000E+001  -0.370906E-001  -0.482409E-001
   0.617234E+001   0.100000E+001  -0.374739E-001  -0.641808E-001
   0.625251E+001   0.100000E+001  -0.375825E-001  -0.802119E-001
   0.633267E+001   0.100000E+001  -0.374191E-001  -0.962298E-001
   0.641283E+001   0.100000E+001  -0.369755E-001  -0.112129E+000
   0.649299E+001   0.100000E+001  -0.362325E-001  -0.127800E+000
   0.657315E+001   0.100000E+001  -0.351611E-001  -0.143121E+000
   0.665331E+001   0.100000E+001  -0.337241E-001  -0.157956E+000
   0.673347E+001   0.100000E+001  -0.318790E-001  -0.172154E+000
   0.681363E+001   0.100000E+001  -0.295798E-001  -0.185546E+000
   0.689379E+001   0.100000E+001  -0.267789E-001  -0.197944E+000
   0.697395E+001   0.100000E+001  -0.234288E-001  -0.209141E+000
   0.705411E+001   0.100000E+001  -0.194833E-001  -0.218913E+000
   0.713427E+001   0.100000E+001  -0.148998E-001  -0.227013E+000
   0.721443E+001   0.100000E+001  -0.964327E-002  -0.233173E+000
   0.729459E+001   0.100000E+001  -0.369362E-002  -0.237104E+000
   0.737475E+001   0.100000E+001   0.294364E-002  -0.238494E+000
   0.745491E+001   0.100000E+001   0.102215E-001  -0.237014E+000
   0.753507E+001   0.100000E+001   0.180319E-001  -0.232335E+000
   0.761523E+001   0.100000E+001   0.261842E-001  -0.224154E+000
   0.769539E+001   0.100000E+001   0.343893E-001  -0.212238E+000
   0.777555E+001   0.100000E+001   0.422557E-001  -0.196491E+000
   0.785571E+001   0.100000E+001   0.493095E-001  -0.177032E+000
   0.793587E+001   0.100000E+001   0.550420E-001  -0.154264E+000
   0.801603E+001   0.100000E+001   0.589816E-001  -0.128915E+000
   0.809619E+001   0.100000E+001   0.607743E-001  -0.102007E+000
   0.817635E+001   0.100000E+001   0.602503E-001  -0.747625E-001
   0.825651E+001   0.100000E+001   0.574573E-001  -0.484504E-001
   0.833667E+001   0.100000E+001   0.526513E-001  -0.242228E-001
   0.841683E+001   0.100000E+001   0.462478E-001  -0.298127E-002
   0.849699E+001   0.100000E+001   0.387467E-001   0.146914E-001
   0.857715E+001   0.100000E+001   0.306524E-001   0.285279E-001
   0.865731E+001   0.100000E+001   0.224102E-001   0.385210E-001
   0.873747E+001   0.100000E+001   0.143703E-001   0.448446E-001
   0.881764E+001   0.100000E+001   0.677839E-002   0.477801E-001
   0.889780E+001   0.100000E+001  -0.214259E-003   0.476576E-001
   0.897796E+001   0.100000E+001  -0.653154E-002   0.448177E-001
   0.905812E+001   0.100000E+001  -0.121505E-001   0.395895E-001
   0.913828E+001   0.100000E+001  -0.170818E-001   0.322803E-001
   0.921844E+001   0.100000E+001  -0.213545E-001   0.231732E-001
   0.929860E+001   0.100000E+001  -0.250070E-001   0.125289E-001
   0.937876E+001   0.100000E+001  -0.280813E-001   0.587430E-003
   0.945892E+001   0.100000E+001  -0.306211E-001  -0.124293E-001
   0.953908E+001   0.100000E+001  -0.326716E-001  -0.263170E-001
   0.961924E+001   0.100000E+001  -0.342792E-001  -0.408892E-001
   0.969940E+001   0.100000E+001  -0.354904E-001  -0.559783E-001
   0.977956E+001   0.100000E+001  -0.363498E-001  -0.714360E-001
   0.985972E+001   0.100000E+001  -0.368969E-001  -0.871332E-001
   0.993988E+001   0.100000E+001  -0.371626E-001  -0.102957E+000
   0.100200E+002   0.100000E+001  -0.371666E-001  -0.118806E+000
   0.101002E+002   0.100000E+001  -0.369153E-001  -0.134585E+000
   0.101804E+002   0.100000E+001  -0.364020E-001  -0.150198E+000
   0.102605E+002   0.100000E+001  -0.356089E-001  -0.165545E+000
   0.103407E+002   0.100000E+001  -0.345093E-001  -0.180512E+000
   0.104208E+002   0.100000E+001  -0.330707E-001  -0.194974E+000
   0.105010E+002   0.100000E+001  -0.312572E-001  -0.208793E+000
   0.105812E+002   0.100000E+001  -0.290302E-001  -0.221815E+000
   0.106613E+002   0.100000E+001  -0.263481E-001  -0.233874E+000
   0.107415E+002   0.100000E+001  -0.231657E-001  -0.244789E+000
   0.108216E+002   0.100000E+001  -0.194328E-001  -0.254360E+000
   0.109018E+002   0.100000E+001  -0.150955E-001  -0.262366E+000
   0.109820E+002   0.100000E+001  -0.100998E-001  -0.268558E+000
   0.110621E+002   0.100000E+001  -0.440042E-002  -0.272655E+000
   0.111423E+002   0.100000E+001   0.202500E-002  -0.274342E+000
   0.112224E+002   0.100000E+001   0.915647E-002  -0.273274E+000
   0.113026E+002   0.100000E+001   0.169074E-001  -0.269088E+000
   0.113828E+002   0.100000E+001   0.251001E-001  -0.261438E+000
   0.114629E+002   0.100000E+001   0.334459E-001  -0.250040E+000
   0.115431E+002   0.100000E+001   0.415412E-001  -0.234740E+000
   0.116232E+002   0.100000E+001   0.488861E-001  -0.215607E+000
   0.117034E+002   0.100000E+001   0.549348E-001  -0.193008E+000
   0.117836E+002   0.100000E+001   0.591716E-001  -0.167657E+000
   0.118637E+002   0.100000E+001   0.611997E-001  -0.140597E+000
   0.119439E+002   0.100000E+001   0.608190E-001  -0.113099E+000
   0.120240E+002   0.100000E+001   0.580714E-001  -0.865014E-001
   0.121042E+002   0.100000E+001   0.532358E-001  -0.620146E-001
   0.121844E+002   0.100000E+001   0.467720E-001  -0.405715E-001
   0.122645E+002   0.100000E+001   0.392272E-001  -0.227494E-001
   0.123447E+002   0.100000E+001   0.311397E-001  -0.878338E-002
   0.124248E+002   0.100000E+001   0.229670E-001   0.136016E-002
   0.125050E+002   0.100000E+001   0.150527E-001   0.789045E-002
   0.125852E+002   0.100000E+001   0.762615E-002   0.111113E-001
   0.126653E+002   0.100000E+001   0.818703E-003   0.113630E-001
   0.127455E+002   0.100000E+001  -0.531151E-002   0.898663E-002
   0.128257E+002   0.100000E+001  -0.107562E-001   0.430523E-002
   0.129058E+002   0.100000E+001  -0.155378E-001  -0.238367E-002
   0.129860E+002   0.100000E+001  -0.196952E-001  -0.108095E-001
   0.130661E+002   0.100000E+001  -0.232754E-001  -0.207273E-001
   0.131463E+002   0.100000E+001  -0.263280E-001  -0.319156E-001
   0.132265E+002   0.100000E+001  -0.289022E-001  -0.441740E-001
   0.133066E+002   0.100000E+001  -0.310453E-001  -0.573223E-001
   0.133868E+002   0.100000E+001  -0.328011E-001  -0.711987E-001
   0.134669E+002   0.100000E+001  -0.342090E-001  -0.856587E-001
   0.135471E+002   0.100000E+001  -0.353017E-001  -0.100573E+000
   0.136273E+002   0.100000E+001  -0.361041E-001  -0.115826E+000
   0.137074E+002   0.100000E+001  -0.366323E-001  -0.131310E+000
   0.137876E+002   0.100000E+001  -0.368924E-001  -0.146923E+000
   0.138677E+002   0.100000E+001  -0.368806E-001  -0.162563E+000
   0.139479E+002   0.100000E+001  -0.365842E-001  -0.178126E+000
   0.140281E+002   0.100000E+001  -0.359825E-001  -0.193500E+000
   0.141082E+002   0.100000E+001  -0.350483E-001  -0.208562E+000
   0.141884E+002   0.100000E+001  -0.337496E-001  -0.223177E+000
   0.142685E+002   0.100000E+001  -0.320501E-001  -0.237196E+000
   0.143487E+002   0.100000E+001  -0.299106E-001  -0.250458E+000
   0.144289E+002   0.100000E+001  -0.272893E-001  -0.262782E+000
   0.145090E+002   0.100000E+001  -0.241425E-001  -0.273974E+000
   0.145892E+002   0.100000E+001  -0.204260E-001  -0.283819E+000
   0.146693E+002   0.100000E+001  -0.160977E-001  -0.292083E+000
   0.147495E+002   0.100000E+001  -0.111220E-001  -0.298512E+000
   0.148297E+002   0.100000E+001  -0.547680E-002  -0.302830E+000
   0.149098E+002   0.100000E+001   0.836683E-003  -0.304740E+000
   0.149900E+002   0.100000E+001   0.778072E-002  -0.303933E+000
   0.150701E+002   0.100000E+001   0.152661E-001  -0.300101E+000
   0.151503E+002   0.100000E+001   0.231360E-001  -0.292954E+000
   0.152305E+002   0.100000E+001   0.311524E-001  -0.282261E+000
   0.153106E+002   0.100000E+001   0.389891E-001  -0.267891E+000
   0.153908E+002   0.100000E+001   0.462379E-001  -0.249881E+000
   0.154709E+002   0.100000E+001   0.524357E-001  -0.228501E+000
   0.155511E+002   0.100000E+001   0.571143E-001  -0.204302E+000
   0.156313E+002   0.100000E+001   0.598723E-001  -0.178135E+000
   0.157114E+002   0.100000E+001   0.604518E-001  -0.151089E+000
   0.157916E+002   0.100000E+001   0.587960E-001  -0.124376E+000
   0.158717E+002   0.100000E+001   0.550644E-001  -0.991655E-001
   0.159519E+002   0.100000E+001   0.495969E-001  -0.764347E-001
   0.160321E+002   0.100000E+001   0.428432E-001  -0.568779E-001
   0.161122E+002   0.100000E+001   0.352813E-001  -0.408872E-001
   0.161924E+002   0.100000E+001   0.273534E-001  -0.285917E-001
   0.162725E+002   0.100000E+001   0.194270E-001  -0.199234E-001
   0.163527E+002   0.100000E+001   0.117809E-001  -0.146843E-001
   0.164329E+002   0.100000E+001   0.460804E-002  -0.126019E-001
   0.165130E+002   0.100000E+001  -0.197182E-002  -0.133691E-001
   0.165932E+002   0.100000E+001  -0.789713E-002  -0.166700E-001
   0.166733E+002   0.100000E+001  -0.131494E-001  -0.221957E-001
   0.167535E+002   0.100000E+001  -0.177400E-001  -0.296533E-001
   0.168337E+002   0.100000E+001  -0.217001E-001  -0.387703E-001
   0.169138E+002   0.100000E+001  -0.250723E-001  -0.492960E-001
   0.169940E+002   0.100000E+001  -0.279049E-001  -0.610024E-001
   0.170741E+002   0.100000E+001  -0.302477E-001  -0.736832E-001
   0.171543E+002   0.100000E+001  -0.321486E-001  -0.871522E-001
   0.172345E+002   0.100000E+001  -0.336520E-001  -0.101242E+000
   0.173146E+002   0.100000E+001  -0.347968E-001  -0.115803E+000
   0.173948E+002   0.100000E+001  -0.356158E-001  -0.130699E+000
   0.174749E+002   0.100000E+001  -0.361349E-001  -0.145806E+000
   0.175551E+002   0.100000E+001  -0.363727E-001  -0.161009E+000
   0.176353E+002   0.100000E+001  -0.363404E-001  -0.176200E+000
   0.177154E+002   0.100000E+001  -0.360420E-001  -0.191278E+000
   0.177956E+002   0.100000E+001  -0.354736E-001  -0.206138E+000
   0.178758E+002   0.100000E+001  -0.346243E-001  -0.220677E+000
   0.179559E+002   0.100000E+001  -0.334756E-001  -0.234789E+000
   0.180361E+002   0.100000E+001  -0.320018E-001  -0.248356E+000
   0.181162E+002   0.100000E+001  -0.301702E-001  -0.261256E+000
   0.181964E+002   0.100000E+001  -0.279414E-001  -0.273348E+000
   0.182766E+002   0.100000E+001  -0.252704E-001  -0.284479E+000
   0.183567E+002   0.100000E+001  -0.221073E-001  -0.294475E+000
   0.184369E+002   0.100000E+001  -0.184001E-001  -0.303139E+000
   0.185170E+002   0.100000E+001  -0.140980E-001  -0.310251E+000
   0.185972E+002   0.100000E+001  -0.915705E-002  -0.315564E+000
   0.186774E+002   0.100000E+001  -0.354733E-002  -0.318804E+000
   0.187575E+002   0.100000E+001   0.273620E-002  -0.319673E+000
   0.188377E+002   0.100000E+001   0.966043E-002  -0.317857E+000
   0.189178E+002   0.100000E+001   0.171380E-001  -0.313034E+000
   0.189980E+002   0.100000E+001   0.250095E-001  -0.304904E+000
   0.190782E+002   0.100000E+001   0.330273E-001  -0.293217E+000
   0.191583E+002   0.100000E+001   0.408457E-001  -0.277835E+000
   0.192385E+002   0.100000E+001   0.480258E-001  -0.258795E+000
   0.193186E+002   0.100000E+001   0.540650E-001  -0.236395E+000
   0.193988E+002   0.100000E+001   0.584577E-001  -0.211247E+000
   0.194790E+002   0.100000E+001   0.607828E-001  -0.184293E+000
   0.195591E+002   0.100000E+001   0.607973E-001  -0.156727E+000
   0.196393E+002   0.100000E+001   0.584989E-001  -0.129841E+000
   0.197194E+002   0.100000E+001   0.541286E-001  -0.104828E+000
   0.197996E+002   0.100000E+001   0.481102E-001  -0.826226E-001
   0.198798E+002   0.100000E+001   0.409551E-001  -0.638267E-001
   0.199599E+002   0.100000E+001   0.331706E-001  -0.487170E-001
   0.200401E+002   0.100000E+001   0.251971E-001  -0.373125E-001
   0.201202E+002   0.100000E+001   0.173793E-001  -0.294558E-001
   0.202004E+002   0.100000E+001   0.996231E-002  -0.248842E-001
   0.202806E+002   0.100000E+001   0.310342E-002  -0.232840E-001
   0.203607E+002   0.100000E+001  -0.311107E-002  -0.243255E-001
   0.204409E+002   0.100000E+001  -0.864794E-002  -0.276845E-001
   0.205210E+002   0.100000E+001  -0.135115E-001  -0.330542E-001
   0.206012E+002   0.100000E+001  -0.177308E-001  -0.401511E-001
   0.206814E+002   0.100000E+001  -0.213500E-001  -0.487177E-001
   0.207615E+002   0.100000E+001  -0.244211E-001  -0.585231E-001
   0.208417E+002   0.100000E+001  -0.269987E-001  -0.693618E-001
   0.209218E+002   0.100000E+001  -0.291359E-001  -0.810523E-001
   0.210020E+002   0.100000E+001  -0.308817E-001  -0.934349E-001
   0.210822E+002   0.100000E+001  -0.322796E-001  -0.106369E+000
   0.211623E+002   0.100000E+001  -0.333660E-001  -0.119729E+000
   0.212425E+002   0.100000E+001  -0.341698E-001  -0.133403E+000
   0.213226E+002   0.100000E+001  -0.347124E-001  -0.147287E+000
   0.214028E+002   0.100000E+001  -0.350077E-001  -0.161285E+000
   0.214830E+002   0.100000E+001  -0.350624E-001  -0.175304E+000
   0.215631E+002   0.100000E+001  -0.348765E-001  -0.189250E+000
   0.216433E+002   0.100000E+001  -0.344429E-001  -0.203031E+000
   0.217234E+002   0.100000E+001  -0.337477E-001  -0.216550E+000
   0.218036E+002   0.100000E+001  -0.327704E-001  -0.229704E+000
   0.218838E+002   0.100000E+001  -0.314842E-001  -0.242382E+000
   0.219639E+002   0.100000E+001  -0.298559E-001  -0.254461E+000
   0.220441E+002   0.100000E+001  -0.278472E-001  -0.265806E+000
   0.221242E+002   0.100000E+001  -0.254153E-001  -0.276264E+000
   0.222044E+002   0.100000E+001  -0.225148E-001  -0.285669E+000
   0.222846E+002   0.100000E+001  -0.190995E-001  -0.293830E+000
   0.223647E+002   0.100000E+001  -0.151252E-001  -0.300539E+000
   0.224449E+002   0.100000E+001  -0.105547E-001  -0.305566E+000
   0.225251E+002   0.100000E+001  -0.536287E-002  -0.308659E+000
   0.226052E+002   0.100000E+001   0.454448E-003  -0.309548E+000
   0.226854E+002   0.100000E+001   0.687051E-002  -0.307951E+000
   0.227655E+002   0.100000E+001   0.138153E-001  -0.303580E+000
   0.228457E+002   0.100000E+001   0.211622E-001  -0.296161E+000
   0.229259E+002   0.100000E+001   0.287147E-001  -0.285461E+000
   0.230060E+002   0.100000E+001   0.361970E-001  -0.271325E+000
   0.230862E+002   0.100000E+001   0.432535E-001  -0.253730E+000
   0.231663E+002   0.100000E+001   0.494637E-001  -0.232850E+000
   0.232465E+002   0.100000E+001   0.543818E-001  -0.209107E+000
   0.233267E+002   0.100000E+001   0.576001E-001  -0.183208E+000
   0.234068E+002   0.100000E+001   0.588263E-001  -0.156111E+000
   0.234870E+002   0.100000E+001   0.579475E-001  -0.128926E+000
   0.235671E+002   0.100000E+001   0.550563E-001  -0.102773E+000
   0.236473E+002   0.100000E+001   0.504254E-001  -0.786299E-001
   0.237275E+002   0.100000E+001   0.444458E-001  -0.572346E-001
   0.238076E+002   0.100000E+001   0.375546E-001  -0.390492E-001
   0.238878E+002   0.100000E+001   0.301729E-001  -0.242810E-001
   0.239679E+002   0.100000E+001   0.226657E-001  -0.129329E-001
   0.240481E+002   0.100000E+001   0.153215E-001  -0.486375E-002
   0.241283E+002   0.100000E+001   0.834804E-002   0.157375E-003
   0.242084E+002   0.100000E+001   0.187965E-002   0.240775E-002
   0.242886E+002   0.100000E+001  -0.401034E-002   0.218053E-002
   0.243687E+002   0.100000E+001  -0.929517E-002  -0.235138E-003
   0.244489E+002   0.100000E+001  -0.139808E-001  -0.456582E-002
   0.245291E+002   0.100000E+001  -0.180938E-001  -0.105595E-001
   0.246092E+002   0.100000E+001  -0.216727E-001  -0.179875E-001
   0.246894E+002   0.100000E+001  -0.247606E-001  -0.266438E-001
   0.247695E+002   0.100000E+001  -0.274013E-001  -0.363435E-001
   0.248497E+002   0.100000E+001  -0.296370E-001  -0.469209E-001
   0.249299E+002   0.100000E+001  -0.315065E-001  -0.582269E-001
   0.250100E+002   0.100000E+001  -0.330453E-001  -0.701276E-001
   0.250902E+002   0.100000E+001  -0.342847E-001  -0.825027E-001
   0.251703E+002   0.100000E+001  -0.352518E-001  -0.952439E-001
   0.252505E+002   0.100000E+001  -0.359679E-001  -0.108253E+000
   0.253307E+002   0.100000E+001  -0.364479E-001  -0.121441E+000
   0.254108E+002   0.100000E+001  -0.366989E-001  -0.134721E+000
   0.254910E+002   0.100000E+001  -0.367193E-001  -0.148011E+000
   0.255711E+002   0.100000E+001  -0.364990E-001  -0.161225E+000
   0.256513E+002   0.100000E+001  -0.360200E-001  -0.174270E+000
   0.257315E+002   0.100000E+001  -0.352576E-001  -0.187046E+000
   0.258116E+002   0.100000E+001  -0.341818E-001  -0.199439E+000
   0.258918E+002   0.100000E+001  -0.327589E-001  -0.211326E+000
   0.259719E+002   0.100000E+001  -0.309523E-001  -0.222569E+000
   0.260521E+002   0.100000E+001  -0.287221E-001  -0.233016E+000
   0.261323E+002   0.100000E+001  -0.260252E-001  -0.242502E+000
   0.262124E+002   0.100000E+001  -0.228141E-001  -0.250844E+000
   0.262926E+002   0.100000E+001  -0.190375E-001  -0.257842E+000
   0.263727E+002   0.100000E+001  -0.146430E-001  -0.263269E+000
   0.264529E+002   0.100000E+001  -0.958233E-002  -0.266871E+000
   0.265331E+002   0.100000E+001  -0.382224E-002  -0.268366E+000
   0.266132E+002   0.100000E+001   0.264203E-002  -0.267440E+000
   0.266934E+002   0.100000E+001   0.976915E-002  -0.263765E+000
   0.267735E+002   0.100000E+001   0.174536E-001  -0.257009E+000
   0.268537E+002   0.100000E+001   0.255104E-001  -0.246868E+000
   0.269339E+002   0.100000E+001   0.336667E-001  -0.233112E+000
   0.270140E+002   0.100000E+001   0.415648E-001  -0.215633E+000
   0.270942E+002   0.100000E+001   0.487782E-001  -0.194505E+000
   0.271743E+002   0.100000E+001   0.548406E-001  -0.170041E+000
   0.272545E+002   0.100000E+001   0.592877E-001  -0.142833E+000
   0.273347E+002   0.100000E+001   0.617153E-001  -0.113765E+000
   0.274148E+002   0.100000E+001   0.618536E-001  -0.839756E-001
   0.274950E+002   0.100000E+001   0.596416E-001  -0.547380E-001
   0.275752E+002   0.100000E+001   0.552666E-001  -0.272851E-001
   0.276553E+002   0.100000E+001   0.491338E-001  -0.262271E-002
   0.277355E+002   0.100000E+001   0.417718E-001   0.185861E-001
   0.278156E+002   0.100000E+001   0.337173E-001   0.360292E-001
   0.278958E+002   0.100000E+001   0.254302E-001   0.496732E-001
   0.279760E+002   0.100000E+001   0.172581E-001   0.596655E-001
   0.280561E+002   0.100000E+001   0.943974E-002   0.662515E-001
   0.281363E+002   0.100000E+001   0.212796E-002   0.697198E-001
   0.282164E+002   0.100000E+001  -0.458458E-002   0.703729E-001
   0.282966E+002   0.100000E+001  -0.106440E-001   0.685147E-001
   0.283768E+002   0.100000E+001  -0.160218E-001   0.644468E-001
   0.284569E+002   0.100000E+001  -0.207085E-001   0.584663E-001
   0.285371E+002   0.100000E+001  -0.247105E-001   0.508636E-001
   0.286172E+002   0.100000E+001  -0.280481E-001   0.419187E-001
   0.286974E+002   0.100000E+001  -0.307533E-001   0.318970E-001
   0.287776E+002   0.100000E+001  -0.328663E-001   0.210449E-001
   0.288577E+002   0.100000E+001  -0.344313E-001   0.958803E-002
   0.289379E+002   0.100000E+001  -0.354918E-001  -0.227016E-002
   0.290180E+002   0.100000E+001  -0.360866E-001  -0.143463E-001
   0.290982E+002   0.100000E+001  -0.362472E-001  -0.264743E-001
   0.291784E+002   0.100000E+001  -0.359966E-001  -0.385010E-001
   0.292585E+002   0.100000E+001  -0.353498E-001  -0.502817E-001
   0.293387E+002   0.100000E+001  -0.343162E-001  -0.616772E-001
   0.294188E+002   0.100000E+001  -0.329017E-001  -0.725511E-001
   0.294990E+002   0.100000E+001  -0.311121E-001  -0.827697E-001
   0.295792E+002   0.100000E+001  -0.289550E-001  -0.922025E-001
   0.296593E+002   0.100000E+001  -0.264403E-001  -0.100724E+000
   0.297395E+002   0.100000E+001  -0.235801E-001  -0.108214E+000
   0.298196E+002   0.100000E+001  -0.203863E-001  -0.114560E+000
   0.298998E+002   0.100000E+001  -0.168683E-001  -0.119654E+000
   0.299800E+002   0.100000E+001  -0.130307E-001  -0.123389E+000
   0.300601E+002   0.100000E+001  -0.887466E-002  -0.125649E+000
   0.301403E+002   0.100000E+001  -0.440369E-002  -0.126307E+000
   0.302204E+002   0.100000E+001   0.361714E-003  -0.125212E+000
   0.303006E+002   0.100000E+001   0.535919E-002  -0.122198E+000
   0.303808E+002   0.100000E+001   0.104497E-001  -0.117107E+000
   0.304609E+002   0.100000E+001   0.153837E-001  -0.109842E+000
   0.305411E+002   0.100000E+001   0.197938E-001  -0.100456E+000
   0.306212E+002   0.100000E+001   0.232453E-001  -0.892481E-001
   0.307014E+002   0.100000E+001   0.253557E-001  -0.768145E-001
   0.307816E+002   0.100000E+001   0.259373E-001  -0.639721E-001
   0.308617E+002   0.100000E+001   0.250760E-001  -0.515752E-001
   0.309419E+002   0.100000E+001   0.230890E-001  -0.403096E-001
   0.310220E+002   0.100000E+001   0.203952E-001  -0.305813E-001
   0.311022E+002   0.100000E+001   0.173894E-001  -0.225275E-001
   0.311824E+002   0.100000E+001   0.143777E-001  -0.160936E-001
   0.312625E+002   0.100000E+001   0.115663E-001  -0.111142E-001
   0.313427E+002   0.100000E+001   0.907361E-002  -0.737325E-002
   0.314228E+002   0.100000E+001   0.694989E-002  -0.464514E-002
   0.315030E+002   0.100000E+001   0.519887E-002  -0.271834E-002
   0.315832E+002   0.100000E+001   0.379602E-002  -0.140678E-002
   0.316633E+002   0.100000E+001   0.270135E-002  -0.553795E-003
   0.317435E+002   0.100000E+001   0.186840E-002  -0.322098E-004
   0.318236E+002   0.100000E+001   0.125047E-002   0.257936E-003
   0.319038E+002   0.100000E+001   0.804240E-003   0.393046E-003
   0.319840E+002   0.100000E+001   0.491462E-003   0.429867E-003
   0.320641E+002   0.100000E+001   0.279626E-003   0.409180E-003
   0.321443E+002   0.100000E+001   0.141944E-003   0.359149E-003
   0.322244E+002   0.100000E+001   0.569661E-004   0.298223E-003
   0.323046E+002   0.100000E+001   0.802869E-005   0.237593E-003
   0.323848E+002   0.100000E+001  -0.173545E-004   0.183257E-003
   0.324649E+002   0.100000E+001  -0.281615E-004   0.137728E-003
   0.325451E+002   0.100000E+001  -0.305586E-004   0.101364E-003
   0.326253E+002   0.100000E+001  -0.285684E-004   0.733533E-004
   0.327054E+002   0.100000E+001  -0.246637E-004   0.523713E-004
   0.327856E+002   0.100000E+001  -0.202592E-004   0.369943E-004
   0.328657E+002   0.100000E+001  -0.160882E-004   0.259157E-004
   0.329459E+002   0.100000E+001  -0.124712E-004   0.180386E-004
   0.330261E+002   0.100000E+001  -0.949669E-005   0.124941E-004
   0.331062E+002   0.100000E+001  -0.713484E-005   0.862116E-005
   0.331864E+002   0.100000E+001  -0.530489E-005   0.593124E-005
   0.332665E+002   0.100000E+001  -0.391205E-005   0.407097E-005
   0.333467E+002   0.100000E+001  -0.286590E-005   0.278862E-005
   0.334269E+002   0.100000E+001  -0.208810E-005   0.190689E-005
   0.335070E+002   0.100000E+001  -0.151444E-005   0.130187E-005
   0.335872E+002   0.100000E+001  -0.109406E-005   0.887461E-006
   0.336673E+002   0.100000E+001  -0.787655E-006   0.604080E-006
   0.337475E+002   0.100000E+001  -0.565334E-006   0.410600E-006
   0.338277E+002   0.100000E+001  -0.404657E-006   0.278700E-006
   0.339078E+002   0.100000E+001  -0.288934E-006   0.188915E-006
   0.339880E+002   0.100000E+001  -0.205845E-006   0.127888E-006
   0.340681E+002   0.100000E+001  -0.146353E-006   0.864677E-007
   0.341483E+002   0.100000E+001  -0.103864E-006   0.583937E-007
   0.342285E+002   0.100000E+001  -0.735875E-007   0.393910E-007
   0.343086E+002   0.100000E+001  -0.520576E-007   0.265448E-007
   0.343888E+002   0.100000E+001  -0.367763E-007   0.178709E-007
   0.344689E+002   0.100000E+001  -0.259485E-007   0.120206E-007
   0.345491E+002   0.100000E+001  -0.182881E-007   0.807885E-008
   0.346293E+002   0.100000E+001  -0.128761E-007   0.542555E-008
   0.347094E+002   0.100000E+001  -0.905728E-008   0.364111E-008
   0.347896E+002   0.100000E+001  -0.636579E-008   0.244198E-008
   0.348697E+002   0.100000E+001  -0.447074E-008   0.163677E-008
   0.349499E+002   0.100000E+001  -0.313769E-008   0.109644E-008
   0.350301E+002   0.100000E+001  -0.220076E-008   0.734098E-009
   0.351102E+002   0.100000E+001  -0.154273E-008   0.491248E-009
   0.351904E+002   0.100000E+001  -0.108089E-008   0.328576E-009
   0.352705E+002   0.100000E+001  -0.756956E-009   0.219668E-009
   0.353507E+002   0.100000E+001  -0.529870E-009   0.146790E-009
   0.354309E+002   0.100000E+001  -0.370760E-009   0.980464E-010
   0.355110E+002   0.100000E+001  -0.259329E-009   0.654591E-010
   0.355912E+002   0.100000E+001  -0.181325E-009   0.436828E-010
   0.356713E+002   0.100000E+001  -0.126741E-009   0.291375E-010
   0.357515E+002   0.100000E+001  -0.885602E-010   0.194264E-010
   0.358317E+002   0.100000E+001  -0.618622E-010   0.129456E-010
   0.359118E+002   0.100000E+001  -0.431998E-010   0.862261E-011
   0.359920E+002   0.100000E+001  -0.301585E-010   0.574026E-011
   0.360721E+002   0.100000E+001  -0.210480E-010   0.381937E-011
   0.361523E+002   0.100000E+001  -0.146853E-010   0.253985E-011
   0.362325E+002   0.100000E+001  -0.102430E-010   0.168799E-011
   0.363126E+002   0.100000E+001  -0.714232E-011   0.112115E-011
   0.363928E+002   0.100000E+001  -0.497869E-011   0.744166E-012
   0.364729E+002   0.100000E+001  -0.346938E-011   0.493601E-012
   0.365531E+002   0.100000E+001  -0.241680E-011   0.327162E-012
   0.366333E+002   0.100000E+001  -0.168297E-011   0.216676E-012
   0.367134E+002   0.100000E+001  -0.117152E-011   0.143382E-012
   0.367936E+002   0.100000E+001  -0.815175E-012   0.947969E-013
   0.368737E+002   0.100000E+001  -0.566982E-012   0.626154E-013
   0.369539E+002   0.100000E+001  -0.394178E-012   0.413168E-013
   0.370341E+002   0.100000E+001  -0.273910E-012   0.272334E-013
   0.371142E+002   0.100000E+001  -0.190238E-012   0.179296E-013
   0.371944E+002   0.100000E+001  -0.132053E-012   0.117895E-013
   0.372745E+002   0.100000E+001  -0.916086E-013   0.774172E-014
   0.373547E+002   0.100000E+001  -0.635105E-013   0.507636E-014
   0.374349E+002   0.100000E+001  -0.439999E-013   0.332348E-014
   0.375150E+002   0.100000E+001  -0.304600E-013   0.217222E-014
   0.375952E+002   0.100000E+001  -0.210693E-013   0.141720E-014
   0.376754E+002   0.100000E+001  -0.145608E-013   0.922799E-015
   0.377555E+002   0.100000E+001  -0.100531E-013   0.599603E-015
   0.378357E+002   0.100000E+001  -0.693356E-014   0.388708E-015
   0.379158E+002   0.100000E+001  -0.477651E-014   0.251362E-015
   0.379960E+002   0.100000E+001  -0.328638E-014   0.162105E-015
   0.380762E+002   0.100000E+001  -0.225799E-014   0.104233E-015
   0.381563E+002   0.100000E+001  -0.154906E-014   0.668043E-016
   0.382365E+002   0.100000E+001  -0.106092E-014   0.426637E-016
   0.383166E+002   0.100000E+001  -0.725258E-015   0.271401E-016
   0.383968E+002   0.100000E+001  -0.494776E-015   0.171904E-016
   0.384770E+002   0.100000E+001  -0.336766E-015   0.108362E-016
   0.385571E+002   0.100000E+001  -0.228630E-015   0.679430E-017
   0.386373E+002   0.100000E+001  -0.154770E-015   0.423462E-017
   0.387174E+002   0.100000E+001  -0.104431E-015   0.262155E-017
   0.387976E+002   0.100000E+001  -0.702045E-016   0.161060E-017
   0.388778E+002   0.100000E+001  -0.469966E-016   0.980927E-018
   0.389579E+002   0.100000E+001  -0.313083E-016   0.591482E-018
   0.390381E+002   0.100000E+001  -0.207400E-016   0.352542E-018
   0.391182E+002   0.100000E+001  -0.136492E-016   0.207293E-018
   0.391984E+002   0.100000E+001  -0.891382E-017   0.119947E-018
   0.392786E+002   0.100000E+001  -0.576855E-017   0.680851E-019
   0.393587E+002   0.100000E+001  -0.369295E-017   0.377568E-019
   0.394389E+002   0.100000E+001  -0.233385E-017   0.203451E-019
   0.395190E+002   0.100000E+001  -0.145221E-017   0.105728E-019
   0.395992E+002   0.100000E+001  -0.886623E-018   0.524076E-020
   0.396794E+002   0.100000E+001  -0.528216E-018   0.243318E-020
   0.397595E+002   0.100000E+001  -0.303476E-018   0.102159E-020
   0.398397E+002   0.100000E+001  -0.162357E-018   0.356423E-021
   0.399198E+002   0.100000E+001  -0.697102E-019   0.743464E-022
   0.400000E+002   0.100000E+001  -0.000000E+000   0.000000E+000
   0.400802E+002   0.100000E+001  -0.324461E-018   0.572750E-022

