 Initial conditions outputted from a previous simulation. Time =    69.200000000000003     
   40.000000000000000        0.0000000000000000              500           1   69.200000000000003     
  -3.3887864056529007E-002   6.9036395926642291E-002
  -3.5077229449494832E-002   5.3630301997328822E-002
  -3.6004680748980562E-002   3.7793027569728209E-002
  -3.6626695509988400E-002   2.1655560521857461E-002
  -3.6991717061737102E-002   5.3100509743046111E-003
  -3.7054697511180214E-002  -1.1093245274791315E-002
  -3.6832207384703136E-002  -2.7467697323651480E-002
  -3.6313447962981679E-002  -4.3700022712337215E-002
  -3.5480471348916298E-002  -5.9676882595342977E-002
  -3.4311846663606350E-002  -7.5280213092294795E-002
  -3.2777621018743527E-002  -9.0380630481508045E-002
  -3.0840783483117348E-002 -0.10483624160944775     
  -2.8458478667750128E-002 -0.11848964360829316     
  -2.5582686246108818E-002 -0.13116453588348925     
  -2.2162302938195794E-002 -0.14266290827211126     
  -1.8146545816424647E-002 -0.15276229080898515     
  -1.3489792775934130E-002 -0.16121323081295022     
  -8.1584998192476034E-003 -0.16773744041977173     
  -2.1406583357874002E-003 -0.17202711675804563     
   4.5420840727719508E-003 -0.17374654063340547     
   1.1820084625074603E-002 -0.17253826421395513     
   1.9560372860514458E-002 -0.16803764942772062     
   2.7552553465569882E-002 -0.15990094109392858     
   3.5500274215353553E-002 -0.14785328992302160     
   4.3024756633968785E-002 -0.13176160753146970     
   4.9684815556619140E-002 -0.11172745519174603     
   5.5012689213567799E-002  -8.8176825216516125E-002
   5.8566126095813541E-002  -6.1907277728331198E-002
   6.0000699347048242E-002  -3.4053736153289806E-002
   5.9151282380526783E-002  -5.9602838314893290E-003
   5.6083765849802979E-002   2.1012045513769138E-002
   5.1081205170372672E-002   4.5678558444984772E-002
   4.4573226667726173E-002   6.7163871911908993E-002
   3.7050688386245818E-002   8.4946278585662421E-002
   2.8995357232287793E-002   9.8823908575619859E-002
   2.0830267693849831E-002  0.10883624447386284     
   1.2892018381062995E-002  0.11517804136580848     
   5.4254233340849970E-003  0.11813105328314105     
  -1.4088834225148097E-003  0.11802014077930384     
  -7.5244718421872692E-003  0.11518658278898379     
  -1.2896610021218535E-002  0.10997013654831028     
  -1.7544561012034710E-002  0.10269563118926854     
  -2.1513053541917057E-002   9.3663034327435141E-002
  -2.4858490442809592E-002   8.3142665526110104E-002
  -2.7640825237694809E-002   7.1375359188894219E-002
  -2.9919769741754563E-002   5.8574872797273136E-002
  -3.1753257126739924E-002   4.4930856624356225E-002
  -3.3195685419059456E-002   3.0612252153181096E-002
  -3.4295007240583576E-002   1.5770999368831681E-002
  -3.5089787621214813E-002   5.4563225085569797E-004
  -3.5607640778556292E-002  -1.4935761756375515E-002
  -3.5865488341635055E-002  -3.0553729621413769E-002
  -3.5871114008493576E-002  -4.6196748411780807E-002
  -3.5624927321551231E-002  -6.1760653503677578E-002
  -3.5120918705574551E-002  -7.7146758157819337E-002
  -3.4346451031608473E-002  -9.2257701340041479E-002
  -3.3281232488051836E-002 -0.10699122778092296     
  -3.1896109005603523E-002 -0.12123326915042294     
  -3.0152275137485501E-002 -0.13485210327555916     
  -2.8001388973533367E-002 -0.14769475252350550     
  -2.5386985823683178E-002 -0.15958561981683653     
  -2.2247433543862393E-002 -0.17032640097173976     
  -1.8520430174376261E-002 -0.17969602477523300     
  -1.4148877535489275E-002 -0.18744986443226563     
  -9.0878645646574139E-003 -0.19331845488018834     
  -3.3124691941578280E-003 -0.19700678963010296     
   3.1733430283503502E-003 -0.19819575465202852     
   1.0325461966449866E-002 -0.19654797690705325     
   1.8044677280651671E-002 -0.19172127565481248     
   2.6157867277192756E-002 -0.18339360700784563     
   3.4396740114179501E-002 -0.17130477295751959     
   4.2383283831656383E-002 -0.15532113636195413     
   4.9636767788520615E-002 -0.13552159030315186     
   5.5617557811003131E-002 -0.11228492341274605     
   5.9809993888864856E-002  -8.6341617668349219E-002
   6.1831424407826088E-002  -5.8750378353120601E-002
   6.1518656276260825E-002  -3.0779578151971274E-002
   5.8952471655828786E-002  -3.7219772604066528E-003
   5.4423849837646331E-002   2.1288009892360817E-002
   4.8356766028994087E-002   4.3392668925972183E-002
   4.1229883673442796E-002   6.2049048453031538E-002
   3.3514022313864140E-002   7.7008760095791870E-002
   2.5625709844382703E-002   8.8262049361591211E-002
   1.7899982139906345E-002   9.5965748085136832E-002
   1.0580283424815758E-002  0.10037753237770045     
   3.8155238298035465E-003  0.10180605343625847     
  -2.3167386088619171E-003  0.10057304101947689     
  -7.7923225601175903E-003   9.6991540334229645E-002
  -1.2625612295393478E-002   9.1355118869544089E-002
  -1.6850969280576431E-002   8.3930194027385621E-002
  -2.0514069303350337E-002   7.4954018107099049E-002
  -2.3661827513720701E-002   6.4637969559712724E-002
  -2.6338676863479116E-002   5.3171992484590203E-002
  -2.8587165737830215E-002   4.0728737529222882E-002
  -3.0439752184035229E-002   2.7466183832796389E-002
  -3.1922825419529885E-002   1.3530320110543321E-002
  -3.3060338161739554E-002  -9.4027491366332756E-004
  -3.3873889166973051E-002  -1.5808697007513028E-002
  -3.4386185087507348E-002  -3.0937609009483624E-002
  -3.4615045318434269E-002  -4.6193631883395064E-002
  -3.4567913591443393E-002  -6.1450796066462858E-002
  -3.4239503055159617E-002  -7.6588725798634461E-002
  -3.3611634804070638E-002  -9.1488692856368209E-002
  -3.2653594481510034E-002 -0.10602937854139180     
  -3.1330925636008637E-002 -0.12007963410813069     
  -2.9616355800983728E-002 -0.13349248116481385     
  -2.7483677504108659E-002 -0.14610668798885476     
  -2.4906335165956126E-002 -0.15774767248824806     
  -2.1855101636442664E-002 -0.16822733177338850     
  -1.8311054777168389E-002 -0.17734725244352306     
  -1.4274004093834105E-002 -0.18490218827158592     
  -9.7431094338310265E-003 -0.19068789977417272     
  -4.7373561341893244E-003 -0.19450507466965283     
   7.1739769152463708E-004 -0.19616408618372527     
   6.5818599900880495E-003 -0.19548393853941609     
   1.2844588559767492E-002 -0.19229391074475127     
   1.9489725092515571E-002 -0.18642073613328564     
   2.6476820161200742E-002 -0.17768540561087146     
   3.3671802483998793E-002 -0.16591417929853242     
   4.0813093113138313E-002 -0.15097771856637651     
   4.7493863944759504E-002 -0.13285996289905411     
   5.3242817612530052E-002 -0.11173964818230078     
   5.7627601890453871E-002  -8.8044170060840782E-002
   6.0318833550031217E-002  -6.2453340801686810E-002
   6.1104659493112147E-002  -3.5847077633216359E-002
   5.9923957610131300E-002  -9.2177255133777149E-003
   5.6873969117259983E-002   1.6430536573113771E-002
   5.2146388881420175E-002   4.0183956231479745E-002
   4.6011757223108074E-002   6.1291329009212914E-002
   3.8808777822436413E-002   7.9209164429969531E-002
   3.0938397616236093E-002   9.3616198682691013E-002
   2.2799601715409564E-002  0.10440844403410210     
   1.4797133770785261E-002  0.11167524879466763     
   7.2878816176828775E-003  0.11566172748054361     
   4.8813315088731894E-004  0.11672060076404543     
  -5.5247520169747575E-003  0.11525248138703316     
  -1.0751608644964838E-002  0.11164834466352497     
  -1.5240397665283905E-002  0.10625414396561267     
  -1.9048133624580074E-002   9.9357432911800700E-002
  -2.2254278184678948E-002   9.1193505065663469E-002
  -2.4921224708629123E-002   8.1958565059284907E-002
  -2.7097236558123915E-002   7.1825612147777135E-002
  -2.8827878705768903E-002   6.0955668431828910E-002
  -3.0147091675739045E-002   4.9501221414947637E-002
  -3.1075945141809488E-002   3.7606194077848439E-002
  -3.1640009781027822E-002   2.5404821948268392E-002
  -3.1870984762474165E-002   1.3021202424011207E-002
  -3.1800863702956851E-002   5.7237012679980492E-004
  -3.1456961851576308E-002  -1.1827533549174376E-002
  -3.0883946601474775E-002  -2.4061822951512268E-002
  -3.0135523056156778E-002  -3.6011128812949648E-002
  -2.9242422177160825E-002  -4.7558530308845083E-002
  -2.8197028429100723E-002  -5.8594079348547705E-002
  -2.6952264803964739E-002  -6.9014160718168613E-002
  -2.5409388689660167E-002  -7.8714091246872314E-002
  -2.3467170607003558E-002  -8.7573688170271918E-002
  -2.1079552497032292E-002  -9.5444261115988194E-002
  -1.8232784046352549E-002 -0.10214742059168108     
  -1.4906637433174318E-002 -0.10748289535713351     
  -1.1070846701703004E-002 -0.11123532601119800     
  -6.6705342273702421E-003 -0.11318127453009159     
  -1.6584412263897831E-003 -0.11308966614507666     
   3.9885284605534702E-003 -0.11071908222369170     
   1.0279453605676819E-002 -0.10582070510918991     
   1.7153324587791285E-002  -9.8139918126052453E-002
   2.4506039453997479E-002  -8.7430846050097363E-002
   3.2206681211916693E-002  -7.3481673790291052E-002
   4.0033967878111192E-002  -5.6148144500511317E-002
   4.7600513403102680E-002  -3.5405272665177942E-002
   5.4386216294459597E-002  -1.1416518405400890E-002
   5.9825813059767086E-002   1.5398222176082339E-002
   6.3309323810544174E-002   4.4325315262167445E-002
   6.4307093158799594E-002   7.4366269030441759E-002
   6.2651716151481102E-002  0.10430231611807352     
   5.8534513676219355E-002  0.13283587789853213     
   5.2387886832297115E-002  0.15877441898751010     
   4.4867032358531449E-002  0.18119775144323291     
   3.6659789282564602E-002  0.19957269096598429     
   2.8272324714630963E-002  0.21377187822224730     
   2.0047923870707321E-002  0.22398744579405261     
   1.2276627617700707E-002  0.23059245202260537     
   5.1601700767997371E-003  0.23401756967402548     
  -1.2082049372827725E-003  0.23467337660471818     
  -6.7978583591210380E-003  0.23291717473371204     
  -1.1635524455593169E-002  0.22905492795997992     
  -1.5821347424596111E-002  0.22335366506954160     
  -1.9421355626700013E-002  0.21604626813798694     
  -2.2455145512454470E-002  0.20734034418375899     
  -2.4958687189671799E-002  0.19742880240241942     
  -2.6993814759191628E-002  0.18649716096661706     
  -2.8601737830280523E-002  0.17472725303754735     
  -2.9828880395538514E-002  0.16229895440990125     
  -3.0744807812379489E-002  0.14938727526758752     
  -3.1413972982782298E-002  0.13615487160901810     
  -3.1844938127156074E-002  0.12274505611058674     
  -3.2006429172746383E-002  0.10928551437101519     
  -3.1865687320489708E-002   9.5896933358923395E-002
  -3.1428724791540512E-002   8.2701553319166010E-002
  -3.0723164871262289E-002   6.9823948632532065E-002
  -2.9768125908508115E-002   5.7385932177296629E-002
  -2.8562317267308828E-002   4.5505046243744331E-002
  -2.7050964830817092E-002   3.4296832625425280E-002
  -2.5150669422026588E-002   2.3885694744558521E-002
  -2.2818666839739585E-002   1.4417851463990486E-002
  -2.0049733729664627E-002   6.0610566343640157E-003
  -1.6857248085516273E-002  -1.0011032501329438E-003
  -1.3195180515861023E-002  -6.5780820590966120E-003
  -8.9418085620388710E-003  -1.0470902613857511E-002
  -4.0149546292441041E-003  -1.2455441522235126E-002
   1.6093592486617341E-003  -1.2276655389318178E-002
   7.8606718444163611E-003  -9.6538575430252793E-003
   1.4629911740491476E-002  -4.3061585349002049E-003
   2.1806012876277422E-002   4.0179985668208473E-003
   2.9294962648535233E-002   1.5517468718387571E-002
   3.6978251425602307E-002   3.0319616654275867E-002
   4.4539166859382161E-002   4.8460690659596871E-002
   5.1447888582450002E-002   6.9836357016902592E-002
   5.7075540992624789E-002   9.4125874069502666E-002
   6.0753392779373444E-002  0.12072368039920940     
   6.1902527036868937E-002  0.14870337363704617     
   6.0291175546369792E-002  0.17684385594413538     
   5.6057608853853642E-002  0.20375313724948813     
   4.9698966025494881E-002  0.22805797904503597     
   4.1943613810456346E-002  0.24861773044223012     
   3.3535793976074708E-002  0.26469292641827369     
   2.5009815561185908E-002  0.27601150632249549     
   1.6775676345090855E-002  0.28270590706375404     
   9.0998032730192392E-003  0.28518039592523087     
   2.1536955478537829E-003  0.28396215661594704     
  -3.9936462491391139E-003  0.27959236292563594     
  -9.3039303182313789E-003  0.27256507635542332     
  -1.3839480365204273E-002  0.26332126561498609     
  -1.7712176103878284E-002  0.25225771557557475     
  -2.0993521343579562E-002  0.23973364029359082     
  -2.3728516094990885E-002  0.22607919787422390     
  -2.6009600948075414E-002  0.21160067157669793     
  -2.7848055668376264E-002  0.19657091004347274     
  -2.9265585140940659E-002  0.18123439468567948     
  -3.0331762856303509E-002  0.16580564255744454     
  -3.1109395976351709E-002  0.15046093926081178     
  -3.1638461923654569E-002  0.13533288479288444     
  -3.1933399115810383E-002  0.12050914272171190     
  -3.1986393648283686E-002  0.10603942763831843     
  -3.1788657701284632E-002   9.1948265628521722E-002
  -3.1342834074686847E-002   7.8247377926247114E-002
  -3.0680781100114195E-002   6.4944874552390189E-002
  -2.9831970815140121E-002   5.2047721394466118E-002
  -2.8803176416145229E-002   3.9564586082070315E-002
  -2.7564950166889327E-002   2.7514910566010912E-002
  -2.6033852306826710E-002   1.5943170404926814E-002
  -2.4099027129382208E-002   4.9398197757398298E-003
  -2.1652623453218459E-002  -5.3402607715271671E-003
  -1.8558450049159805E-002  -1.4671876375269708E-002
  -1.4697587665096554E-002  -2.2756696567424708E-002
  -9.9644990415645000E-003  -2.9231115459559563E-002
  -4.3001286808273123E-003  -3.3676355129434642E-002
   2.2685313191921764E-003  -3.5637726252783324E-002
   9.6265318506334827E-003  -3.4657092945016801E-002
   1.7563521936311166E-002  -3.0318016450708370E-002
   2.5777370250191594E-002  -2.2302355647417550E-002
   3.3894630541985188E-002  -1.0448747931083743E-002
   4.1471779038575483E-002   5.1916339176948274E-003
   4.7986691680983178E-002   2.4309981969894475E-002
   5.2939623620208161E-002   4.6307667413787543E-002
   5.5887308886790631E-002   7.0302487745071515E-002
   5.6561366650839599E-002   9.5177430655553050E-002
   5.4971208943034172E-002  0.11970128982291364     
   5.1349887233455252E-002  0.14269288600304342     
   4.6131556896388717E-002  0.16319128248474674     
   3.9853870937869608E-002  0.18057620372132541     
   3.3006206385713631E-002  0.19459065548307655     
   2.6019979531700450E-002  0.20528443205318703     
   1.9208431896199769E-002  0.21289206064575203     
   1.2723634427443196E-002  0.21771442053877332     
   6.6573534850033434E-003  0.22002266979600529     
   1.0052272238510790E-003  0.22002827869589431     
  -4.2630793800499988E-003  0.21788945783941718     
  -9.1333322114826154E-003  0.21374697896113692     
  -1.3607066315903384E-002  0.20773506904884734     
  -1.7678240508719991E-002  0.19999474737948142     
  -2.1348490900313936E-002  0.19067936690127196     
  -2.4597427533425996E-002  0.17995604363297579     
  -2.7407063553646492E-002  0.16800178662372750     
  -2.9773024178178422E-002  0.15500292717975453     
  -3.1689958605479060E-002  0.14115129655270522     
  -3.3150604003575342E-002  0.12663633499718002     
  -3.4163695575931761E-002  0.11164268630601026     
  -3.4730897629115333E-002   9.6345174892722013E-002
  -3.4864353208562016E-002   8.0919952884046673E-002
  -3.4591581656603178E-002   6.5551952379697992E-002
  -3.3931225463794235E-002   5.0417777263908205E-002
  -3.2897616184016938E-002   3.5673554030474119E-002
  -3.1508494819015048E-002   2.1462458123198087E-002
  -2.9774941145484814E-002   7.9213761145251107E-003
  -2.7694085633638288E-002  -4.8165674238648702E-003
  -2.5252034318271954E-002  -1.6615557297872705E-002
  -2.2430801047338265E-002  -2.7330985166185959E-002
  -1.9216141195802020E-002  -3.6809940783928727E-002
  -1.5601428161980417E-002  -4.4896127815006105E-002
  -1.1583640934251823E-002  -5.1434074466131498E-002
  -7.1561441971666820E-003  -5.6268733290110298E-002
  -2.3062472831428637E-003  -5.9239100790320513E-002
   2.9794561354460594E-003  -6.0168968112381468E-002
   8.7032746345325693E-003  -5.8860383103347326E-002
   1.4839390121461810E-002  -5.5093852481269842E-002
   2.1311722140564909E-002  -4.8638258491888783E-002
   2.7968296739812382E-002  -3.9275619760562396E-002
   3.4559272281279092E-002  -2.6847104230474716E-002
   4.0731886525003917E-002  -1.1321229539230747E-002
   4.6054811155729597E-002   7.1277577309918246E-003
   5.0073554795793944E-002   2.8056604292423945E-002
   5.2384671633162516E-002   5.0733422605170338E-002
   5.2709949105181203E-002   7.4179791765505529E-002
   5.0953626975543488E-002   9.7274445545446009E-002
   4.7228824265394244E-002  0.11889923733385019     
   4.1842513772285768E-002  0.13809086512475283     
   3.5239029217220157E-002  0.15415440635408884     
   2.7919245288991094E-002  0.16670859098081325     
   2.0361587331175855E-002  0.17566318244610260     
   1.2964331134934766E-002  0.18115301699128500     
   6.0162202655252746E-003  0.18345780809879633     
  -3.0605898339881220E-004  0.18292921524366718     
  -5.9207985352735049E-003  0.17993678626453863     
  -1.0815614463307312E-002  0.17483487011848553     
  -1.5022522044255004E-002  0.16794600231001011     
  -1.8597704365441399E-002  0.15955498934839110     
  -2.1606712177963155E-002  0.14990956703223909     
  -2.4115321645908662E-002  0.13922457908634778     
  -2.6185636287971024E-002  0.12768692256864600     
  -2.7875807107222383E-002  0.11545918870030174     
  -2.9241043485809071E-002  0.10268113546263884     
  -3.0333651047639052E-002   8.9469487814816631E-002
  -3.1200629345105941E-002   7.5917712599974999E-002
  -3.1878810662765891E-002   6.2097863098473260E-002
  -3.2388972499443607E-002   4.8066014562707308E-002
  -3.2731070296069344E-002   3.3871455201879855E-002
  -3.2882486218625939E-002   1.9568269484662462E-002
  -3.2800133994325985E-002   5.2269197609168296E-003
  -3.2425863554816574E-002  -9.0566106894270429E-003
  -3.1693606776257786E-002  -2.3155643802053819E-002
  -3.0536494047371913E-002  -3.6911890572360863E-002
  -2.8892470411339296E-002  -5.0138046003240219E-002
  -2.6707499443346779E-002  -6.2622435525699044E-002
  -2.3936259887349483E-002  -7.4133925733253656E-002
  -2.0541239419520102E-002  -8.4425468934823625E-002
  -1.6492065824997976E-002  -9.3235345962529234E-002
  -1.1767480029531747E-002 -0.10028635333073989     
  -6.3622551723877211E-003 -0.10528467121470143     
  -3.0039610828701838E-004 -0.10792168126043786     
   6.3459432657836266E-003 -0.10788326177248635     
   1.3435158187269133E-002 -0.10487164230699138     
   2.0739267863262939E-002  -9.8643899246706482E-002
   2.7941225137240167E-002  -8.9067005907033966E-002
   3.4656289594478390E-002  -7.6180535679410674E-002
   4.0480148712014434E-002  -6.0246796430635643E-002
   4.5051906340731675E-002  -4.1763385179458150E-002
   4.8107281091313479E-002  -2.1425502419424741E-002
   4.9500826109996232E-002  -5.1689924787563049E-005
   4.9197944182495790E-002   2.1495639030271952E-002
   4.7258091090422311E-002   4.2373393678254788E-002
   4.3827367864444980E-002   6.1808276441624184E-002
   3.9136221750187716E-002   7.9146937773441298E-002
   3.3484213500706954E-002   9.3902652450604765E-002
   2.7204366782791825E-002  0.10578008423417883     
   2.0619605754088253E-002  0.11466613071859902     
   1.4010438649893908E-002  0.12059445035964711     
   7.6029047416493831E-003  0.12370263542388139     
   1.5723415672609230E-003  0.12419706341427474     
  -3.9470940918416748E-003  0.12232994803539764     
  -8.8547422927558201E-003  0.11838551256534487     
  -1.3079929877769805E-002  0.11267015312842298     
  -1.6581189441934020E-002  0.10550301491385070     
  -1.9345696334644578E-002   9.7205852133456019E-002
  -2.1387224085949709E-002   8.8092708119276927E-002
  -2.2742210865143241E-002   7.8460503874568391E-002
  -2.3464430834066703E-002   6.8581468265143691E-002
  -2.3619122228370593E-002   5.8697933706256110E-002
  -2.3277423091368068E-002   4.9019592735914830E-002
  -2.2511771975637293E-002   3.9722939627099857E-002
  -2.1392611816489306E-002   3.0952353377640827E-002
  -1.9986345546271014E-002   2.2822185753615769E-002
  -1.8354152294917749E-002   1.5419358098299640E-002
  -1.6551166077196380E-002   8.8063051424782952E-003
  -1.4625803740751205E-002   3.0244342682762926E-003
  -1.2619670072846522E-002  -1.9017380429320722E-003
  -1.0569070517465572E-002  -5.9602151757201195E-003
  -8.5090468479550648E-003  -9.1484047815634014E-003
  -6.4795362789744392E-003  -1.1473474865142531E-002
  -4.5311247820327720E-003  -1.2957751519984843E-002
  -2.7263889426458071E-003  -1.3648247571157365E-002
  -1.1337326362812720E-003  -1.3626079110085280E-002
   1.8567871553818114E-004  -1.3009673541764506E-002
   1.1928028662197853E-003  -1.1947422840859621E-002
   1.8804620621154838E-003  -1.0600532966737177E-002
   2.2735593247174158E-003  -9.1220288019229351E-003
   2.4206388682151561E-003  -7.6394230835793997E-003
   2.3815702670588403E-003  -6.2456751713968273E-003
   2.2163302057886820E-003  -4.9985568304903773E-003
   1.9774660072863818E-003  -3.9256639586365575E-003
   1.7064496608615286E-003  -3.0318970343825992E-003
   1.4330190290810852E-003  -2.3071074744831278E-003
   1.1763916237757092E-003  -1.7326179014040654E-003
   9.4735309960783159E-004  -1.2861128715457514E-003
   7.5049731915104070E-004  -9.4493139750014118E-004
   5.8623012604417431E-004  -6.8805231249596777E-004
   4.5239231240854936E-004  -4.9711107527222753E-004
   3.4547438994964101E-004  -3.5674975991155508E-004
   2.6145587900205036E-004  -2.5455014257281443E-004
   1.9633924558393577E-004  -1.8073948900529279E-004
   1.4645706391025156E-004  -1.2779707621673800E-004
   1.0861956324822077E-004  -9.0041502489193878E-005
   8.0156489750207209E-005  -6.3246091292912910E-005
   5.8895862730622799E-005  -4.4305996583991617E-005
   4.3110168968947834E-005  -3.0964070249677003E-005
   3.1449615674839293E-005  -2.1593176899751386E-005
   2.2874361911308764E-005  -1.5028249773827424E-005
   1.6592417061176487E-005  -1.0439620970277634E-005
   1.2006151734294058E-005  -7.2390798570446208E-006
   8.6680351315138080E-006  -5.0111053754249267E-006
   6.2450502100581159E-006  -3.4630534172859022E-006
   4.4907108053259673E-006  -2.3893607048894533E-006
   3.2234120482123321E-006  -1.6459697069637892E-006
   2.3098832012081923E-006  -1.1321412019914728E-006
   1.6526655320493037E-006  -7.7757063201212661E-007
   1.1807129209753731E-006  -5.3328892583085716E-007
   8.4238140568189643E-007  -3.6525214058210211E-007
   6.0022839287315805E-007  -2.4983612667617168E-007
   4.2717272845274867E-007  -1.7067707243711157E-007
   3.0367115363143285E-007  -1.1646031323339847E-007
   2.1564949065260922E-007  -7.9375894556877399E-008
   1.5299178458586051E-007  -5.4042035201094856E-008
   1.0844026073314849E-007  -3.6756211131596342E-008
   7.6796582286622875E-008  -2.4975157130647971E-008
   5.4343351527176242E-008  -1.6954512292024097E-008
   3.8426126413279627E-008  -1.1499569769480917E-008
   2.7152083430088212E-008  -7.7931878863686949E-009
   1.9173219905491534E-008  -5.2771851342389124E-009
   1.3530678865972303E-008  -3.5707362992970926E-009
   9.5431649714031878E-009  -2.4143174761729128E-009
   6.7270970526735569E-009  -1.6312602793370824E-009
   4.7395593853104154E-009  -1.1014221605386232E-009
   3.3376009105441676E-009  -7.4317941957058781E-010
   2.3492365835541173E-009  -5.0112814716754781E-010
   1.6528119219254245E-009  -3.3769407110278994E-010
   1.1623357159184848E-009  -2.2741556897689542E-010
   8.1706591094057449E-010  -1.5305236319446264E-010
   5.7412263659223017E-010  -1.0293956647104863E-010
   4.0325325139587616E-010  -6.9190241494143415E-011
   2.8312561010093219E-010  -4.6475466910377893E-011
   1.9870548693147226E-010  -3.1197061800611186E-011
   1.3940241118992815E-010  -2.0927033931201139E-011
   9.7759660290691550E-011  -1.4028045591851948E-011
   6.8529296185854729E-011  -9.3966275049293222E-012
   4.8019456291618876E-011  -6.2895622541762372E-012
   3.3634017290327978E-011  -4.2065779090946097E-012
   2.3548101757770102E-011  -2.8111393681272311E-012
   1.6479452539351694E-011  -1.8769978114486992E-012
   1.1527426060574742E-011  -1.2521439416475630E-012
   8.0596549874696826E-012  -8.3451285395293800E-013
   5.6323000169904268E-012  -5.5561912058262158E-013
   3.9339586230182291E-012  -3.6954010841667528E-013
   2.7462282403353242E-012  -2.4550407607282583E-013
   1.9159892752694611E-012  -1.6290651648869015E-013
   1.3359321588504720E-012  -1.0796125573491558E-013
   9.3088127009353225E-013  -7.1451467063491686E-014
   6.4819347381517553E-013  -4.7220305481231331E-014
   4.5101967110511027E-013  -3.1158590333025247E-014
   3.1357732569598200E-013  -2.0526315239561364E-014
   2.1783500549777233E-013  -1.3498222345500045E-014
   1.5118803396760589E-013  -8.8596707085768734E-015
   1.0482957271680411E-013  -5.8032488380863173E-015
   7.2609497253880356E-014  -3.7928702118074527E-015
   5.0235302898356291E-014  -2.4730389726322603E-015
   3.4712749105639319E-014  -1.6083274799626193E-015
   2.3954481481911548E-014  -1.0430446826641860E-015
   1.6506306455336652E-014  -6.7438675473659125E-016
   1.1355838485825848E-014  -4.3458235360835857E-016
   7.7987956688432519E-015  -2.7903291077387111E-016
   5.3456235082183257E-015  -1.7844467227613241E-016
   3.6563179530812865E-015  -1.1361577650289377E-016
   2.4949574716810297E-015  -7.1987269139190048E-017
   1.6980034349587080E-015  -4.5364607458324930E-017
   1.1522137778377847E-015  -2.8414852761906970E-017
   7.7926514968349246E-016  -1.7677199218499913E-017
   5.2505376969920895E-016  -1.0912712212855843E-017
   3.5225733680952515E-016  -6.6778544760018656E-018
   2.3516839333301683E-016  -4.0453972307662271E-018
   1.5610872955404344E-016  -2.4222169589393969E-018
   1.0294343435203779E-016  -1.4306527961020358E-018
   6.7359145809768029E-017  -8.3147090066769876E-019
   4.3672909858183643E-017  -4.7400016917566390E-019
   2.8009093997986623E-017  -2.6396624672486606E-019
   1.7731315436144867E-017  -1.4282094364002748E-019
   1.1050832155768502E-017  -7.4515459400228212E-020
   6.7568386738478295E-018  -3.7077501271612559E-020
   4.0307475409099903E-018  -1.7277177614506737E-020
   2.3183708393591011E-018  -7.2786789165649956E-021
   1.2414551088604527E-018  -2.5473930304243139E-021
   5.3349432178586754E-019  -5.3305924083361473E-022
   0.0000000000000000        0.0000000000000000     
