 Initial conditions outputted from a previous simulation. Time =    32.000000000000000     
   40.000000000000000        0.0000000000000000              500           1   32.000000000000000     
   6.2755792175944305E-002   1.8046572289252100E-013
   6.1416203650795101E-002   2.6778715612492784E-002
   5.7823035863325253E-002   5.2220776002757728E-002
   5.2269630808410912E-002   7.5217702179638621E-002
   4.5299919787193402E-002   9.4916827813155136E-002
   3.7409002177326012E-002  0.11092791814897851     
   2.9110758618505973E-002  0.12307488586876930     
   2.0813180016959674E-002  0.13143993902656628     
   1.2820761073604050E-002  0.13624481005507263     
   5.3409354171146881E-003  0.13778710584508286     
  -1.5016031930071335E-003  0.13639778600954383     
  -7.6480431866016128E-003  0.13241401210838694     
  -1.3086288630749307E-002  0.12615914958537935     
  -1.7837301009936406E-002  0.11793597924155465     
  -2.1943727058653033E-002  0.10802262926452479     
  -2.5462201826209362E-002   9.6672564109964693E-002
  -2.8458775357817667E-002   8.4118043460064892E-002
  -3.1006097138347177E-002   7.0577005093599543E-002
  -3.3179259730101086E-002   5.6262867092101702E-002
  -3.5046246607830497E-002   4.1393588850061308E-002
  -3.6652658645288362E-002   2.6192781673573036E-002
  -3.8008196739260487E-002   1.0877761648964148E-002
  -3.9085987387730038E-002  -4.3610198761824311E-003
  -3.9838110406932005E-002  -1.9375915873365710E-002
  -4.0217313337606038E-002  -3.4062545833044640E-002
  -4.0190398897307002E-002  -4.8346344182678129E-002
  -3.9738414314681142E-002  -6.2166133485737643E-002
  -3.8851048390399830E-002  -7.5463058492305043E-002
  -3.7523964475519485E-002  -8.8174173115204618E-002
  -3.5759302123736243E-002 -0.10022579308773517     
  -3.3563559357642603E-002 -0.11152521516852019     
  -3.0940009641809280E-002 -0.12195390199375551     
  -2.7879160353903865E-002 -0.13136490375915066     
  -2.4353091259855554E-002 -0.13958349026538253     
  -2.0317112376235364E-002 -0.14640789244309843     
  -1.5717990959540726E-002 -0.15160869766774221     
  -1.0505229725921385E-002 -0.15492766293474777     
  -4.6438347658148416E-003 -0.15607737416738252     
   1.8694730188026525E-003 -0.15474431189278892     
   8.9877939726390813E-003 -0.15059830321734044     
   1.6599468603217506E-002 -0.14330899595540814     
   2.4518616226105808E-002 -0.13257238066075555     
   3.2475827767092548E-002 -0.11815403486966419     
   4.0109749531252507E-002  -9.9948541004801203E-002
   4.6970253072297692E-002  -7.8049979208489426E-002
   5.2546449405655886E-002  -5.2824613796330501E-002
   5.6330070862134408E-002  -2.4964461710247247E-002
   5.7913017011432026E-002   4.5137765432447701E-003
   5.7091488342728022E-002   3.4355974805304501E-002
   5.3927581070998688E-002   6.3240279851859149E-002
   4.8733136846444203E-002   8.9975980679802711E-002
   4.1985739810816325E-002  0.11365696871636778     
   3.4221636997260371E-002  0.13372400854510114     
   2.5947775113029224E-002  0.14994162064225627     
   1.7590029168002678E-002  0.16232691296770588     
   9.4743568362348068E-003  0.17106730972201656     
   1.8298903653227499E-003  0.17644883956447147     
  -5.1975057728605566E-003  0.17880275807238918     
  -1.1529341310398476E-002  0.17847030571239644     
  -1.7139481930536767E-002  0.17578224305650902     
  -2.2040194058243309E-002  0.17104913361304172     
  -2.6269182955521192E-002  0.16455827476483414     
  -2.9878170531654605E-002  0.15657353948254746     
  -3.2923809496011452E-002  0.14733566001906484     
  -3.5461490776202025E-002  0.13706215542810846     
  -3.7541959883261387E-002  0.12594718689565845     
  -3.9210082364950057E-002  0.11416195553292734     
  -4.0504990792254690E-002  0.10185631267103495     
  -4.1460725950547499E-002   8.9162012501837848E-002
  -4.2106264252954731E-002   7.6197313329474409E-002
  -4.2464507684239289E-002   6.3071993483376942E-002
  -4.2550807361617961E-002   4.9891893934307659E-002
  -4.2371715825411840E-002   3.6762404714701616E-002
  -4.1923699414212319E-002   2.3790549273471923E-002
  -4.1191987621975359E-002   1.1086061216454361E-002
  -4.0151892833860649E-002  -1.2374283308621073E-003
  -3.8770942192188899E-002  -1.3060351855357318E-002
  -3.7010605875152404E-002  -2.4254366031904152E-002
  -3.4827815753394040E-002  -3.4679270391150138E-002
  -3.2176549296545558E-002  -4.4179153232506242E-002
  -2.9009328516660993E-002  -5.2575655021110210E-002
  -2.5278619266361099E-002  -5.9660284096931075E-002
  -2.0941853929179091E-002  -6.5193268094173695E-002
  -1.5956250708469507E-002  -6.8907274445493577E-002
  -1.0286099838054433E-002  -7.0505985626546142E-002
  -3.9276597561078439E-003  -6.9666674680376822E-002
   3.0976322111084071E-003  -6.6053853499410939E-002
   1.0692901926356057E-002  -5.9329559520781033E-002
   1.8670869955213078E-002  -4.9177835681226925E-002
   2.6775925249192426E-002  -3.5351962918346927E-002
   3.4646629337933388E-002  -1.7723300397701067E-002
   4.1798753888387150E-002   3.6501800184836819E-003
   4.7749984497399728E-002   2.8424227127196926E-002
   5.2053884160409528E-002   5.5909548296017748E-002
   5.4312454931111268E-002   8.5102227229231928E-002
   5.4324813762977202E-002  0.11479290146830437     
   5.2070962087424226E-002  0.14372528632597739     
   4.7723874249712438E-002  0.17073781095440271     
   4.1675195142232689E-002  0.19488284647084619     
   3.4412514114665151E-002  0.21552277263298070     
   2.6419791395148572E-002  0.23234662140259002     
   1.8190577769191595E-002  0.24530871762784773     
   1.0108642251962402E-002  0.25455785129661024     
   2.4565445262405370E-003  0.26036243655803076     
  -4.5881615356166512E-003  0.26304687044710484     
  -1.0957272698546426E-002  0.26294790026386372     
  -1.6621133379119784E-002  0.26038791351726709     
  -2.1589684290756639E-002  0.25566620599560613     
  -2.5894082924281761E-002  0.24905885298824140     
  -2.9564823455582253E-002  0.24082237337299808     
  -3.2656991186334097E-002  0.23119564698106546     
  -3.5232777504634924E-002  0.22039582201344077     
  -3.7332270578782425E-002  0.20861669736401839     
  -3.8972451487184971E-002  0.19603381597755201     
  -4.0172871809459887E-002  0.18281407870303717     
  -4.0975858165779269E-002  0.16912211934927676     
  -4.1407727107306391E-002  0.15511808541159663     
  -4.1460993533020560E-002  0.14095737147377885     
  -4.1131317715779096E-002  0.12679259251918260     
  -4.0439901221470821E-002  0.11277169293707506     
  -3.9449530895640246E-002   9.9033430273113982E-002
  -3.8224029931265530E-002   8.5698084564857113E-002
  -3.6804200312205479E-002   7.2863963313048521E-002
  -3.5186867552028524E-002   6.0613187271657772E-002
  -3.3329718170550526E-002   4.9026453771962707E-002
  -3.1164768335144411E-002   3.8202318654076521E-002
  -2.8621470055429171E-002   2.8272233868765241E-002
  -2.5635953385606470E-002   1.9406656990265839E-002
  -2.2153470147690424E-002   1.1811718761132017E-002
  -1.8127809819878889E-002   5.7186259227035869E-003
  -1.3526690021737722E-002   1.3714086274749389E-003
  -8.3204065190626841E-003  -9.8324362803073242E-004
  -2.5353458553764186E-003  -1.0999401616462996E-003
   3.7945040549465106E-003   1.2613492662017565E-003
   1.0602082411579913E-002   6.3337814891086339E-003
   1.7793646885957158E-002   1.4338179752465071E-002
   2.5258031941422635E-002   2.5469438264829634E-002
   3.2814794317130379E-002   3.9871694618151231E-002
   4.0150801315509577E-002   5.7594603036678779E-002
   4.6854870445267857E-002   7.8525801691150213E-002
   5.2319918081197410E-002  0.10231938059265157     
   5.5921374492336834E-002  0.12833040844100735     
   5.7146630960354515E-002  0.15560128930032954     
   5.5773109633243917E-002  0.18292260286753947     
   5.1915976469006669E-002  0.20897518572048154     
   4.6008012645442790E-002  0.23252175825929455     
   3.8641279331704033E-002  0.25259496786543106     
   3.0476296721724055E-002  0.26861777801404080     
   2.2015003432207379E-002  0.28042772888207290     
   1.3656160802155851E-002  0.28819465665841026     
   5.6707763087222359E-003  0.29228695874121419     
  -1.7199655208403818E-003  0.29313862660699175     
  -8.3483787607909529E-003  0.29116620218035444     
  -1.4095016950016004E-002  0.28674445702627577     
  -1.8943760551392703E-002  0.28021997068900067     
  -2.2940586111970345E-002  0.27192771658309955     
  -2.6224048219143356E-002  0.26219565552476409     
  -2.8903020868464316E-002  0.25132689396172686     
  -3.1058332918747131E-002  0.23958167677530995     
  -3.2751954455640796E-002  0.22716775965277572     
  -3.4037382573993469E-002  0.21424432662502554     
  -3.4966600872241585E-002  0.20093592763183665     
  -3.5609864379786547E-002  0.18734714498653998     
  -3.6023296312557636E-002  0.17356976559748982     
  -3.6245741291807375E-002  0.15968472071543971     
  -3.6292608675018434E-002  0.14576218180902806     
  -3.6131082129338229E-002  0.13186497562436802     
  -3.5706861897384722E-002  0.11805805675314335     
  -3.5009728710371106E-002  0.10442002281301810     
  -3.4055509940524809E-002   9.1047280681833681E-002
  -3.2844457208949913E-002   7.8050718117801593E-002
  -3.1363258750380846E-002   6.5550332517742935E-002
  -2.9575233850528741E-002   5.3670076227880281E-002
  -2.7435364524670009E-002   4.2539128188213482E-002
  -2.4885381010817130E-002   3.2297555024593375E-002
  -2.1862916830521030E-002   2.3104765891873366E-002
  -1.8319111257886309E-002   1.5149631297208003E-002
  -1.4167156351018843E-002   8.6560447214016328E-003
  -9.3191138588110574E-003   3.8889804551836935E-003
  -3.7328498433466528E-003   1.1563751997609071E-003
   2.6205283625852596E-003   7.9960155315420944E-004
   9.6902061024098478E-003   3.1779407262825356E-003
   1.7344150060052896E-002   8.6382573196226529E-003
   2.5360267711885858E-002   1.7473331028669260E-002
   3.3455965033152853E-002   2.9868271476845582E-002
   4.1256778997841866E-002   4.5838304241483954E-002
   4.8142201598823577E-002   6.5172114160479286E-002
   5.3487584312494785E-002   8.7380118766504283E-002
   5.6872701154340663E-002  0.11168246118122289     
   5.7961116192934314E-002  0.13706073935314805     
   5.6560667032581946E-002  0.16235229753845440     
   5.2797913250229325E-002  0.18637465423308211     
   4.7066679109140475E-002  0.20806341024663472     
   3.9918814073671337E-002  0.22659360609559923     
   3.1996106753220586E-002  0.24146058505825782     
   2.3993553259949830E-002  0.25249843132776084     
   1.6325182342377918E-002  0.25984392318832916     
   9.1010941043385505E-003  0.26383850389248298     
   2.4039778534014115E-003  0.26490118815399738     
  -3.6609881967628291E-003  0.26343299794404557     
  -9.0633335058758722E-003  0.25977101449462675     
  -1.3803302085872340E-002  0.25418321540986161     
  -1.7929093957747059E-002  0.24689259163189947     
  -2.1512855535848082E-002  0.23809950209612218     
  -2.4637222464513078E-002  0.22799485644599868     
  -2.7344874005329985E-002  0.21676109837144480     
  -2.9633998871623112E-002  0.20456938094168003     
  -3.1508340304236479E-002  0.19158096774816985     
  -3.3005258336096729E-002  0.17794911142129266     
  -3.4174943011129680E-002  0.16381868117553700     
  -3.5049534917385050E-002  0.14932408581706239     
  -3.5637118282192383E-002  0.13458732846545526     
  -3.5920697798236256E-002  0.11971939121171918     
  -3.5887211397699632E-002  0.10482618268520252     
  -3.5532975490931609E-002   9.0015401138523715E-002
  -3.4872829819553607E-002   7.5402576922491360E-002
  -3.3919008120490569E-002   6.1111713769915400E-002
  -3.2671286509450184E-002   4.7272734113949826E-002
  -3.1115382946830552E-002   3.4017731714328842E-002
  -2.9220648563974706E-002   2.1479255792632525E-002
  -2.6936580097753002E-002   9.7943386954912649E-003
  -2.4197859970326800E-002  -8.8761907774340208E-004
  -2.0949377315521329E-002  -1.0395464262176784E-002
  -1.7166578438059209E-002  -1.8531394096330835E-002
  -1.2830265976990874E-002  -2.5076837668358037E-002
  -7.9556975148960558E-003  -2.9801798494756958E-002
  -2.5377447516510229E-003  -3.2480297829928527E-002
   3.4173084584446342E-003  -3.2899904906364727E-002
   9.8540600786725021E-003  -3.0863650589859862E-002
   1.6768723284866512E-002  -2.6196181430275214E-002
   2.4055020103522482E-002  -1.8745709611950361E-002
   3.1444252094128565E-002  -8.4034671510941628E-003
   3.8605187053678970E-002   4.8548010977335822E-003
   4.5137496939521952E-002   2.0924938853069282E-002
   5.0608795057160497E-002   3.9532778439726933E-002
   5.4591700882968497E-002   6.0211417077724406E-002
   5.6683452446493490E-002   8.2306180992363392E-002
   5.6637108406923937E-002  0.10500397048660970     
   5.4345273019131189E-002  0.12739602338847361     
   4.9974573136724043E-002  0.14855305788708359     
   4.3894503555552265E-002  0.16761458041010596     
   3.6523650965477758E-002  0.18387335449043160     
   2.8376948985011460E-002  0.19683234398972618     
   2.0011068649435221E-002  0.20623950065123964     
   1.1916971658394547E-002  0.21208950507535509     
   4.5083580333497983E-003  0.21458889120200908     
  -2.0360757016796905E-003  0.21409805717291278     
  -7.7370597676144071E-003  0.21104913857186650     
  -1.2692745069629011E-002  0.20586868944610723     
  -1.6991225580897454E-002  0.19892592470497161     
  -2.0676608722586205E-002  0.19051434349586682     
  -2.3800988650922211E-002  0.18086433413029651     
  -2.6422085882681613E-002  0.17016415706592830     
  -2.8589597957987687E-002  0.15857890323089666     
  -3.0358659893480716E-002  0.14626089407656537     
  -3.1784298435849324E-002  0.13334971482096589     
  -3.2914221535693858E-002  0.11996849997836539     
  -3.3792980947219865E-002  0.10622080590938240     
  -3.4449384002161049E-002   9.2190898822785403E-002
  -3.4896826096544341E-002   7.7949087644111500E-002
  -3.5132218831656604E-002   6.3560645630871826E-002
  -3.5129572082923624E-002   4.9095866546588748E-002
  -3.4846018407390239E-002   3.4639805428412516E-002
  -3.4235584666154013E-002   2.0300083417428609E-002
  -3.3234912000409622E-002   6.2099890795507687E-003
  -3.1787529364413002E-002  -7.4690200212256582E-003
  -2.9840329371870849E-002  -2.0548790744412862E-002
  -2.7340617986750113E-002  -3.2816489727648619E-002
  -2.4272187522313873E-002  -4.4038453375459599E-002
  -2.0611856607102522E-002  -5.3965809128530690E-002
  -1.6359430925898522E-002  -6.2339561077792448E-002
  -1.1517190380823215E-002  -6.8898888898472496E-002
  -6.1132401770919061E-003  -7.3379710970135667E-002
  -1.9661807573763136E-004  -7.5529354627649814E-002
   6.1490255675637354E-003  -7.5108201394403953E-002
   1.2804941645859718E-002  -7.1904986212747615E-002
   1.9606034260616401E-002  -6.5758605044589857E-002
   2.6371974986030285E-002  -5.6584087951612794E-002
   3.2879784723682443E-002  -4.4391784428462353E-002
   3.8842576601824282E-002  -2.9305671348441933E-002
   4.3977297173661063E-002  -1.1580825115977562E-002
   4.7975127801235314E-002   8.3699466154566315E-003
   5.0558789709005660E-002   2.9970022869539318E-002
   5.1548119762392826E-002   5.2489296905515306E-002
   5.0853792946569838E-002   7.5090993295868755E-002
   4.8453401180468092E-002   9.6913799450690064E-002
   4.4501833744542439E-002  0.11714422578714932     
   3.9247278493487685E-002  0.13510351789837463     
   3.3001946025045671E-002  0.15030598977494289     
   2.6151171970074841E-002  0.16245323329618941     
   1.9030404731412497E-002  0.17141378449636135     
   1.1910085082584693E-002  0.17720740273079030     
   5.0303350916817719E-003  0.17997346179127888     
  -1.4228934317072010E-003  0.17992816781235638     
  -7.3330766921232519E-003  0.17733015733424928     
  -1.2631113872866912E-002  0.17245817862893945     
  -1.7276701684900832E-002  0.16559863487876836     
  -2.1255908874639629E-002  0.15703908430319288     
  -2.4583568970175208E-002  0.14706131544239104     
  -2.7302187256387687E-002  0.13592950821957417     
  -2.9474231623859481E-002  0.12387741833881985     
  -3.1168195743288673E-002  0.11110277895942680     
  -3.2445276282629797E-002   9.7771250704299817E-002
  -3.3353752597228212E-002   8.4025105092021518E-002
  -3.3930265755498817E-002   6.9990944735346727E-002
  -3.4202502359860804E-002   5.5784354663228272E-002
  -3.4190087632313473E-002   4.1512765387435660E-002
  -3.3904240083180305E-002   2.7278554142820814E-002
  -3.3348262901072859E-002   1.3182783661375633E-002
  -3.2519860123305350E-002  -6.7191269201228427E-004
  -3.1413795023595613E-002  -1.4180763029839213E-002
  -3.0022053170362776E-002  -2.7238013889843517E-002
  -2.8330116979096865E-002  -3.9737133799537895E-002
  -2.6311027336484678E-002  -5.1567291715512852E-002
  -2.3920806563296964E-002  -6.2605409429710795E-002
  -2.1098087124724382E-002  -7.2705598404718214E-002
  -1.7768599586133554E-002  -8.1688820820712410E-002
  -1.3853878629264245E-002  -8.9334929853935957E-002
  -9.2841209413890517E-003  -9.5378422141917260E-002
  -4.0160041065243164E-003  -9.9509794022507148E-002
   1.9450637331740711E-003 -0.10138595931120876     
   8.5229053559467121E-003 -0.10065361530888463     
   1.5557467293641361E-002  -9.6986587115593895E-002
   2.2808676675489799E-002  -9.0131942460743991E-002
   2.9977076291367460E-002  -7.9953648807797845E-002
   3.6729306437573134E-002  -6.6463500721219426E-002
   4.2712918395774777E-002  -4.9840592125503624E-002
   4.7559482174205338E-002  -3.0453508677904636E-002
   5.0899438111383144E-002  -8.8933301794134161E-003
   5.2418449733605092E-002   1.4006871928364806E-002
   5.1952408653290670E-002   3.7218805812059295E-002
   4.9568169665285815E-002   5.9661501471460147E-002
   4.5564323807263142E-002   8.0394018697406547E-002
   4.0377162159863644E-002   9.8758159926743874E-002
   3.4447245149410756E-002  0.11440239855046609     
   2.8122947519374438E-002  0.12720475369342782     
   2.1636695033950288E-002  0.13716647362367618     
   1.5136406488126822E-002  0.14433578414833073     
   8.7324433855574951E-003  0.14877869513184053     
   2.5299049494357097E-003  0.15058307884537639     
  -3.3631036339427955E-003  0.14987311130477052     
  -8.8445385381186372E-003  0.14681713105924674     
  -1.3832887076645168E-002  0.14162334888354755     
  -1.8278130347660664E-002  0.13452602956794568     
  -2.2165088644955325E-002  0.12576745506895456     
  -2.5508367504657639E-002  0.11558099538072496     
  -2.8340647175197839E-002  0.10417976870305019     
  -3.0698204475138408E-002   9.1753497015152299E-002
  -3.2608478549705791E-002   7.8473414553768314E-002
  -3.4083583361959567E-002   6.4502372753754464E-002
  -3.5121203968696446E-002   5.0005670669870987E-002
  -3.5711398374570637E-002   3.5158364639684025E-002
  -3.5845904723428267E-002   2.0146682701007931E-002
  -3.5526365774984726E-002   5.1635649175752916E-003
  -3.4768991702882272E-002  -9.5998673957299920E-003
  -3.3604607449197417E-002  -2.3964322535301310E-002
  -3.2074139116767320E-002  -3.7771153559060536E-002
  -3.0220400603309137E-002  -5.0887530366876106E-002
  -2.8077873662628629E-002  -6.3206010920119501E-002
  -2.5663119333842438E-002  -7.4637593241986044E-002
  -2.2969067498228034E-002  -8.5099130424189928E-002
  -1.9965945827729654E-002  -9.4498175639210688E-002
  -1.6609625970713960E-002 -0.10271985397201229     
  -1.2855228380872252E-002 -0.10962014001171171     
  -8.6713579195845172E-003 -0.11502764938489403     
  -4.0498776391108497E-003 -0.11875253220533398     
   9.9150526113034169E-004 -0.12059785346977175     
   6.4117412747651502E-003 -0.12036779446046876     
   1.2146485642606059E-002 -0.11786973707222553     
   1.8095312682042990E-002 -0.11291434392231547     
   2.4089209698754908E-002 -0.10532746194986187     
   2.9844154800734161E-002  -9.4995336262137339E-002
   3.4928063953526649E-002  -8.1960840198907800E-002
   3.8787850046449003E-002  -6.6559230097650621E-002
   4.0873323255809044E-002  -4.9525475654539450E-002
   4.0832303635093443E-002  -3.1965831060948614E-002
   3.8670327573052103E-002  -1.5140459167780763E-002
   3.4761070759743967E-002  -1.4840599096155435E-004
   2.9699525023752928E-002   1.2302559560092720E-002
   2.4107518712809063E-002   2.1937224653615518E-002
   1.8503559779088838E-002   2.8815291382286452E-002
   1.3259516850048553E-002   3.3201877815494663E-002
   8.6067020982905119E-003   3.5463736883329947E-002
   4.6605007677704754E-003   3.5998467053320334E-002
   1.4512197775419637E-003   3.5191698023975281E-002
  -1.0475136170581430E-003   3.3395142816426394E-002
  -2.8974787795868471E-003   3.0916502583092337E-002
  -4.1802511684231455E-003   2.8015460761473387E-002
  -4.9854211682714093E-003   2.4903713680070032E-002
  -5.4023818971498036E-003   2.1747654647159383E-002
  -5.5149143661227234E-003   1.8672584113151137E-002
  -5.3976399235112927E-003   1.5768001356249856E-002
  -5.1141494247473719E-003   1.3093628880103819E-002
  -4.7167412945828000E-003   1.0685562408648125E-002
  -4.2474284514016488E-003   8.5618907845047883E-003
  -3.7397561851056351E-003   6.7272556881771252E-003
  -3.2208375290298957E-003   5.1760686872961087E-003
  -2.7129472727067806E-003   3.8945126877945827E-003
  -2.2342684415742921E-003   2.8618526176087821E-003
  -1.7988397276799820E-003   2.0517093666493295E-003
  -1.4161282523623979E-003   1.4337460678898423E-003
  -1.0907687914336502E-003   9.7581876055232591E-004
  -8.2283825159783913E-004   6.4628332761484573E-004
  -6.0870805427977318E-004   4.1601047501124228E-004
  -4.4224909124137923E-004   2.5976745075917748E-004
  -3.1607735256048407E-004   1.5685695401635222E-004
  -2.2259847118111321E-004   9.1110417471584198E-005
  -1.5473846111421904E-004   5.0438992385207133E-005
  -1.0635749480938913E-004   2.6156723722994475E-005
  -7.2406320417885337E-005   1.2247110464820735E-005
  -4.8906506908818851E-005   4.6837686241271198E-006
  -3.2830685778526857E-005   8.6057092722675724E-007
  -2.1940874293513295E-005  -8.5363586066535680E-007
  -1.4622389406833424E-005  -1.4443300185796483E-006
  -9.7339221087208990E-006  -1.4839167097421398E-006
  -6.4826053488586338E-006  -1.2895237300770288E-006
  -4.3255964629979122E-006  -1.0261848540902049E-006
  -2.8957128315497512E-006  -7.7199727171866852E-007
  -1.9470262365905468E-006  -5.5783722606852668E-007
  -1.3160876448435807E-006  -3.9066051864478255E-007
  -8.9488285499046650E-007  -2.6658590101412604E-007
  -6.1229874469145453E-007  -1.7784785939861591E-007
  -4.2160211718634520E-007  -1.1621096085043189E-007
  -2.9207993045500536E-007  -7.4433772773037244E-008
  -2.0351079206182238E-007  -4.6721863521794906E-008
  -1.4253477678094588E-007  -2.8702897747650472E-008
  -1.0028149982699034E-007  -1.7210927270682293E-008
  -7.0825034417674505E-008  -1.0024532020270253E-008
  -5.0178478483618306E-008  -5.6243594471513563E-009
  -3.5638978158361854E-008  -2.9937437086288197E-009
  -2.5359783863042605E-008  -1.4656302782404068E-009
  -1.8069346341092180E-008  -6.1035526959902944E-010
  -1.2885780357703302E-008  -1.5614151122713978E-010
  -9.1933918875205404E-009   6.5729428405474884E-011
  -6.5598175520642394E-009   1.5789096523370555E-010
  -4.6799257841081704E-009   1.8134046453328192E-010
  -3.3374955352576504E-009   1.7131823989553528E-010
  -2.3788118303745760E-009   1.4744568665786581E-010
  -1.6943264343559258E-009   1.2008855409944133E-010
  -1.2058286787326473E-009   9.4280032721200141E-011
  -8.5741503017352368E-010   7.2092302642221532E-011
  -6.0909961414186447E-010   5.4037874293187365E-011
  -4.3227448005905749E-010   3.9874739139423460E-011
  -3.0647365939616895E-010   2.9052185154085004E-011
  -2.1706104566209188E-010   2.0944886581875023E-011
  -1.5357562023811956E-010   1.4965684201776504E-011
  -1.0854591247602916E-010   1.0611387207047613E-011
  -7.6640194488063718E-011   7.4735222989817249E-012
  -5.4057273517878422E-011   5.2322723575197948E-012
  -3.8089867374071276E-011   3.6436464963410891E-012
  -2.6811827984086975E-011   2.5251184098208625E-012
  -1.8854240983174349E-011   1.7422321843477401E-012
  -1.3245284095918509E-011   1.1971720086636260E-012
  -9.2957988520578729E-012   8.1951141354325178E-013
  -6.5176120717962181E-012   5.5898711816711785E-013
  -4.5652981853156387E-012   3.7999642797660151E-013
  -3.1947022188623261E-012   2.5748716459598497E-013
  -2.2334337998929058E-012   1.7393396707807809E-013
  -1.5599014391469090E-012   1.1714101083110096E-013
  -1.0884323867657215E-012   7.8661494694979981E-014
  -7.5872374876135536E-013   5.2670560493677382E-014
  -5.2837260279347121E-013   3.5167524823410433E-014
  -3.6759231706419827E-013   2.3414869420833702E-014
  -2.5547933692497165E-013   1.5545995105389093E-014
  -1.7737830381627634E-013   1.0292386219088671E-014
  -1.2302433756682717E-013   6.7947210825167975E-015
  -8.5234616282715753E-014   4.4726599173570750E-015
  -5.8987775581033858E-014   2.9354377625885925E-015
  -4.0776826590842190E-014   1.9207019213837440E-015
  -2.8154777559954811E-014   1.2528166578415907E-015
  -1.9415882487337177E-014   8.1453272350209390E-016
  -1.3372249325215651E-014   5.2779854679843403E-016
  -9.1974291070060648E-015   3.4080279246350190E-016
  -6.3170067260781475E-015   2.1925056755262719E-016
  -4.3321417211892874E-015   1.4050697081063297E-016
  -2.9661862368695925E-015   8.9676739478098665E-017
  -2.0274502040136365E-015   5.6987345489269961E-017
  -1.3832541573318405E-015   3.6047090510951453E-017
  -9.4186519628326600E-016   2.2688913883211367E-017
  -6.3993325139978273E-016   1.4205163200913295E-017
  -4.3376145345746455E-016   8.8425964877125304E-018
  -2.9324660340665298E-016   5.4701083088630575E-018
  -1.9767733776887957E-016   3.3607697160096029E-018
  -1.3282351044959798E-016   2.0493039609172838E-018
  -8.8922165622877844E-017   1.2391939128140733E-018
  -5.9285456028711466E-017   7.4234372301169150E-019
  -3.9339546622074341E-017   4.4002569876732703E-019
  -2.5961859281087454E-017   2.5769845639513120E-019
  -1.7024612786912830E-017   1.4883374304159510E-019
  -1.1080849196883029E-017   8.4572836641594096E-020
  -7.1487578061184388E-018   4.7140990756379867E-020
  -4.5637269420763324E-018   2.5674771215172464E-020
  -2.8769969618005636E-018   1.3591988666308838E-020
  -1.7863300382691789E-018   6.9433868054354163E-021
  -1.0886354967441166E-018   3.3860164988514855E-021
  -6.4760926537462136E-019   1.5482990834668662E-021
  -3.7164839685101021E-019   6.4123025542087868E-022
  -1.9868294302232839E-019   2.2118273196054144E-022
  -8.5293117685915255E-020   4.5681313376879410E-023
  -0.0000000000000000        0.0000000000000000     
