 Initial conditions outputted from a previous simulation. Time =    44.800000000000004     
   40.000000000000000        0.0000000000000000              500           1   44.800000000000004     
  -3.3887864056467376E-002  -6.9036395927562916E-002
  -3.2054436408178365E-002  -8.3895842821082742E-002
  -2.9898977369992065E-002  -9.8054046412496404E-002
  -2.7294427439245903E-002 -0.11133909722616714     
  -2.4228312256415037E-002 -0.12359208035410486     
  -2.0586659200997122E-002 -0.13456550700508382     
  -1.6333310585978322E-002 -0.14404947336058394     
  -1.1417307947520931E-002 -0.15178167327680578     
  -5.8007415022564481E-003 -0.15747713369715632     
   5.2670103680505832E-004 -0.16082792817842195     
   7.5407538531282580E-003 -0.16150491437909720     
   1.5165741474450326E-002 -0.15917028300062017     
   2.3256023574883922E-002 -0.15349708294546460     
   3.1578598365081742E-002 -0.14420162528030453     
   3.9799640976902098E-002 -0.13109397889469132     
   4.7483118142659014E-002 -0.11414785874743856     
   5.4112385147082664E-002  -9.3583909059744147E-002
   5.9144454933887668E-002  -6.9945615575164100E-002
   6.2097061562199525E-002  -4.4129970628547843E-002
   6.2649774382695714E-002  -1.7332034455788688E-002
   6.0723880945114342E-002   9.1085735245449335E-003
   5.6506873814583816E-002   3.3916986529445650E-002
   5.0408874902001473E-002   5.6067481860820209E-002
   4.2968489078952621E-002   7.4877685424612858E-002
   3.4746658235040313E-002   9.0003577100251614E-002
   2.6244859508208786E-002  0.10137232748174894     
   1.7861849045186656E-002  0.10909774146953173     
   9.8826552876339051E-003  0.11340693278499325     
   2.4883396224429986E-003  0.11458836650017605     
  -4.2228321921923663E-003  0.11295828697547960     
  -1.0211814065598375E-002  0.10883779494383303     
  -1.5479828602001521E-002  0.10253629313558466     
  -2.0055177079174355E-002   9.4341461221962214E-002
  -2.3983113055725234E-002   8.4515815167050701E-002
  -2.7317300836060879E-002   7.3297668457732751E-002
  -3.0113286628096789E-002   6.0903709802605684E-002
  -3.2424049837635319E-002   4.7531424920421901E-002
  -3.4297117184601142E-002   3.3360694110524676E-002
  -3.5773163660310470E-002   1.8554528246267809E-002
  -3.6885898299791872E-002   3.2595224701773892E-003
  -3.7662367655179968E-002  -1.2392758452982669E-002
  -3.8123205792528259E-002  -2.8282828017352976E-002
  -3.8282930318568782E-002  -4.4299356874877543E-002
  -3.8149938942968684E-002  -6.0334860290838926E-002
  -3.7725668516738774E-002  -7.6281549611225949E-002
  -3.7003294332108513E-002  -9.2027964631391332E-002
  -3.5966812747504483E-002 -0.10745658911296449     
  -3.4590909610655765E-002 -0.12244218028633178     
  -3.2841631482746554E-002 -0.13685028808593952     
  -3.0677785481700529E-002 -0.15053532403964631     
  -2.8052886313057687E-002 -0.16333765733148328     
  -2.4917376957317577E-002 -0.17507960286179178     
  -2.1220938874910930E-002 -0.18556069572316475     
  -1.6915017403687567E-002 -0.19455319733918122     
  -1.1956195152306700E-002 -0.20179912982157244     
  -6.3116180253845319E-003 -0.20701002784923339     
   3.2016340824129051E-005 -0.20987016445885967     
   7.0547832214516550E-003 -0.21004384341017132     
   1.4685288316750471E-002 -0.20718797993080088     
   2.2779753706729706E-002 -0.20097260596752684     
   3.1102128003895332E-002 -0.19111358141352772     
   3.9310809234126796E-002 -0.17742256870740697     
   4.6960092184367953E-002 -0.15987714708961287     
   5.3526734715394979E-002 -0.13870561266312081     
   5.8469677437737622E-002 -0.11446485167705167     
   6.1319182423787505E-002  -8.8071991946709879E-002
   6.1774121701168153E-002  -6.0748536938683324E-002
   5.9774610547257537E-002  -3.3864961673620221E-002
   5.5520942223881528E-002  -8.7263242604391535E-003
   4.9428103243125902E-002   1.3621255007167316E-002
   4.2033458750204991E-002   3.2493730210799827E-002
   3.3892800898494016E-002   4.7566286588026578E-002
   2.5498572705774259E-002   5.8798930117174256E-002
   1.7238276880432824E-002   6.6340014401021705E-002
   9.3882996465466696E-003   7.0444325359832791E-002
   2.1249896698636848E-003   7.1418751441485795E-002
  -4.4571079944455772E-003   6.9589757585575909E-002
  -1.0322987694294385E-002   6.5283609980759730E-002
  -1.5478486650776545E-002   5.8814561384405620E-002
  -1.9954418299210862E-002   5.0477864251179068E-002
  -2.3795853204986811E-002   4.0545352860228194E-002
  -2.7054348074822435E-002   2.9262208462632135E-002
  -2.9783364497770054E-002   1.6845497770434634E-002
  -3.2037121027904257E-002   3.4855408769057039E-003
  -3.3868670969251689E-002  -1.0650374833068323E-002
  -3.5327078529166209E-002  -2.5414041268156568E-002
  -3.6451987518160284E-002  -4.0673659487754192E-002
  -3.7269329313940495E-002  -5.6309530535832812E-002
  -3.7792168110448270E-002  -7.2206091651375467E-002
  -3.8022633765766506E-002  -8.8246244574710656E-002
  -3.7955119179900257E-002 -0.10431337101239092     
  -3.7573217597760458E-002 -0.12029472794995835     
  -3.6855829890499410E-002 -0.13607608958419248     
  -3.5785025581610938E-002 -0.15153521192158301     
  -3.4338750315759385E-002 -0.16654206298690860     
  -3.2485040606423946E-002 -0.18095688774219623     
  -3.0181296479200738E-002 -0.19462670969939802     
  -2.7382235112218045E-002 -0.20738248244493637     
  -2.4049660817531068E-002 -0.21903022878025341     
  -2.0134375739848612E-002 -0.22934189580097747     
  -1.5603692611959426E-002 -0.23805444765223466     
  -1.0433350431769097E-002 -0.24488330298824504     
  -4.6403676088351388E-003 -0.24953000718104437     
   1.7417845149576389E-003 -0.25169746031003026     
   8.6294340495134004E-003 -0.25110517126227871     
   1.5888595151929492E-002 -0.24750601472678685     
   2.3341113679599738E-002 -0.24070394775430579     
   3.0800997106069750E-002 -0.23057613315428777     
   3.8017073196300169E-002 -0.21708015425494759     
   4.4715356919092078E-002 -0.20028150870111069     
   5.0638940064739173E-002 -0.18039744924765150     
   5.5445280873273814E-002 -0.15782404623648347     
   5.8671952658074004E-002 -0.13317420585064621     
   5.9839606271413742E-002 -0.10731175068123980     
   5.8644591467984973E-002  -8.1336473653924948E-002
   5.5145188357538337E-002  -5.6467423936193611E-002
   4.9754428016554136E-002  -3.3859634225163839E-002
   4.2992238711513364E-002  -1.4401626814888211E-002
   3.5349709526585227E-002   1.3887730427257585E-003
   2.7250841761299261E-002   1.3344911963874963E-002
   1.9046974381400128E-002   2.1550873153218027E-002
   1.1008882884305017E-002   2.6238195542373478E-002
   3.3334041711712307E-003   2.7694768615269774E-002
  -3.8011230514986834E-003   2.6224690673599758E-002
  -1.0246505203176373E-002   2.2144941321302722E-002
  -1.5898038908116221E-002   1.5787156188476623E-002
  -2.0704805263873721E-002   7.4978582827985229E-003
  -2.4685076149188915E-002  -2.3725554297705878E-003
  -2.7903803921757047E-002  -1.3491402271270993E-002
  -3.0435725546966649E-002  -2.5562171504480161E-002
  -3.2361472391229870E-002  -3.8336393678177413E-002
  -3.3777733407909724E-002  -5.1615388975567701E-002
  -3.4783915747109206E-002  -6.5244925754686378E-002
  -3.5449677956889629E-002  -7.9107870972625324E-002
  -3.5818757220721774E-002  -9.3111219288515179E-002
  -3.5922149727218258E-002 -0.10717399960021276     
  -3.5771086284661101E-002 -0.12121957923742877     
  -3.5365443726934925E-002 -0.13516958764267942     
  -3.4706393606444827E-002 -0.14894155963015615     
  -3.3789447895046051E-002 -0.16244891283941965     
  -3.2601124150009583E-002 -0.17560139018959856     
  -3.1131453352045702E-002 -0.18830468503820019     
  -2.9379002602065826E-002 -0.20045892561831957     
  -2.7327486064925185E-002 -0.21195845424152929     
  -2.4961072475129308E-002 -0.22268749707709126     
  -2.2262683461978822E-002 -0.23251519985878150     
  -1.9187291761427253E-002 -0.24129203603744950     
  -1.5676255156940280E-002 -0.24884203758072151     
  -1.1677005125357290E-002 -0.25495652174945505     
  -7.1298618563106078E-003 -0.25939461859366297     
  -2.0057131113614289E-003 -0.26188495989693444     
   3.7236588188417834E-003 -0.26213941470697560     
   1.0043133399308001E-002 -0.25986649696163427     
   1.6879696813578485E-002 -0.25479003543668399     
   2.4101056816242614E-002 -0.24667025803010093     
   3.1535105466087517E-002 -0.23532850587564338     
   3.8912797895146400E-002 -0.22067704816351888     
   4.5809616004668686E-002 -0.20275941831015853     
   5.1723047523925203E-002 -0.18181058491632540     
   5.6155656983269152E-002 -0.15831222335505027     
   5.8599854553524414E-002 -0.13301060318279354     
   5.8755209973895869E-002 -0.10690033632058552     
   5.6601368005958302E-002  -8.1137915281327896E-002
   5.2298728354609157E-002  -5.6899115030343297E-002
   4.6207301636752886E-002  -3.5231605668624391E-002
   3.8878972365197953E-002  -1.6923076427815008E-002
   3.0901825194427666E-002  -2.4162934083907764E-003
   2.2749254460969995E-002   8.2024527093617870E-003
   1.4794989958683114E-002   1.5134159210450806E-002
   7.3638512303469588E-003   1.8749155752316719E-002
   6.4424372471719919E-004   1.9482292367703512E-002
  -5.2637914108484693E-003   1.7753140605281808E-002
  -1.0309640798521943E-002   1.3930889025500721E-002
  -1.4565522770707507E-002   8.3405708862393010E-003
  -1.8148662466296449E-002   1.2669231157319053E-003
  -2.1151586606773146E-002  -7.0416476153760668E-003
  -2.3657619068054560E-002  -1.6368143516219003E-002
  -2.5735329941269636E-002  -2.6526988667629280E-002
  -2.7443044247742250E-002  -3.7362191025360349E-002
  -2.8809111116975167E-002  -4.8747455730189827E-002
  -2.9847525238656768E-002  -6.0581174379951773E-002
  -3.0570396909711077E-002  -7.2778938314065844E-002
  -3.0997891735510246E-002  -8.5267305038005184E-002
  -3.1185889362979759E-002  -9.7976116994494100E-002
  -3.1196441773996601E-002 -0.11083651379543416     
  -3.1035194311170366E-002 -0.12378081358334921     
  -3.0677015595129947E-002 -0.13673584733655270     
  -3.0123820593067931E-002 -0.14961780820651660     
  -2.9404419778456110E-002 -0.16233545105402525     
  -2.8532157967236037E-002 -0.17480095146189534     
  -2.7487661463206907E-002 -0.18693733125917919     
  -2.6214849896349774E-002 -0.19867537930560075     
  -2.4618239061418315E-002 -0.20994007513956994     
  -2.2628352960532474E-002 -0.22062829349739016     
  -2.0243340130435002E-002 -0.23059397778805982     
  -1.7489747903104202E-002 -0.23964884426895197     
  -1.4345036328571592E-002 -0.24757358650712211     
  -1.0756266513995055E-002 -0.25412713182211533     
  -6.6772797067485793E-003 -0.25905439632938171     
  -2.0776220176784311E-003 -0.26209646060065050     
   3.0571582714260712E-003 -0.26300152638867663     
   8.7504038732868304E-003 -0.26153167413989525     
   1.5037325076362035E-002 -0.25746661813417998     
   2.1842230267176369E-002 -0.25060093085459756     
   2.8938873982619077E-002 -0.24075677104389112     
   3.6087497956568848E-002 -0.22782691019829185     
   4.2951040835242815E-002 -0.21181612556624579     
   4.9067987921353091E-002 -0.19289479290421330     
   5.3911255642849459E-002 -0.17145096130735690     
   5.7004538679338475E-002 -0.14811728132361587     
   5.7999821733928918E-002 -0.12375186174985028     
   5.6777807363125765E-002  -9.9363781295224940E-002
   5.3488456000021722E-002  -7.5989342323004000E-002
   4.8555063849977972E-002  -5.4557611901088009E-002
   4.2419013476504570E-002  -3.5764017467683172E-002
   3.5547052366531690E-002  -2.0020668298584229E-002
   2.8398802468243285E-002  -7.4683649730757900E-003
   2.1352319519980054E-002   1.9663844997399914E-003
   1.4655668433115984E-002   8.4904852394783285E-003
   8.4425569514200698E-003   1.2369156400558416E-002
   2.7903718556678008E-003   1.3872275580758800E-002
  -2.2386027889922688E-003   1.3248914811248689E-002
  -6.6929727875198654E-003   1.0731993235089238E-002
  -1.0621350215965547E-002   6.5346765633011224E-003
  -1.4043176806725555E-002   8.5175983347028660E-004
  -1.6998126485425379E-002  -6.1382531395378914E-003
  -1.9533288802578003E-002  -1.4279665101737234E-002
  -2.1710031883153229E-002  -2.3444635767199747E-002
  -2.3576970107236660E-002  -3.3537607993728930E-002
  -2.5157417508234123E-002  -4.4489034360213710E-002
  -2.6446168379786101E-002  -5.6239187446176050E-002
  -2.7441832185103435E-002  -6.8716717290548665E-002
  -2.8182712482200348E-002  -8.1822277506637967E-002
  -2.8720525278404949E-002  -9.5429219208157737E-002
  -2.9085542219093628E-002 -0.10939537315446195     
  -2.9284379847168820E-002 -0.12357657795890756     
  -2.9303847470225311E-002 -0.13783576550623813     
  -2.9127195727077868E-002 -0.15204271458200025     
  -2.8735124715429033E-002 -0.16606944065669438     
  -2.8111835047902701E-002 -0.17978313131481816     
  -2.7236121855190049E-002 -0.19304364882917899     
  -2.6090690037880591E-002 -0.20570664921969883     
  -2.4681460043206635E-002 -0.21763245198386230     
  -2.3032312512838299E-002 -0.22869887109180390     
  -2.1126320688707848E-002 -0.23881036302761516     
  -1.8876971594985578E-002 -0.24789134210426125     
  -1.6161432715292409E-002 -0.25586155890575679     
  -1.2851560473812055E-002 -0.26260496904950359     
  -8.8567751701052137E-003 -0.26794379038872213     
  -4.1265640474992217E-003 -0.27163164126348394     
   1.3632477197360634E-003 -0.27336152618002330     
   7.6079960329998439E-003 -0.27278519216908825     
   1.4567433901222874E-002 -0.26953726604279493     
   2.2135812406479872E-002 -0.26326045673211373     
   3.0083390685198472E-002 -0.25363948136847730     
   3.8074311001500605E-002 -0.24044901230603649     
   4.5695910426284118E-002 -0.22361528659671887     
   5.2463638485707273E-002 -0.20328255804896078     
   5.7889971448224588E-002 -0.17987155450808764     
   6.1506860656056692E-002 -0.15409991931152311     
   6.2942330876692043E-002 -0.12696091255245612     
   6.2061449062980334E-002  -9.9634258095450692E-002
   5.8948941923290941E-002  -7.3342633290240378E-002
   5.3945164367162665E-002  -4.9190469280441899E-002
   4.7579460969919704E-002  -2.8004637158188714E-002
   4.0404152401382495E-002  -1.0258181380430156E-002
   3.2926493500066191E-002   3.9327257753178045E-003
   2.5553655922988253E-002   1.4722290955717176E-002
   1.8495985166643573E-002   2.2404611981079351E-002
   1.1897561295390531E-002   2.7302541539108396E-002
   5.7888277792548480E-003   2.9698512924179462E-002
   1.4194873719759675E-004   2.9811512763739417E-002
  -5.0502852750912335E-003   2.7824252739736707E-002
  -9.8076832985561149E-003   2.3900220490985207E-002
  -1.4127566244265304E-002   1.8201590900512040E-002
  -1.8003956744088119E-002   1.0900176396881421E-002
  -2.1454535586330262E-002   2.1687445572764158E-003
  -2.4462985770553558E-002  -7.8144407621809960E-003
  -2.7012916309530885E-002  -1.8871838562179274E-002
  -2.9098364932506043E-002  -3.0827343700852480E-002
  -3.0703367407812283E-002  -4.3500748600833888E-002
  -3.1828489982488141E-002  -5.6710378486335873E-002
  -3.2472866119231100E-002  -7.0274666439631789E-002
  -3.2644632384068527E-002  -8.4012574794597020E-002
  -3.2364353888690099E-002  -9.7744778509720298E-002
  -3.1648485512817362E-002 -0.11129706127100976     
  -3.0523003471564912E-002 -0.12450068912157584     
  -2.9002623486173197E-002 -0.13719648173067830     
  -2.7091298717302266E-002 -0.14923294378184709     
  -2.4795020843844905E-002 -0.16046126374502226     
  -2.2114137078045326E-002 -0.17073608509711452     
  -1.9047149787456988E-002 -0.17991296123848385     
  -1.5587367063513088E-002 -0.18784351203010813     
  -1.1713208176349809E-002 -0.19437440750746093     
  -7.3928088619229669E-003 -0.19934288881263607     
  -2.5949112737263013E-003 -0.20256672228909628     
   2.7050719407154581E-003 -0.20383777859676921     
   8.5195767352758255E-003 -0.20292323195117046     
   1.4837784037382382E-002 -0.19956920279658924     
   2.1608607305905272E-002 -0.19350547549382857     
   2.8718283988797340E-002 -0.18445874562453365     
   3.5966236817609368E-002 -0.17218343099782132     
   4.3045571704864956E-002 -0.15651423712519208     
   4.9535201695653078E-002 -0.13744151363349133     
   5.4915537618967850E-002 -0.11520654556124701     
   5.8628702801198342E-002  -9.0395988386970841E-002
   6.0194968749065651E-002  -6.3981198639103398E-002
   5.9353514955198229E-002  -3.7236526029586596E-002
   5.6151780699916075E-002  -1.1527777204857158E-002
   5.0925170911963573E-002   1.1940359143817773E-002
   4.4186559776954744E-002   3.2296271309975137E-002
   3.6499644055982571E-002   4.9043810508057714E-002
   2.8389007779140635E-002   6.2013579179083338E-002
   2.0291542247343482E-002   7.1279867446442172E-002
   1.2537856239340261E-002   7.7076156318996489E-002
   5.3559160041858232E-003   7.9725947659793989E-002
  -1.1145169950777527E-003   7.9595055334797424E-002
  -6.8080209794135656E-003   7.7059463547684726E-002
  -1.1720934830349508E-002   7.2480936681358896E-002
  -1.5895903740705736E-002   6.6189007568772523E-002
  -1.9404158868527342E-002   5.8470646623910667E-002
  -2.2328977093732650E-002   4.9567201455891462E-002
  -2.4752254985004163E-002   3.9677148661645165E-002
  -2.6745005493305874E-002   2.8963074813490051E-002
  -2.8362150756815353E-002   1.7561007032400489E-002
  -2.9641158732827581E-002   5.5901934502849615E-003
  -3.0603582770888819E-002  -6.8381853214952099E-003
  -3.1258451431077063E-002  -1.9614481662224501E-002
  -3.1606151179162316E-002  -3.2626778181315978E-002
  -3.1641253919056818E-002  -4.5759482226915407E-002
  -3.1353188396873927E-002  -5.8893065294671844E-002
  -3.0724665066059812E-002  -7.1903263306556039E-002
  -2.9728881801665216E-002  -8.4658379871858702E-002
  -2.8327233527224979E-002  -9.7014302981519737E-002
  -2.6469189234598480E-002 -0.10880799867810169     
  -2.4095305744549142E-002 -0.11985106032305931     
  -2.1143397125394089E-002 -0.12992510558192019     
  -1.7556984729184065E-002 -0.13878042686972455     
  -1.3294676504968541E-002 -0.14613851900111274     
  -8.3393350284349400E-003 -0.15169839925606315     
  -2.7063759206866333E-003 -0.15514632112159066     
   3.5491858436787964E-003 -0.15616836373979096     
   1.0326904357650803E-002 -0.15446561790420787     
   1.7475573446595141E-002 -0.14977244329611131     
   2.4787634717484078E-002 -0.14187945930897966     
   3.1994051504176078E-002 -0.13066415628656289     
   3.8763635853441919E-002 -0.11613181208751662     
   4.4714786505334080E-002  -9.8465223511715425E-002
   4.9448868720191184E-002  -7.8071909731318972E-002
   5.2608003568707096E-002  -5.5605279206168812E-002
   5.3944599550222967E-002  -3.1933126396613332E-002
   5.3374774468119536E-002  -8.0448164350417385E-003
   5.0989033115482793E-002   1.5077321864546951E-002
   4.7016508174142588E-002   3.6573933982567509E-002
   4.1766040766036287E-002   5.5774984215438375E-002
   3.5573890332539472E-002   7.2214209692398348E-002
   2.8771499219902089E-002   8.5613481437941341E-002
   2.1668288941313032E-002   9.5857463845816754E-002
   1.4540166941403962E-002  0.10296633604940282     
   7.6203238677542227E-003  0.10706736697846359     
   1.0937153788947252E-003  0.10836636859855489     
  -4.9033562413319642E-003  0.10712148328426380     
  -1.0279097336325427E-002  0.10362145914202447     
  -1.4979325684400186E-002   9.8169184365350423E-002
  -1.8979686599876467E-002   9.1070023103331704E-002
  -2.2278232466439840E-002   8.2623959430545624E-002
  -2.4889005203009615E-002   7.3120563087960666E-002
  -2.6836928579409593E-002   6.2835959584306669E-002
  -2.8154159035724775E-002   5.2031099951578862E-002
  -2.8877891082426457E-002   4.0950668565086702E-002
  -2.9049383923717434E-002   2.9822027150351545E-002
  -2.8713702864751375E-002   1.8853769456431958E-002
  -2.7919481748259437E-002   8.2337896133412806E-003
  -2.6718036763620584E-002  -1.8728168336304587E-003
  -2.5161433130196875E-002  -1.1325332339257007E-002
  -2.3299560812303898E-002  -2.0007620225689766E-002
  -2.1176776878242789E-002  -2.7826226085079144E-002
  -1.8829055774644870E-002  -3.4706093485729138E-002
  -1.6282740010062004E-002  -4.0584250676613892E-002
  -1.3555918842481014E-002  -4.5402504875331470E-002
  -1.0663310047886336E-002  -4.9100823016117831E-002
  -7.6252953894099529E-003  -5.1613772429340621E-002
  -4.4810453625792760E-003  -5.2873200672219345E-002
  -1.3036569017881631E-003  -5.2820757905430740E-002
   1.7883590608769085E-003  -5.1432459689381128E-002
   4.6322942262017027E-003  -4.8752470115097653E-002
   7.0432016555775920E-003  -4.4924873299806996E-002
   8.8556568698383090E-003  -4.0205395998700551E-002
   9.9703942765927579E-003  -3.4938347779358024E-002
   1.0382990576507869E-002  -2.9500821055596774E-002
   1.0179841195737546E-002  -2.4236159548915882E-002
   9.5063398483045229E-003  -1.9404474761688710E-002
   8.5264913920348132E-003  -1.5164502062963941E-002
   7.3913183322350615E-003  -1.1582217303588061E-002
   6.2218982002766685E-003  -8.6528872498600889E-003
   5.1043550092093083E-003  -6.3255576321967176E-003
   4.0922785696192107E-003  -4.5242753526092191E-003
   3.2128742945470605E-003  -3.1639309461022557E-003
   2.4740605035751531E-003  -2.1606869421530849E-003
   1.8708701224335899E-003  -1.4380722775271981E-003
   1.3906233146472266E-003  -9.3000231819386154E-004
   1.0168349040866060E-003  -5.8171471162632600E-004
   7.3193722416508092E-004  -3.4938519748868417E-004
   5.1901409625988227E-004  -1.9901797258275300E-004
   3.6280606361587946E-004  -1.0501115781768512E-004
   2.5020027564314422E-004  -4.8639091056799849E-005
   1.7036067717407578E-004  -1.6603248716652806E-005
   1.1462667410879057E-004   2.5688650860904676E-007
   7.6279903697613316E-005   8.0517654651931330E-006
   5.0247847909122894E-005   1.0719608780609005E-005
   3.2792958533895750E-005   1.0704173897405369E-005
   2.1221214230523931E-005   9.4562485188661973E-006
   1.3628931377795147E-005   7.7904369160516017E-006
   8.6945972209680683E-006   6.1295624605086038E-006
   5.5152259814130449E-006   4.6658105697217847E-006
   3.4824959726147565E-006   3.4630103899338306E-006
   2.1918053097557326E-006   2.5190517274463132E-006
   1.3771383804029814E-006   1.8022818530372515E-006
   8.6542408167044829E-007   1.2715428025228837E-006
   5.4514553201911264E-007   8.8634254774606065E-007
   3.4508445526056854E-007   6.1133774848898842E-007
   2.2012670891161762E-007   4.1771376210257944E-007
   1.4190453845048827E-007   2.8300961878274890E-007
   9.2697226156129572E-008   1.9027301941277833E-007
   6.1496321737688945E-008   1.2702058164001248E-007
   4.1492538990772795E-008   8.4238179417860547E-008
   2.8485608859313795E-008   5.5520898866937333E-008
   1.9886598733546569E-008   3.6379293833608284E-008
   1.4096958962464852E-008   2.3703170989077393E-008
   1.0124927790818500E-008   1.5359803344947716E-008
   7.3500683425451819E-009   9.8999661730188393E-009
   5.3794833458302553E-009   6.3468952159288998E-009
   3.9603530764616646E-009   4.0471236761603457E-009
   2.9268267860907021E-009   2.5664414448470607E-009
   2.1677407057951542E-009   1.6181463442692951E-009
   1.6069107391970020E-009   1.0140522791040483E-009
   1.1909993214647613E-009   6.3132988119554700E-010
   8.8194498377269086E-010   3.9023982901648257E-010
   6.5215185769547066E-010   2.3928720433866105E-010
   4.8136304764659704E-010   1.4538845472051810E-010
   3.5457546013398762E-010   8.7398103647471670E-011
   2.6061145832463406E-010   5.1871535269620023E-011
   1.9111515696990887E-010   3.0306453962659224E-011
   1.3983111959276156E-010   1.7356355238853437E-011
   1.0207650314267956E-010   9.6793703784853352E-012
   7.4349507940830253E-011   5.2002288998169258E-012
   5.4036244808074884E-011   2.6394589540319153E-012
   3.9190054502575096E-011   1.2145963590343471E-012
   2.8364922911336860E-011   4.5156118575712926E-013
   2.0489661199556182E-011   6.6244834218018288E-014
   1.4772966227657105E-011  -1.0938360974613320E-013
   1.0631924333450989E-011  -1.7309025457224959E-013
   7.6383119009910144E-012  -1.8057517921602923E-013
   5.4783850778616556E-012  -1.6268809030737006E-013
   3.9228676248740671E-012  -1.3583997260891869E-013
   2.8046245529109375E-012  -1.0823007297139456E-013
   2.0021079902106570E-012  -8.3520223586311841E-014
   1.4271224633362149E-012  -6.2966752970244602E-014
   1.0158106854192499E-012  -4.6630831223875577E-014
   7.2203194204882584E-013  -3.4045657702184135E-014
   5.1251185333177724E-013  -2.4568937441492511E-014
   3.6329924081617893E-013  -1.7557004399128813E-014
   2.5718446925297718E-013  -1.2440866660293152E-014
   1.8182291186867383E-013  -8.7506209684366583E-015
   1.2837407622384953E-013  -6.1145121605631319E-015
   9.0516830469094640E-014  -4.2470514022131390E-015
   6.3738251771631080E-014  -2.9337535364319456E-015
   4.4821070130141307E-014  -2.0161837313481275E-015
   3.1474931111855642E-014  -1.3788858425356419E-015
   2.2071589861071859E-014  -9.3865821516957835E-016
   1.5455061703806993E-014  -6.3610586432784362E-016
   1.0805730367055260E-014  -4.2917225935169480E-016
   7.5432280624691296E-015  -2.8829017084178772E-016
   5.2571280399362394E-015  -1.9280531241480842E-016
   3.6575555884474020E-015  -1.2837314241584723E-016
   2.5400418244336060E-015  -8.5084493463825101E-017
   1.7605466434324588E-015  -5.6128330201488157E-017
   1.2177318724860626E-015  -3.6845264759119516E-017
   8.4039632933357670E-016  -2.4062316336102620E-017
   5.7858102764807160E-016  -1.5628263891540353E-017
   3.9728044243118474E-016  -1.0090949596227161E-017
   2.7200187536494425E-016  -6.4743418356328884E-018
   1.8563374791947386E-016  -4.1252735657620179E-018
   1.2623978925072926E-016  -2.6085705285967970E-018
   8.5507358756233347E-017  -1.6356118983659311E-018
   5.7657334053929478E-017  -1.0158769729919935E-018
   3.8679279504463699E-017  -6.2422270169276673E-019
   2.5795562588600822E-017  -3.7887909543418039E-019
   1.7086408821109469E-017  -2.2671553607885891E-019
   1.1227940192428507E-017  -1.3341862836939504E-019
   7.3094239602993897E-018  -7.6973794673109935E-020
   4.7059750980527243E-018  -4.3359663862662615E-020
   2.9900209595681026E-018  -2.3718134852615384E-020
   1.8698142887828302E-018  -1.2504213675142987E-020
   1.1467815532466785E-018  -6.2834106458027896E-021
   6.8594551732158000E-019  -2.9550556776952376E-021
   3.9542141195055603E-019  -1.2555503451745444E-021
   2.1212506608095678E-019  -4.4279169979035652E-022
   9.1308814644428868E-020  -9.3377834843900481E-023
   0.0000000000000000        0.0000000000000000     
