 Initial conditions outputted from a previous simulation. Time =    18.199999999999999     
   40.000000000000000        0.0000000000000000              500           1   18.199999999999999     
   4.0184711835676741E-002 -0.11224084890496298     
   4.7653683493817683E-002  -9.4997938887919020E-002
   5.4159867942647412E-002  -7.4175292597022172E-002
   5.9042972650588131E-002  -5.0296308442612792E-002
   6.1893698730937655E-002  -2.4347051085031268E-002
   6.2342440735918152E-002   2.5595636555644677E-003
   6.0357867351978067E-002   2.9030032122129214E-002
   5.6151016184514749E-002   5.3788679360935648E-002
   5.0137083496998296E-002   7.5802556344872304E-002
   4.2842232890370917E-002   9.4375946429198290E-002
   3.4800759970912497E-002  0.10915918041213546     
   2.6485635147475338E-002  0.12008382365717817     
   1.8273695642210888E-002  0.12727832981629800     
   1.0438161385372345E-002  0.13099205536634759     
   3.1579068829909475E-003  0.13153672154625887     
  -3.4662101270024706E-003  0.12924681956515313     
  -9.3938037856358854E-003  0.12445588441947400     
  -1.4628799774208010E-002  0.11748424687321939     
  -1.9204851773508801E-002  0.10863434162934439     
  -2.3171520316164058E-002   9.8189588883215884E-002
  -2.6581650732266645E-002   8.6412934428069951E-002
  -2.9482296759302334E-002   7.3543137716349558E-002
  -3.1911310096575052E-002   5.9790201436321577E-002
  -3.3899040526271816E-002   4.5333125850287759E-002
  -3.5472106937812484E-002   3.0321985810717905E-002
  -3.6656126216383624E-002   1.4883737383077727E-002
  -3.7476081964321811E-002  -8.7040988893095244E-004
  -3.7954767621050323E-002  -1.6838049847528583E-002
  -3.8110457857319043E-002  -3.2920055332111155E-002
  -3.7954845814148472E-002  -4.9016599832042200E-002
  -3.7491787935889961E-002  -6.5024426433961280E-002
  -3.6716823316968725E-002  -8.0834923858386698E-002
  -3.5617055122993485E-002  -9.6332510609318897E-002
  -3.4171044082564099E-002 -0.11139282381757068     
  -3.2348777894451945E-002 -0.12588039575962903     
  -3.0112044100777828E-002 -0.13964585726003073     
  -2.7415416733753806E-002 -0.15252291248350622     
  -2.4208015421599036E-002 -0.16432527987291409     
  -2.0436356339655709E-002 -0.17484381328190826     
  -1.6048468294392302E-002 -0.18384410785257377     
  -1.0999314110864918E-002 -0.19106483585600259     
  -5.2581577537160985E-003 -0.19621736534296574     
   1.1811358302507564E-003 -0.19898784697304839     
   8.2866589320471414E-003 -0.19904320261745959     
   1.5972499696337412E-002 -0.19604312666781884     
   2.4081153507496861E-002 -0.18966124814379953     
   3.2366212852406519E-002 -0.17961957639981585     
   4.0479855224532936E-002 -0.16574063420481663     
   4.7973403227631495E-002 -0.14801910148341987     
   5.4322405434353106E-002 -0.12670607681884399     
   5.8986314259230156E-002 -0.10238304191231051     
   6.1501730349588821E-002  -7.5985917603962991E-002
   6.1587181291408354E-002  -4.8739590439126061E-002
   5.9218628823572136E-002  -2.1995973228715635E-002
   5.4638208156791074E-002   2.9769305819397226E-003
   4.8290376174826927E-002   2.5174064223845424E-002
   4.0717550325929629E-002   4.3940152160650947E-002
   3.2460382313983994E-002   5.8959924004490821E-002
   2.3990773037939169E-002   7.0189365111806762E-002
   1.5681012717459419E-002   7.7770691867413311E-002
   7.7993295251201919E-003   8.1957196478507646E-002
   5.2059999424641139E-004   8.3057339671686645E-002
  -6.0564129598882840E-003   8.1397711778085691E-002
  -1.1890768835679355E-002   7.7300423848906855E-002
  -1.6982929187443586E-002   7.1070011985608070E-002
  -2.1361588562890280E-002   6.2986426340783511E-002
  -2.5073862802862674E-002   5.3302493491011134E-002
  -2.8177750774622538E-002   4.2244855840359592E-002
  -3.0735605377627206E-002   3.0016810130208176E-002
  -3.2808425180623053E-002   1.6801360523575025E-002
  -3.4451853985441878E-002   2.7637982453924468E-003
  -3.5713997901839219E-002  -1.1946001758342808E-002
  -3.6634314457780710E-002  -2.7191182071517189E-002
  -3.7243545960963777E-002  -4.2845239536529918E-002
  -3.7564558514938569E-002  -5.8789159264870085E-002
  -3.7613441852826147E-002  -7.4908187808714777E-002
  -3.7399137561486370E-002  -9.1088239081079964E-002
  -3.6921663272079346E-002 -0.10721256620197864     
  -3.6171193056119121E-002 -0.12315948670173187     
  -3.5126676682699177E-002 -0.13880116001241155     
  -3.3756460641158684E-002 -0.15400165656042866     
  -3.2020819300665762E-002 -0.16861368136386415     
  -2.9871450267768992E-002 -0.18247562875323006     
  -2.7249973395935254E-002 -0.19540962201587811     
  -2.4098638759383523E-002 -0.20721965090222561     
  -2.0360762315123015E-002 -0.21768829112372429     
  -1.5976217364458273E-002 -0.22656694229401228     
  -1.0906013190522762E-002 -0.23357356121818579     
  -5.1178795377153294E-003 -0.23841131032280910     
   1.4036230588536380E-003 -0.24077136663103901     
   8.5930423641345718E-003 -0.24032432067556406     
   1.6328304847042209E-002 -0.23675170284741065     
   2.4439248186432214E-002 -0.22978422367977233     
   3.2639168853777670E-002 -0.21921591875046795     
   4.0513091403829617E-002 -0.20494957867261324     
   4.7627039171139932E-002 -0.18708598367203352     
   5.3523497876260644E-002 -0.16597617759972919     
   5.7775064670853207E-002 -0.14223687478603750     
   6.0067755314024855E-002 -0.11673485394541369     
   6.0210479723235871E-002  -9.0515867968068583E-002
   5.8157300005334492E-002  -6.4696696929901584E-002
   5.4049912780547979E-002  -4.0349192544123683E-002
   4.8215953690338986E-002  -1.8385566159115858E-002
   4.1092383178252437E-002   5.2072221861321623E-004
   3.3162899412345834E-002   1.5956379446008848E-002
   2.4894485286713734E-002   2.7753652640019947E-002
   1.6692343035841852E-002   3.5944187821316226E-002
   8.8176750337734238E-003   4.0706125560109503E-002
   1.4617491396055925E-003   4.2299892755566088E-002
  -5.2703452111208761E-003   4.1023082340259857E-002
  -1.1345186611646208E-002   3.7178098144702562E-002
  -1.6753827477761180E-002   3.1050326063817264E-002
  -2.1504300272021340E-002   2.2901079427479501E-002
  -2.5592230975168061E-002   1.2969226482719559E-002
  -2.9025446485975420E-002   1.4831558761479492E-003
  -3.1862848450679424E-002  -1.1330043161672713E-002
  -3.4151483765261503E-002  -2.5249376218736293E-002
  -3.5899279351828406E-002  -4.0058425247257369E-002
  -3.7089527444206134E-002  -5.5536509284547717E-002
  -3.7712764525523634E-002  -7.1455870735243551E-002
  -3.7846361951843696E-002  -8.7585373095975153E-002
  -3.7627873281147237E-002 -0.10371802312720362     
  -3.7179410345794563E-002 -0.11969893657702231     
  -3.6576337316358558E-002 -0.13543294243031628     
  -3.5828496572681605E-002 -0.15087217892939314     
  -3.4904703856433406E-002 -0.16598549312785441     
  -3.3758859477367717E-002 -0.18072926375960074     
  -3.2342233651279001E-002 -0.19502790401465586     
  -3.0595793928990974E-002 -0.20876768002721027     
  -2.8456572068106357E-002 -0.22179913491113326     
  -2.5864256319051673E-002 -0.23394351012396775     
  -2.2775582756655498E-002 -0.24499923960498038     
  -1.9159869384986546E-002 -0.25474664603117869     
  -1.4966088515636293E-002 -0.26295085955601766     
  -1.0127887038479770E-002 -0.26936159834827417     
  -4.6229747020000694E-003 -0.27370739487198248     
   1.5554315467775544E-003 -0.27570079269996917     
   8.3800534581600309E-003 -0.27504640709040834     
   1.5719317983009483E-002 -0.27145557161452821     
   2.3333042511201274E-002 -0.26467779170021666     
   3.0970979507671977E-002 -0.25454192321024971     
   3.8420624553867508E-002 -0.24099258879539695     
   4.5380494830219241E-002 -0.22410935465848739     
   5.1446099115197229E-002 -0.20413176118415829     
   5.6187165839851325E-002 -0.18149410841782060     
   5.9115182302907181E-002 -0.15684958384027345     
   5.9765774852288865E-002 -0.13108327184520099     
   5.7973743218501406E-002 -0.10529365361417480     
   5.3887708402846575E-002  -8.0693020266661794E-002
   4.7892776140987976E-002  -5.8450033310812978E-002
   4.0503202669077865E-002  -3.9512066080726826E-002
   3.2288780493077679E-002  -2.4470600110999271E-002
   2.3761416563136878E-002  -1.3514671974484957E-002
   1.5323450946147059E-002  -6.4892342857953162E-003
   7.2792289634521544E-003  -3.0282246678652335E-003
  -1.3507524745663682E-004  -2.6968712860511593E-003
  -6.8103745559968893E-003  -5.0849612419497023E-003
  -1.2695698157529729E-002  -9.8491912932989322E-003
  -1.7804394808595386E-002  -1.6701602491428186E-002
  -2.2182380766556795E-002  -2.5385870431294470E-002
  -2.5860713602470189E-002  -3.5660617844092565E-002
  -2.8892615212862866E-002  -4.7291007311300468E-002
  -3.1361273139232503E-002  -6.0054098531455699E-002
  -3.3333921855311408E-002  -7.3749066766512841E-002
  -3.4868246096003266E-002  -8.8198732178308092E-002
  -3.6003043756052414E-002 -0.10324500542354856     
  -3.6766632998900130E-002 -0.11873977305274649     
  -3.7187034508735450E-002 -0.13453768770956240     
  -3.7282953876040505E-002 -0.15049315707582708     
  -3.7059592071040662E-002 -0.16646003670479703     
  -3.6501649495312316E-002 -0.18229266536161295     
  -3.5592441002245026E-002 -0.19784339997831030     
  -3.4333771884067221E-002 -0.21296233795354522     
  -3.2745417792458181E-002 -0.22750003291290372     
  -3.0841502558213378E-002 -0.24131293761030737     
  -2.8610477366700110E-002 -0.25426711545403657     
  -2.6028628274955230E-002 -0.26623458073820694     
  -2.3075214379145077E-002 -0.27708730703795459     
  -1.9735708479589067E-002 -0.28669255844781788     
  -1.5990512838916546E-002 -0.29491045353657808     
  -1.1807817152453113E-002 -0.30159215880950835     
  -7.1455883998597257E-003 -0.30657392332543487     
  -1.9528890284118401E-003 -0.30966955734073653     
   3.8041586530457075E-003 -0.31066192394913783     
   1.0134368760513152E-002 -0.30929672215640736     
   1.7056509425540337E-002 -0.30528734984025385     
   2.4510906575742938E-002 -0.29831935527301762     
   3.2349658222462448E-002 -0.28807914614800867     
   4.0287807131878045E-002 -0.27430975843296368     
   4.7834428569492424E-002 -0.25689157473458651     
   5.4335097203503491E-002 -0.23595188446939114     
   5.9090255831592858E-002 -0.21196840886096585     
   6.1468414897126407E-002 -0.18582088893801690     
   6.1078263393565486E-002 -0.15876278988765857     
   5.7863095044880040E-002 -0.13229116179438433     
   5.2189720944369494E-002 -0.10792847285569404     
   4.4715561599770588E-002  -8.6955327547935710E-002
   3.6183373975235772E-002  -7.0191749098382369E-002
   2.7294677694153249E-002  -5.7907266925250021E-002
   1.8580185285615752E-002  -4.9889781677314886E-002
   1.0376067105206345E-002  -4.5634985026042504E-002
   2.9032718565453462E-003  -4.4555976066080555E-002
  -3.7133199566574638E-003  -4.6125124997371841E-002
  -9.4208809972832243E-003  -4.9924203202254984E-002
  -1.4257581754286269E-002  -5.5622932143762238E-002
  -1.8340986775623961E-002  -6.2948623735040773E-002
  -2.1786039747299760E-002  -7.1666553110878134E-002
  -2.4706806366328250E-002  -8.1571831700032280E-002
  -2.7205139317384962E-002  -9.2496826638346200E-002
  -2.9357617214415915E-002 -0.10431115102599736     
  -3.1217991664688170E-002 -0.11691501711584788     
  -3.2812318565273425E-002 -0.13022789847415786     
  -3.4157669666133664E-002 -0.14417357461426811     
  -3.5266797441929634E-002 -0.15867114858574133     
  -3.6142170611850474E-002 -0.17363197820506379     
  -3.6776649786277336E-002 -0.18895959961704614     
  -3.7141856646891090E-002 -0.20454982552308421     
  -3.7189197669081263E-002 -0.22028638243101184     
  -3.6880325622832319E-002 -0.23603550039416482     
  -3.6204086270524793E-002 -0.25164393817644215     
  -3.5151836212180952E-002 -0.26694203248454113     
  -3.3680851829118029E-002 -0.28175026968493050     
  -3.1749486064080290E-002 -0.29587732975399200     
  -2.9311018056628519E-002 -0.30911913222615606     
  -2.6304876242935597E-002 -0.32125788185467047     
  -2.2687560219625182E-002 -0.33205750379183507     
  -1.8433599942653867E-002 -0.34126610216968872     
  -1.3519490481789301E-002 -0.34862041939940069     
  -7.9372260368304678E-003 -0.35384866479950111     
  -1.6994762779009090E-003 -0.35667757280935414     
   5.1310776424992790E-003 -0.35683611202997023     
   1.2472393373403941E-002 -0.35407168866006711     
   2.0149239575840906E-002 -0.34816600793807378     
   2.7880986707987485E-002 -0.33896108359600480     
   3.5397154769224989E-002 -0.32640533448238185     
   4.2391770272682192E-002 -0.31058424891904851     
   4.8522334923729073E-002 -0.29174765229028721     
   5.3448271318232918E-002 -0.27032836272253241     
   5.6817908268718610E-002 -0.24693562939232666     
   5.8353849933762525E-002 -0.22233783450088745     
   5.7918194412010862E-002 -0.19742250241818476     
   5.5498983788153905E-002 -0.17313238060948977     
   5.1226794246625205E-002 -0.15039694110220209     
   4.5301883966316410E-002 -0.13005632762610100     
   3.8059106832299384E-002 -0.11280218592764489     
   2.9955466021556524E-002  -9.9123084098056813E-002
   2.1486011957679112E-002  -8.9265663987326910E-002
   1.3121163272785948E-002  -8.3230108015819759E-002
   5.2090978430657233E-003  -8.0802773169885184E-002
  -2.0650180002439382E-003  -8.1626866840866272E-002
  -8.5907445031723571E-003  -8.5288194462801767E-002
  -1.4351209533710765E-002  -9.1375476291220711E-002
  -1.9362815279244237E-002  -9.9520956572123564E-002
  -2.3655934703532357E-002 -0.10940806688597331     
  -2.7279698496687804E-002 -0.12076385930665066     
  -3.0277642304137001E-002 -0.13334667353445701     
  -3.2694096979848687E-002 -0.14693286989444551     
  -3.4574822519413399E-002 -0.16131085447220297     
  -3.5960709582143389E-002 -0.17627932292937548     
  -3.6897101737261989E-002 -0.19164840963192273     
  -3.7428578741241399E-002 -0.20724417281083213     
  -3.7591517260979319E-002 -0.22291121951605972     
  -3.7415055664203410E-002 -0.23851326059831435     
  -3.6917481305255441E-002 -0.25393041736782990     
  -3.6109815215044569E-002 -0.26905314019889676     
  -3.5003983622697153E-002 -0.28377530612358981     
  -3.3606787803366289E-002 -0.29798964047689774     
  -3.1911491035736116E-002 -0.31158470457149429     
  -2.9899609975778133E-002 -0.32444215390202685     
  -2.7531604152061902E-002 -0.33643623929136224     
  -2.4779588910927571E-002 -0.34742707692793529     
  -2.1622268446634778E-002 -0.35725961561042713     
  -1.8028732963509944E-002 -0.36576719190726475     
  -1.3992566902716224E-002 -0.37276551263406610     
  -9.4929527140764618E-003 -0.37806412860930555     
  -4.5327958054884104E-003 -0.38146144720420594     
   8.7088171847608733E-004 -0.38275627298258413     
   6.6722458251544806E-003 -0.38174725011836613     
   1.2806713248758664E-002 -0.37825238193026878     
   1.9148075443103200E-002 -0.37210921747395376     
   2.5547964881104786E-002 -0.36320095946468206     
   3.1823615159568761E-002 -0.35147390341474194     
   3.7757186605261880E-002 -0.33696068654497580     
   4.3057965660899644E-002 -0.31980442457887043     
   4.7411127960997154E-002 -0.30030875045564365     
   5.0506537826501129E-002 -0.27895329217352793     
   5.2067272983231730E-002 -0.25639257468644061     
   5.1865435723260599E-002 -0.23341966920905161     
   4.9800367167901601E-002 -0.21093719673834807     
   4.6035539133845456E-002 -0.18990012755263419     
   4.0895317397767424E-002 -0.17112856460976356     
   3.4759591903662346E-002 -0.15516037869128932     
   2.8024169399424637E-002 -0.14227393239065636     
   2.1053985653291179E-002 -0.13255675921682888     
   1.4151628640397889E-002 -0.12593919062108086     
   7.5504616028126987E-003 -0.12223429106473489     
   1.4119328465997546E-003 -0.12119234792473695     
  -4.1641345077590864E-003 -0.12253736694658031     
  -9.1200940548946310E-003 -0.12598081206408904     
  -1.3430466811512611E-002 -0.13123077159823779     
  -1.7100907328941910E-002 -0.13800299769860500     
  -2.0164071758009109E-002 -0.14603103321119515     
  -2.2670632425820243E-002 -0.15507416877658964     
  -2.4679698626317890E-002 -0.16492187952321455     
  -2.6250283885322925E-002 -0.17539350328857317     
  -2.7434889045500781E-002 -0.18633428162791268     
  -2.8276450732660864E-002 -0.19760986588570370     
  -2.8808178955337056E-002 -0.20910085176055457     
  -2.9054650944298550E-002 -0.22069833302051836     
  -2.9032934939960731E-002 -0.23230060558574664     
  -2.8753357046373985E-002 -0.24381046666810316     
  -2.8220083678899242E-002 -0.25513269376042352     
  -2.7431787866535801E-002 -0.26617170129853823     
  -2.6382480091414674E-002 -0.27682948248770978     
  -2.5062459894072724E-002 -0.28700388681151207     
  -2.3459364788361334E-002 -0.29658725609038411     
  -2.1559347474731219E-002 -0.30546543590393099     
  -1.9348446451806858E-002 -0.31351718895717312     
  -1.6814227276577193E-002 -0.32061407739756242     
  -1.3947760926408471E-002 -0.32662092843509133     
  -1.0745981124343003E-002 -0.33139703360113953     
  -7.2144341210494956E-003 -0.33479826977749250     
  -3.3703909685353808E-003 -0.33668037965926190     
   7.5378925846560530E-004 -0.33690369782018892     
   5.1072874581665571E-003 -0.33533962908249937     
   9.6178584708641844E-003 -0.33187914199775209     
   1.4189881413310367E-002 -0.32644338243154036     
   1.8704219915043035E-002 -0.31899617835649891     
   2.3020785898173683E-002 -0.30955764289290560     
   2.6984607739462260E-002 -0.29821729734470392     
   3.0435799184826494E-002 -0.28514427246220980     
   3.3223035430023702E-002 -0.27059152912259460     
   3.5219037083032124E-002 -0.25489114722748596     
   3.6335481678706337E-002 -0.23843898289256721     
   3.6534246246799240E-002 -0.22166935788346576     
   3.5832325542016714E-002 -0.20502322169546183     
   3.4299182650454355E-002 -0.18891528628566076     
   3.2047278015428164E-002 -0.17370595915776438     
   2.9218217153130832E-002 -0.15968227669610546     
   2.5967513159602502E-002 -0.14704939785975821     
   2.2450540210077145E-002 -0.13593173609778098     
   1.8811486403213222E-002 -0.12638105499525049     
   1.5176156532888709E-002 -0.11838839617953159     
   1.1648438826800171E-002 -0.11189724429175144     
   8.3096408949651038E-003 -0.10681611989033113     
   5.2198140613181525E-003 -0.10302955766092711     
   2.4202723633499190E-003 -0.10040708000416898     
  -6.3361282276969084E-005  -9.8810189310517535E-002
  -2.2180535585352608E-003  -9.8097598035489758E-002
  -4.0404825364008220E-003  -9.8128996357339390E-002
  -5.5345346181617664E-003  -9.8767666882002086E-002
  -6.7092435591764588E-003  -9.9882220944403369E-002
  -7.5771755340163409E-003 -0.10134768826127243     
  -8.1532276157367037E-003 -0.10304615332567926     
  -8.4537891691317691E-003 -0.10486709381765254     
  -8.4962067180486388E-003 -0.10670754136298399     
  -8.2984921433030736E-003 -0.10847215698435522     
  -7.8792190191863658E-003 -0.11007329096601859     
  -7.2575573851453162E-003 -0.11143107806396527     
  -6.4534019385785015E-003 -0.11247360357628572     
  -5.4875530225019240E-003 -0.11313716244611259     
  -4.3819134715443377E-003 -0.11336662125276102     
  -3.1596671612682792E-003 -0.11311588142060662     
  -1.8454072113705683E-003 -0.11234843082034268     
  -4.6518331911500399E-004 -0.11103795939720304     
   9.5356093522815902E-004 -0.10916900195652809     
   2.3821877172109955E-003 -0.10673755760364627     
   3.7912240560359065E-003 -0.10375162102282373     
   5.1508954817660333E-003 -0.10023154707855482     
   6.4318375896396099E-003  -9.6210159303290355E-002
   7.6059726328640883E-003  -9.1732507721413753E-002
   8.6475174559941404E-003  -8.6855185868089158E-002
   9.5340652991944778E-003  -8.1645134585975679E-002
   1.0247660344617148E-002  -7.6177893896202525E-002
   1.0775764971408393E-002  -7.0535314021350548E-002
   1.1112010957272394E-002  -6.4802798690304766E-002
   1.1256632206103102E-002  -5.9066219987619108E-002
   1.1216500661318586E-002  -5.3408702465596050E-002
   1.1004727742821385E-002  -4.7907512127285314E-002
   1.0639845276746997E-002  -4.2631292814195650E-002
   1.0144633159263110E-002  -3.7637864163330079E-002
   9.5447052968617614E-003  -3.2972735352063853E-002
   8.8669918744521993E-003  -2.8668408427706408E-002
   8.1382602671770735E-003  -2.4744459427203661E-002
   7.3837998925145353E-003  -2.1208309836412996E-002
   6.6263635668598860E-003  -1.8056546243647650E-002
   5.8854175307260295E-003  -1.5276617228609679E-002
   5.1767122751775144E-003  -1.2848732574557801E-002
   4.5121527606266582E-003  -1.0747805600007914E-002
   3.8999229112877767E-003  -8.9453077345419615E-003
   3.3448060819379049E-003  -7.4109385386869472E-003
   2.8486392916436832E-003  -6.1140487226176241E-003
   2.4108421549952769E-003  -5.0247847250306293E-003
   2.0289691429139669E-003  -4.1149491464801610E-003
   1.6992438873859970E-003  -3.3585911459978295E-003
   1.4170450446478503E-003  -2.7323549687857944E-003
   1.1773236343523910E-003  -2.2156236556925796E-003
   9.7494111690581608E-004  -1.7904994274070905E-003
   8.0492541320247675E-004  -1.4416629917553562E-003
   6.6264845583445704E-004  -1.1561518174921111E-003
   5.4393363490178872E-004  -9.2309295640965073E-004
   4.4510466973504470E-004  -7.3341997850006366E-004
   3.6298905974278643E-004  -5.7959671747172346E-004
   2.9488947411256280E-004  -4.5536349541121923E-004
   2.3853544953389278E-004  -3.5551493268705506E-004
   1.9202588145007091E-004  -2.7571285689298116E-004
   1.5377038029627354E-004  -2.1233353162429430E-004
   1.2243499362990515E-004  -1.6234555737937160E-004
   9.6895398471980306E-005  -1.2321328213161188E-004
   7.6198687293642983E-005  -9.2820173282185702E-005
   5.9533435126632839E-005  -6.9407030827539802E-005
   4.6206862774960000E-005  -5.1520827542003071E-005
   3.5627532997820070E-005  -3.7971046500241543E-005
   2.7292011029958528E-005  -2.7791423868713466E-005
   2.0774149330124619E-005  -2.0205857307791402E-005
   1.5715992459641705E-005  -1.4597850047314899E-005
   1.1819644538710435E-005  -1.0483232013477137E-005
   8.8397375740966943E-006  -7.4860746938104087E-006
   6.5763558516986170E-006  -5.3177542020963541E-006
   4.8684063852062987E-006  -3.7590751429584465E-006
   3.5874904967653809E-006  -2.6452936807713953E-006
   2.6323462706313141E-006  -1.8538043836957127E-006
   1.9239156898725472E-006  -1.2942003696332846E-006
   1.4010603139762133E-006  -9.0038701670273962E-007
   1.0169171667703902E-006  -6.2442527535243760E-007
   7.3585909996540939E-007  -4.3179645338740845E-007
   5.3100442341561591E-007  -2.9780973117892377E-007
   3.8220950990717689E-007  -2.0491033460411075E-007
   2.7447429203211801E-007  -1.4068515091778180E-007
   1.9669229466627046E-007  -9.6400001546766405E-008
   1.4068222070562653E-007  -6.5936574227797434E-008
   1.0044549973369027E-007  -4.5026091393540191E-008
   7.1602363081227907E-008  -3.0700894640681716E-008
   5.0967056077629286E-008  -2.0904517270015667E-008
   3.6230207204335473E-008  -1.4216040165369466E-008
   2.5722871887145473E-008  -9.6562345585879463E-009
   1.8242265353385677E-008  -6.5518460147919980E-009
   1.2923719729417422E-008  -4.4409672994893750E-009
   9.1470359448917873E-009  -3.0072983125342918E-009
   6.4682712272977353E-009  -2.0346215115512656E-009
   4.5702348157582606E-009  -1.3753668820484176E-009
   3.2266779440653179E-009  -9.2896150949957007E-010
   2.2764654028724983E-009  -6.2695242591037310E-010
   1.6049951477519676E-009  -4.2280483873437383E-010
   1.1308633794194850E-009  -2.8491944473941308E-010
   7.9631446789834135E-010  -1.9186111307611616E-010
   5.6041451276432269E-010  -1.2910358924200469E-010
   3.9418018261360686E-010  -8.6811614383999855E-011
   2.7710821610853813E-010  -5.8331774314509343E-011
   1.9470634170973151E-010  -3.9166803520345404E-011
   1.3673892151092892E-010  -2.6279223562711431E-011
   9.5981895435048576E-011  -1.7619046624183706E-011
   6.7340124017366894E-011  -1.1803748095114937E-011
   4.7222264100315412E-011  -7.9016073771391549E-012
   3.3098438988651274E-011  -5.2851511793997230E-012
   2.3187513681441381E-011  -3.5320952474322213E-012
   1.6236171506537596E-011  -2.3584411149784908E-012
   1.1362955856522203E-011  -1.5733230356524335E-012
   7.9482471295392418E-012  -1.0485556447076902E-012
   5.5566940728485761E-012  -6.9811030290094857E-013
   3.8825584733290094E-012  -4.6429233709137053E-013
   2.7112262005285965E-012  -3.0843759349227374E-013
   1.8921171570878524E-012  -2.0465490214685362E-013
   1.3196278776669580E-012  -1.3562004650552548E-013
   9.1973147971011989E-013  -8.9750567275243631E-014
   6.4055996059555268E-013  -5.9309372801198590E-014
   4.4578835830582516E-013  -3.9132692075863555E-014
   3.0998927392094426E-013  -2.5777431374874588E-014
   2.1537237380214092E-013  -1.6950076324474484E-014
   1.4949696399123691E-013  -1.1124465171672253E-014
   1.0366793377814614E-013  -7.2861743896534398E-015
   7.1811407702389650E-014  -4.7617186736412516E-015
   4.9686996460986905E-014  -3.1045230055629620E-015
   3.4336129262488334E-014  -2.0188662445214007E-015
   2.3695896098471191E-014  -1.3092007706427462E-015
   1.6328873774820698E-014  -8.4641610486516974E-016
   1.1234193479181259E-014  -5.4540600870939639E-016
   7.7154887227870051E-015  -3.5016901364297214E-016
   5.2886489151531675E-015  -2.2392466417802966E-016
   3.6174160371152676E-015  -1.4256560194855595E-016
   2.4684471677239200E-015  -9.0325706595088154E-017
   1.6799790140422654E-015  -5.6918606943710192E-017
   1.1399918167441347E-015  -3.5650523895044461E-017
   7.7100362851854835E-016  -2.2177848794693940E-017
   5.1948965758582003E-016  -1.3690719419200670E-017
   3.4852579260893241E-016  -8.3776147123275046E-018
   2.3267820970719134E-016  -5.0750094859734117E-018
   1.5445654824992044E-016  -3.0386699502177572E-018
   1.0185469248052106E-016  -1.7947432023630121E-018
   6.6647451748970422E-017  -1.0430756119174002E-018
   4.3212123205092207E-017  -5.9463635745762180E-019
   2.7714159886041093E-017  -3.3115388962597104E-019
   1.7545128763271483E-017  -1.7917905076412603E-019
   1.0935253026219333E-017  -9.3489448432893007E-020
   6.6865646071453229E-018  -4.6521839140157735E-020
   3.9891523030373660E-018  -2.1680114557726944E-020
   2.2946967756784974E-018  -9.1347780443392630E-021
   1.2289432702228876E-018  -3.1974888068645002E-021
   5.2819417160949413E-019  -6.6921609456829153E-022
   0.0000000000000000        0.0000000000000000     
