 Initial conditions outputted from a previous simulation. Time =    61.400000000000006     
   40.000000000000000        0.0000000000000000              500           1   61.400000000000006     
  -2.1987977952800445E-002  0.12530773864760328     
  -2.5372887554807714E-002  0.11392888422458219     
  -2.8260917944234954E-002  0.10134998582161944     
  -3.0662418103152924E-002   8.7772963063175294E-002
  -3.2647904687162596E-002   7.3366599758450668E-002
  -3.4223814772561978E-002   5.8311366970727772E-002
  -3.5438876373664774E-002   4.2738797634841355E-002
  -3.6319609099402454E-002   2.6781512328925519E-002
  -3.6885884147367251E-002   1.0559883624874139E-002
  -3.7152719474695672E-002  -5.8138953452692987E-003
  -3.7126782570547349E-002  -2.2230848626715982E-002
  -3.6807372293757912E-002  -3.8583254632837169E-002
  -3.6186945162805698E-002  -5.4761624168814887E-002
  -3.5251080629867232E-002  -7.0651311627851751E-002
  -3.3979118109462143E-002  -8.6129124726060713E-002
  -3.2345302565386189E-002 -0.10105933750795297     
  -3.0320349423422651E-002 -0.11528873640478628     
  -2.7873434877933298E-002 -0.12864039847730535     
  -2.4974066504797367E-002 -0.14090613155088427     
  -2.1592697985971000E-002 -0.15183854205572278     
  -1.7698909537424697E-002 -0.16114553827879305     
  -1.3257353975352699E-002 -0.16849182447515210     
  -8.2247895650843870E-003 -0.17351147549803964     
  -2.5543239187255408E-003 -0.17583129745753606     
   3.7880538081054220E-003 -0.17509842719115026     
   1.0795366988879344E-002 -0.17100341818121925     
   1.8387201908146081E-002 -0.16329565938268664     
   2.6381866963051788E-002 -0.15179732725989620     
   3.4478782601722435E-002 -0.13642702045698391     
   4.2255412006442124E-002 -0.11724142404328071     
   4.9188512779054089E-002  -9.4494971825653556E-002
   5.4712427653792438E-002  -6.8704451637642314E-002
   5.8313162653644716E-002  -4.0688958356174101E-002
   5.9631393542976335E-002  -1.1546644364882501E-002
   5.8535560768928380E-002   1.7453947266492336E-002
   5.5141163110254458E-002   4.5047559959105442E-002
   4.9777991633341609E-002   7.0151002138519214E-002
   4.2920815317306391E-002   9.1984376633899217E-002
   3.5101492662344531E-002  0.11010582811927995     
   2.6825588293976115E-002  0.12437265345680791     
   1.8517599101801618E-002  0.13486605658724676     
   1.0500422574973776E-002  0.14181246411892498     
   2.9953834543601471E-003  0.14551656873718632     
  -3.8676391810711563E-003  0.14631379583708284     
  -1.0031447417821955E-002  0.14454272953276406     
  -1.5488856446243277E-002  0.14053067148588999     
  -2.0263450348023376E-002  0.13458568287617434     
  -2.4395782281316957E-002  0.12699192345599014     
  -2.7933589098866059E-002  0.11800676581428386     
  -3.0925650315709347E-002  0.10785934810448654     
  -3.3419092614019971E-002   9.6751102350722068E-002
  -3.5458787562535517E-002   8.4858316784092391E-002
  -3.7087342927121666E-002   7.2336052743233140E-002
  -3.8344740351659828E-002   5.9322644891847472E-002
  -3.9267136487802973E-002   4.5944075619208789E-002
  -3.9884898431693863E-002   3.2317589036362733E-002
  -4.0220453102999251E-002   1.8554271618239505E-002
  -4.0286642088348687E-002   4.7608175300524721E-003
  -4.0086059613905545E-002  -8.9589691341690220E-003
  -3.9611468967499557E-002  -2.2502285678657440E-002
  -3.8846918880772227E-002  -3.5764563745612890E-002
  -3.7768900811426205E-002  -4.8635704296395056E-002
  -3.6347052563731976E-002  -6.0995650598070057E-002
  -3.4544269669334507E-002  -7.2709986469017010E-002
  -3.2316343022586347E-002  -8.3626305297658340E-002
  -2.9611692668697141E-002  -9.3571849398600193E-002
  -2.6372329078771836E-002 -0.10235244377364963     
  -2.2536937266687228E-002 -0.10975208784485435     
  -1.8046153189505587E-002 -0.11553222761246920     
  -1.2850071819372672E-002 -0.11943048801365300     
  -6.9185875041199146E-003 -0.12115949449416191     
  -2.5377347849328037E-004 -0.12040653831952355     
   7.0945303146066592E-003 -0.11683661513893369     
   1.5013370903275198E-002 -0.11010538880801043     
   2.3311010168717734E-002  -9.9887218245997597E-002
   3.1695938157947988E-002  -8.5920986213691278E-002
   3.9766833618935869E-002  -6.8078316337017844E-002
   4.7023982263443641E-002  -4.6451478466826374E-002
   5.2907400825695866E-002  -2.1443307338428360E-002
   5.6868694035051459E-002   6.1761644218272490E-003
   5.8497858799638161E-002   3.5292724212013390E-002
   5.7622168195245342E-002   6.4573172243694896E-002
   5.4345277737750872E-002   9.2653284602257746E-002
   4.9026206689148991E-002  0.11833397850236442     
   4.2177488074507545E-002  0.14073730658491609     
   3.4356920144368516E-002  0.15936389114674782     
   2.6086320394283487E-002  0.17404400833046499     
   1.7791302107603858E-002  0.18484698149225337     
   9.7885406668894535E-003  0.19199994466901252     
   2.2990682601082726E-003  0.19582119273443047     
  -4.5614092043357842E-003  0.19666462758318862     
  -1.0736116883185850E-002  0.19488038802000412     
  -1.6208916017249598E-002  0.19080242238831738     
  -2.0999477941383588E-002  0.18474443123360132     
  -2.5147135534318764E-002  0.17698976221067136     
  -2.8698124519581758E-002  0.16778866032436149     
  -3.1703891636474843E-002  0.15736613993550591     
  -3.4219708462640511E-002  0.14592787269649771     
  -3.6307243439397875E-002  0.13365998038417362     
  -3.8015960999254000E-002  0.12072639079185980     
  -3.9383161711218202E-002  0.10726885158971997     
  -4.0424172835340243E-002   9.3410086177370913E-002
  -4.1143075104558571E-002   7.9261762278950043E-002
  -4.1545830855311834E-002   6.4930581475635213E-002
  -4.1624473611798871E-002   5.0519283769676897E-002
  -4.1360823511626989E-002   3.6133353197125392E-002
  -4.0738625922592947E-002   2.1891582815012075E-002
  -3.9752174071303811E-002   7.9322305407516641E-003
  -3.8387412676656602E-002  -5.5912473432860269E-003
  -3.6619924076891429E-002  -1.8515762993007823E-002
  -3.4421523878668793E-002  -3.0671704022703718E-002
  -3.1749986636150487E-002  -4.1886309108510440E-002
  -2.8598799224465999E-002  -5.1979763486035037E-002
  -2.4963817430435530E-002  -6.0770804789325630E-002
  -2.0845805765957768E-002  -6.8079527445552179E-002
  -1.6268911857904845E-002  -7.3724318425455682E-002
  -1.1240703681469708E-002  -7.7521689921060344E-002
  -5.7141973856571380E-003  -7.9278467320477608E-002
   3.9255694027006977E-004  -7.8773485615958469E-002
   7.1421690074502326E-003  -7.5742873707263597E-002
   1.4465818082583253E-002  -6.9880186219973550E-002
   2.2189577697547806E-002  -6.0872190145901402E-002
   3.0049459977143915E-002  -4.8460242134046004E-002
   3.7681959169720759E-002  -3.2508539199076605E-002
   4.4669664360462318E-002  -1.3074312257458460E-002
   5.0562413986436530E-002   9.5409687182601913E-003
   5.4892499947126007E-002   3.4770814859008063E-002
   5.7253504159943958E-002   6.1796738912744710E-002
   5.7416884116483255E-002   8.9595099768073297E-002
   5.5328620409045272E-002  0.11702648687419573     
   5.1091503504266611E-002  0.14294867113692702     
   4.4974801032417057E-002  0.16633062771805093     
   3.7428994215054232E-002  0.18635574625736698     
   2.9001658692169745E-002  0.20250196993953554     
   2.0244579880685294E-002  0.21457465141752263     
   1.1673265657372900E-002  0.22268072146286597     
   3.6640147643252196E-003  0.22715292166490866     
  -3.5999243198605166E-003  0.22844273836102300     
  -1.0037592809682899E-002  0.22701648775719779     
  -1.5644431633038115E-002  0.22329128709984142     
  -2.0463332395640951E-002  0.21761035746783167     
  -2.4548428843067637E-002  0.21025215961273533     
  -2.7975738420190521E-002  0.20145400896912466     
  -3.0800982881122561E-002  0.19143188156817495     
  -3.3081800951828465E-002  0.18039655045046235     
  -3.4877468093523142E-002  0.16855779239630547     
  -3.6228778036212980E-002  0.15612121588283928     
  -3.7171274187808065E-002  0.14328335777260517     
  -3.7750807070720406E-002  0.13022534250337744     
  -3.8024333572625177E-002  0.11710775953457862     
  -3.8035094543323301E-002  0.10406682815214011     
  -3.7815644688804564E-002   9.1216748356840668E-002
  -3.7403483247142662E-002   7.8655806961399038E-002
  -3.6812159788482811E-002   6.6470633622849676E-002
  -3.6020263167932519E-002   5.4741415066859027E-002
  -3.4994869313256662E-002   4.3546727776799479E-002
  -3.3696923640299942E-002   3.2966661774126577E-002
  -3.2068665408869060E-002   2.3084943379657507E-002
  -3.0052686219168710E-002   1.3993283232995247E-002
  -2.7617222644099035E-002   5.7983436182079172E-003
  -2.4717339092533389E-002  -1.3733330975808737E-003
  -2.1284413813086808E-002  -7.3683877152306444E-003
  -1.7255968863727801E-002  -1.1998852433378622E-002
  -1.2596111936128189E-002  -1.5039878769663891E-002
  -7.2799190143817633E-003  -1.6235312116399312E-002
  -1.3258916869168522E-003  -1.5304616403614597E-002
   5.2248957991831825E-003  -1.1957062731515984E-002
   1.2322260572099973E-002  -5.9042884856106599E-003
   1.9867405121137851E-002   3.1278425244117727E-003
   2.7721608009000771E-002   1.5376136244337211E-002
   3.5636258862526117E-002   3.1007850120224778E-002
   4.3218949875696161E-002   5.0063514821267877E-002
   4.9894274604379008E-002   7.2383946007321981E-002
   5.5022750977866373E-002   9.7529942601731159E-002
   5.7991269066823198E-002  0.12473082151460137     
   5.8356678169034296E-002  0.15289428458847823     
   5.6035514237013209E-002  0.18070023315776801     
   5.1397784482611522E-002  0.20677470600310580     
   4.4963058334095848E-002  0.22992018057168645     
   3.7395049028892638E-002  0.24929269961756079     
   2.9294718938844902E-002  0.26449583535972004     
   2.1096304296631289E-002  0.27554858622115658     
   1.3081925188793616E-002  0.28275565561555077     
   5.5390345539955421E-003  0.28654063378764361     
  -1.3211735868126980E-003  0.28732995210659285     
  -7.3990407791933582E-003  0.28550122383260379     
  -1.2698926364901497E-002  0.28138596044635811     
  -1.7221794433290631E-002  0.27528780324996283     
  -2.1102507249688322E-002  0.26750734327571180     
  -2.4452450860942894E-002  0.25832894852931171     
  -2.7303295914067834E-002  0.24800513082284634     
  -2.9661565551047445E-002  0.23674968053827244     
  -3.1552300486351895E-002  0.22474141209924839     
  -3.3020416423365166E-002  0.21213421941980193     
  -3.4140578909292965E-002  0.19906849620049602     
  -3.4987071932817221E-002  0.18567580482736151     
  -3.5603955035896653E-002  0.17207873529720383     
  -3.5990599039543582E-002  0.15839131369431897     
  -3.6123547116625222E-002  0.14472250965670513     
  -3.5993820678947484E-002  0.13118037774414951     
  -3.5621523598406840E-002  0.11787378835479463     
  -3.5014394215929674E-002  0.10490866015183115     
  -3.4141215717068442E-002   9.2385527700790851E-002
  -3.2969457929876732E-002   8.0403008028701109E-002
  -3.1480215464811022E-002   6.9060517640025479E-002
  -2.9664022522289901E-002   5.8460318450450195E-002
  -2.7501791347239488E-002   4.8707382521185130E-002
  -2.4950950572743782E-002   3.9910866634933082E-002
  -2.1947034580682711E-002   3.2190934550951983E-002
  -1.8403657393315672E-002   2.5688837864919607E-002
  -1.4248038836676871E-002   2.0580641971834956E-002
  -9.4333325555622568E-003   1.7085138587086535E-002
  -3.9614260591088104E-003   1.5462906664029366E-002
   2.1316108415874641E-003   1.6006811668691372E-002
   8.8131517002439912E-003   1.9025269814835360E-002
   1.6022686235728157E-002   2.4826891953775309E-002
   2.3586048345318130E-002   3.3703155284591217E-002
   3.1303124245485224E-002   4.5885109976187340E-002
   3.8839331252086128E-002   6.1498025766964573E-002
   4.5767577229192113E-002   8.0489323768066223E-002
   5.1572454124676932E-002  0.10255595535146779     
   5.5656794050901501E-002  0.12709057590113979     
   5.7465467171690758E-002  0.15315892337165482     
   5.6703812228903222E-002  0.17953809288084133     
   5.3388134604548436E-002  0.20484074348306172     
   4.7946669240488612E-002  0.22769220992536196     
   4.0977609514290005E-002  0.24694928292629412     
   3.3145725986068450E-002  0.26186589817726758     
   2.4996605549551826E-002  0.27216765394275128     
   1.6943162814909631E-002  0.27800480712794950     
   9.3427940336821471E-003  0.27981423058276361     
   2.4444669166006805E-003  0.27816932248899240     
  -3.6817081073077184E-003  0.27366291911334573     
  -9.0303571940210728E-003  0.26683216464932569     
  -1.3705217418598764E-002  0.25814129937690605     
  -1.7803768138571676E-002  0.24797883690257611     
  -2.1375925092385509E-002  0.23666817355802877     
  -2.4441895613312947E-002  0.22448156829462790     
  -2.7006178789509991E-002  0.21164944350009110     
  -2.9108495899113164E-002  0.19836771766942729     
  -3.0806290969015101E-002  0.18479702742703447     
  -3.2146301321810698E-002  0.17106076817253801     
  -3.3170663933416965E-002  0.15724787709140242     
  -3.3899384008180544E-002  0.14341882781907869     
  -3.4328365460584431E-002  0.12961650257605672     
  -3.4469803118073940E-002  0.11587856302739687     
  -3.4363250217232008E-002  0.10224344879383881     
  -3.4064142356011164E-002   8.8749088610248661E-002
  -3.3627723435104208E-002   7.5427923430699872E-002
  -3.3086965092805780E-002   6.2303862971143674E-002
  -3.2423177408260173E-002   4.9395433447459836E-002
  -3.1586912313858032E-002   3.6729344217892701E-002
  -3.0492073200714086E-002   2.4357294695089030E-002
  -2.9031517865131345E-002   1.2374733006517955E-002
  -2.7067177802095565E-002   9.3409998356776660E-004
  -2.4467148000970863E-002  -9.7451209018859977E-003
  -2.1124352550337889E-002  -1.9377959855503109E-002
  -1.6951813873604570E-002  -2.7624782706098430E-002
  -1.1921441446328196E-002  -3.4106164440817377E-002
  -6.0471217553751877E-003  -3.8426570345411519E-002
   6.1261437424954177E-004  -4.0194649590345168E-002
   7.9278117957037545E-003  -3.9045864427172103E-002
   1.5704212429962606E-002  -3.4667419322230934E-002
   2.3675585846679337E-002  -2.6828392482185714E-002
   3.1482206477208098E-002  -1.5419645927001039E-002
   3.8724091471420932E-002  -5.0420015333918846E-004
   4.4973629322336325E-002   1.7634067969737544E-002
   4.9774376014383052E-002   3.8461623157049443E-002
   5.2780036715954742E-002   6.1193003189162834E-002
   5.3737747790307142E-002   8.4847244778986350E-002
   5.2583446919878714E-002  0.10833456522732555     
   4.9537873091840240E-002  0.13059177485613246     
   4.4979869739939414E-002  0.15072710055149427     
   3.9354936077661232E-002  0.16813097768142865     
   3.3124746104203497E-002  0.18251135785758274     
   2.6628636050015777E-002  0.19383876583331505     
   2.0139943930105202E-002  0.20224679298890530     
   1.3842878800711196E-002  0.20793436513663610     
   7.7898574155624966E-003  0.21109246889582850     
   2.0441498024796954E-003  0.21187833977188111     
  -3.3817658150687305E-003  0.21042949164276537     
  -8.4746688226730767E-003  0.20687538949370382     
  -1.3194752652817238E-002  0.20136425074739459     
  -1.7526784002580200E-002  0.19406204964443394     
  -2.1441476309451445E-002  0.18514286185575596     
  -2.4900191086780748E-002  0.17478490104527489     
  -2.7899195683329599E-002  0.16316699424867881     
  -3.0422511287581840E-002  0.15047180836014964     
  -3.2461525844445664E-002  0.13689511858887188     
  -3.4027783953205736E-002  0.12264586669168617     
  -3.5132344658438001E-002  0.10792584402401460     
  -3.5794325123481872E-002   9.2920445812582672E-002
  -3.6041098706820943E-002   7.7805541102431944E-002
  -3.5896448904413798E-002   6.2746253713330910E-002
  -3.5382614660847932E-002   4.7890942911988421E-002
  -3.4518605843915265E-002   3.3372737002801030E-002
  -3.3310570135322445E-002   1.9317939383910590E-002
  -3.1750476878613078E-002   5.8551473586310257E-003
  -2.9825989161825672E-002  -6.8794277193234814E-003
  -2.7530416068640776E-002  -1.8743005158973862E-002
  -2.4865870196132893E-002  -2.9592656307558654E-002
  -2.1839499672177843E-002  -3.9291922144084619E-002
  -1.8455962722127590E-002  -4.7712605203213895E-002
  -1.4710911520191317E-002  -5.4730887610618173E-002
  -1.0588286043460288E-002  -6.0219921280460609E-002
  -6.0610290130038592E-003  -6.4040772257879020E-002
  -1.0950460953544868E-003  -6.6032487590016786E-002
   4.3405037230664313E-003  -6.6002712586792564E-002
   1.0252913563153672E-002  -6.3723488918128693E-002
   1.6597146000390361E-002  -5.8940054617093320E-002
   2.3247598365868885E-002  -5.1399356892713258E-002
   2.9982584073377054E-002  -4.0898440536651447E-002
   3.6489021900146190E-002  -2.7344770714473110E-002
   4.2386029817513694E-002  -1.0816134205152655E-002
   4.7260782337509973E-002   8.3913373008619625E-003
   5.0711618076750384E-002   2.9735800032037706E-002
   5.2397582585502998E-002   5.2431875476242507E-002
   5.2093424445849898E-002   7.5493418689899949E-002
   4.9742628488049875E-002   9.7825389961216980E-002
   4.5492022434578172E-002  0.11835972452091585     
   3.9686410491963281E-002  0.13620640452840310     
   3.2810038940337176E-002  0.15077042823019995     
   2.5387869646845546E-002  0.16179011222836009     
   1.7887057705115884E-002  0.16929016576752468     
   1.0658860726288353E-002  0.17348707335881139     
   3.9303666268304706E-003  0.17469614057769084     
  -2.1739353532871440E-003  0.17326651581545990     
  -7.6036758404994876E-003  0.16954405991559932     
  -1.2357347037089590E-002  0.16385285997007890     
  -1.6462276211892918E-002  0.15648826634054094     
  -1.9960822905148477E-002  0.14771656395584057     
  -2.2902962860029713E-002  0.13777714425037910     
  -2.5343579222103112E-002  0.12688420402380643     
  -2.7341893308346642E-002  0.11522660426985137     
  -2.8960568643335328E-002  0.10296604813384452     
  -3.0262752466498646E-002   9.0235016086358394E-002
  -3.1306783152822197E-002   7.7136490937146793E-002
  -3.2139791453419199E-002   6.3747009068668190E-002
  -3.2791946605053197E-002   5.0123369981976293E-002
  -3.3272671018807036E-002   3.6312243149123617E-002
  -3.3569524449661658E-002   2.2361253800654016E-002
  -3.3649940508333559E-002   8.3297894172591827E-003
  -3.3465472756670972E-002  -5.7021312256572004E-003
  -3.2957673121259169E-002  -1.9628098929845253E-002
  -3.2064362214141141E-002  -3.3313141124028195E-002
  -3.0724999550192214E-002  -4.6594784639248953E-002
  -2.8884208798612292E-002  -5.9286238264645533E-002
  -2.6493264221143689E-002  -7.1180181581896332E-002
  -2.3510269787259980E-002  -8.2051803240146312E-002
  -1.9900463862523313E-002  -9.1660397069389152E-002
  -1.5638260605440688E-002  -9.9749762837276393E-002
  -1.0712280104355300E-002 -0.10604855635282415     
  -5.1339789031201013E-003 -0.11027238327161928     
   1.0501503627078173E-003 -0.11212990402112984     
   7.7435885547640264E-003 -0.11133578087572177     
   1.4784284334146598E-002 -0.10763389695694750     
   2.1933724773255968E-002 -0.10083381682945573     
   2.8878803877248237E-002  -9.0859765527971717E-002
   3.5254494371401747E-002  -7.7803183340204030E-002
   4.0687652980355656E-002  -6.1960664902374313E-002
   4.4848974762552105E-002  -4.3838186568895314E-002
   4.7492478630536988E-002  -2.4116615894709502E-002
   4.8471118675894917E-002  -3.5935715489333552E-003
   4.7737081315682536E-002   1.6877776024151980E-002
   4.5343850115253229E-002   3.6447228612958890E-002
   4.1453290148762631E-002   5.4331447815286933E-002
   3.6332841764481476E-002   6.9883418286025997E-002
   3.0329278665704128E-002   8.2649414938409424E-002
   2.3823554523919700E-002   9.2392849451797474E-002
   1.7183582566734096E-002   9.9080898158912620E-002
   1.0728521592704841E-002  0.10284601820677963     
   4.7089813913786388E-003  0.10393818640753788     
  -6.9815693499606431E-004  0.10267948856260989     
  -5.3841638094492576E-003   9.9427349984124433E-002
  -9.2971780434631061E-003   9.4548079588067394E-002
  -1.2429573431420373E-002   8.8399253339695491E-002
  -1.4806371851421876E-002   8.1318461897136693E-002
  -1.6475589421652809E-002   7.3616300194390638E-002
  -1.7500677444205727E-002   6.5572060690535838E-002
  -1.7954780481860493E-002   5.7431107627938169E-002
  -1.7916304058993544E-002   4.9403377154172631E-002
  -1.7465296876097988E-002   4.1662804196451131E-002
  -1.6680264672669122E-002   3.4347713438915517E-002
  -1.5635197639795064E-002   2.7562366362554807E-002
  -1.4396855904084320E-002   2.1379897961615713E-002
  -1.3022685285809705E-002   1.5846724582205346E-002
  -1.1560003412716320E-002   1.0988107209318504E-002
  -1.0047110853991273E-002   6.8139683539074833E-003
  -8.5165382320809280E-003   3.3235249468926494E-003
  -6.9997136188832097E-003   5.0722026367114770E-004
  -5.5312809330887421E-003  -1.6548269924908743E-003
  -4.1508135857562314E-003  -3.1971202203242401E-003
  -2.9003765639821315E-003  -4.1734255896420666E-003
  -1.8182732389376648E-003  -4.6585752696965948E-003
  -9.3142099764732496E-004  -4.7451467879138882E-003
  -2.4973617070991313E-004  -4.5350734054780909E-003
   2.3508074602696631E-004  -4.1286908890598101E-003
   5.4623898059902429E-004  -3.6147457831868582E-003
   7.1588683448879859E-004  -3.0639964103544330E-003
   7.7887801679041952E-004  -2.5271328580518549E-003
   7.6793083120294990E-004  -2.0361604330871876E-003
   7.1073468866813085E-004  -1.6077768401206911E-003
   6.2880730871502978E-004  -1.2474177992488344E-003
   5.3760331077335887E-004  -9.5307703878304252E-004
   4.4734074957168961E-004  -7.1843673308751195E-004
   3.6411021730553219E-004  -5.3517387260257560E-004
   2.9098396909195298E-004  -3.9450792299216669E-004
   2.2898129062168992E-004  -2.8813853356239632E-004
   1.7783619224053570E-004  -2.0873475638608519E-004
   1.3656392309773833E-004  -1.5012040755380256E-004
   1.0385110024160948E-004  -1.0727207397397231E-004
   7.8306260167562385E-005  -7.6214657058359326E-005
   5.8607448991701921E-005  -5.3871189885751077E-005
   4.3578058851269393E-005  -3.7902369260781800E-005
   3.2215868881940974E-005  -2.6555999320533607E-005
   2.3693973853159154E-005  -1.8535940555005351E-005
   1.7346476277306530E-005  -1.2893494104666253E-005
   1.2647265980792605E-005  -8.9405023022527693E-006
   9.1870072315531794E-006  -6.1816689117686477E-006
   6.6512208892827225E-006  -4.2629263479850843E-006
   4.8008507530093254E-006  -2.9326780758430194E-006
   3.4558022304197995E-006  -2.0130909382814201E-006
   2.4814448693396895E-006  -1.3790673711506274E-006
   1.7778101444808217E-006  -9.4298494098092113E-007
   1.2711043826439490E-006  -6.4370852580659843E-007
   9.0713831202670803E-007  -4.3873399288866132E-007
   6.4630243294976956E-007  -2.9860539431700390E-007
   4.5976354682145661E-007  -2.0296913209785777E-007
   3.2661026458070651E-007  -1.3779866168726315E-007
   2.3172662305423687E-007  -9.3451139510914070E-008
   1.6421838260588460E-007  -6.3312035249936936E-008
   1.1625493867580438E-007  -4.2853205618224323E-008
   8.2221327971702433E-008  -2.8980448692801296E-008
   5.8100058192477612E-008  -1.9582918258116255E-008
   4.1022254042893348E-008  -1.3222777240447020E-008
   2.8942886107542648E-008  -8.9219611915650784E-009
   2.0406518804302309E-008  -6.0159884999538147E-009
   1.4378824334661193E-008  -4.0539352655117122E-009
   1.0125703876894426E-008  -2.7301191565546286E-009
   7.1267599101702132E-009  -1.8375159513785801E-009
   5.0134836938279467E-009  -1.2360418449331124E-009
   3.5251790531810382E-009  -8.3098618677498143E-010
   2.4775848517516455E-009  -5.5836395383477090E-010
   1.7405706512669519E-009  -3.7497874805874493E-010
   1.2223031454667030E-009  -2.5168822184052517E-010
   8.5801969236447269E-010  -1.6884408128821341E-010
   6.0207712598820586E-010  -1.1320713063539415E-010
   4.2232589058395908E-010  -7.5861867463858649E-011
   2.9613304976874546E-010  -5.0807802856853941E-011
   2.0757321550304538E-010  -3.4008562338692376E-011
   1.4544590399672681E-010  -2.2750419667446965E-011
   1.0187714535264060E-010  -1.5209837589239842E-011
   7.1333798103419738E-011  -1.0162086956048695E-011
   4.9929170544069177E-011  -6.7850318677182149E-012
   3.4934118713176643E-011  -4.5270711013923706E-012
   2.4432988237156277E-011  -3.0183055028344609E-012
   1.7081599772722547E-011  -2.0108131315513756E-012
   1.1937086496576472E-011  -1.3385146538661275E-012
   8.3382998108629312E-012  -8.9021661979754345E-013
   5.8217877289109668E-012  -5.9151470068247970E-013
   4.0627864741457618E-012  -3.9265084296177193E-013
   2.8337932585967080E-012  -2.6036951496489024E-013
   1.9754917715679399E-012  -1.7245874090073817E-013
   1.3763536928416188E-012  -1.1409269207801311E-013
   9.5833179635764552E-013  -7.5382578401770841E-014
   6.6682866129073478E-013  -4.9737544676910062E-014
   4.6366542034514053E-013  -3.2768294566615646E-014
   3.2215487008649070E-013  -2.1554170740065334E-014
   2.2365022460487721E-013  -1.4153506077126445E-014
   1.5512832151416879E-013  -9.2767124681219474E-015
   1.0749777729576112E-013  -6.0681707778691076E-015
   7.4415035189776789E-014  -3.9608175226761483E-015
   5.1456127057630775E-014  -2.5792734954323517E-015
   3.5537488271690717E-014  -1.6753634105380927E-015
   2.4511089902426300E-014  -1.0852338187448109E-015
   1.6881537773979190E-014  -7.0086166553356442E-016
   1.1608479565014230E-014  -4.5114330889810298E-016
   7.9686574328254395E-015  -2.8935608545992775E-016
   5.4596473329496353E-015  -1.8485468880936955E-016
   3.7327215873098575E-015  -1.1757893382447732E-016
   2.5460488221576023E-015  -7.4425927033485893E-017
   1.7320894204601759E-015  -4.6857216461231387E-017
   1.1748946501940162E-015  -2.9322976146030938E-017
   7.9431163872308474E-016  -1.8226001310492734E-017
   5.3500114270056257E-016  -1.1241840757472176E-017
   3.5880745111215723E-016  -6.8735241209851637E-018
   2.3946158501995405E-016  -4.1605621254890940E-018
   1.5890751394096940E-016  -2.4892145925626476E-018
   1.0475649690110457E-016  -1.4691014118941654E-018
   6.8524935374061831E-017  -8.5318320697907890E-019
   4.4415922638617772E-017  -4.8602741707476004E-019
   2.8477712887996276E-017  -2.7047492224460908E-019
   1.8023204085144530E-017  -1.4624343977528776E-019
   1.1229940317192019E-017  -7.6251242941453629E-020
   6.8647584139497707E-018  -3.7917374101338962E-020
   4.0942667484911898E-018  -1.7657948928718965E-020
   2.3544717914159182E-018  -7.4349092588066878E-021
   1.2605871622513372E-018  -2.6007370756556246E-021
   5.4163466868909392E-019  -5.4393238625763612E-022
   0.0000000000000000        0.0000000000000000     
