 Initial conditions outputted from a previous simulation. Time =    37.000000000000000     
   40.000000000000000        0.0000000000000000              500           1   37.000000000000000     
  -3.7244207824055693E-002  -5.5163811006221228E-013
  -3.6953625074643288E-002  -1.6379290493352735E-002
  -3.6462981237197614E-002  -3.2657360647208734E-002
  -3.5680294058075483E-002  -4.8713224415182589E-002
  -3.4622780425802011E-002  -6.4458665161452988E-002
  -3.3202127738914358E-002  -7.9720366481536381E-002
  -3.1400447455248212E-002  -9.4385584180552554E-002
  -2.9171839137499222E-002 -0.10829652302308938     
  -2.6464803216064359E-002 -0.12128188093735572     
  -2.3228526769344213E-002 -0.13315197605519966     
  -1.9409683265430269E-002 -0.14369195268385135     
  -1.4957712858018689E-002 -0.15266169275508146     
  -9.8314102045711591E-003 -0.15979437101643570     
  -4.0066293350695973E-003 -0.16479586944609323     
   2.5125128365618894E-003 -0.16734696819949066     
   9.6789755627690148E-003 -0.16710906742313714     
   1.7384971337273548E-002 -0.16373571558663241     
   2.5441760554263015E-002 -0.15689328074715417     
   3.3559898604937938E-002 -0.14629413794512358     
   4.1337248452535905E-002 -0.13174545147866570     
   4.8271112483745812E-002 -0.11321682039447198     
   5.3816497395383467E-002  -9.0926117812897500E-002
   5.7493502497327889E-002  -6.5424827277904912E-002
   5.9002816864347468E-002  -3.7636991455457978E-002
   5.8286180051714931E-002  -8.8008504265805754E-003
   5.5506104175014684E-002   1.9696431341798170E-002
   5.0976820861429885E-002   4.6537153809639166E-002
   4.5091926425190984E-002   7.0660360781349671E-002
   3.8267973006216940E-002   9.1359748975819277E-002
   3.0903972483074096E-002  0.10828545981096040     
   2.3354601741448159E-002  0.12137979483305915     
   1.5913626182449570E-002  0.13078810179968786     
   8.8037319667228914E-003  0.13677754877740381     
   2.1738124121936818E-003  0.13967669356569667     
  -3.8930038666271471E-003  0.13983316214797228     
  -9.3611628764053260E-003  0.13758540586091542     
  -1.4219903239799778E-002  0.13324898569857224     
  -1.8466141431252515E-002  0.12711578344130076     
  -2.2102925109419233E-002  0.11945713547208207     
  -2.5149339378858923E-002  0.11052206130208589     
  -2.7644752469340377E-002  0.10053274392483845     
  -2.9641300743429334E-002   8.9683004352130738E-002
  -3.1194904189432809E-002   7.8139390465118724E-002
  -3.2360514094665990E-002   6.6045445397700311E-002
  -3.3188104396970147E-002   5.3528020928504651E-002
  -3.3718594122312970E-002   4.0702371994828013E-002
  -3.3981604073390674E-002   2.7675349269635920E-002
  -3.3994946621336397E-002   1.4547748888068229E-002
  -3.3765388606204566E-002   1.4161779257258205E-003
  -3.3290964801644347E-002  -1.1625265547481492E-002
  -3.2564133271339356E-002  -2.4482909444158891E-002
  -3.1574130325983885E-002  -3.7060849082245419E-002
  -3.0307261075544750E-002  -4.9257895157473149E-002
  -2.8744717580170994E-002  -6.0964359474217383E-002
  -2.6858669567163276E-002  -7.2059027648449528E-002
  -2.4608656074122531E-002  -8.2406612159933307E-002
  -2.1940631852927120E-002  -9.1855517103221415E-002
  -1.8789915134227213E-002 -0.10023522719269430     
  -1.5087640831241823E-002 -0.10735256139465590     
  -1.0769272727906183E-002 -0.11298672674335437     
  -5.7837115602575890E-003 -0.11688446504857891     
  -1.0234635041598522E-004 -0.11875794738175595     
   6.2716225339277398E-003 -0.11828861762461300     
   1.3292812231425075E-002 -0.11513939796840066     
   2.0861830529625387E-002 -0.10897579694094768     
   2.8812606757272895E-002  -9.9494764238459169E-002
   3.6900718065073668E-002  -8.6460038155729377E-002
   4.4795851809992043E-002  -6.9744784830131870E-002
   5.2084180692396939E-002  -4.9385005893587637E-002
   5.8289190161448706E-002  -2.5644599103778677E-002
   6.2921068756828499E-002   9.2103404098692516E-004
   6.5555555600449691E-002   2.9436827727132329E-002
   6.5926083627153492E-002   5.8756960998900300E-002
   6.3996723182896981E-002   8.7606877345713999E-002
   5.9973690912674515E-002  0.11478048629630554     
   5.4252616458462612E-002  0.13931358254116102     
   4.7328936370816033E-002  0.16057183757569476     
   3.9702467033954504E-002  0.17824541469481550     
   3.1813309117504941E-002  0.19228304307102928     
   2.4013770465716511E-002  0.20280866891658184     
   1.6556364904477292E-002  0.21005052899465501     
   9.6033810791667420E-003  0.21429008764589158     
   3.2469517251681583E-003  0.21582936670593547     
  -2.4756687564025165E-003  0.21497220464694128     
  -7.5622387758824544E-003  0.21201170021943452     
  -1.2035223842311387E-002  0.20721988948457373     
  -1.5935160576979183E-002  0.20084097608897933     
  -1.9310810666614216E-002  0.19309096773494233     
  -2.2213692412344246E-002  0.18416071691900882     
  -2.4692327522257636E-002  0.17421798289496374     
  -2.6792443571857751E-002  0.16340961617390903     
  -2.8553403417061266E-002  0.15186451329873846     
  -3.0002394356040917E-002  0.13969796720574704     
  -3.1158895862004300E-002  0.12701759190564388     
  -3.2035490575425395E-002  0.11392740390820491     
  -3.2638741779835945E-002  0.10053058313800639     
  -3.2968174798034086E-002   8.6930674471847547E-002
  -3.3004945450818009E-002   7.3231214589614749E-002
  -3.2714818148352982E-002   5.9540342012231531E-002
  -3.2060055169112534E-002   4.5980365667438849E-002
  -3.1007168174493085E-002   3.2694072622729130E-002
  -2.9516826824790895E-002   1.9842914670166144E-002
  -2.7550229480406963E-002   7.6073856736607794E-003
  -2.5079032566892329E-002  -3.8116560245344240E-003
  -2.2064663600491478E-002  -1.4196597552088379E-002
  -1.8477403201618305E-002  -2.3313785560890130E-002
  -1.4297037882468567E-002  -3.0918465965433198E-002
  -9.5180042685284010E-003  -3.6761509956898773E-002
  -4.1323335699500283E-003  -4.0593452757166838E-002
   1.8331693731755039E-003  -4.2163222598496600E-002
   8.3003948145075317E-003  -4.1220126225845408E-002
   1.5167179686525962E-002  -3.7524913213786384E-002
   2.2352720500728340E-002  -3.0866510775810655E-002
   2.9739868824777357E-002  -2.1062799833828728E-002
   3.7221588306138524E-002  -7.9703242805026758E-003
   4.4628147425187302E-002   8.4905687996902467E-003
   5.1587855084984993E-002   2.8295496498369373E-002
   5.7587954716028456E-002   5.1226820441885632E-002
   6.2014629129398841E-002   7.6791309664775126E-002
   6.4393054049001489E-002  0.10417991066299299     
   6.4526662592179346E-002  0.13232169448911640     
   6.2452758501022887E-002  0.16002275079211412     
   5.8369701114430121E-002  0.18613820527241759     
   5.2622888519855297E-002  0.20971214764639773     
   4.5564038744331313E-002  0.23006528609550769     
   3.7592677934175374E-002  0.24679689455795428     
   2.9097292857124576E-002  0.25975001668490322     
   2.0452152294988056E-002  0.26895639964986928     
   1.2034317032573981E-002  0.27458439610979429     
   4.1858211037851360E-003  0.27690541128489360     
  -2.8675446713365082E-003  0.27626579226698245     
  -9.0318096736334251E-003  0.27305368270087993     
  -1.4321691127671746E-002  0.26765763046925667     
  -1.8817483252868014E-002  0.26042878297038380     
  -2.2620236778189026E-002  0.25166172236791290     
  -2.5791830077183869E-002  0.24159388472788015     
  -2.8388596365501360E-002  0.23042517864336845     
  -3.0487825340885389E-002  0.21833878111270758     
  -3.2163212979959971E-002  0.20550977024027720     
  -3.3450878655979767E-002  0.19210341517417145     
  -3.4364848893333536E-002  0.17827161380504453     
  -3.4896517054003616E-002  0.16415214629811609     
  -3.5034740209975164E-002  0.14987450623408577     
  -3.4787062430335761E-002  0.13556813895877881     
  -3.4205437102733598E-002  0.12136876372941566     
  -3.3346079472754822E-002  0.10741378584386452     
  -3.2241027284883213E-002   9.3834018759970536E-002
  -3.0889468827114179E-002   8.0747544666764356E-002
  -2.9263045116878088E-002   6.8260259001004617E-002
  -2.7304244188892005E-002   5.6474655551995573E-002
  -2.4953040680978540E-002   4.5503537759173311E-002
  -2.2179078757207191E-002   3.5482141709221350E-002
  -1.8963736409257945E-002   2.6572691421979329E-002
  -1.5264862732819986E-002   1.8961483653285708E-002
  -1.1034152162932687E-002   1.2859782353308797E-002
  -6.2124837745214283E-003   8.5048472316754907E-003
  -7.4564058451620746E-004   6.1592221440563092E-003
   5.3574344066654126E-003   6.1125781054875792E-003
   1.2066472172655093E-002   8.6666516233998014E-003
   1.9315686152739823E-002   1.4113893496038787E-002
   2.6911328607615709E-002   2.2715342209140049E-002
   3.4634087436820102E-002   3.4653654318258391E-002
   4.2178271177721799E-002   4.9993374863961430E-002
   4.9123938817885598E-002   6.8638030730763924E-002
   5.5002390930493111E-002   9.0278449214170151E-002
   5.9273704001017995E-002  0.11436168400395429     
   6.1379851314846252E-002  0.14007873940784227     
   6.0978293340821957E-002  0.16638165242180611     
   5.7977469210141852E-002  0.19207127654924214     
   5.2683686301538746E-002  0.21592643899070713     
   4.5641947804873080E-002  0.23688010913533328     
   3.7533545294626859E-002  0.25417202712813802     
   2.8980758377515684E-002  0.26743549864493021     
   2.0437800365189801E-002  0.27668206409327001     
   1.2258102348601191E-002  0.28219074426992569     
   4.7192410771609641E-003  0.28436915495979176     
  -2.1010269572124332E-003  0.28364948749556507     
  -8.1136212663116738E-003  0.28041544996823720     
  -1.3307385643579944E-002  0.27499841438932265     
  -1.7739472537496897E-002  0.26769006957878277     
  -2.1476915098130808E-002  0.25875424306585065     
  -2.4590345551058591E-002  0.24843460931970310     
  -2.7160279186972589E-002  0.23695687248487096     
  -2.9242230395134898E-002  0.22452983477434049     
  -3.0885636399521656E-002  0.21135152475881591     
  -3.2134139506472245E-002  0.19761113938257494     
  -3.3077403054517882E-002  0.18348671159674945     
  -3.3804585709267629E-002  0.16912891544396641     
  -3.4337087053284671E-002  0.15464519667709131     
  -3.4618599520240420E-002  0.14010087260808113     
  -3.4566400109053819E-002  0.12554095881958585     
  -3.4152718214719782E-002  0.11102186362666924     
  -3.3436526683391810E-002   9.6632860947587412E-002
  -3.2493006220730557E-002   8.2494746238615191E-002
  -3.1337050122940968E-002   6.8744835101588714E-002
  -2.9912632580358731E-002   5.5525224737461132E-002
  -2.8108246021211699E-002   4.2979622687159671E-002
  -2.5835584744927267E-002   3.1260689616041615E-002
  -2.3074330908361314E-002   2.0537604901949981E-002
  -1.9807061691234782E-002   1.0992472565504795E-002
  -1.6008191612581598E-002   2.8180224258696806E-003
  -1.1655657028599118E-002  -3.7803972108852394E-003
  -6.7026285852347317E-003  -8.5820950144413211E-003
  -1.1245837391105861E-003  -1.1340078650436408E-002
   5.0702545362730058E-003  -1.1779505627673109E-002
   1.1807985336510049E-002  -9.6077480944035034E-003
   1.8955234736108689E-002  -4.5376879057189489E-003
   2.6382386043782124E-002   3.6728760513610012E-003
   3.3882675424046868E-002   1.5184130026181289E-002
   4.1111804565241598E-002   3.0031003484036926E-002
   4.7610239097789490E-002   4.8069814994784840E-002
   5.2839157079501299E-002   6.8931070139613332E-002
   5.6262567935443181E-002   9.1989380887191954E-002
   5.7486184742733058E-002  0.11637014866549145     
   5.6380922943669642E-002  0.14100914336001671     
   5.3102422449438802E-002  0.16476615828716995     
   4.7957077878827095E-002  0.18657289481840394     
   4.1400317930756429E-002  0.20556396254936271     
   3.3967127598758189E-002  0.22116868687396055     
   2.6135247289544056E-002  0.23313917234921816     
   1.8295306024681057E-002  0.24150837430165289     
   1.0765814178734845E-002  0.24650149142305869     
   3.7423115339869934E-003  0.24843950670908702     
  -2.6653179971054728E-003  0.24765860426446973     
  -8.4012890130238538E-003  0.24446393125251992     
  -1.3448575837724993E-002  0.23911524539023551     
  -1.7834727425280375E-002  0.23183729613211757     
  -2.1602934793475390E-002  0.22283079074545981     
  -2.4803564255215287E-002  0.21228473104337750     
  -2.7497959466186533E-002  0.20038532941108367     
  -2.9720456589597238E-002  0.18731695535439136     
  -3.1483388583277420E-002  0.17326652466550344     
  -3.2823640021849024E-002  0.15842735096450930     
  -3.3789714782155651E-002  0.14299600396391390     
  -3.4418640491556442E-002  0.12716675711287947     
  -3.4740836692239915E-002  0.11112547972292484     
  -3.4769757512580761E-002   9.5044715733508769E-002
  -3.4517881704716244E-002   7.9085136656363478E-002
  -3.3992753220237114E-002   6.3397532103849089E-002
  -3.3210252401803170E-002   4.8125990138468598E-002
  -3.2182498878853057E-002   3.3406283864676242E-002
  -3.0904495937534512E-002   1.9360071632307175E-002
  -2.9372461500106944E-002   6.0902945075579336E-003
  -2.7584778370192152E-002  -6.3208336188939653E-003
  -2.5502784171054942E-002  -1.7808484886260863E-002
  -2.3057211997843205E-002  -2.8309065114305313E-002
  -2.0162275231866904E-002  -3.7738018170059999E-002
  -1.6722591457609043E-002  -4.5968678376080298E-002
  -1.2672843763777066E-002  -5.2816302289342781E-002
  -7.9703230925477087E-003  -5.8037881764739153E-002
  -2.5854985011686208E-003  -6.1339387656840293E-002
   3.4958216673367177E-003  -6.2390406739128164E-002
   1.0241088347323310E-002  -6.0841928297788651E-002
   1.7536667166679575E-002  -5.6349046094153477E-002
   2.5165744132463086E-002  -4.8607656890231964E-002
   3.2821956593557390E-002  -3.7403172100350421E-002
   4.0121044039596335E-002  -2.2668923362733642E-002
   4.6586865928566173E-002  -4.5488411780657467E-003
   5.1732928908089448E-002   1.6543496802982064E-002
   5.5099097826046405E-002   3.9899742238980504E-002
   5.6316462093443272E-002   6.4537761326271773E-002
   5.5260931957008846E-002   8.9287066565904391E-002
   5.2024070195201604E-002  0.11293578265859322     
   4.6946846250804537E-002  0.13439406760703568     
   4.0540189921013173E-002  0.15284371455488122     
   3.3338629820451604E-002  0.16781732893263346     
   2.5844625799317955E-002  0.17919738909445690     
   1.8465159500319423E-002  0.18713362607114600     
   1.1430934013959988E-002  0.19192952810270986     
   4.9041813888716420E-003  0.19392653734155607     
  -1.0623996034163454E-003  0.19343950034410662     
  -6.4766982675944816E-003  0.19073619764789546     
  -1.1331852423878160E-002  0.18604848753463532     
  -1.5660908331876111E-002  0.17958666927154310     
  -1.9485743012663852E-002  0.17155133097496930     
  -2.2836475805518713E-002  0.16213523301124352     
  -2.5742005895698781E-002  0.15151769700426748     
  -2.8231032145759408E-002  0.13986588455907228     
  -3.0317571083053343E-002  0.12733401987782111     
  -3.2010362919856150E-002  0.11406918055706089     
  -3.3310120754280616E-002  0.10021438212198056     
  -3.4222873091084037E-002   8.5911990293175075E-002
  -3.4747355113013779E-002   7.1306681249500153E-002
  -3.4889893156445508E-002   5.6547022872267982E-002
  -3.4663462019135727E-002   4.1783406984252015E-002
  -3.4076117380469791E-002   2.7164480422250021E-002
  -3.3143220558334047E-002   1.2834996022513270E-002
  -3.1867617264224414E-002  -1.0696710919887201E-003
  -3.0243942503250795E-002  -1.4419456157444133E-002
  -2.8274176992113393E-002  -2.7080535592748204E-002
  -2.5956529658646935E-002  -3.8917000679303010E-002
  -2.3282815942849148E-002  -4.9793297266448766E-002
  -2.0237717139871457E-002  -5.9570808341545642E-002
  -1.6792658784034679E-002  -6.8104221379269914E-002
  -1.2908648895830483E-002  -7.5233950798440682E-002
  -8.5478694687096471E-003  -8.0775086228508292E-002
  -3.6848116308968457E-003  -8.4514793300625127E-002
   1.6849401508762520E-003  -8.6221003604791541E-002
   7.5376084136951019E-003  -8.5652982466983302E-002
   1.3814803765687169E-002  -8.2569018581596446E-002
   2.0413755282974823E-002  -7.6736361869376671E-002
   2.7172558471536729E-002  -6.7950821065841521E-002
   3.3855781760844604E-002  -5.6070202473924302E-002
   4.0147494283009039E-002  -4.1062052861033337E-002
   4.5656348961080159E-002  -2.3063930441296478E-002
   4.9940572111315057E-002  -2.4501105528420158E-003
   5.2566420955683146E-002   2.0116200240850524E-002
   5.3202267676098057E-002   4.3686756964057084E-002
   5.1716519625664994E-002   6.7125699975884690E-002
   4.8224425244283976E-002   8.9286896484184169E-002
   4.3054024216256544E-002  0.10919717367035371     
   3.6656770026430419E-002  0.12616843484703891     
   2.9514185802365849E-002  0.13981859524328144     
   2.2070345877193229E-002  0.15003120748419571     
   1.4692300730786608E-002  0.15688928480382497     
   7.6545524394347831E-003  0.16060614004995710     
   1.1433767355625598E-003  0.16146810318782884     
  -4.7290029551286016E-003  0.15979507498719742     
  -9.9101620829688472E-003  0.15591493778402543     
  -1.4395218406955306E-002  0.15014579885731807     
  -1.8215124032777134E-002  0.14278350560127626     
  -2.1425787365602286E-002  0.13409343275427860     
  -2.4098581691686969E-002  0.12430535053143270     
  -2.6311514112784786E-002  0.11361088537003142     
  -2.8140487625045590E-002  0.10216409358389265     
  -2.9651254834658840E-002   9.0085758863995266E-002
  -3.0893443869421292E-002   7.7471231832668686E-002
  -3.1898072622287256E-002   6.4400404577847736E-002
  -3.2679005253537785E-002   5.0947435336619287E-002
  -3.3237139645788213E-002   3.7187951727157970E-002
  -3.3564948783047478E-002   2.3202819552559255E-002
  -3.3649224240802959E-002   9.0793101159976370E-003
  -3.3471217360001332E-002  -5.0884583056457228E-003
  -3.3004867019741355E-002  -1.9198041963659776E-002
  -3.2214631343049388E-002  -3.3135327787191630E-002
  -3.1054434422895901E-002  -4.6769595106641804E-002
  -2.9468683141167348E-002  -5.9948027786474088E-002
  -2.7395554316290167E-002  -7.2490964540027750E-002
  -2.4772181473089152E-002  -8.4188936947667339E-002
  -2.1541266557594276E-002  -9.4802161061680726E-002
  -1.7658722769004830E-002 -0.10406291852574931     
  -1.3101775429352215E-002 -0.11168106158170316     
  -7.8767529592017327E-003 -0.11735268004819963     
  -2.0258834474095248E-003 -0.12077185253103968     
   4.3674750941597694E-003 -0.12164534761165147     
   1.1175776616784325E-002 -0.11971005115307494     
   1.8226824515477389E-002 -0.11475260279883798     
   2.5305334182123808E-002 -0.10663044124716738     
   3.2154292525629992E-002  -9.5294277052383206E-002
   3.8473922581401955E-002  -8.0814914299368726E-002
   4.3921817529606375E-002  -6.3419887265509067E-002
   4.8128910675163068E-002  -4.3539518457207792E-002
   5.0750250955716725E-002  -2.1841601203951747E-002
   5.1549997579460612E-002   7.8773028139694421E-004
   5.0481202795052783E-002   2.3348030460801996E-002
   4.7702550986538125E-002   4.4886473214846970E-002
   4.3511595556656096E-002   6.4634824125324883E-002
   3.8240558015991591E-002   8.2053524899265706E-002
   3.2185679363935821E-002   9.6792006395116731E-002
   2.5599354742653940E-002  0.10862932277306617     
   1.8718119614629523E-002  0.11744444103099751     
   1.1784258026148992E-002  0.12321841562595426     
   5.0411828015568738E-003  0.12604372976208600     
  -1.2909449587689091E-003  0.12611932127276299     
  -7.0413646703161806E-003  0.12372632782588944     
  -1.2102046772374288E-002  0.11919329791607794     
  -1.6424597673120701E-002  0.11286313601457142     
  -2.0006112934027830E-002  0.10506942237145102     
  -2.2871596970839542E-002   9.6123765996353167E-002
  -2.5058644966410051E-002   8.6312301173192232E-002
  -2.6607510477532900E-002   7.5897946389017534E-002
  -2.7557281292540970E-002   6.5124719919060006E-002
  -2.7946884845026356E-002   5.4221049324502474E-002
  -2.7818591869521760E-002   4.3400285820381031E-002
  -2.7221572629358252E-002   3.2858031373842092E-002
  -2.6213493591633635E-002   2.2767110778859113E-002
  -2.4858925772719608E-002   1.3271947512423190E-002
  -2.3224404350523000E-002   4.4845990999403604E-003
  -2.1371204605828573E-002  -3.5154073946558465E-003
  -1.9348004057150640E-002  -1.0676184221328665E-002
  -1.7186144446439414E-002  -1.6963870325932912E-002
  -1.4899817748399822E-002  -2.2350462637359129E-002
  -1.2492226285348287E-002  -2.6802613564624503E-002
  -9.9671009571771808E-003  -3.0275289478088465E-002
  -7.3433936539881468E-003  -3.2713568172414748E-002
  -4.6695469683069347E-003  -3.4064472916554754E-002
  -2.0323646126553692E-003  -3.4298468076440006E-002
   4.4520710342530324E-004  -3.3436588237696525E-002
   2.6212810624055521E-003  -3.1574478583047530E-002
   4.3652679127697503E-003  -2.8891564936252612E-002
   5.5911126948643029E-003  -2.5636433255320456E-002
   6.2790903043151462E-003  -2.2089738050315829E-002
   6.4763332213636626E-003  -1.8517999030657095E-002
   6.2778389775202418E-003  -1.5136048105052081E-002
   5.7991943593016871E-003  -1.2089079239574007E-002
   5.1528154028706395E-003  -9.4538079697128047E-003
   4.4333193131226994E-003  -7.2512278163396797E-003
   3.7116533313105481E-003  -5.4632151260216692E-003
   3.0352581623826137E-003  -4.0481242453295190E-003
   2.4315682211388653E-003  -2.9531691871801848E-003
   1.9127489181596062E-003  -2.1230883250496638E-003
   1.4803146384116425E-003  -1.5055536250082183E-003
   1.1290191574926177E-003  -1.0541237666136230E-003
   8.4987040745724109E-004  -7.2948403395628860E-004
   6.3229849474005068E-004  -4.9956809823439906E-004
   4.6559362992973239E-004  -3.3902355781805453E-004
   3.3977990022296032E-004  -2.2834936741625107E-004
   2.4608100864266692E-004  -1.5291544217149416E-004
   1.7710052862111625E-004  -1.0199514205756058E-004
   1.2681481304396939E-004  -6.7888624483712813E-005
   9.0455893413905546E-005  -4.5175045110741206E-005
   6.4339637391287898E-005  -3.0103881952341538E-005
   4.5676670226572708E-005  -2.0119259671806889E-005
   3.2390611902724711E-005  -1.3501506602546029E-005
   2.2957357746373511E-005  -9.1053808628351155E-006
   1.6270800710981790E-005  -6.1739739046279630E-006
   1.1535289086288086E-005  -4.2095109620028154E-006
   8.1823365157402280E-006  -2.8854270622270392E-006
   5.8077603552452372E-006  -1.9874737035321032E-006
   4.1251565603221257E-006  -1.3747656819947443E-006
   2.9319930631221845E-006  -9.5426624455567232E-007
   2.0851934221904041E-006  -6.6417960330114642E-007
   1.4837040409066695E-006  -4.6317529575812681E-007
   1.0561226072160278E-006  -3.2340119166576343E-007
   7.5195617345429279E-007  -2.2594399744693359E-007
   5.3545972061662982E-007  -1.5786604186319379E-007
   3.8129811636145098E-007  -1.1025824056345660E-007
   2.7149245793120639E-007  -7.6950524978668649E-008
   1.9326938114835720E-007  -5.3649874025953990E-008
   1.3754449360961058E-007  -3.7358641454187191E-008
   9.7851333340999699E-008  -2.5978433535085101E-008
   6.9583745240387869E-008  -1.8038060396690032E-008
   4.9459043555268766E-008  -1.2505306141790829E-008
   3.5136988294848372E-008  -8.6559067945716355E-009
   2.4948958205304144E-008  -5.9819272507298911E-009
   1.7705208103634543E-008  -4.1274745241681903E-009
   1.2557553196747371E-008  -2.8434951148188381E-009
   8.9014638398265681E-009  -1.9559574567789167E-009
   6.3062214637945377E-009  -1.3434506381293165E-009
   4.4650758586922264E-009  -9.2141948983089896E-010
   3.1596709838919207E-009  -6.3108079065075256E-010
   2.2346556521683871E-009  -4.3164109868506206E-010
   1.5795664671628172E-009  -2.9484148615860364E-010
   1.1159039425061840E-009  -2.0114026395720906E-010
   7.8791693526217872E-010  -1.3704694085979130E-010
   5.5603451488846291E-010  -9.3263837447025174E-011
   3.9218724024063938E-010  -6.3393214094749889E-011
   2.7647627606805717E-010  -4.3039567443578805E-011
   1.9480351894334825E-010  -2.9187492548498990E-011
   1.3718653039581150E-010  -1.9771314665564652E-011
   9.6561160136084095E-011  -1.3377908642863605E-011
   6.7931259661952812E-011  -9.0418388805520940E-012
   4.7765259304884534E-011  -6.1043717282931292E-012
   3.3568207637394773E-011  -4.1165983482703301E-012
   2.3578441372165857E-011  -2.7729674896187511E-012
   1.6552721985273508E-011  -1.8657481668069678E-012
   1.1614128316910931E-011  -1.2538747187790566E-012
   8.1444384337406490E-012  -8.4166003793323856E-013
   5.7080315003387740E-012  -5.6426984580313810E-013
   3.9981076450258993E-012  -3.7782280349613227E-013
   2.7987009686387742E-012  -2.5265137121972869E-013
   1.9578620431960920E-012  -1.6871959831053548E-013
   1.3687354826375919E-012  -1.1251101930564868E-013
   9.5621505909087721E-013  -7.4917345108828729E-014
   6.6753704131631732E-013  -4.9807674008638406E-014
   4.6565281515293024E-013  -3.3059922189676904E-014
   3.2456190512754350E-013  -2.1905855491993958E-014
   2.2602710143951173E-013  -1.4488659463948506E-014
   1.5726350951158881E-013  -9.5643998425296787E-015
   1.0931355702682799E-013  -6.3007947128967575E-015
   7.5904905293421778E-014  -4.1417277817774945E-015
   5.2648155559992925E-014  -2.7161272650804267E-015
   3.6473537014178458E-014  -1.7767529046793349E-015
   2.5235592449454201E-014  -1.1591229584340056E-015
   1.7435904422912018E-014  -7.5398829848574073E-016
   1.2028719617662628E-014  -4.8890859933960573E-016
   8.2847623407893781E-015  -3.1593694247588582E-016
   5.6958721255906371E-015  -2.0339884483184029E-016
   3.9082675337131915E-015  -1.3041232167424161E-016
   2.6758720504840031E-015  -8.3240566580910825E-017
   1.8276922479711719E-015  -5.2868231683630234E-017
   1.2450330043470138E-015  -3.3393519187490721E-017
   8.4559484193437146E-016  -2.0963386124478791E-017
   5.7238304526833842E-016  -1.3069748085877298E-017
   3.8597881905819324E-016  -8.0852331832480757E-018
   2.5915790902556044E-016  -4.9576143456364534E-018
   1.7314708293532897E-016  -3.0091521849452785E-018
   1.1502248634599364E-016  -1.8051600869605958E-018
   7.5903428883838841E-017  -1.0681450725043613E-018
   4.9699779546140152E-017  -6.2188607833687610E-019
   3.2244300006435173E-017  -3.5512812615119187E-019
   2.0692355900013106E-017  -1.9809467398904275E-019
   1.3107130369605201E-017  -1.0735158325927627E-019
   8.1733618250789043E-018  -5.6095451243412524E-020
   4.9999761543613465E-018  -2.7952839933242095E-020
   2.9840320738081846E-018  -1.3043325688795142E-020
   1.7169787622687089E-018  -5.5020620286841628E-021
   9.1970421010582746E-019  -1.9278586548480723E-021
   3.9534188540421507E-019  -4.0389736814640656E-022
   0.0000000000000000        0.0000000000000000     
