 Initial conditions outputted from a previous simulation. Time =    21.600000000000001     
   40.000000000000000        0.0000000000000000              500           1   21.600000000000001     
   2.9371262634072587E-003  0.14947051209279083     
  -3.6758681197476416E-003  0.14708575028864238     
  -9.5772382680710446E-003  0.14223603387790038     
  -1.4769626760055615E-002  0.13523292826904021     
  -1.9281769378446272E-002  0.12637379835461363     
  -2.3153887681280703E-002  0.11592659014979027     
  -2.6439942480299503E-002  0.10413170844818462     
  -2.9193379833270326E-002   9.1205123814142572E-002
  -3.1466148871459473E-002   7.7339190563898472E-002
  -3.3306195162113847E-002   6.2705233379179923E-002
  -3.4755290891533050E-002   4.7456486675165298E-002
  -3.5848270487884984E-002   3.1730909453934433E-002
  -3.6612652326355383E-002   1.5654121839015576E-002
  -3.7068408279308115E-002  -6.5763481178780780E-004
  -3.7228053440108377E-002  -1.7094569066318420E-002
  -3.7097017521411195E-002  -3.3550316934975510E-002
  -3.6674277335804473E-002  -4.9918618891952239E-002
  -3.5953227911571205E-002  -6.6089388768395707E-002
  -3.4922498625000867E-002  -8.1943894229826397E-002
  -3.3566158148493778E-002  -9.7349100494450364E-002
  -3.1862702518672577E-002 -0.11215179396616115     
  -2.9782380494851476E-002 -0.12617380970875516     
  -2.7283105313544286E-002 -0.13921036182906343     
  -2.4306825734233779E-002 -0.15103329003176613     
  -2.0779889504153316E-002 -0.16139894899779805     
  -1.6620510603519760E-002 -0.17005715329247506     
  -1.1753239698094270E-002 -0.17675595164920604     
  -6.1267246171249640E-003 -0.18123931006830735     
   2.6977439723706407E-004 -0.18323978827036777     
   7.3931701872667153E-003 -0.18247244147355854     
   1.5135400342330352E-002 -0.17863729841679760     
   2.3311964495696152E-002 -0.17143657882950170     
   3.1649938367428618E-002 -0.16061104812689628     
   3.9779695461974213E-002 -0.14599788856123400     
   4.7239132838107746E-002 -0.12760856989219291     
   5.3501936819130569E-002 -0.10571670842586481     
   5.8039462188023860E-002  -8.0931268576191359E-002
   6.0414119235838566E-002  -5.4215383200690213E-002
   6.0380379833767019E-002  -2.6812969027493999E-002
   5.7951770198462774E-002  -8.0028083461778572E-005
   5.3399133331857244E-002   2.4727876920367389E-002
   4.7179320447631991E-002   4.6629544153748086E-002
   3.9829458417219223E-002   6.4995844137033451E-002
   3.1871372517173369E-002   7.9532634347341841E-002
   2.3751448815707624E-002   9.0209681809823430E-002
   1.5815942676998606E-002   9.7176718340285045E-002
   8.3098697886597496E-003  0.10069034861490300     
   1.3881981983482415E-003  0.10106049989585336     
  -4.8679170861963342E-003   9.8615965835402997E-002
  -1.0433693321837951E-002   9.3684299574635685E-002
  -1.5323837527508865E-002   8.6580855110625146E-002
  -1.9577463266829531E-002   7.7602993675802825E-002
  -2.3246002116261679E-002   6.7026904478657320E-002
  -2.6384694214041150E-002   5.5105851418276841E-002
  -2.9047355367109704E-002   4.2069610971449005E-002
  -3.1283547299418672E-002   2.8125157720431750E-002
  -3.3137113829205152E-002   1.3458485206203807E-002
  -3.4645191813208791E-002  -1.7628579951066503E-003
  -3.5837189647201464E-002  -1.7387150225514965E-002
  -3.6733718151770338E-002  -3.3276352485831988E-002
  -3.7345839430393928E-002  -4.9304566729801408E-002
  -3.7675055566153179E-002  -6.5356693482064632E-002
  -3.7714162090787123E-002  -8.1326603864479624E-002
  -3.7448701405572410E-002  -9.7114209324540290E-002
  -3.6858601486166556E-002 -0.11262114974919206     
  -3.5919542339032072E-002 -0.12774535101078738     
  -3.4603600426923113E-002 -0.14237510097186315     
  -3.2878932575770140E-002 -0.15638343159728163     
  -3.0708837713522154E-002 -0.16962361943180682     
  -2.8050990698119626E-002 -0.18192626174939344     
  -2.4857043050684854E-002 -0.19309792843968612     
  -2.1073970090111988E-002 -0.20292103930599273     
  -1.6648603882528257E-002 -0.21115472989301226     
  -1.1534058160413660E-002 -0.21753483715112085     
  -5.6990787710458615E-003 -0.22177221379781978     
   8.5732397023270495E-004 -0.22355405283475299     
   8.0970681449033261E-003 -0.22255200364018335     
   1.5922776449018544E-002 -0.21843259784197538     
   2.4152088937130601E-002 -0.21087838877362761     
   3.2508170564080771E-002 -0.19963272289514220     
   4.0616076843974086E-002 -0.18456163263669798     
   4.8002619519745660E-002 -0.16572883013191006     
   5.4126743087361241E-002 -0.14348019993444897     
   5.8457475030000705E-002 -0.11850443470479055     
   6.0578171668282194E-002  -9.1822082467564792E-002
   6.0290443941525371E-002  -6.4678895257570285E-002
   5.7632544223266843E-002  -3.8368888275272330E-002
   5.2888459052538528E-002  -1.4067597655878930E-002
   4.6549125120530443E-002   7.2970566416760991E-003
   3.9158268421859814E-002   2.5133198872469013E-002
   3.1204138326804798E-002   3.9181309218861086E-002
   2.3118122092052603E-002   4.9429935587133565E-002
   1.5234007554406463E-002   5.6036854001470654E-002
   7.7716513235828117E-003   5.9267208972633288E-002
   8.8241755263139164E-004   5.9433062902295643E-002
  -5.3519648211942973E-003   5.6857488718063565E-002
  -1.0898450710724161E-002   5.1857390415977429E-002
  -1.5765514176168536E-002   4.4732969129523223E-002
  -1.9993256053476974E-002   3.5759899472766359E-002
  -2.3640152105883279E-002   2.5185831516404515E-002
  -2.6771776518262839E-002   1.3232145819233860E-002
  -2.9452968463866303E-002   1.0233297725341528E-004
  -3.1736124743240904E-002  -1.4012383845222194E-002
  -3.3663782825552907E-002  -2.8931827293404579E-002
  -3.5259242296978140E-002  -4.4486389329516519E-002
  -3.6531992086331636E-002  -6.0515241955984102E-002
  -3.7477451645967962E-002  -7.6865699102430185E-002
  -3.8087785750242339E-002  -9.3390341897280946E-002
  -3.8344399323203077E-002 -0.10994652805446506     
  -3.8218560244346930E-002 -0.12639068480165633     
  -3.7696874183742485E-002 -0.14256903617322697     
  -3.6766407791744490E-002 -0.15832124390920835     
  -3.5423728488373933E-002 -0.17348409852765598     
  -3.3672039004509213E-002 -0.18789991775464235     
  -3.1504466163433296E-002 -0.20142610997958152     
  -2.8925524068251676E-002 -0.21393223186127461     
  -2.5951999185643809E-002 -0.22529772479711913     
  -2.2604957832699193E-002 -0.23540787474522057     
  -1.8895220222531182E-002 -0.24414612861101659     
  -1.4770362008060808E-002 -0.25138789933353178     
  -1.0138188035358323E-002 -0.25697759645364421     
  -4.9070264988812715E-003 -0.26070583387014412     
   9.9834032283684223E-004 -0.26230389312746016     
   7.5583713363324171E-003 -0.26144478481433697     
   1.4682238672362923E-002 -0.25777817834071626     
   2.2187446184036366E-002 -0.25097580415607734     
   2.9828911850784470E-002 -0.24078270093702295     
   3.7346344943631073E-002 -0.22707056794893310     
   4.4397363053186797E-002 -0.20987112459813934     
   5.0576356869047510E-002 -0.18940946785262733     
   5.5473687579900510E-002 -0.16613587368042942     
   5.8625133712335978E-002 -0.14073855304801691     
   5.9608141255595805E-002 -0.11414992135540647     
   5.8160872188855545E-002  -8.7513672213150623E-002
   5.4279500819066073E-002  -6.2095849132394312E-002
   4.8275510406618191E-002  -3.9143824938353972E-002
   4.0702583810175101E-002  -1.9702795403267501E-002
   3.2268411598712167E-002  -4.4522215814458256E-003
   2.3632810359661367E-002   6.3832029730469244E-003
   1.5251871925263377E-002   1.2998396521394380E-002
   7.4093381866991602E-003   1.5853610239396448E-002
   2.3936984368343916E-004   1.5490154865685326E-002
  -6.2055323905570092E-003   1.2391414790981164E-002
  -1.1885230035370094E-002   6.9315362318551664E-003
  -1.6798890559444821E-002  -5.9654234034448603E-004
  -2.0953148277840523E-002  -9.9317683377393631E-003
  -2.4384423229440805E-002  -2.0805677388771121E-002
  -2.7171964126543421E-002  -3.2935350353550497E-002
  -2.9396575648057768E-002  -4.6042791450853930E-002
  -3.1146812102620089E-002  -5.9880128618137032E-002
  -3.2531605211306117E-002  -7.4247622852232173E-002
  -3.3646546001313650E-002  -8.8998689478545265E-002
  -3.4540994264009778E-002 -0.10403298911453446     
  -3.5241706352463820E-002 -0.11927870646424527     
  -3.5761727456358812E-002 -0.13467420158511859     
  -3.6081363544137227E-002 -0.15015642776178373     
  -3.6168777206045034E-002 -0.16565155459077782     
  -3.5998490338545318E-002 -0.18107064115809049     
  -3.5532866555672532E-002 -0.19631088067048569     
  -3.4721059288521094E-002 -0.21125476813137939     
  -3.3511787296613221E-002 -0.22576864659591200     
  -3.1856929770777649E-002 -0.23970085421126969     
  -2.9715405381482460E-002 -0.25288039958234948     
  -2.7050355768147148E-002 -0.26511771986205218     
  -2.3825609133555522E-002 -0.27620509626953943     
  -2.0019517027392315E-002 -0.28591733304001860     
  -1.5617501300160139E-002 -0.29401358675855516     
  -1.0600797399693872E-002 -0.30024018271865349     
  -4.9665907458082718E-003 -0.30433546356688074     
   1.2575476979867395E-003 -0.30603300818561946     
   8.0532138550787717E-003 -0.30506857904912077     
   1.5379217237059314E-002 -0.30118240982355049     
   2.3110228060623267E-002 -0.29412096532714455     
   3.1056457475217937E-002 -0.28366431398046532     
   3.8900321642822984E-002 -0.26967167828527872     
   4.6150032694839346E-002 -0.25215040608114259     
   5.2257491358259078E-002 -0.23134690004950759     
   5.6672672772475875E-002 -0.20780710950969988     
   5.8942259225995185E-002 -0.18238945186284175     
   5.8833498868916430E-002 -0.15621241616493325     
   5.6396853778406281E-002 -0.13052796683626683     
   5.1925877496868188E-002 -0.10655189433979645     
   4.5836500783048413E-002  -8.5296567065991105E-002
   3.8612585910864340E-002  -6.7458566829930608E-002
   3.0771998924231977E-002  -5.3385853987491481E-002
   2.2741145602717616E-002  -4.3111240516632308E-002
   1.4887731514786881E-002  -3.6444716532996239E-002
   7.4728077388610033E-003  -3.3073616118094312E-002
   6.2505770584396166E-004  -3.2647428102474549E-002
  -5.5975321126553431E-003  -3.4835302478287700E-002
  -1.1183914993027113E-002  -3.9344120519470033E-002
  -1.6137144525024020E-002  -4.5915820238639798E-002
  -2.0443639161111707E-002  -5.4314453973326231E-002
  -2.4126570680758071E-002  -6.4309744942507505E-002
  -2.7222604718440662E-002  -7.5674672176131261E-002
  -2.9786667899519718E-002  -8.8186641839213209E-002
  -3.1878454127342179E-002 -0.10163340461447373     
  -3.3548970981617014E-002 -0.11581980028946115     
  -3.4834879324259833E-002 -0.13056978309710068     
  -3.5761185087958995E-002 -0.14572562834238664     
  -3.6352896740734504E-002 -0.16114520019573603     
  -3.6636095253908346E-002 -0.17669931522161994     
  -3.6635764181619034E-002 -0.19227040406858070     
  -3.6363093791410887E-002 -0.20775208816071986     
  -3.5826105773115430E-002 -0.22304581212272567     
  -3.5022086336354202E-002 -0.23805675107006288     
  -3.3931815396370434E-002 -0.25268861316734181     
  -3.2542162047284329E-002 -0.26683624112640703     
  -3.0827175079312312E-002 -0.28038188296000321     
  -2.8739772518004258E-002 -0.29319179987458416     
  -2.6228813491229176E-002 -0.30511063044198600     
  -2.3232826404320783E-002 -0.31595739650644372     
  -1.9672942047571567E-002 -0.32552213317370232     
  -1.5469594741537980E-002 -0.33355915582262596     
  -1.0549185210018099E-002 -0.33978376794249654     
  -4.8782641589925468E-003 -0.34387060115853790     
   1.5352080504556110E-003 -0.34546026633915250     
   8.6492575624231242E-003 -0.34417913694036251     
   1.6338477036699620E-002 -0.33966411065184537     
   2.4382460188797053E-002 -0.33160424748722050     
   3.2454916976103178E-002 -0.31979765292253604     
   4.0119054006580994E-002 -0.30421922023392201     
   4.6802100604916422E-002 -0.28508659985315599     
   5.1956245048353653E-002 -0.26291455010227660     
   5.5193717528050426E-002 -0.23851686106747194     
   5.6305890779485238E-002 -0.21294034167184062     
   5.5254165881302920E-002 -0.18734480656854377     
   5.2253523622781642E-002 -0.16286151857057721     
   4.7657796710794224E-002 -0.14045398934479217     
   4.1858317763556550E-002 -0.12082396259210812     
   3.5252229312721282E-002 -0.10438100378451888     
   2.8242695493074055E-002  -9.1275601646871249E-002
   2.1114974594046151E-002  -8.1457692034266296E-002
   1.4042114418283147E-002  -7.4757745939195930E-002
   7.1534863407707360E-003  -7.0963480986016056E-002
   5.6961870104233175E-004  -6.9863994376496583E-002
  -5.6193377610671141E-003  -7.1263219017160220E-002
  -1.1330081329240351E-002  -7.4975024958561801E-002
  -1.6495434441152951E-002  -8.0804148044759286E-002
  -2.1087379623601039E-002  -8.8539112771075554E-002
  -2.5115386720260251E-002  -9.7954165976644150E-002
  -2.8609916763229094E-002 -0.10881904219188397     
  -3.1577917633998802E-002 -0.12091354160514865     
  -3.4003470909452486E-002 -0.13402873140438146     
  -3.5884623842485468E-002 -0.14796178581996966     
  -3.7246286496919197E-002 -0.16251065267176426     
  -3.8123790311200598E-002 -0.17747386793636680     
  -3.8564777268009359E-002 -0.19265573108012171     
  -3.8607235289243813E-002 -0.20787457763184272     
  -3.8273859812863201E-002 -0.22296692590355427     
  -3.7577302058561919E-002 -0.23778667359860708     
  -3.6528624418597146E-002 -0.25219999336252341     
  -3.5146300476146308E-002 -0.26607964184180422     
  -3.3447004486201623E-002 -0.27930335761399572     
  -3.1446455843723374E-002 -0.29175396681776278     
  -2.9161872745544961E-002 -0.30331886605238262     
  -2.6589838225707877E-002 -0.31389037885732479     
  -2.3705262225505761E-002 -0.32336016713950400     
  -2.0484963140769086E-002 -0.33160946192521845     
  -1.6872428683880780E-002 -0.33850541760029373     
  -1.2822474692169352E-002 -0.34388879026062302     
  -8.2970408154527837E-003 -0.34757330584938501     
  -3.2488887065874636E-003 -0.34934661709340636     
   2.3071385823926101E-003 -0.34896646579285340     
   8.3584471552431636E-003 -0.34617819796760074     
   1.4844101369324134E-002 -0.34071803739926082     
   2.1637129281119827E-002 -0.33233557298084304     
   2.8558426282343043E-002 -0.32082605762288136     
   3.5335948637247774E-002 -0.30606812787225135     
   4.1591385456101235E-002 -0.28808234429453078     
   4.6929420030660508E-002 -0.26709706810926115     
   5.0937730697011865E-002 -0.24359234798863083     
   5.3186617140961276E-002 -0.21832201405058671     
   5.3385925885550384E-002 -0.19229482143449006     
   5.1339053157961105E-002 -0.16667057186751244     
   4.7100896900160817E-002 -0.14265191558291726     
   4.1020131152951035E-002 -0.12130039327346433     
   3.3614255773615175E-002 -0.10338564985966006     
   2.5441379499315513E-002  -8.9293006432183963E-002
   1.7120923237298306E-002  -7.9051750150208544E-002
   9.0552385306908820E-003  -7.2421500238744718E-002
   1.5484665944534961E-003  -6.9037482908527750E-002
  -5.2339730440229019E-003  -6.8500417593308702E-002
  -1.1286403125189427E-002  -7.0434949964481922E-002
  -1.6615875992420245E-002  -7.4503660936486291E-002
  -2.1233956393890540E-002  -8.0404710253164979E-002
  -2.5195926550500666E-002  -8.7868505949602493E-002
  -2.8534073681985645E-002  -9.6650837264453851E-002
  -3.1298154864247460E-002 -0.10652699946021467     
  -3.3546645994574270E-002 -0.11727846143981724     
  -3.5331606479386587E-002 -0.12870685870713328     
  -3.6704294138720860E-002 -0.14064329306027129     
  -3.7711381045517772E-002 -0.15294081009135654     
  -3.8386117373233969E-002 -0.16546730561853709     
  -3.8754069081163724E-002 -0.17809855646686409     
  -3.8847279404173478E-002 -0.19071571526443554     
  -3.8710045881474184E-002 -0.20321601368798539     
  -3.8390354015081972E-002 -0.21552721892275259     
  -3.7921196685915995E-002 -0.22760859953908069     
  -3.7301111348198690E-002 -0.23943463452362532     
  -3.6488801418027773E-002 -0.25097008143389743     
  -3.5414286550922117E-002 -0.26214871780802856     
  -3.3995266999819362E-002 -0.27286338433334706     
  -3.2148499618567451E-002 -0.28296602016288891     
  -2.9794726175361386E-002 -0.29227152959081915     
  -2.6860816273652895E-002 -0.30056126394417976     
  -2.3282480109814988E-002 -0.30758578191890079     
  -1.9008082669490320E-002 -0.31306799160807941     
  -1.4002466446522909E-002 -0.31670672122932064     
  -8.2510392473364395E-003 -0.31817960445023713     
  -1.7672920830751550E-003 -0.31714492463728616     
   5.3917490074402901E-003 -0.31324526280439557     
   1.3100172753397874E-002 -0.30612019292173409     
   2.1132127714072784E-002 -0.29543824989465378     
   2.9136380124696749E-002 -0.28095728676534515     
   3.6632870980674206E-002 -0.26261499915833947     
   4.3048347452909065E-002 -0.24063578700571253     
   4.7800578056901827E-002 -0.21561710100108517     
   5.0419612694823562E-002 -0.18854060391775637     
   5.0664584897760455E-002 -0.16066718774100613     
   4.8580439222624505E-002 -0.13333292507531097     
   4.4466029197788408E-002 -0.10772803971128993     
   3.8778818996183642E-002  -8.4748783686557944E-002
   3.2031104406463305E-002  -6.4953543910303099E-002
   2.4713838002061145E-002  -4.8593882553125974E-002
   1.7250155382549117E-002  -3.5678872426920173E-002
   9.9697294621089293E-003  -2.6048292646778597E-002
   3.1012804870316196E-003  -1.9441674330238086E-002
  -3.2185378340116011E-003  -1.5553683941330517E-002
  -8.9265486289871673E-003  -1.4071998192423716E-002
  -1.4012116044878477E-002  -1.4699778968805203E-002
  -1.8498059964261713E-002  -1.7166844450343520E-002
  -2.2425302492971620E-002  -2.1233245545233911E-002
  -2.5841871358536789E-002  -2.6688311736002942E-002
  -2.8795769332807621E-002  -3.3347410992686510E-002
  -3.1330734722099768E-002  -4.1047751033533718E-002
  -3.3484096511541085E-002  -4.9643968481705034E-002
  -3.5286093457288524E-002  -5.9004007229898167E-002
  -3.6760020635468245E-002  -6.9005565305091610E-002
  -3.7922724711732671E-002  -7.9533143004712065E-002
  -3.8785249291221811E-002  -9.0475619052640649E-002
  -3.9353494941386076E-002 -0.10172425204229629     
  -3.9628745041810368E-002 -0.11317100113533546     
  -3.9608015983312421E-002 -0.12470706311928793     
  -3.9284272944807679E-002 -0.13622151591917409     
  -3.8646554003542000E-002 -0.14759998660085694     
  -3.7680057033119753E-002 -0.15872330687481973     
  -3.6366264895798743E-002 -0.16946613958777562     
  -3.4683188129721002E-002 -0.17969557491806765     
  -3.2605817231830106E-002 -0.18926972341420648     
  -3.0106904883454948E-002 -0.19803636241573988     
  -2.7158224079335436E-002 -0.20583172299867472     
  -2.3732472526982611E-002 -0.21247954895998344     
  -1.9806020454147390E-002 -0.21779062250017425     
  -1.5362717432892598E-002 -0.22156304073543773     
  -1.0398971877323445E-002 -0.22358366150445921     
  -4.9302775585603432E-003 -0.22363133905865196     
   1.0007520796365221E-003 -0.22148286071563925     
   7.3150310134897402E-003 -0.21692287523852319     
   1.3886993881193063E-002 -0.20975950789214551     
   2.0535407249378496E-002 -0.19984757812824583     
   2.7017678587744190E-002 -0.18712092108579545     
   3.3031839264739862E-002 -0.17163349315770590     
   3.8231574374917678E-002 -0.15360478912545517     
   4.2259141067074998E-002 -0.13345838010520245     
   4.4796712973750062E-002 -0.11183534202248058     
   4.5627800103546959E-002  -8.9563010398205994E-002
   4.4690344355347418E-002  -6.7570799215686414E-002
   4.2099785435684135E-002  -4.6768225906899503E-002
   3.8129991907693582E-002  -2.7922159345273215E-002
   3.3158643077765101E-002  -1.1572860067888496E-002
   2.7598558060908950E-002   1.9918211038985763E-003
   2.1837717830802066E-002   1.2711704735368853E-002
   1.6200624467313816E-002   2.0701852979036275E-002
   1.0931966636354932E-002   2.6194539282823413E-002
   6.1969363252476779E-003   2.9488904817834474E-002
   2.0911471846589980E-003   3.0913007073966620E-002
  -1.3455550077579666E-003   3.0797781246295241E-002
  -4.1150222737735770E-003   2.9460388754128354E-002
  -6.2483275074315106E-003   2.7194241956840316E-002
  -7.7955709539080280E-003   2.4263528400074896E-002
  -8.8180114600072933E-003   2.0900689953652171E-002
  -9.3822486082525552E-003   1.7305829045508633E-002
  -9.5560733779387671E-003   1.3647377918757687E-002
  -9.4056073288197786E-003   1.0063602617048077E-002
  -8.9934024656558014E-003   6.6646622455582205E-003
  -8.3772472684232619E-003   3.5350353194964885E-003
  -7.6095016567218968E-003   7.3617466108168975E-004
  -6.7368526712074149E-003  -1.6907308766184450E-003
  -5.8004329098830304E-003  -3.7220194722653224E-003
  -4.8362606609372938E-003  -5.3490015429014815E-003
  -3.8759288319270371E-003  -6.5757620730641005E-003
  -2.9473876764065572E-003  -7.4174662902467235E-003
  -2.0755658879274296E-003  -7.8992023747752934E-003
  -1.2825280981240297E-003  -8.0551954679266343E-003
  -5.8695683217450565E-004  -7.9280053863130771E-003
  -2.9998305132676430E-006  -7.5672032705988894E-003
   4.6114778952780763E-004  -7.0271314359731576E-003
   8.0433329194525113E-004  -6.3637002695732681E-003
   1.0326552727056991E-003  -5.6306226498347711E-003
   1.1585526758495748E-003  -4.8757976504089657E-003
   1.1989551758182491E-003  -4.1385651042632702E-003
   1.1729792275734867E-003  -3.4482752567670358E-003
   1.0997147040539335E-003  -2.8242219368622107E-003
   9.9649975118127026E-004  -2.2766641937669806E-003
   8.7785308421169149E-004  -1.8085087279553439E-003
   7.5503732626298480E-004  -1.4172327844578787E-003
   6.3611342706733072E-004  -1.0967277364005801E-003
   5.2631051298385125E-004  -8.3887076386100453E-004
   4.2855128431580760E-004  -6.3474377408472666E-004
   3.4401273635523079E-004  -4.7549770831826712E-004
   2.7264550768797116E-004  -3.5290596488296496E-004
   2.1361185905911106E-004  -2.5967019171914261E-004
   1.6562875297738253E-004  -1.8954418242825066E-004
   1.2721923970820769E-004  -1.3733459136920076E-004
   9.6884327701162785E-005  -9.8826027300178291E-005
   7.3211016812554035E-005  -7.0666199858549365E-005
   5.4932264322948669E-005  -5.0236046302425881E-005
   4.0952901852588557E-005  -3.5520956127688144E-005
   3.0352982273944509E-005  -2.4992501999018628E-005
   2.2377370285324520E-005  -1.7505302568501557E-005
   1.6417967805579339E-005  -1.2210455645245941E-005
   1.1992949390166575E-005  -8.4850196684999856E-006
   8.7258102099495125E-006  -5.8759476772011762E-006
   6.3258687342649165E-006  -4.0564078538863745E-006
   4.5710548794137058E-006  -2.7923378087149757E-006
   3.2932786450070874E-006  -1.9172148275371482E-006
   2.3663444233135724E-006  -1.3132703231797446E-006
   1.6961926077227782E-006  -8.9766175344321365E-007
   1.2131651353762414E-006  -6.1239609386909643E-007
   8.6596909121272613E-007  -4.1705248921545826E-007
   6.1702661011050153E-007  -2.8356807587932666E-007
   4.3893239789284259E-007  -1.9252834267378963E-007
   3.1178083765001840E-007  -1.3054443319780455E-007
   2.2116595578610410E-007  -8.8409259878653304E-008
   1.5669570290868185E-007  -5.9807610439756798E-008
   1.1089529607385199E-007  -4.0417803869563870E-008
   7.8402257637355336E-008  -2.7288516216815349E-008
   5.5378471542519887E-008  -1.8408016041578945E-008
   3.9082618114937643E-008  -1.2407340278170784E-008
   2.7560438659166364E-008  -8.3563394478089643E-009
   1.9421126235484241E-008  -5.6238882690903619E-009
   1.3676385728221938E-008  -3.7822905796758377E-009
   9.6249137078775859E-009  -2.5420384191122297E-009
   6.7696807430318292E-009  -1.7073675197323961E-009
   4.7588300125160750E-009  -1.1460293074677353E-009
   3.3435315240456172E-009  -7.6876207641844485E-010
   2.3479798085385598E-009  -5.1536763457063718E-010
   1.6480695580548850E-009  -3.4527932636956435E-010
   1.1562604927551575E-009  -2.3117957501149718E-010
   8.1084870669294855E-010  -1.5468528225904876E-010
   5.6837029689851107E-010  -1.0343378360886018E-010
   3.9822837438003488E-010  -6.9116385647994037E-011
   2.7889627796884044E-010  -4.6152391121782843E-011
   1.9523690403015858E-010  -3.0795654708776983E-011
   1.3661153849286373E-010  -2.0532992631886276E-011
   9.5546627884095557E-011  -1.3679372711697490E-011
   6.6794505260030874E-011  -9.1056875813339909E-012
   4.6672065460855531E-011  -6.0557973904598096E-012
   3.2595402891704401E-011  -4.0236402221286321E-012
   2.2752517656432515E-011  -2.6707363097839418E-012
   1.5873240707155267E-011  -1.7708399770804844E-012
   1.1067575934283982E-011  -1.1728265111562477E-012
   7.7121647616504213E-012  -7.7582045321762058E-013
   5.3705820960695430E-012  -5.1253720299191556E-013
   3.7374055726090641E-012  -3.3813225217247869E-013
   2.5989829564997655E-012  -2.2274162829693729E-013
   1.8059232599013070E-012  -1.4649478668086337E-013
   1.2538157071603797E-012  -9.6182640555304540E-014
   8.6972083938597496E-013  -6.3032935485510647E-014
   6.0270943230468692E-013  -4.1226018208945899E-014
   4.1723893813656773E-013  -2.6905331285402757E-014
   2.8851828720075271E-013  -1.7518257512029471E-014
   1.9926548181663738E-013  -1.1377397318833688E-014
   1.3744043165743536E-013  -7.3688252289504532E-015
   9.4660394259563134E-014  -4.7582709421193432E-015
   6.5093004874253639E-014  -3.0624880114476163E-015
   4.4683318423838159E-014  -1.9639787455065712E-015
   3.0614350980603331E-014  -1.2545279639986542E-015
   2.0930783053006742E-014  -7.9785994902940726E-016
   1.4276622501998588E-014  -5.0497554043573007E-016
   9.7124235792825258E-015  -3.1788737673819249E-016
   6.5880164415992624E-015  -1.9891035390152997E-016
   4.4539483791427141E-015  -1.2362183519591739E-016
   2.9999062768963563E-015  -7.6242584949444355E-017
   2.0119329935000447E-015  -4.6612030724993351E-017
   1.3427262580186495E-015  -2.8211811607957851E-017
   8.9103804172131041E-016  -1.6877330849095837E-017
   5.8739969441509050E-016  -9.9599643643018024E-018
   3.8424059580961968E-016  -5.7838245846933159E-018
   2.4905561418654921E-016  -3.2946007592485515E-018
   1.5968618214853948E-016  -1.8333313627260065E-018
   1.0106503892713292E-016  -9.9120975399700474E-019
   6.2973256315938180E-017  -5.1679162043773347E-019
   3.8496217934123320E-017  -2.5697543189459757E-019
   2.2960906109694735E-017  -1.1967005686066056E-019
   1.3204859848927281E-017  -5.0387342426177558E-020
   7.0704566223990925E-018  -1.7625867753144324E-020
   3.0382081486428229E-018  -3.6864657360415107E-021
   0.0000000000000000        0.0000000000000000     
