 Initial conditions outputted from a previous simulation. Time =    40.000000000000000     
   40.000000000000000        0.0000000000000000              500           1   40.000000000000000     
   6.2755792175944305E-002  -1.3556884939391424E-013
   6.1347817905214902E-002   2.6779097350868392E-002
   5.7730895571962364E-002   5.2217667989792625E-002
   5.2159808748594362E-002   7.5215514509802878E-002
   4.5199211585087766E-002   9.4896927453482785E-002
   3.7314698953964998E-002  0.11090810027578774     
   2.9029028849806189E-002  0.12305295282219929     
   2.0746401038118093E-002  0.13141770947841000     
   1.2768808102261065E-002  0.13622409857509873     
   5.3037257581762705E-003  0.13776752146481397     
  -1.5253517129828959E-003  0.13638010150414201     
  -7.6590289593033182E-003  0.13239829867356878     
  -1.3084286549419288E-002  0.12614562058081946     
  -1.7819978508144020E-002  0.11792437660710779     
  -2.1905108806683678E-002  0.10801134533426943     
  -2.5390224764275431E-002   9.6656629476132266E-002
  -2.8331632546957426E-002   8.4084937278977562E-002
  -3.0787853059637691E-002   7.0498730618667307E-002
  -3.2817124302840707E-002   5.6083244927432517E-002
  -3.4473836663780066E-002   4.1012546579803709E-002
  -3.5802457727837224E-002   2.5453943073698415E-002
  -3.6830626842274360E-002   9.5676719774194646E-003
  -3.7565864290980876E-002  -6.4982892082287328E-003
  -3.7998936410679855E-002  -2.2614250515819289E-002
  -3.8112134023259761E-002  -3.8670470172692095E-002
  -3.7887451303564246E-002  -5.4572275606699798E-002
  -3.7310545691349457E-002  -7.0230552209817415E-002
  -3.6369592708385336E-002  -8.5551559689452397E-002
  -3.5051102451262556E-002 -0.10042957475496449     
  -3.3336100508312295E-002 -0.11474362034677642     
  -3.1199009873897496E-002 -0.12835674930529106     
  -2.8608718919570349E-002 -0.14111499413454348     
  -2.5529499308589946E-002 -0.15284433135019584     
  -2.1920717981330985E-002 -0.16334652189866908     
  -1.7736961977709902E-002 -0.17239613091008571     
  -1.2930981090975447E-002 -0.17974042155802100     
  -7.4605634820355433E-003 -0.18510196711857310     
  -1.2997259173066237E-003 -0.18818257983657233     
   5.5452481979651122E-003 -0.18866799189240205     
   1.3015897773545535E-002 -0.18623495887034616     
   2.0981535074830113E-002 -0.18056464206905032     
   2.9223645893225791E-002 -0.17136854081748606     
   3.7428529380585780E-002 -0.15843362827048446     
   4.5191134445872944E-002 -0.14168807440779826     
   5.2032517054170870E-002 -0.12128123310409389     
   5.7435836447222319E-002  -9.7662080148050570E-002
   6.0911010278781784E-002  -7.1626650624061802E-002
   6.2091094891057103E-002  -4.4293705265983925E-002
   6.0833194435550117E-002  -1.6981042927793441E-002
   5.7269554941141200E-002   8.9945816123265625E-003
   5.1773062881149426E-002   3.2517449366073543E-002
   4.4857917009779251E-002   5.2796542627808328E-002
   3.7070567587720871E-002   6.9391435780038632E-002
   2.8908871539631537E-002   8.2168076144700730E-002
   2.0775813001652595E-002   9.1220668866242818E-002
   1.2963586323600944E-002   9.6786360597530166E-002
   5.6631278325727143E-003   9.9173153404569309E-002
  -1.0125098955598370E-003   9.8712259466244553E-002
  -7.0054104337288975E-003   9.5732700127458603E-002
  -1.2297233374023700E-002   9.0549412174768834E-002
  -1.6899290530446812E-002   8.3458064511913080E-002
  -2.0845289048044276E-002   7.4732887149691007E-002
  -2.4184981458189925E-002   6.4625403016723551E-002
  -2.6977704112734736E-002   5.3363292459601683E-002
  -2.9285675145841877E-002   4.1149493280025824E-002
  -3.1167862841060639E-002   2.8161740500348354E-002
  -3.2675587682108376E-002   1.4553030960008035E-002
  -3.3850583176078294E-002   4.5400370423956952E-004
  -3.4724948292759246E-002  -1.4022212220624554E-002
  -3.5321387468350375E-002  -2.8773452466304188E-002
  -3.5653179545419939E-002  -4.3701849091855982E-002
  -3.5724686541397335E-002  -5.8708534671332413E-002
  -3.5532477740742079E-002  -7.3690664770777792E-002
  -3.5065796981122492E-002  -8.8540580736729407E-002
  -3.4306155308853427E-002 -0.10314590036024854     
  -3.3228930843368747E-002 -0.11738922285270702     
  -3.1804850547656097E-002 -0.13114673952595821     
  -2.9998603944121571E-002 -0.14428559900941754     
  -2.7767080297621469E-002 -0.15666061489191790     
  -2.5061222197579461E-002 -0.16810969825007718     
  -2.1830388238760667E-002 -0.17844663438422514     
  -1.8022630919597597E-002 -0.18745492894587024     
  -1.3590023767897311E-002 -0.19488821975076689     
  -8.4904253247463819E-003 -0.20047454443004487     
  -2.7055375777077792E-003 -0.20391785438811255     
   3.7365273202820655E-003 -0.20490844674742509     
   1.0777750884933907E-002 -0.20314173527388651     
   1.8294259940727541E-002 -0.19832804166583468     
   2.6092980853653001E-002 -0.19021509936799688     
   3.3923080917270962E-002 -0.17862681771882358     
   4.1449679749295053E-002 -0.16349841662331069     
   4.8260915563543560E-002 -0.14492808496044063     
   5.3955578846766362E-002 -0.12324794066859474     
   5.8173908571806196E-002  -9.9056489214492838E-002
   6.0612744770582191E-002  -7.3188516537714715E-002
   6.1115616805860765E-002  -4.6636755396642957E-002
   5.9643843779795841E-002  -2.0439783280576204E-002
   5.6301876931283738E-002   4.4168146286253408E-003
   5.1382150693713040E-002   2.7090436735082969E-002
   4.5274649361569851E-002   4.6965032729633059E-002
   3.8372641091882327E-002   6.3677252357311295E-002
   3.1077121568351476E-002   7.7080798837200093E-002
   2.3719002733814169E-002   8.7200362090867026E-002
   1.6553529573435196E-002   9.4176934900067080E-002
   9.7605655501557427E-003   9.8222769871572024E-002
   3.4348999652770267E-003   9.9588858185647014E-002
  -2.3617866377113736E-003   9.8536791853294531E-002
  -7.6092327424772017E-003   9.5322858765136451E-002
  -1.2302144220348759E-002   9.0190164305034001E-002
  -1.6444552209507968E-002   8.3366245028749328E-002
  -2.0060196326447236E-002   7.5061519892725442E-002
  -2.3178859808556117E-002   6.5465933364089970E-002
  -2.5826823778481840E-002   5.4750751834271597E-002
  -2.8019258974229393E-002   4.3075065832794475E-002
  -2.9778053637552846E-002   3.0596702769723722E-002
  -3.1152475599137943E-002   1.7477283307312689E-002
  -3.2167512971903671E-002   3.8754654801498056E-003
  -3.2808415579361989E-002  -1.0055007704288467E-002
  -3.3072570308904217E-002  -2.4160732305984103E-002
  -3.2975416837230813E-002  -3.8288036181164761E-002
  -3.2539948552074045E-002  -5.2284724070710643E-002
  -3.1784505915954761E-002  -6.6005005712124254E-002
  -3.0736262493967176E-002  -7.9312839010788116E-002
  -2.9426814644801864E-002  -9.2085099311296631E-002
  -2.7876354837841576E-002 -0.10421220950368265     
  -2.6085708331396895E-002 -0.11559349009457981     
  -2.4028903629455728E-002 -0.12612973116872747     
  -2.1664116890446800E-002 -0.13571308633048543     
  -1.8944051884605202E-002 -0.14421922994826561     
  -1.5825562428994314E-002 -0.15150372361478887     
  -1.2277353195264615E-002 -0.15740237960628542     
  -8.2594438534349130E-003 -0.16173655699216780     
  -3.7562751369499994E-003 -0.16431662589953974     
   1.2288707861172836E-003 -0.16494686590345528     
   6.6780097154905405E-003 -0.16342996268922555     
   1.2564207455436877E-002 -0.15956931221331547     
   1.8847041985110030E-002 -0.15317142297839767     
   2.5484535182682528E-002 -0.14404977585746317     
   3.2382186840417687E-002 -0.13202947201375209     
   3.9436776785971336E-002 -0.11697003207613269     
   4.6415839089346336E-002  -9.8795978764058351E-002
   5.2957595296682300E-002  -7.7554702539601311E-002
   5.8568391012470508E-002  -5.3485762297067065E-002
   6.2674456165131384E-002  -2.7081131056345208E-002
   6.4740556991304682E-002   8.8708387165181896E-004
   6.4496549618014890E-002   2.9394361006894968E-002
   6.1919420207347149E-002   5.7269477315244732E-002
   5.7268687134117778E-002   8.3340353391235744E-002
   5.0958989740078280E-002  0.10659923424435409     
   4.3499419450681170E-002  0.12632812980094160     
   3.5357287246769960E-002  0.14215657244870181     
   2.6943671344082713E-002  0.15403440170998517     
   1.8625524475149639E-002  0.16214374925645589     
   1.0710750637155824E-002  0.16679682471323085     
   3.4047230509904312E-003  0.16835743012748816     
  -3.1048191801108251E-003  0.16719278750788544     
  -8.7332871036801020E-003  0.16366522440538872     
  -1.3493716662939942E-002  0.15812879964448115     
  -1.7458149264186672E-002  0.15092110759497754     
  -2.0737053735362086E-002  0.14234995752670121     
  -2.3435465355239264E-002  0.13267893314577597     
  -2.5622266927298701E-002  0.12212120615157562     
  -2.7340619592035553E-002  0.11084580580913760     
  -2.8636316894848236E-002   9.8993447425985259E-002
  -2.9564044005274095E-002   8.6691813944432705E-002
  -3.0173205035188916E-002   7.4064083918176149E-002
  -3.0519433147125147E-002   6.1232554096715117E-002
  -3.0651407072184802E-002   4.8315766624978392E-002
  -3.0575495783943210E-002   3.5424186506539411E-002
  -3.0278289324242962E-002   2.2660886884978845E-002
  -2.9746959515093110E-002   1.0123596070113918E-002
  -2.8957521453301358E-002  -2.0933654257868678E-003
  -2.7880384272880449E-002  -1.3896956092804023E-002
  -2.6502236175797621E-002  -2.5192357743283562E-002
  -2.4805925339196611E-002  -3.5880822095756652E-002
  -2.2762365246735070E-002  -4.5854889560533948E-002
  -2.0331137539405943E-002  -5.4990594591305876E-002
  -1.7461781339141724E-002  -6.3140835333181683E-002
  -1.4116707751204443E-002  -7.0130605788392794E-002
  -1.0267386278872708E-002  -7.5756962680491147E-002
  -5.8537660792597835E-003  -7.9794787997384500E-002
  -8.0985930609068352E-004  -8.1996691064043267E-002
   4.9189611656542650E-003  -8.2093646885456076E-002
   1.1368510985047877E-002  -7.9797973580790632E-002
   1.8485326470212282E-002  -7.4803814282220840E-002
   2.6179266020549371E-002  -6.6805753761294884E-002
   3.4255553656686435E-002  -5.5523479535926089E-002
   4.2420545496536878E-002  -4.0750577546441680E-002
   5.0226248996681246E-002  -2.2425571391202794E-002
   5.7052574441944830E-002  -7.1409265726953464E-004
   6.2226674354857688E-002   2.3912420985921980E-002
   6.5168469293493042E-002   5.0636180580542173E-002
   6.5402637628691362E-002   7.8329015798453597E-002
   6.2829822850392777E-002  0.10565162031259777     
   5.7712674779820249E-002  0.13123184676629496     
   5.0622244018570066E-002  0.15386988419294401     
   4.2290870544708502E-002  0.17271716852028179     
   3.3470012051472722E-002  0.18736650359166676     
   2.4744937288605870E-002  0.19783167681730182     
   1.6459818082240046E-002  0.20443003462512466     
   8.7830887439554785E-003  0.20762223458370180     
   1.8712861018427638E-003  0.20787648050542007     
  -4.2350046953690251E-003  0.20560806490112410     
  -9.5539549045617796E-003  0.20116494622173717     
  -1.4117928730423687E-002  0.19484531127742880     
  -1.8018518026427319E-002  0.18691935020718428     
  -2.1357917232416927E-002  0.17763640032441830     
  -2.4174209737377921E-002  0.16722356555185658     
  -2.6482353799685963E-002  0.15588548887723977     
  -2.8316985816204614E-002  0.14380699270951944     
  -2.9731697949545072E-002  0.13115482279828650     
  -3.0793076733011578E-002  0.11807796177676830     
  -3.1564963758602731E-002  0.10470694474076782     
  -3.2072956380899936E-002   9.1153758167809698E-002
  -3.2301426332248279E-002   7.7516599764243452E-002
  -3.2245934737464441E-002   6.3888855120007831E-002
  -3.1924378796676416E-002   5.0365576548552081E-002
  -3.1334924728391632E-002   3.7045333027346035E-002
  -3.0454649998454701E-002   2.4032297153301990E-002
  -2.9263945368811117E-002   1.1439822475736251E-002
  -2.7723258360476288E-002  -6.0771837489966062E-004
  -2.5790868509247299E-002  -1.1971543646752705E-002
  -2.3446734212163135E-002  -2.2497215149568643E-002
  -2.0669979131159151E-002  -3.2017830047362819E-002
  -1.7408497940682371E-002  -4.0357352232575298E-002
  -1.3588179244334791E-002  -4.7331197373672196E-002
  -9.1701145253625955E-003  -5.2743087575802081E-002
  -4.1479725416295648E-003  -5.6385470250870026E-002
   1.4880119724769807E-003  -5.8043457030937343E-002
   7.7290676243252070E-003  -5.7497104251300994E-002
   1.4542992252645329E-002  -5.4527242395542588E-002
   2.1862335396405929E-002  -4.8924830481655739E-002
   2.9497055653616520E-002  -4.0505200629830311E-002
   3.7150580764005049E-002  -2.9141491589502279E-002
   4.4414807151589332E-002  -1.4807866235003606E-002
   5.0817618990218763E-002   2.3698056697709006E-003
   5.5872751520102071E-002   2.2070490095556571E-002
   5.9088035999380221E-002   4.3759193539845170E-002
   6.0060480630700588E-002   6.6694317406216369E-002
   5.8609958028493135E-002   8.9968974229833062E-002
   5.4803308366141591E-002  0.11258655512338939     
   4.8921074566665577E-002  0.13355580447303050     
   4.1418750349767476E-002  0.15199167341059946     
   3.2925825388181097E-002  0.16720177973673550     
   2.4135117168716077E-002  0.17875528763574033     
   1.5632313348509223E-002  0.18651720018337412     
   7.8246121192963886E-003  0.19062709815683074     
   8.8409596451947156E-004  0.19143218735071618     
  -5.2174373860134600E-003  0.18938968010262763     
  -1.0559577026420849E-002  0.18496983289398181     
  -1.5160315782709041E-002  0.17859476687817824     
  -1.9029453330558457E-002  0.17062256787205296     
  -2.2213135310696519E-002  0.16135396777307456     
  -2.4798551429164803E-002  0.15104379193936665     
  -2.6889749848381172E-002  0.13990525145775326     
  -2.8587130873673639E-002  0.12811008950672340     
  -2.9968955384407032E-002  0.11578857953402283     
  -3.1096607735153561E-002  0.10303490011142361     
  -3.2007272547212424E-002   8.9916381616426719E-002
  -3.2722199964801260E-002   7.6486201662629080E-002
  -3.3242990729529145E-002   6.2795519346447781E-002
  -3.3553595226527372E-002   4.8903723404212195E-002
  -3.3616923419288069E-002   3.4885168441011138E-002
  -3.3389021217435359E-002   2.0834549894458404E-002
  -3.2817305252685725E-002   6.8691211018848735E-003
  -3.1844870928313548E-002  -6.8692697657884785E-003
  -3.0421158827338379E-002  -2.0212737269960077E-002
  -2.8491557684899912E-002  -3.2967832219229359E-002
  -2.6020917052001599E-002  -4.4915563388741357E-002
  -2.2969929038289160E-002  -5.5818678964166202E-002
  -1.9318744438410845E-002  -6.5420522235180259E-002
  -1.5050409293270429E-002  -7.3454495905776018E-002
  -1.0168435727051065E-002  -7.9644432322596756E-002
  -4.7194846313166122E-003  -8.3707781143138399E-002
   1.2386032444771048E-003  -8.5374972537336377E-002
   7.6418597746319454E-003  -8.4400427609553769E-002
   1.4359889776605185E-002  -8.0569348765963139E-002
   2.1231959909885374E-002  -7.3729448210800769E-002
   2.8056315309304115E-002  -6.3807960834387639E-002
   3.4536840387429782E-002  -5.0821010852079393E-002
   4.0403184865403993E-002  -3.4919905846766804E-002
   4.5355658048429962E-002  -1.6411197530794026E-002
   4.9050333173805638E-002   4.2328497316402583E-003
   5.1229087077063966E-002   2.6358388227061588E-002
   5.1740817879949101E-002   4.9159352412541227E-002
   5.0496950782784593E-002   7.1759869854526342E-002
   4.7563768334440919E-002   9.3284156531765611E-002
   4.3138364620274518E-002  0.11295068146757581     
   3.7524272933023739E-002  0.13016056598796069     
   3.1116291409644718E-002  0.14451518121327961     
   2.4256901702553939E-002  0.15579436082249504     
   1.7220445345876870E-002  0.16393387486016522     
   1.0259118848561852E-002  0.16899686752318605     
   3.5911176819510377E-003  0.17113839091016339     
  -2.6299951026760335E-003  0.17057688218062658     
  -8.3051530626946281E-003  0.16756863565244601     
  -1.3369443835942576E-002  0.16238723403253025     
  -1.7788500346435830E-002  0.15531314198859567     
  -2.1558855916670280E-002  0.14662667656251133     
  -2.4704802705650942E-002  0.13659751113788665     
  -2.7273226533033924E-002  0.12547271967762066     
  -2.9323997215812466E-002  0.11346888249202466     
  -3.0917417022336306E-002  0.10077150784861209     
  -3.2105626837953961E-002   8.7540402275305462E-002
  -3.2930712374624714E-002   7.3916699486753445E-002
  -3.3426281576930082E-002   6.0028271669389316E-002
  -3.3619117520043561E-002   4.5993018141075405E-002
  -3.3530079155162013E-002   3.1921025383458382E-002
  -3.3174591009906627E-002   1.7916300776112150E-002
  -3.2562817466325535E-002   4.0781081679323568E-003
  -3.1699035600880866E-002  -9.4979871069418020E-003
  -3.0579556316712879E-002  -2.2718552483037148E-002
  -2.9189349396098355E-002  -3.5488935991334042E-002
  -2.7498833453184889E-002  -4.7707357393964235E-002
  -2.5462824335248348E-002  -5.9256985485171436E-002
  -2.3022819672769111E-002  -6.9997753661869846E-002
  -2.0112355635308016E-002  -7.9759890907058165E-002
  -1.6664268835388820E-002  -8.8340364869358465E-002
  -1.2618830148660403E-002  -9.5502428553609145E-002
  -7.9324307999691021E-003 -0.10097800520348382     
  -2.5869952183446561E-003 -0.10447285962968479     
   3.3997365733734455E-003 -0.10567498513262648     
   9.9630779607648209E-003 -0.10426707909592280     
   1.6979300389614295E-002  -9.9944608011527200E-002
   2.4252454030098094E-002  -9.2442266226276798E-002
   3.1501625858677156E-002  -8.1573405006675162E-002
   3.8354878206985771E-002  -6.7287026323747473E-002
   4.4362608291119141E-002  -4.9740616600646451E-002
   4.9044888790266167E-002  -2.9371035876483848E-002
   5.1975717363163539E-002  -6.9261279499642295E-003
   5.2881969483791445E-002   1.6583191292844694E-002
   5.1713929996195111E-002   4.0018947286700746E-002
   4.8651224749805821E-002   6.2296222649093486E-002
   4.4043630680072346E-002   8.2534682498677001E-002
   3.8320867868216563E-002  0.10013172440234343     
   3.1911026619349837E-002  0.11475722194064622     
   2.5188201844148408E-002  0.12630190539972705     
   1.8449854052947710E-002  0.13481267828942323     
   1.1915284464356943E-002  0.14043517840845304     
   5.7350986067320423E-003  0.14337128286073339     
   3.5022311385627913E-006  0.14385073187079275     
  -5.2307760331806348E-003  0.14211220088426127     
  -9.9553937177303282E-003  0.13838961966577243     
  -1.4185757207605319E-002  0.13290177303517428     
  -1.7955423448455136E-002  0.12584512020121333     
  -2.1305306096771660E-002  0.11739082914476442     
  -2.4273101661818924E-002  0.10768688423196342     
  -2.6885259148491672E-002   9.6864790787760169E-002
  -2.9153291726336114E-002   8.5048826542107880E-002
  -3.1074709046461469E-002   7.2365045698348618E-002
  -3.2637267526446870E-002   5.8947678228121976E-002
  -3.3824366642948668E-002   4.4941850628824394E-002
  -3.4619560238184507E-002   3.0502996908581860E-002
  -3.5009019685564503E-002   1.5794289901092953E-002
  -3.4981815142817702E-002   9.8365967629094079E-004
  -3.4528658031264307E-002  -1.3758372057417411E-002
  -3.3640123943851123E-002  -2.8259438848320079E-002
  -3.2305359278012188E-002  -4.2344716948589475E-002
  -3.0511963354635178E-002  -5.5835518899039961E-002
  -2.8247291947784730E-002  -6.8547894642404850E-002
  -2.5501029500362232E-002  -8.0292000848570369E-002
  -2.2268652727439886E-002  -9.0872786889860738E-002
  -1.8555352076890914E-002 -0.10009231622008498     
  -1.4379936544614271E-002 -0.10775387933002453     
  -9.7780463162880256E-003 -0.11366787173378956     
  -4.8036938746571561E-003 -0.11765897307724389     
   4.7174371902993715E-004 -0.11957332949000180     
   5.9626405512435256E-003 -0.11928360793481313     
   1.1571080887975567E-002 -0.11669022105251613     
   1.7181490955656322E-002 -0.11172033360214796     
   2.2642278835953385E-002 -0.10433267949167052     
   2.7736522351609016E-002  -9.4542337513676050E-002
   3.2158557623557071E-002  -8.2477608943416547E-002
   3.5526384189790351E-002  -6.8462425217051662E-002
   3.7453910125987339E-002  -5.3084308090996762E-002
   3.7671410278123860E-002  -3.7185352507871576E-002
   3.6136209868766679E-002  -2.1739659696695467E-002
   3.3064912238477226E-002  -7.6558002427921483E-003
   2.8867106226808700E-002   4.3975078704450972E-003
   2.4026991681318111E-002   1.4065317918747969E-002
   1.8998838642045792E-002   2.1279931291937264E-002
   1.4147887824044669E-002   2.6184559902622240E-002
   9.7307789648884268E-003   2.9051770014756565E-002
   5.9001794819884849E-003   3.0216050761186327E-002
   2.7227132542207910E-003   3.0025599845070167E-002
   2.0140445162824454E-004   2.8812233129291355E-002
  -1.7037528218688753E-003   2.6874579424602685E-002
  -3.0590506925617434E-003   2.4469704208909718E-002
  -3.9439372660446401E-003   2.1810303517368304E-002
  -4.4414032219514650E-003   1.9065656936594611E-002
  -4.6315183857352496E-003   1.6364875948220788E-002
  -4.5873309884282964E-003   1.3801495522687800E-002
  -4.3725701375363106E-003   1.1438826413308173E-002
  -4.0408535475603708E-003   9.3155297290474868E-003
  -3.6360563012798187E-003   7.4508837791214221E-003
  -3.1934197457424663E-003   5.8493294993765795E-003
  -2.7409461469768224E-003   4.5040763141409104E-003
  -2.3006280629919362E-003   3.3998141188095288E-003
  -1.8892206222679232E-003   2.5148331060171648E-003
  -1.5185680255983560E-003   1.8229460119287806E-003
  -1.1957537413929016E-003   1.2954720760308808E-003
  -9.2340493310432944E-004   9.0328072243547083E-004
  -7.0034345160352213E-004   6.1867828872761875E-004
  -5.2255551619476202E-004   4.1686761550987421E-004
  -3.8429301716572009E-004   2.7681366291506620E-004
  -2.7909077814684060E-004   1.8151403227437894E-004
  -2.0055529586229852E-004   1.1780185727151614E-004
  -1.4287776810540797E-004   7.5858940258909284E-005
  -1.0109658558726234E-004   4.8603904307757124E-005
  -7.1169865026744810E-005   3.1076401071737106E-005
  -4.9925645679450011E-005   1.9889457886020907E-005
  -3.4947881025329883E-005   1.2781274974558043E-005
  -2.4440019435655921E-005   8.2701096549337864E-006
  -1.7091745078699763E-005   5.4008076712672241E-006
  -1.1961936438339789E-005   3.5656672765050492E-006
  -8.3826439354911502E-006   2.3818519534031861E-006
  -5.8840191669852147E-006   1.6097420952265732E-006
  -4.1376625252987245E-006   1.0997727621350951E-006
  -2.9149866433281740E-006   7.5847406488250019E-007
  -2.0572309137298529E-006   5.2712059935896883E-007
  -1.4542003686231666E-006   3.6847373621857952E-007
  -1.0293611305131206E-006   2.5861924145683607E-007
  -7.2947372770615565E-007   1.8196525665967953E-007
  -5.1741963290423655E-007   1.2817834092582569E-007
  -3.6725155540359520E-007   9.0298239915306528E-008
  -2.6078072805442830E-007   6.3566724834049726E-008
  -1.8522182648152287E-007   4.4689693935577692E-008
  -1.3156448072839859E-007   3.1363938847537219E-008
  -9.3444017845511115E-008   2.1967477727617019E-008
  -6.6355715373472921E-008   1.5352705929151998E-008
  -4.7106083978687849E-008   1.0705568823497738E-008
  -3.3428311721372866E-008   7.4481108623053296E-009
  -2.3711852627389280E-008   5.1701665586487013E-009
  -1.6811700904836685E-008   3.5810340498920009E-009
  -1.1913517985516443E-008   2.4750837957567439E-009
  -8.4380519618133700E-009   1.7072066360344604E-009
  -5.9732869086735177E-009   1.1752678552469681E-009
  -4.2262150231289427E-009   8.0757507717614655E-010
  -2.9885257321648545E-009   5.5394221884671420E-010
  -2.1121819699998887E-009   3.7933278148964976E-010
  -1.4920294559470707E-009   2.5935072050221613E-010
  -1.0534130715749374E-009   1.7705169890335059E-010
  -7.4335988544183047E-010   1.2069519230033315E-010
  -5.2430334174329920E-010   8.2164817513420446E-011
  -3.6961797057280393E-010   5.5861649092406437E-011
  -2.6044381702067042E-010   3.7931189733197514E-011
  -1.8342929233167558E-010   2.5724918417390182E-011
  -1.2912775366407594E-010   1.7426229714793227E-011
  -9.0859163331835314E-011   1.1791225272459949E-011
  -6.3902427490639213E-011   7.9695146730308993E-012
  -4.4922709613653125E-011   5.3806015612709320E-012
  -3.1565607181552345E-011   3.6287885430985695E-012
  -2.2169747405216730E-011   2.4447108822584970E-012
  -1.5563368362551988E-011   1.6452383790532083E-012
  -1.0920426686816037E-011   1.1060211682666671E-012
  -7.6588697936195306E-012   7.4272228866196015E-013
  -5.3687564606361947E-012   4.9820758022767622E-013
  -3.7614946562788140E-012   3.3381418718984414E-013
  -2.6340109710110937E-012   2.2340701180051741E-013
  -1.8434720764962886E-012   1.4933805509791311E-013
  -1.2894592354333688E-012   9.9702735566162468E-014
  -9.0140430229848646E-013   6.6479037544014435E-014
  -6.2973823456794795E-013   4.4266831083436486E-014
  -4.3965789308615319E-013   2.9434715841789418E-014
  -3.0673855832768710E-013   1.9543261568913384E-014
  -2.1384696047095431E-013   1.2955503157924161E-014
  -1.4897026143376727E-013   8.5741623251822088E-015
  -1.0368986202125089E-013   5.6645437767339230E-015
  -7.2108968583186305E-014   3.7352932756661104E-015
  -5.0099332731618598E-014   2.4581946415576048E-015
  -3.4772402311610953E-014   1.6142797778651333E-015
  -2.4108190365518904E-014   1.0576565967995208E-015
  -1.6694942988621463E-014   6.9125540007251570E-016
  -1.1546611832050382E-014   4.5058446524878208E-016
  -7.9749387257047427E-015   2.9286229631442087E-016
  -5.4998564933927551E-015   1.8975549420654940E-016
  -3.7867605863155249E-015   1.2253196135704619E-016
  -2.6026163004902005E-015   7.8830281108138320E-017
  -1.7852628441487485E-015   5.0509271936615443E-017
  -1.2219589957061246E-015   3.2218602238322544E-017
  -8.3439720161358621E-016   2.0450128853454615E-017
  -5.6824267524927083E-016   1.2909299081476020E-017
  -3.8583617775461385E-016   8.0993471379154041E-018
  -2.6110739440875111E-016   5.0467543802724117E-018
  -1.7603197935092489E-016   3.1203375969227816E-018
  -1.1816583728313066E-016   1.9122870454513127E-018
  -7.8930618983104719E-017   1.1601192020241683E-018
  -5.2422686250597753E-017   6.9559870605430705E-019
  -3.4586555679353123E-017   4.1139976659766148E-019
  -2.2641902358237843E-017   2.3940948788051598E-019
  -1.4686795713843733E-017   1.3665268348709628E-019
  -9.4232970882487044E-018   7.6192867578100698E-020
  -5.9679173258922618E-018   4.1272847110162183E-020
  -3.7208477477587411E-018   2.1557804205040949E-020
  -2.2758279662725533E-018   1.0738184650550027E-020
  -1.3580329869282941E-018   5.0087495311190470E-021
  -7.8129082507950725E-019   2.1120902612373751E-021
  -4.1844901604229764E-019   7.3980821963865765E-022
  -1.7985209373978669E-019   1.5494284895928341E-022
  -0.0000000000000000        0.0000000000000000     
