 Initial conditions outputted from a previous simulation. Time =    74.600000000000009     
   40.000000000000000        0.0000000000000000              500           1   74.600000000000009     
  -2.1987977952616651E-002 -0.12530773864931971     
  -1.7831327720146090E-002 -0.13528369604152099     
  -1.3083696608495586E-002 -0.14359019933199474     
  -7.6509390603406490E-003 -0.14995038519392503     
  -1.5422532232479205E-003 -0.15407066482769538     
   5.2715352375112589E-003 -0.15561305452441437     
   1.2720373217100886E-002 -0.15424872554363825     
   2.0685412547922770E-002 -0.14964217378851574     
   2.8965846342280527E-002 -0.14149094049384051     
   3.7260602084374483E-002 -0.12956876627277308     
   4.5165968304026957E-002 -0.11378840563404442     
   5.2188330273625357E-002  -9.4282817195622176E-002
   5.7787729836563342E-002  -7.1486753624936283E-002
   6.1457135755500610E-002  -4.6186897363465658E-002
   6.2824308099594342E-002  -1.9498764182968028E-002
   6.1743026887904701E-002   7.2540990653457999E-003
   5.8332837988474363E-002   3.2734964443462335E-002
   5.2946796540943725E-002   5.5792996289282248E-002
   4.6083425841004229E-002   7.5594095339152123E-002
   3.8282644315280293E-002   9.1654453624866405E-002
   3.0041126443056447E-002  0.10379776078293319     
   2.1762410526582038E-002  0.11207876677007336     
   1.3740324670618085E-002  0.11670808064316927     
   6.1674936811207236E-003  0.11799340204724471     
  -8.4132320618075134E-004  0.11629608302539059     
  -7.2224552873133199E-003  0.11199595119365541     
  -1.2943016143667541E-002  0.10546092324060571     
  -1.7991384023015661E-002   9.7024215423662741E-002
  -2.2375730699425715E-002   8.6973745461887492E-002
  -2.6123858066262128E-002   7.5554183091177285E-002
  -2.9279122379934269E-002   6.2976497793783046E-002
  -3.1892475820072548E-002   4.9428060802084339E-002
  -3.4014613832746045E-002   3.5079275687587938E-002
  -3.5691548270344355E-002   2.0086708880735209E-002
  -3.6963522530281033E-002   4.5944806869480676E-003
  -3.7865234035392395E-002  -1.1264632131939220E-002
  -3.8425898725671648E-002  -2.7367752140048902E-002
  -3.8668622131682102E-002  -4.3599975345406904E-002
  -3.8608907185897184E-002  -5.9851883693416610E-002
  -3.8252965549746991E-002  -7.6016538783094917E-002
  -3.7597041714846943E-002  -9.1986459673000898E-002
  -3.6627711994934600E-002 -0.10765091809150067     
  -3.5322208135521012E-002 -0.12289326266112748     
  -3.3648869466793289E-002 -0.13758808903166972     
  -3.1568298706914591E-002 -0.15159809261231802     
  -2.9034978447731979E-002 -0.16477060213972944     
  -2.5998829331677294E-002 -0.17693409213761244     
  -2.2406704534568788E-002 -0.18789496961278718     
  -1.8204360231505047E-002 -0.19743483275720852     
  -1.3339882346296818E-002 -0.20530843007305527     
  -7.7698367775563973E-003 -0.21124259511206028     
  -1.4693098937324789E-003 -0.21493662008390010     
   5.5535379562804930E-003 -0.21606515258275527     
   1.3238708602536365E-002 -0.21428581252044018     
   2.1452969908598497E-002 -0.20925526937765734     
   2.9969128417350499E-002 -0.20065926991195368     
   3.8451629022831758E-002 -0.18826286474474910     
   4.6456644521395564E-002 -0.17198412801790519     
   5.3455704277802066E-002 -0.15198514714047395     
   5.8889291514123913E-002 -0.12875816972283394     
   6.2249960600981445E-002 -0.10316860770439401     
   6.3182703820068867E-002  -7.6412885105567638E-002
   6.1574337802573292E-002  -4.9872613889142520E-002
   5.7593394633214681E-002  -2.4897504016223676E-002
   5.1654493852055720E-002  -2.5964954767458848E-003
   4.4318166119860315E-002   1.6284217991644343E-002
   3.6170928854154967E-002   3.1371059186131464E-002
   2.7731606752415639E-002   4.2594064988488285E-002
   1.9403503628368089E-002   5.0091424299444902E-002
   1.1466454755741106E-002   5.4123734271506782E-002
   4.0925739333347189E-003   5.5011351973695784E-002
  -2.6279234767238660E-003   5.3094527971994404E-002
  -8.6602051756565976E-003   4.8710522114295739E-002
  -1.4005119998529842E-002   4.2181000209560157E-002
  -1.8685307503047248E-002   3.3804843500096576E-002
  -2.2737334343396257E-002   2.3854017946315489E-002
  -2.6206747533759817E-002   1.2571530907859969E-002
  -2.9143128232917755E-002   1.7175866684509555E-004
  -3.1597100151371842E-002  -1.3157087177067669E-002
  -3.3617880418904150E-002  -2.7250042579654125E-002
  -3.5249344349983204E-002  -4.1962363826979363E-002
  -3.6527211861588992E-002  -5.7166099338653638E-002
  -3.7477460743376746E-002  -7.2746530093317663E-002
  -3.8116351114024873E-002  -8.8597886755304570E-002
  -3.8449879890067817E-002 -0.10461881003093317     
  -3.8473479300307693E-002 -0.12070896064676107     
  -3.8172009417414936E-002 -0.13676512211165662     
  -3.7527259737596408E-002 -0.15267594431447926     
  -3.6520808133442474E-002 -0.16831906907576477     
  -3.5131255979668777E-002 -0.18355832107537545     
  -3.3332970898600267E-002 -0.19824019944658869     
  -3.1085988332085469E-002 -0.21219738797324705     
  -2.8342051252504847E-002 -0.22525283693189505     
  -2.5064645637736731E-002 -0.23721341828279147     
  -2.1216392613077714E-002 -0.24786389412538343     
  -1.6756753380653033E-002 -0.25696927367837652     
  -1.1637902341523646E-002 -0.26427533830738414     
  -5.8604343419786471E-003 -0.26950268766299129     
   5.6395192733471903E-004 -0.27235887036721651     
   7.5880186737009624E-003 -0.27254606055574970     
   1.5072011152668900E-002 -0.26977025838920976     
   2.2809881908581450E-002 -0.26378293514681328     
   3.0579399785206941E-002 -0.25442898165871414     
   3.8098077834069023E-002 -0.24166773897811686     
   4.5057340377130023E-002 -0.22559752329158089     
   5.1158772658457148E-002 -0.20647946396872111     
   5.6041570618974718E-002 -0.18474103746927867     
   5.9379086406550208E-002 -0.16099560647954481     
   6.0886315140497443E-002 -0.13603644997235137     
   6.0292531318254051E-002 -0.11080814861208228     
   5.7453317536970437E-002  -8.6364608909002896E-002
   5.2529439077661458E-002  -6.3782675192879737E-002
   4.5990009343660876E-002  -4.4013668616229566E-002
   3.8422771183177037E-002  -2.7725044060917605E-002
   3.0308227421421332E-002  -1.5222549002216541E-002
   2.2031255639325446E-002  -6.5027141538789640E-003
   1.3908673126014978E-002  -1.3654327885297217E-003
   6.1359420801087297E-003   4.7993603166666092E-004
  -1.1161360673475429E-003  -6.6149286694622592E-004
  -7.7390011971459520E-003  -4.4909714750912258E-003
  -1.3681780287124945E-002  -1.0718787769335165E-002
  -1.8901807296153199E-002  -1.9056210281715915E-002
  -2.3365875828089785E-002  -2.9206498390574698E-002
  -2.7059332250401930E-002  -4.0862065132296690E-002
  -2.9991059247561704E-002  -5.3705371961978464E-002
  -3.2227923006749551E-002  -6.7421405327227374E-002
  -3.3873534205660416E-002  -8.1717424342895750E-002
  -3.5045416703343164E-002  -9.6342556272777852E-002
  -3.5846705522374310E-002 -0.11110188364705374     
  -3.6344496614635340E-002 -0.12585640636861070     
  -3.6570639119971896E-002 -0.14051010591678900     
  -3.6532588269202158E-002 -0.15499036643487801     
  -3.6234980813990764E-002 -0.16922822586944997     
  -3.5682645264683545E-002 -0.18314714005512150     
  -3.4859667861495240E-002 -0.19666046911913215     
  -3.3739655530817647E-002 -0.20967221268770134     
  -3.2297441246173682E-002 -0.22207977557102959     
  -3.0516035352480122E-002 -0.23377579289843958     
  -2.8374343925615733E-002 -0.24465044199135000     
  -2.5866281030085123E-002 -0.25459042834833145     
  -2.2982384524885463E-002 -0.26347903818242319     
  -1.9704142246825339E-002 -0.27119487349057986     
  -1.6005234021683534E-002 -0.27760599563425564     
  -1.1842749149927523E-002 -0.28256159596348995     
  -7.1431844331135644E-003 -0.28588123987109715     
  -1.8470833935140523E-003 -0.28733932412858226     
   4.1096047193001544E-003 -0.28666263816625381     
   1.0683198580234990E-002 -0.28353147522733352     
   1.7784028293817207E-002 -0.27760552563057855     
   2.5295765542958013E-002 -0.26856003333590045     
   3.3044528471149331E-002 -0.25612609122572505     
   4.0693247756916982E-002 -0.24013859110138275     
   4.7801382703215579E-002 -0.22060420902406205     
   5.3806380381196034E-002 -0.19776488854449839     
   5.8192334534180483E-002 -0.17215337682708709     
   6.0509803929314439E-002 -0.14459229920420916     
   6.0548804792954158E-002 -0.11614737638398295     
   5.8281628014415075E-002  -8.8016847031232123E-002
   5.3875327879741815E-002  -6.1394360022409875E-002
   4.7687348399193530E-002  -3.7329617531824823E-002
   4.0247655312863700E-002  -1.6611756367435004E-002
   3.2083538764902921E-002   3.0828546149101136E-004
   2.3739178620470515E-002   1.3315872114302362E-002
   1.5601748580727322E-002   2.2583050933275207E-002
   7.9401132631555307E-003   2.8463139949951189E-002
   9.3184263729005504E-004   3.1383044758027272E-002
  -5.3111311008992119E-003   3.1762723436820017E-002
  -1.0750908296619977E-002   2.9975668629491220E-002
  -1.5392384843854428E-002   2.6340466143121820E-002
  -1.9282250468774000E-002   2.1130483639642896E-002
  -2.2491976386292842E-002   1.4582862764857294E-002
  -2.5157309420076737E-002   6.9046752408785548E-003
  -2.7382775271980582E-002  -1.7324022500517730E-003
  -2.9213301611672193E-002  -1.1188757366372782E-002
  -3.0672468529590498E-002  -2.1342965586182077E-002
  -3.1772137235124280E-002  -3.2076217099244936E-002
  -3.2536537094287749E-002  -4.3259308773442515E-002
  -3.3005729258826520E-002  -5.4751978281064179E-002
  -3.3223280512776274E-002  -6.6412203492138611E-002
  -3.3221937537951496E-002  -7.8110002191946040E-002
  -3.3003966643472278E-002  -8.9737212725871360E-002
  -3.2545275444752525E-002 -0.10120628292712136     
  -3.1832600104577509E-002 -0.11244016261819124     
  -3.0877729430514055E-002 -0.12336236404032064     
  -2.9692166067024506E-002 -0.13389470102098167     
  -2.8269175132318011E-002 -0.14395893333204587     
  -2.6559648747245115E-002 -0.15348016131795475     
  -2.4501231028636043E-002 -0.16238322822532067     
  -2.2044001154790865E-002 -0.17058266568025096     
  -1.9124027647060303E-002 -0.17797324428904046     
  -1.5687518914950568E-002 -0.18441604262730110     
  -1.1724982919827901E-002 -0.18972919143676631     
  -7.2444421756006393E-003 -0.19368985111506823     
  -2.2642072062446584E-003 -0.19604106224248585     
   3.2294708922430177E-003 -0.19650577952030582     
   9.2023418620423257E-003 -0.19479182123341451     
   1.5647066650244654E-002 -0.19060712731111504     
   2.2497054326005132E-002 -0.18366658928624285     
   2.9608433423186507E-002 -0.17371218970605704     
   3.6750262900874936E-002 -0.16055151720893837     
   4.3560500641971554E-002 -0.14410669364746068     
   4.9593654117661340E-002 -0.12447794271569204     
   5.4453524804250412E-002 -0.10200501064283941     
   5.7618708433804268E-002  -7.7284404137304849E-002
   5.8685429200115796E-002  -5.1178448898902357E-002
   5.7438346941273706E-002  -2.4758583033659805E-002
   5.3977647036946276E-002   8.0030205038570420E-004
   4.8670796213182731E-002   2.4377138358829264E-002
   4.2105083534606139E-002   4.5068674960237198E-002
   3.4905932398205899E-002   6.2312111965516989E-002
   2.7530830149752081E-002   7.5924076077622166E-002
   2.0183418621379453E-002   8.6039633060992673E-002
   1.3082612194420647E-002   9.2970452276436175E-002
   6.3638467754082058E-003   9.7092641727204762E-002
   1.7430760931818091E-004   9.8762924179714856E-002
  -5.3631115766511767E-003   9.8295666206201837E-002
  -1.0196861488250235E-002   9.5975210802936042E-002
  -1.4345102297798441E-002   9.2070420789153798E-002
  -1.7851087242376121E-002   8.6836744656133766E-002
  -2.0792433559337464E-002   8.0506629075204630E-002
  -2.3234082367985926E-002   7.3266258882559845E-002
  -2.5255678557682678E-002   6.5238964688988335E-002
  -2.6893553312485188E-002   5.6475946606770897E-002
  -2.8162412823644314E-002   4.6969883812104513E-002
  -2.9086854327279744E-002   3.6683269414020336E-002
  -2.9723498869181283E-002   2.5581638107621034E-002
  -3.0120143710764082E-002   1.3657880879886144E-002
  -3.0303708164770137E-002   9.4826619141218039E-004
  -3.0295790529340661E-002  -1.2461961387876046E-002
  -3.0106498689855443E-002  -2.6444909986626120E-002
  -2.9729641280157093E-002  -4.0843617532489988E-002
  -2.9161346389458592E-002  -5.5487567523908946E-002
  -2.8400037132756639E-002  -7.0206764495747198E-002
  -2.7427195991295467E-002  -8.4840543192822040E-002
  -2.6222172680245973E-002  -9.9235849818320135E-002
  -2.4761542819248791E-002 -0.11324063817750983     
  -2.3014628200842359E-002 -0.12669487710660662     
  -2.0940393626984390E-002 -0.13942284598120619     
  -1.8497980231678771E-002 -0.15122930100796142     
  -1.5654443284398609E-002 -0.16190079378841796     
  -1.2389937177544731E-002 -0.17121164129273606     
  -8.6917617652607967E-003 -0.17893188098681537     
  -4.5299797093364420E-003 -0.18483178801674821     
   1.6501653995644098E-004 -0.18867988193228027     
   5.4698749709021490E-003 -0.19023184102920160     
   1.1433699601723720E-002 -0.18921785714780961     
   1.8091165992196970E-002 -0.18534144997237229     
   2.5387522333289274E-002 -0.17828687433300811     
   3.3149326392837859E-002 -0.16775464207208618     
   4.1035427148849425E-002 -0.15352758454498330     
   4.8477806706047462E-002 -0.13556220948230877     
   5.4771670474055831E-002 -0.11410448793791216     
   5.9210468275887385E-002  -8.9780093465739286E-002
   6.1260258169236088E-002  -6.3612792565235526E-002
   6.0717948081288921E-002  -3.6935945424801886E-002
   5.7685415011767799E-002  -1.1197436581405401E-002
   5.2553920920719810E-002   1.2281586728271367E-002
   4.5903447878312714E-002   3.2521894066284897E-002
   3.8374789376419444E-002   4.9002006494393506E-002
   3.0587767786146500E-002   6.1649721290331520E-002
   2.3015226335854625E-002   7.0727045138208683E-002
   1.5930589371707729E-002   7.6667004614125164E-002
   9.4895720956690143E-003   7.9923603677379329E-002
   3.7224789543746370E-003   8.0890133204438691E-002
  -1.3872282190431334E-003   7.9875068487838985E-002
  -5.8885435244700763E-003   7.7123734552545120E-002
  -9.8667844279142682E-003   7.2842409376491377E-002
  -1.3396828156983686E-002   6.7207843812364179E-002
  -1.6566272484717728E-002   6.0365404527183954E-002
  -1.9447847058644215E-002   5.2421648961715347E-002
  -2.2084995909741036E-002   4.3446650317506531E-002
  -2.4507903249664145E-002   3.3487788868570414E-002
  -2.6713546387183328E-002   2.2589525785214719E-002
  -2.8670495140569151E-002   1.0811056274569079E-002
  -3.0347112679287230E-002  -1.7616064039907234E-003
  -3.1702418352942865E-002  -1.5013225139251593E-002
  -3.2695665866157769E-002  -2.8801758954845161E-002
  -3.3290740090342011E-002  -4.2962098014575630E-002
  -3.3458757914107240E-002  -5.7311292325081101E-002
  -3.3175166313114804E-002  -7.1656087962143428E-002
  -3.2426417857067701E-002  -8.5799008615077915E-002
  -3.1214359890504431E-002  -9.9542824965898835E-002
  -2.9536453991028704E-002 -0.11269832860948152     
  -2.7394079388474782E-002 -0.12508368700008690     
  -2.4799209634054489E-002 -0.13652352012625940     
  -2.1753720514593677E-002 -0.14685302028999705     
  -1.8260874953839823E-002 -0.15591499531729708     
  -1.4320472017531711E-002 -0.16355348301648273     
  -9.9409167796092775E-003 -0.16960240746421237     
  -5.1413608944351364E-003 -0.17387925247591648     
   6.9025228432620771E-005 -0.17619818100147766     
   5.6797688937768251E-003 -0.17638069269393969     
   1.1654249463313339E-002 -0.17425043873532461     
   1.7919732809313048E-002 -0.16963259869527966     
   2.4373999646319897E-002 -0.16237076059150773     
   3.0891442024774313E-002 -0.15234437392354924     
   3.7314953380742533E-002 -0.13947467146684425     
   4.3433521142167135E-002 -0.12373492181093267     
   4.8957046891746500E-002 -0.10518882648672674     
   5.3508850701654946E-002  -8.4061869892331137E-002
   5.6657023071534682E-002  -6.0823339009964394E-002
   5.7991525124383658E-002  -3.6236936611823367E-002
   5.7231945985061462E-002  -1.1334578099342159E-002
   5.4324404967629428E-002   1.2710356064847678E-002
   4.9474283225526446E-002   3.4780105555112475E-002
   4.3090019600737633E-002   5.3994457341058219E-002
   3.5672310133323344E-002   6.9797521572973462E-002
   2.7714640805106629E-002   8.1942069741732140E-002
   1.9650359956205517E-002   9.0424819357547231E-002
   1.1833107456489654E-002   9.5419056453095258E-002
   4.5285701913001259E-003   9.7215770604081722E-002
  -2.0857947241855620E-003   9.6172790003259165E-002
  -7.9112327105909184E-003   9.2675446326435623E-002
  -1.2914123277777110E-002   8.7109391954915807E-002
  -1.7113546638337352E-002   7.9841018090316018E-002
  -2.0568858860973951E-002   7.1202278890676457E-002
  -2.3365449017667426E-002   6.1480190031641360E-002
  -2.5599713470946955E-002   5.0912086034724725E-002
  -2.7365389496729411E-002   3.9686953259330596E-002
  -2.8743224638313108E-002   2.7952103549226393E-002
  -2.9795431544134006E-002   1.5823233053552429E-002
  -3.0565011620438249E-002   3.3951705153950460E-003
  -3.1078508525564850E-002  -9.2490302804932589E-003
  -3.1350088299546462E-002  -2.2031862575570219E-002
  -3.1384970791481108E-002  -3.4877935391851252E-002
  -3.1180778729162698E-002  -4.7712222499803975E-002
  -3.0726254902258440E-002  -6.0458248770352482E-002
  -2.9997926283143114E-002  -7.3034472357109262E-002
  -2.8956332166155670E-002  -8.5347855656834906E-002
  -2.7543936976405333E-002  -9.7284901090557430E-002
  -2.5686505248159453E-002 -0.10870174371247433     
  -2.3298628180156520E-002 -0.11941561992536930     
  -2.0292798705988501E-002 -0.12919984500634085     
  -1.6590547873698031E-002 -0.13778351900243904     
  -1.2133993249690563E-002 -0.14485606754784106     
  -6.8966388738359446E-003 -0.15007594730177953     
  -8.9302676128050933E-004 -0.15308270163485496     
   5.8125306287359398E-003 -0.15351199642131486     
   1.3097432839681972E-002 -0.15101415555928441     
   2.0771476769983959E-002 -0.14527818404466963     
   2.8566606295325696E-002 -0.13606524941461778     
   3.6129178960929785E-002 -0.12325673545553850     
   4.3024599996838102E-002 -0.10691920609225274     
   4.8769639307989499E-002  -8.7376995989860595E-002
   5.2903428623594838E-002  -6.5262426100270290E-002
   5.5086519228441287E-002  -4.1499030605721618E-002
   5.5187781837589656E-002  -1.7190874073326333E-002
   5.3310568873710093E-002   6.5543946916853078E-003
   4.9741820161169015E-002   2.8792144526903540E-002
   4.4857308902675926E-002   4.8828865552055657E-002
   3.9036154184075578E-002   6.6222307418758702E-002
   3.2614486811096355E-002   8.0732851290708743E-002
   2.5874015093805644E-002   9.2268381666617674E-002
   1.9047019964195066E-002  0.10084214264149498     
   1.2323653875638999E-002  0.10654456544241804     
   5.8559823503644068E-003  0.10952333004421334     
  -2.4049714570251301E-004  0.10996646734602691     
  -5.8844713859032456E-003  0.10808688144301844     
  -1.1023397274409902E-002  0.10410954204417694     
  -1.5625562399418803E-002   9.8262939553764167E-002
  -1.9671631945225532E-002   9.0775254629815769E-002
  -2.3147827818405374E-002   8.1874424369700424E-002
  -2.6042227521021505E-002   7.1790346206678332E-002
  -2.8344485924068973E-002   6.0757129459866895E-002
  -3.0048100070108826E-002   4.9013716637293328E-002
  -3.1153712067371546E-002   3.6802070107350184E-002
  -3.1671952146731783E-002   2.4363037160608239E-002
  -3.1624748204586606E-002   1.1930699235453568E-002
  -3.1044634940200145E-002  -2.7362511385460483E-004
  -2.9972194246787907E-002  -1.2046508800186845E-002
  -2.8452251545173918E-002  -2.3205677337982622E-002
  -2.6529804439882020E-002  -3.3590839550448434E-002
  -2.4246794345008125E-002  -4.3062139226035585E-002
  -2.1640625565513088E-002  -5.1496944605246189E-002
  -1.8744744733506798E-002  -5.8786155839764771E-002
  -1.5590812889782093E-002  -6.4831186273208052E-002
  -1.2211518252324999E-002  -6.9542181083980886E-002
  -8.6434444048255430E-003  -7.2837243661788204E-002
  -4.9307653692489076E-003  -7.4642268842998238E-002
  -1.1320907273686621E-003  -7.4892288406338756E-002
   2.6673318744784911E-003  -7.3538033248956997E-002
   6.3397100795772442E-003  -7.0563856812465145E-002
   9.7043001731810467E-003  -6.6021288917140666E-002
   1.2537893608294824E-002  -6.0072573768395712E-002
   1.4617162540654297E-002  -5.3022962625905376E-002
   1.5784243725498245E-002  -4.5312363381496218E-002
   1.6003864760919723E-002  -3.7452000203109195E-002
   1.5377431255452208E-002  -2.9926881906358994E-002
   1.4106172833723871E-002  -2.3110187422171392E-002
   1.2428866291084783E-002  -1.7224868480736351E-002
   1.0568216157160063E-002  -1.2353109843426050E-002
   8.7018066345681370E-003  -8.4709887116888802E-003
   6.9539306253688996E-003  -5.4871478867763220E-003
   5.3993668813804912E-003  -3.2755376304055674E-003
   4.0729274073359363E-003  -1.6994086502421098E-003
   2.9806133947730446E-003  -6.2670088628195625E-004
   2.1095692524758058E-003   6.1343440935023071E-005
   1.4359218309732177E-003   4.6612775379310979E-004
   9.3066901453129041E-004   6.7062723656947172E-004
   5.6380704114563664E-004   7.4023297339340219E-004
   3.0691816535217785E-004   7.2465576492492336E-004
   1.3462003392337551E-004   6.6026930484412033E-004
   2.5250504782006281E-005   5.7254025183958712E-004
  -3.8968667947142723E-005   4.7834513411029988E-004
  -7.2105947742491299E-005   3.8805116574230366E-004
  -8.4889303943035081E-005   3.0730347129450411E-004
  -8.5181463402365657E-005   2.3850234136859092E-004
  -7.8500794159771091E-005   1.8197044631005019E-004
  -6.8535100496236489E-005   1.3682596218504722E-004
  -5.7607626464885371E-005   1.0159669128662138E-004
  -4.7071845027590413E-005   7.4622068377320751E-005
  -3.7626136953971962E-005   5.4292882807166387E-005
  -2.9550523072358044E-005   3.9175706934971137E-005
  -2.2875445120980805E-005   2.8061815993911226E-005
  -1.7496118723527476E-005   1.9970887257075472E-005
  -1.3245970042989115E-005   1.4130675200435380E-005
  -9.9409641655977619E-006   9.9464467263990309E-006
  -7.4043065341878801E-006   6.9683691819395043E-006
  -5.4785650130226001E-006   4.8611794927723033E-006
  -4.0301433196234322E-006   3.3780416781589897E-006
  -2.9494118108206415E-006   2.3390935360193242E-006
  -2.1486152666910444E-006   1.6144337276715832E-006
  -1.5588456182095105E-006   1.1109661225020366E-006
  -1.1268186181469970E-006   7.6242366492359718E-007
  -8.1184644056934189E-007   5.2192062676635189E-007
  -5.8318491018822606E-007   3.5646297429877080E-007
  -4.1780985358757114E-007   2.4294514530667130E-007
  -2.9861033548023655E-007   1.6525748096657783E-007
  -2.1295437096418894E-007   1.1221277109020361E-007
  -1.5157068278674041E-007   7.6070313198049700E-008
  -1.0768938815319881E-007   5.1491806307104474E-008
  -7.6389484161627550E-008   3.4806823865640364E-008
  -5.4108284656383680E-008   2.3498641531807977E-008
  -3.8275723832073206E-008   1.5845926441867553E-008
  -2.7043722325960431E-008   1.0674053857736200E-008
  -1.9087166166570826E-008   7.1831433545450811E-009
  -1.3458354013579076E-008   4.8295420137260023E-009
  -9.4810625313927060E-009   3.2443901107046260E-009
  -6.6737751615299442E-009   2.1778203795074841E-009
  -4.6942559274872401E-009   1.4608174962597682E-009
  -3.2996679053183563E-009   9.7920778488381869E-010
  -2.3179625150200284E-009   6.5595791852123600E-010
  -1.6274091400899135E-009   4.3915096103781850E-010
  -1.1419838734892651E-009   2.9383283571792750E-010
  -8.0096258977944341E-010   1.9649197468490787E-010
  -5.6152271360079167E-010   1.3132706647750921E-010
  -3.9349285077839338E-010   8.7726979107867801E-011
  -2.7563242847391177E-010   5.8571167635729730E-011
  -1.9299911460730414E-010   3.9084664839236324E-011
  -1.3508826912645989E-010   2.6067449107136437E-011
  -9.4519481855620663E-011   1.7376246812763239E-011
  -6.6110255132916890E-011   1.1576366141636937E-011
  -4.6223307569711011E-011   7.7079482069805722E-012
  -3.2307048073981042E-011   5.1291439898485960E-012
  -2.2572286842092819E-011   3.4109689806549304E-012
  -1.5764943387030602E-011   2.2668485572994494E-012
  -1.1006342332347825E-011   1.5054350888932045E-012
  -7.6810603130868788E-012   9.9902669221582568E-013
  -5.3582051814599123E-012   6.6243941763225929E-013
  -3.7361868015615092E-012   4.3887961997386282E-013
  -2.6039855220589326E-012   2.9050161880660144E-013
  -1.8140009150416373E-012   1.9209973074756657E-013
  -1.2630254094240688E-012   1.2689615288413107E-013
  -8.7891610283095933E-013   8.3729633401649095E-014
  -6.1126129769365345E-013   5.5179956177120755E-014
  -4.2484654174129864E-013   3.6317330294626325E-014
  -2.9508189732808492E-013   2.3868883837650658E-014
  -2.0480273226800052E-013   1.5663435515854024E-014
  -1.4203214137895049E-013   1.0261837539188779E-014
  -9.8416423443349856E-014   6.7110081922649282E-015
  -6.8131498000037364E-014   4.3803664015782485E-015
  -4.7118744559613172E-014   2.8531333581904636E-015
  -3.2551205339256942E-014   1.8541466488020344E-015
  -2.2460832333309704E-014   1.2019579245491773E-015
  -1.5478284398178748E-014   7.7707060810033213E-016
  -1.0651358262083617E-014   5.0089771327195220E-016
  -7.3183399008756448E-015   3.2183464858021825E-016
  -5.0197009878581035E-015   2.0605051683997391E-016
  -3.4365581025435443E-015   1.3140593482734151E-016
  -2.3478038441015092E-015   8.3440599092980066E-017
  -1.6002598011827042E-015   5.2729647745061807E-017
  -1.0879071541508063E-015   3.3144276724879833E-017
  -7.3744249218184989E-016   2.0709026151146359E-017
  -4.9823884627759603E-016   1.2852279018267369E-017
  -3.3537315262226110E-016   7.9155353514206227E-018
  -2.2478703667339766E-016   4.8327342545718491E-018
  -1.4993085868347987E-016   2.9211378327929629E-018
  -9.9438375482371277E-017   1.7452777085209883E-018
  -6.5517002735142759E-017   1.0286589594749097E-018
  -4.2834568461786261E-017   5.9661544229287257E-019
  -2.7750248276103465E-017   3.3943823047421426E-019
  -1.7783874256153875E-017   1.8866466645044620E-019
  -1.1250160049296918E-017   1.0188741261277632E-019
  -7.0068797002400927E-018   5.3062877840305258E-020
  -4.2816595949873431E-018   2.6357509030915947E-020
  -2.5528594400267802E-018   1.2261824728285575E-020
  -1.4676985403152996E-018   5.1579023652224775E-021
  -7.8566422779676151E-019   1.8026650279855343E-021
  -3.3752070180641819E-019   3.7668559465346937E-022
  -0.0000000000000000        0.0000000000000000     
