 Initial conditions outputted from a previous simulation. Time =    74.400000000000006     
   40.000000000000000        0.0000000000000000              500           1   74.400000000000006     
   2.9371262636477876E-003 -0.14947051209277748     
   1.0188949117155685E-002 -0.14904635549205525     
   1.8012960661927761E-002 -0.14548571871521279     
   2.6227891839902547E-002 -0.13847097126102023     
   3.4563370639387136E-002 -0.12774352327624050     
   4.2648061426010478E-002 -0.11316441748713826     
   5.0010801766546702E-002  -9.4787390546751671E-002
   5.6119534880772370E-002  -7.2943705252115201E-002
   6.0445757099443387E-002  -4.8306342792432747E-002
   6.2562978583824536E-002  -2.1894240183902635E-002
   6.2245752811443580E-002   5.0178862652551582E-003
   5.9529065085554903E-002   3.1077467763722465E-002
   5.4698921570034420E-002   5.5061295663138762E-002
   4.8218715561814111E-002   7.6034250786551960E-002
   4.0626980891131315E-002   9.3413446248660742E-002
   3.2446013156416022E-002  0.10694433383262551     
   2.4122777666832702E-002  0.11662730158982187     
   1.6003249528315756E-002  0.12263356842113864     
   8.3308815281329159E-003  0.12523345587321744     
   1.2588462236978529E-003  0.12474458336343684     
  -5.1319167736749828E-003  0.12149812962757471     
  -1.0814724313448936E-002  0.11581830593329867     
  -1.5802566187286770E-002  0.10801154528961163     
  -2.0136536700208457E-002   9.8363459342588125E-002
  -2.3874831324600707E-002   8.7140725856770185E-002
  -2.7081371323019757E-002   7.4593782818494853E-002
  -2.9815532848713553E-002   6.0957256427214099E-002
  -3.2124873569971353E-002   4.6447508471154517E-002
  -3.4042062833265122E-002   3.1258552166715539E-002
  -3.5586565599147260E-002   1.5558811024197787E-002
  -3.6769998427695447E-002  -5.0842521000554904E-004
  -3.7601915718604328E-002  -1.6819760633253196E-002
  -3.8092757105777635E-002  -3.3263753827987380E-002
  -3.8253169189753869E-002  -4.9733817676730033E-002
  -3.8091188708762783E-002  -6.6123883010689374E-002
  -3.7609201003386508E-002  -8.2326253564419902E-002
  -3.6801860430299489E-002  -9.8230192985423168E-002
  -3.5655090065439425E-002 -0.11372030581427651     
  -3.4145600123973906E-002 -0.12867415942108507     
  -3.2240905412031472E-002 -0.14295881809150685     
  -2.9900432464437011E-002 -0.15642667403379262     
  -2.7077408674383369E-002 -0.16891125182665750     
  -2.3720716475216817E-002 -0.18022346392447661     
  -1.9777174124384043E-002 -0.19014899592674381     
  -1.5195318972843099E-002 -0.19844707346441443     
  -9.9311526601620886E-003 -0.20485043589561588     
  -3.9562554048959775E-003 -0.20906645085514111     
   2.7309443882807790E-003 -0.21077977020192465     
   1.0090206395885032E-002 -0.20965801490496200     
   1.8021068512914382E-002 -0.20536380551701491     
   2.6342371546688365E-002 -0.19757848838793610     
   3.4773180133555216E-002 -0.18604417111218585     
   4.2922007844578072E-002 -0.17062930122624803     
   5.0295075141570750E-002 -0.15141596547966221     
   5.6335637417659977E-002 -0.12879215877381495     
   6.0500761602559738E-002 -0.10351304700934096     
   6.2366020576092897E-002  -7.6685775569261969E-002
   6.1726961250775918E-002  -4.9651435665298616E-002
   5.8654957127754176E-002  -2.3786701218435298E-002
   5.3479857955091144E-002  -2.9456123547755639E-004
   4.6707234749740388E-002   1.9941517285586706E-002
   3.8907617131363877E-002   3.6405744536281461E-002
   3.0618926874294468E-002   4.8914919653230610E-002
   2.2285784623967766E-002   5.7539136522019210E-002
   1.4237674026871459E-002   6.2514683784290190E-002
   6.6943663476077319E-003   6.4169847908429542E-002
  -2.1551180966569754E-004   6.2869645548358652E-002
  -6.4324467162741499E-003   5.8978418454495786E-002
  -1.1945209243072123E-002   5.2837690161056133E-002
  -1.6773528014767430E-002   4.4756124486767482E-002
  -2.0955490107940851E-002   3.5007864774453702E-002
  -2.4539213003799319E-002   2.3835768580246372E-002
  -2.7577653684724080E-002   1.1456687146678813E-002
  -3.0125513856429181E-002  -1.9336400814082679E-003
  -3.2236215815270162E-002  -1.6157393589771089E-002
  -3.3958472753047135E-002  -3.1052775304876434E-002
  -3.5332973773623169E-002  -4.6472674289546635E-002
  -3.6390585281444128E-002  -6.2283499783326333E-002
  -3.7152850752102076E-002  -7.8363894671622539E-002
  -3.7631951424202503E-002  -9.4603199962303181E-002
  -3.7829618981533128E-002 -0.11089828015735510     
  -3.7737219655846914E-002 -0.12714733848246454     
  -3.7337588367725820E-002 -0.14324337343173646     
  -3.6606303100367922E-002 -0.15907084915205799     
  -3.5511736602514846E-002 -0.17450400680200132     
  -3.4015811484790784E-002 -0.18940362331872093     
  -3.2072847791258838E-002 -0.20361318145020887     
  -2.9635857800718441E-002 -0.21695781326264266     
  -2.6660328704174195E-002 -0.22924736747128746     
  -2.3100928646311518E-002 -0.24027864215230413     
  -1.8914605766739787E-002 -0.24983045956264271     
  -1.4063566673890120E-002 -0.25765205833004412     
  -8.5461799862906335E-003 -0.26346273643080143     
  -2.3594649880658825E-003 -0.26697210180680891     
   4.4775385712770531E-003 -0.26788141309376856     
   1.1861837322112228E-002 -0.26588086841805453     
   1.9634800403039894E-002 -0.26068498634105464     
   2.7598177602134403E-002 -0.25207192403040773     
   3.5445654331934931E-002 -0.23991411966693321     
   4.2792698603509469E-002 -0.22423681956884575     
   4.9276337477083508E-002 -0.20527578144992439     
   5.4508652385887542E-002 -0.18348470939707168     
   5.8169315337874561E-002 -0.15953618533332048     
   6.0031353039531679E-002 -0.13428967971628417     
   5.9911064910954138E-002 -0.10872772878930985     
   5.7732799125112429E-002  -8.3890054952247578E-002
   5.3599845837050200E-002  -6.0787655701376210E-002
   4.7779198103464038E-002  -4.0295046241844185E-002
   4.0698911128381435E-002  -2.3071952546002392E-002
   3.2860069643423293E-002  -9.5114470260167245E-003
   2.4729285719505580E-002   2.7057489033004557E-004
   1.6690534479829430E-002   6.3819488933814245E-003
   8.9803145111783354E-003   9.0795550355527010E-003
   1.7725800807842425E-003   8.6832993926986100E-003
  -4.8343671481161383E-003   5.5204609367361587E-003
  -1.0792404253177759E-002  -1.0033534351300865E-004
  -1.6087845792902480E-002  -7.8915085709568532E-003
  -2.0735914153247735E-002  -1.7584100931755421E-002
  -2.4752875433745731E-002  -2.8918679299675357E-002
  -2.8146584821550625E-002  -4.1639361836820959E-002
  -3.0923394847344760E-002  -5.5488437350470141E-002
  -3.3084603444166680E-002  -7.0205603081546261E-002
  -3.4658319299619156E-002  -8.5531048506340093E-002
  -3.5702612445273549E-002 -0.10121663676334236     
  -3.6292238413774831E-002 -0.11704126949435062     
  -3.6522476493072380E-002 -0.13282221576916087     
  -3.6470907530626387E-002 -0.14842227463324384     
  -3.6187548763602272E-002 -0.16374381055757978     
  -3.5689643457591520E-002 -0.17871489980282285     
  -3.4966823263061560E-002 -0.19327032148226275     
  -3.3996258585082081E-002 -0.20733375896591866     
  -3.2747454607910613E-002 -0.22080842427586433     
  -3.1188241268414983E-002 -0.23357433943067876     
  -2.9275443656514306E-002 -0.24549325992638754     
  -2.6977612885186589E-002 -0.25641397197148497     
  -2.4270764359964715E-002 -0.26617826204820527     
  -2.1127585235839515E-002 -0.27462686645306511     
  -1.7528309303172299E-002 -0.28159998098477401     
  -1.3456308652618799E-002 -0.28693595783330011     
  -8.8748890857883091E-003 -0.29046891266582325     
  -3.7519550938211669E-003 -0.29201794512144486     
   1.9560861325226757E-003 -0.29138011737094310     
   8.2555296533210511E-003 -0.28832180571947563     
   1.5122170346421899E-002 -0.28258255426909024     
   2.2479992098391993E-002 -0.27389236775904130     
   3.0152345017601917E-002 -0.26199908844732467     
   3.7893785832553865E-002 -0.24671984658843152     
   4.5330022371485340E-002 -0.22800281449741969     
   5.1894566130271630E-002 -0.20599775374639132     
   5.6973581387600031E-002 -0.18112993953387255     
   6.0059968645153942E-002 -0.15413482668238054     
   6.0834617607319709E-002 -0.12602574762555996     
   5.9216619521376759E-002  -9.7996150383369410E-002
   5.5384562198083430E-002  -7.1271466156962407E-002
   4.9743483402955702E-002  -4.6947913262516371E-002
   4.2729062459070322E-002  -2.5849664835877001E-002
   3.4811995097067665E-002  -8.4602773268716777E-003
   2.6516170626309173E-002   5.0689274156161829E-003
   1.8271840423684512E-002   1.4861662199931465E-002
   1.0392190260676429E-002   2.1220118063356469E-002
   3.1494604399562205E-003   2.4525162096815555E-002
  -3.2987944034069496E-003   2.5171553055328071E-002
  -8.9225136282057686E-003   2.3531239666453520E-002
  -1.3764409534348819E-002   1.9937743283941305E-002
  -1.7856328929234940E-002   1.4684899195022265E-002
  -2.1253282309130272E-002   8.0381880577005994E-003
  -2.4052509211849246E-002   2.4216315821464575E-004
  -2.6345420924725624E-002  -8.4823668709284473E-003
  -2.8235465705321622E-002  -1.7942667070286463E-002
  -2.9822775114364177E-002  -2.7981182440122578E-002
  -3.1142751790437045E-002  -3.8479795545931145E-002
  -3.2176067327459916E-002  -4.9350405803710196E-002
  -3.2905735268865748E-002  -6.0516700394873418E-002
  -3.3340856997972013E-002  -7.1898625875187028E-002
  -3.3498444873630316E-002  -8.3407112874610737E-002
  -3.3383391729121657E-002  -9.4946425130321851E-002
  -3.3004030819752332E-002 -0.10641722005294441     
  -3.2360606812019216E-002 -0.11771970404846538     
  -3.1446354115210309E-002 -0.12875251670343377     
  -3.0270836874142990E-002 -0.13941005536040427     
  -2.8865124364511847E-002 -0.14958218842897042     
  -2.7215690920217736E-002 -0.15915835147484853     
  -2.5245378641136348E-002 -0.16802732181238811     
  -2.2886198430721129E-002 -0.17606822926929933     
  -2.0099998220981869E-002 -0.18314436021160907     
  -1.6858079778728330E-002 -0.18910277701949207     
  -1.3143328635968003E-002 -0.19377458809881112     
  -8.9301885738951974E-003 -0.19697621996600925     
  -4.1261342636375008E-003 -0.19851132719240755     
   1.3073121103959950E-003 -0.19816348559606267     
   7.3204776818244178E-003 -0.19570010826624035     
   1.3802196780243458E-002 -0.19088857036129839     
   2.0693867318270526E-002 -0.18351753189507700     
   2.7869921932428075E-002 -0.17340209697773451     
   3.5192252767096685E-002 -0.16040470702887008     
   4.2285953346941220E-002 -0.14445098120041525     
   4.8722339884194971E-002 -0.12559415234535620     
   5.3960719250310540E-002 -0.10407466441787577     
   5.7547691856146929E-002  -8.0381950894326745E-002
   5.9067385333993541E-002  -5.5260561466364211E-002
   5.8361721994852012E-002  -2.9673547838453173E-002
   5.5431982511290459E-002  -4.6922251466206596E-003
   5.0577240822249715E-002   1.8628865341990503E-002
   4.4172611279613687E-002   3.9404437487102748E-002
   3.6857974645330485E-002   5.7007743893995225E-002
   2.9174598921804688E-002   7.1140183780797825E-002
   2.1575355319158569E-002   8.1807225410160181E-002
   1.4325741198655546E-002   8.9242055765640246E-002
   7.6206326197893696E-003   9.3787831272843861E-002
   1.4945873417797047E-003   9.5804308695922408E-002
  -4.0175083920387595E-003   9.5598353313206430E-002
  -8.9004392425224635E-003   9.3417970976723566E-002
  -1.3083873854660906E-002   8.9472059884028524E-002
  -1.6622876792878785E-002   8.3975051349491514E-002
  -1.9619519943797997E-002   7.7160000204461537E-002
  -2.2184008665998626E-002   6.9272183689817177E-002
  -2.4380509299396634E-002   6.0547821127341805E-002
  -2.6247153375929571E-002   5.1198207291572373E-002
  -2.7779384820996556E-002   4.1400121209591106E-002
  -2.8956960932115697E-002   3.1295937506914104E-002
  -2.9810976171948451E-002   2.0996695324106057E-002
  -3.0411875217104867E-002   1.0574994230348743E-002
  -3.0810421146302006E-002   5.3782368232663628E-005
  -3.1011558753231805E-002  -1.0596917138471178E-002
  -3.0982063444982645E-002  -2.1447147430563820E-002
  -3.0676186462869414E-002  -3.2578959075076630E-002
  -3.0062038597739451E-002  -4.4054041652632575E-002
  -2.9157028901760539E-002  -5.5887113866842850E-002
  -2.8003696154841894E-002  -6.8036378817413271E-002
  -2.6621852244716152E-002  -8.0407229823996895E-002
  -2.4994816577932399E-002  -9.2861156385710728E-002
  -2.3114887584618753E-002 -0.10522424607725837     
  -2.0987461850588356E-002 -0.11729802463774626     
  -1.8587513957747964E-002 -0.12887225843412153     
  -1.5855720459878993E-002 -0.13973050278217394     
  -1.2728095197553031E-002 -0.14964622185519322     
  -9.1334371391974638E-003 -0.15837626034833632     
  -5.0239503067215059E-003 -0.16565228620723971     
  -4.0683609684485342E-004 -0.17117842823864962     
   4.6945639339012815E-003 -0.17464065185886282     
   1.0286518053334175E-002 -0.17571505463727000     
   1.6428895908501669E-002 -0.17407500739944604     
   2.3128924158194761E-002 -0.16938947706303967     
   3.0287359524871740E-002 -0.16133366599096233     
   3.7731554311875956E-002 -0.14962975371506562     
   4.5129527705039495E-002 -0.13410882498622004     
   5.1943052490891213E-002 -0.11480632110007248     
   5.7465150894721151E-002  -9.2073448777857864E-002
   6.0936262756994292E-002  -6.6666438196629846E-002
   6.1788394452507132E-002  -3.9766372682332393E-002
   5.9828357249223772E-002  -1.2876995515037749E-002
   5.5326909640062247E-002   1.2404312462379464E-002
   4.8927010788636177E-002   3.4686848289402619E-002
   4.1353230987897067E-002   5.3051442650363025E-002
   3.3283947467727872E-002   6.7164180737788459E-002
   2.5272780064128034E-002   7.7202307630706499E-002
   1.7691853822397092E-002   8.3653000410890507E-002
   1.0771687853213250E-002   8.7090885995431064E-002
   4.6016831878802223E-003   8.8025575333239278E-002
  -8.1702272453266220E-004   8.6846743031439758E-002
  -5.5129520613004385E-003   8.3845525749144417E-002
  -9.5692440446041478E-003   7.9259586028842088E-002
  -1.3062895298927985E-002   7.3303483982301576E-002
  -1.6091385399387263E-002   6.6177415671446443E-002
  -1.8764583540471329E-002   5.8051148163435068E-002
  -2.1170881465111629E-002   4.9049914473073719E-002
  -2.3377948911158096E-002   3.9249339275357564E-002
  -2.5421236279546306E-002   2.8686604298210197E-002
  -2.7303029491645835E-002   1.7383513346817172E-002
  -2.9010726351584179E-002   5.3689979265628294E-003
  -3.0506801883909151E-002  -7.3048574409652085E-003
  -3.1745030157994458E-002  -2.0555143974130136E-002
  -3.2667227016334961E-002  -3.4269196145099885E-002
  -3.3215515171300204E-002  -4.8306834257685859E-002
  -3.3333465859268850E-002  -6.2504932670021135E-002
  -3.2975256220873529E-002  -7.6681357111117093E-002
  -3.2113515119485125E-002  -9.0638976506268149E-002
  -3.0737594853834531E-002 -0.10417025296084619     
  -2.8849317643374190E-002 -0.11706310037266947     
  -2.6444469666049349E-002 -0.12910826819398716     
  -2.3534392280205336E-002 -0.14009575888658737     
  -2.0126408056255599E-002 -0.14982071724642926     
  -1.6219856646373852E-002 -0.15808567345369826     
  -1.1840559545045889E-002 -0.16469342578647206     
  -7.0173902948475093E-003 -0.16945435740073689     
  -1.7530393474045620E-003 -0.17219266142460690     
   3.9135120692751126E-003 -0.17273140682162230     
   9.9359627782474313E-003 -0.17090004881444790     
   1.6255619562726351E-002 -0.16654931653696337     
   2.2771660958776002E-002 -0.15954863219075924     
   2.9332580811678059E-002 -0.14978409591472061     
   3.5744349498711248E-002 -0.13718804342141225     
   4.1787361663146984E-002 -0.12178642466720641     
   4.7211804238758801E-002 -0.10372187227544287     
   5.1738975484070464E-002  -8.3259463519872415E-002
   5.5062072184996695E-002  -6.0807987901669018E-002
   5.6858708066624651E-002  -3.6967947274403043E-002
   5.6843145507410493E-002  -1.2562590838358874E-002
   5.4855572311348119E-002   1.1404703471150100E-002
   5.0937943534166495E-002   3.3875913733722826E-002
   4.5346781103411393E-002   5.3901562661069748E-002
   3.8499788754948985E-002   7.0777806991951756E-002
   3.0885589329104901E-002   8.4109887372444195E-002
   2.2970818363651224E-002   9.3791058138718006E-002
   1.5137880657192947E-002   9.9926819873514705E-002
   7.6696511895308636E-003  0.10275307728476465     
   7.6421983112563111E-004  0.10257860246460315     
  -5.4485246707819835E-003   9.9750947893559094E-002
  -1.0897059928127509E-002   9.4633291554778384E-002
  -1.5558989454952011E-002   8.7586458872890807E-002
  -1.9450561936180357E-002   7.8955838095655678E-002
  -2.2617825148447433E-002   6.9062012094928377E-002
  -2.5129528921079395E-002   5.8193087480674241E-002
  -2.7069786586488429E-002   4.6598167868869521E-002
  -2.8529443046573077E-002   3.4483001942290481E-002
  -2.9596288642090279E-002   2.2009405237114477E-002
  -3.0345466943944015E-002   9.2996096773836651E-003
  -3.0832416372951137E-002  -3.5547293896907406E-003
  -3.1090130144763656E-002  -1.6480871744117703E-002
  -3.1130725601762138E-002  -2.9413529524113080E-002
  -3.0949751375770929E-002  -4.2285922427675995E-002
  -3.0531049750418853E-002  -5.5024277340575051E-002
  -2.9850264887142448E-002  -6.7545258863968477E-002
  -2.8875927773482434E-002  -7.9754839019756316E-002
  -2.7568096227470678E-002  -9.1546763689290989E-002
  -2.5875553815043143E-002 -0.10279904991724938     
  -2.3733416374576051E-002 -0.11336780145636212     
  -2.1063372604255930E-002 -0.12307888859391657     
  -1.7778405856291781E-002 -0.13171929482878822     
  -1.3792749929732864E-002 -0.13903067184278786     
  -9.0364752146794482E-003 -0.14470759626614882     
  -3.4730432318948140E-003 -0.14840238823308838     
   2.8823284612240624E-003 -0.14973764661877853     
   9.9457321801541231E-003 -0.14832728853154109     
   1.7551256494160134E-002 -0.14380684620000955     
   2.5443392379359924E-002 -0.13587371017869387     
   3.3277189260909182E-002 -0.12433747933155347     
   4.0628658687343673E-002 -0.10917911197191597     
   4.7019814869000767E-002  -9.0614002552834361E-002
   5.1965370630079263E-002  -6.9146010057664214E-002
   5.5046074343975557E-002  -4.5586294866451736E-002
   5.5999097424272760E-002  -2.1002596101921164E-002
   5.4791996911356354E-002   3.4176327048778573E-003
   5.1636891317307448E-002   2.6557525961433046E-002
   4.6927674946126256E-002   4.7537433936309971E-002
   4.1130724853109785E-002   6.5790317305584808E-002
   3.4684213306060009E-002   8.1038352404311828E-002
   2.7942122795472771E-002   9.3215357349991673E-002
   2.1163197671073136E-002  0.10238489699425678     
   1.4526044776757525E-002  0.10867971590545773     
   8.1523616699041568E-003  0.11226644866767586     
   2.1270945571883249E-003  0.11332940021821575     
  -3.4891024438674602E-003  0.11206439148935728     
  -8.6541300620270219E-003  0.10867546250428976     
  -1.3341761912775956E-002  0.10337117146958973     
  -1.7538956349359928E-002   9.6360366777474935E-002
  -2.1241889521589199E-002   8.7848635328439853E-002
  -2.4450949097280281E-002   7.8036670770113364E-002
  -2.7165874612503173E-002   6.7121111795505839E-002
  -2.9382447667148554E-002   5.5297431671126454E-002
  -3.1091658775762719E-002   4.2763684379286168E-002
  -3.2281457693290549E-002   2.9723613917775362E-002
  -3.2940391830822875E-002   1.6387858401067028E-002
  -3.3061915939822273E-002   2.9726004522827808E-003
  -3.2648057657313767E-002  -1.0304217623926568E-002
  -3.1711407505055363E-002  -2.3228331398668162E-002
  -3.0274913958176008E-002  -3.5595045856840042E-002
  -2.8369565951388957E-002  -4.7214256657690259E-002
  -2.6030646338950008E-002  -5.7913451817666550E-002
  -2.3293742799891111E-002  -6.7538027941379128E-002
  -2.0191951852904424E-002  -7.5949012848490233E-002
  -1.6755519143693030E-002  -8.3019162784768091E-002
  -1.3014437846149951E-002  -8.8629082589550143E-002
  -9.0034822489690972E-003  -9.2665127001299460E-002
  -4.7683793631953806E-003  -9.5020222034745014E-002
  -3.7206877365197097E-004  -9.5597792765432676E-002
   4.0985156382678184E-003  -9.4318737777627476E-002
   8.5232016171795117E-003  -9.1132950094342524E-002
   1.2736225032450341E-002  -8.6039913817999664E-002
   1.6516694576436931E-002  -7.9123861181819979E-002
   1.9597187850213589E-002  -7.0601619449125796E-002
   2.1707305380357748E-002  -6.0863271738093597E-002
   2.2650870852573640E-002  -5.0469186018579922E-002
   2.2383413111045990E-002  -4.0076403540426339E-002
   2.1041050568113170E-002  -3.0311220645734577E-002
   1.8898523143886480E-002  -2.1648620845265313E-002
   1.6283833723505475E-002  -1.4355292124268726E-002
   1.3500076491150419E-002  -8.5040334787483685E-003
   1.0783516433960180E-002  -4.0263626787852289E-003
   8.2940878431030651E-003  -7.6898669353562665E-004
   6.1229497089305800E-003   1.4609728196654955E-003
   4.3069469543318799E-003   2.8643516478144837E-003
   2.8446048016903878E-003   3.6304685543397026E-003
   1.7100676907652089E-003   3.9268386419532312E-003
   8.6373701579117159E-004   3.8947654359423678E-003
   2.6009711016242203E-004   3.6485594752980154E-003
  -1.4678017714713241E-004   3.2770943355822086E-003
  -3.9978491791246108E-004   2.8467035065915139E-003
  -5.3690530629391510E-004   2.4046230996543206E-003
  -5.9043146668397205E-004   1.9824904114253304E-003
  -5.8685381523853664E-004   1.5996280613662084E-003
  -5.4717360461394244E-004   1.2659698542508444E-003
  -4.8741556646299467E-004   9.8458858635455345E-004
  -4.1923905827170524E-004   7.5384284001963166E-004
  -3.5061240377470175E-004   5.6915646405661532E-004
  -2.8652151231964019E-004   4.2442942789249730E-004
  -2.2967125150244019E-004   3.1308467364128868E-004
  -1.8113346998903515E-004   2.2877639548079978E-004
  -1.4090231149964356E-004   1.6580809818365417E-004
  -1.0833398521530853E-004   1.1932523919726605E-004
  -8.2468376601602236E-005   8.5351324574748510E-005
  -6.2245592237118028E-005   6.0728569544085639E-005
  -4.6638401413550663E-005   4.3010387177499917E-005
  -3.4723088702475635E-005   3.0338229079885174E-005
  -2.5708916106065040E-005   2.1322460988834023E-005
  -1.8942167197447069E-005   1.4937273642216662E-005
  -1.3896203971347889E-005   1.0433254922517116E-005
  -1.0155089425613929E-005   7.2675502957581524E-006
  -7.3953939937974350E-006   5.0496887491044136E-006
  -5.3687468105954787E-006   3.5004657080398659E-006
  -3.8863594742169140E-006   2.4212465466101761E-006
  -2.8059518610280508E-006   1.6713399839620495E-006
  -2.0210676247527250E-006   1.1514861289959595E-006
  -1.4525488369935904E-006   7.9190328496728827E-007
  -1.0418548125312732E-006   5.4369208540288536E-007
  -7.4589928615390163E-007   3.7268856512192655E-007
  -5.3310568676346543E-007   2.5508981427189679E-007
  -3.8042105713317860E-007   1.7435448127809306E-007
  -2.7107334533443250E-007   1.1901514679634587E-007
  -1.9289833090549965E-007   8.1139804291751301E-008
  -1.3709881161801549E-007   5.5253412527112743E-008
  -9.7329126887988345E-008   3.7584256944708502E-008
  -6.9022821640416989E-008   2.5538793356095200E-008
  -4.8900907145693646E-008   1.7336675066035804E-008
  -3.4613540723013765E-008   1.1757731293276900E-008
  -2.4479798991435816E-008   7.9669607509673060E-009
  -1.7299263392847994E-008   5.3937446669010815E-009
  -1.2215975871212367E-008   3.6486472538001341E-009
  -8.6204540693845314E-009   2.4662129841943884E-009
  -6.0792793570140374E-009   1.6657053324049035E-009
  -4.2846038162676311E-009   1.1242028789392005E-009
  -3.0180099517757392E-009   7.5819087251937738E-010
  -2.1246881909123273E-009   5.1098318763415568E-010
  -1.4950157990710606E-009   3.4413924413159515E-010
  -1.0514348771670894E-009   2.3161417782271336E-010
  -7.3911755867702409E-010   1.5577643266159196E-010
  -5.1933350590765195E-010   1.0469956308801923E-010
  -3.6474274004099918E-010   7.0322420695091834E-011
  -2.5605837424590621E-010   4.7200477460351020E-011
  -1.7968284106597417E-010   3.1659123122667028E-011
  -1.2603512381539685E-010   2.1220029833582560E-011
  -8.8367959716119097E-011   1.4212838633133811E-011
  -6.1932131924569131E-011   9.5125040482305129E-012
  -4.3386414561859222E-011   6.3617684139676048E-012
  -3.0381235630669917E-011   4.2512618772928862E-012
  -2.1265093658895359E-011   2.8385796160153552E-012
  -1.4877653872532082E-011   1.8937029113421454E-012
  -1.0404010607945696E-011   1.2622125901237119E-012
  -7.2720857265734849E-012   8.4051086021722144E-013
  -5.0804301653256846E-012   5.5914233726973957E-013
  -3.5474426947180467E-012   3.7157405291584611E-013
  -2.4756681854437011E-012   2.4665252335041082E-013
  -1.7267080308781160E-012   1.6353603670721889E-013
  -1.2035954500631479E-012   1.0829208945841817E-013
  -8.3841951942652620E-013   7.1614314191327033E-014
  -5.8363817584571572E-013   4.7291578159707932E-014
  -4.0598290848690702E-013   3.1182136709936621E-014
  -2.8218353740291507E-013   2.0526696293247960E-014
  -1.9597071614621570E-013   1.3488750271920402E-014
  -1.3597507957634334E-013   8.8472227688092520E-015
  -9.4255382812678047E-014   5.7911128974663427E-015
  -6.5267712105692787E-014   3.7824002576456423E-015
  -4.5143878136524919E-014   2.4645991590999050E-015
  -3.1186459568632370E-014   1.6018164513466681E-015
  -2.1515600554502911E-014   1.0381763142604257E-015
  -1.4822064284919085E-014   6.7083244295912193E-016
  -1.0194656125394928E-014   4.3203675053095556E-016
  -6.9996774288327902E-015   2.7723893257354810E-016
  -4.7967657489250753E-015   1.7719807950181925E-016
  -3.2801697349369048E-015   1.1276049872467334E-016
  -2.2377950307318719E-015   7.1407377672067920E-017
  -1.5226605740494895E-015   4.4975865033995534E-017
  -1.0330172545047652E-015   2.8157139257213750E-017
  -6.9850953761275837E-016   1.7508257379831428E-017
  -4.7055030108274341E-016   1.0803237982311546E-017
  -3.1563135781979698E-016   6.6077748174114122E-018
  -2.1067816965692219E-016   4.0011204262815472E-018
  -1.3982698321665240E-016   2.3946423677664709E-018
  -9.2190993224724215E-017   1.4137544055051567E-018
  -6.0313629178791151E-017   8.2130375293616466E-019
  -3.9098795582411567E-017   4.6801235962725228E-019
  -2.5071856271353945E-017   2.6052814382512851E-019
  -1.5869717943774899E-017   1.4090665809575036E-019
  -9.8894011456423139E-018   7.3489676470971566E-020
  -6.0460692777815723E-018   3.6554365362931877E-020
  -3.6064492314241050E-018   1.7027887449161148E-020
  -2.0742154501924351E-018   7.1715462034574705E-021
  -1.1106837696455000E-018   2.5092394487574245E-021
  -4.7728914799847516E-019   5.2493729355873276E-022
  -0.0000000000000000        0.0000000000000000     
