 Initial conditions outputted from a previous simulation. Time =    88.000000000000000     
   40.000000000000000        0.0000000000000000              500           1   88.000000000000000     
   6.2755792175944305E-002   6.0038006598597089E-013
   6.1396737165662317E-002   2.6778810851377018E-002
   5.7798903475970220E-002   5.2219811960251009E-002
   5.2244096035178655E-002   7.5217258053707478E-002
   4.5281186706271764E-002   9.4912177355653438E-002
   3.7395992643173240E-002  0.11092450369103801     
   2.9104697710685176E-002  0.12307183494588940     
   2.0813767739193238E-002  0.13143795336990741     
   1.2826805349641630E-002  0.13624455401734481     
   5.3519874165689676E-003  0.13778825768318650     
  -1.4862358184892478E-003  0.13640111843810315     
  -7.6277730502408367E-003  0.13241957876043356     
  -1.3059213276793883E-002  0.12616724256502596     
  -1.7798938575873873E-002  0.11794610255134536     
  -2.1885431837868133E-002  0.10803262334395439     
  -2.5368320947173652E-002   9.6676162098000257E-002
  -2.8302343019624223E-002   8.4099955679897545E-002
  -3.0743571089432264E-002   7.0503493539636974E-002
  -3.2747270414975077E-002   5.6066531538592021E-002
  -3.4365760358837504E-002   4.0954594425920372E-002
  -3.5644283714512240E-002   2.5324349274128525E-002
  -3.6614826010791218E-002   9.3257922556146018E-003
  -3.7291391942968349E-002  -6.9005387179071360E-003
  -3.7671179657487473E-002  -2.3228839350160908E-002
  -3.7741804604360683E-002  -3.9550224209793504E-002
  -3.7489394888106944E-002  -5.5768377147225864E-002
  -3.6902336095942304E-002  -7.1790453185205216E-002
  -3.5970249778593234E-002  -8.7517547998146455E-002
  -3.4681094652183365E-002 -0.10283725990765766     
  -3.3018175557676874E-002 -0.11761851957867279     
  -3.0956931191820487E-002 -0.13170870281574293     
  -2.8461974054167890E-002 -0.14493349259437571     
  -2.5486356212263566E-002 -0.15709891353496197     
  -2.1974591498927110E-002 -0.16799333490090262     
  -1.7868998987985222E-002 -0.17738718188052030     
  -1.3117781944118547E-002 -0.18502987804232457     
  -7.6837493944349744E-003 -0.19064563614810240     
  -1.5537142264855021E-003 -0.19393094223645541     
   5.2507423969031458E-003 -0.19455696385602511     
   1.2660522796048915E-002 -0.19218002503645537     
   2.0544180993558647E-002 -0.18646299171663533     
   2.8691900082804648E-002 -0.17711021160004300     
   3.6800944965423743E-002 -0.16391784512144050     
   4.4468085695962403E-002 -0.14683886076913924     
   5.1199033841845230E-002 -0.12605779105290929     
   5.6448964888795042E-002 -0.10206211368895823     
   5.9703889979632413E-002  -7.5682842402164122E-002
   6.0592220563584667E-002  -4.8065954780999252E-002
   5.8986826793789991E-002  -2.0549676412419345E-002
   5.5046653443387772E-002   5.5315418149393617E-003
   4.9173247114027117E-002   2.9046813179598344E-002
   4.1905314982824182E-002   4.9197290773529759E-002
   3.3803456701656083E-002   6.5543633206961854E-002
   2.5367192110133777E-002   7.7956158848273102E-002
   1.6995775479327922E-002   8.6531725920284741E-002
   8.9820249985379259E-003   9.1510573822999056E-002
   1.5234174692440666E-003   9.3208916939830050E-002
  -5.2611081969452436E-003   9.1971689576468146E-002
  -1.1314607821361577E-002   8.8143683280926852E-002
  -1.6627533066884231E-002   8.2054416125713903E-002
  -2.1224715077105775E-002   7.4011640478636898E-002
  -2.5153546990392964E-002   6.4299249970578620E-002
  -2.8473607492425966E-002   5.3176740401775162E-002
  -3.1248179452923120E-002   4.0878978033450190E-002
  -3.3537838501553868E-002   2.7616155394500581E-002
  -3.5396032251435110E-002   1.3574108150519706E-002
  -3.6866759014629734E-002  -1.0847685152518113E-003
  -3.7984600452279589E-002  -1.6219434351619710E-002
  -3.8776489517403652E-002  -3.1706429427388910E-002
  -3.9263384542665099E-002  -4.7434672148650332E-002
  -3.9460752853271851E-002  -6.3299647124194988E-002
  -3.9378381847001515E-002  -7.9197914848302645E-002
  -3.9019626252642513E-002  -9.5023230538253886E-002
  -3.8378907158041931E-002 -0.11066495022098240     
  -3.7438487902884905E-002 -0.12600734349174583     
  -3.6168974945791008E-002 -0.14092812229018811     
  -3.4531782884181642E-002 -0.15529636895223778     
  -3.2480636712934711E-002 -0.16896948123456951     
  -2.9961620700580352E-002 -0.18178755310859826     
  -2.6917510892192222E-002 -0.19356589745754779     
  -2.3295322261947263E-002 -0.20408891039144958     
  -1.9044155264649174E-002 -0.21310659224095091     
  -1.4122496206082196E-002 -0.22033340103759630     
  -8.4994964643958539E-003 -0.22545152631284737     
  -2.1661103495747786E-003 -0.22811672921650919     
   4.8387553809049761E-003 -0.22797172826962711     
   1.2438727392335662E-002 -0.22466771236508667     
   2.0480112239141264E-002 -0.21787906678359464     
   2.8704305160853292E-002 -0.20733420207644515     
   3.6759950534426405E-002 -0.19288058463737140     
   4.4192728928340211E-002 -0.17455611139023428     
   5.0446494000472263E-002 -0.15265820907604161     
   5.5024367112373178E-002 -0.12781462159441631     
   5.7589607444457111E-002 -0.10098559497271797     
   5.7928209027897686E-002  -7.3357395447809670E-002
   5.5996407814564851E-002  -4.6188948325360475E-002
   5.1949516003419093E-002  -2.0665345221941224E-002
   4.6147711031062300E-002   2.2272598790541924E-003
   3.9079470750696302E-002   2.1797341835549891E-002
   3.1235768931464389E-002   3.7681953363499499E-002
   2.3044138072008544E-002   4.9801589085984747E-002
   1.4890878718727884E-002   5.8268901331488092E-002
   7.0457325462680714E-003   6.3309746290178132E-002
  -2.9170930451607828E-004   6.5202985948075234E-002
  -6.9907469820296025E-003   6.4249727953004723E-002
  -1.3015838244618695E-002   6.0758765378142836E-002
  -1.8364332911806752E-002   5.5030684475019728E-002
  -2.3056453372819911E-002   4.7347225829007647E-002
  -2.7121542813841427E-002   3.7966948830895790E-002
  -3.0586417025408253E-002   2.7127368035659474E-002
  -3.3503052192920553E-002   1.5048856671127502E-002
  -3.5921005376143983E-002   1.9328424068337639E-003
  -3.7862319713735194E-002  -1.2037196914230539E-002
  -3.9348799407693660E-002  -2.6689498820698907E-002
  -4.0399837226644177E-002  -4.1859858152957168E-002
  -4.1036130745717526E-002  -5.7387748334087940E-002
  -4.1267769507595226E-002  -7.3115399846532855E-002
  -4.1099280172682912E-002  -8.8885152752175664E-002
  -4.0547322578397292E-002 -0.10453829290696766     
  -3.9645347624564183E-002 -0.11991878762947367     
  -3.8447437545495580E-002 -0.13487913924827766     
  -3.7010398586227344E-002 -0.14928775890991358     
  -3.5362368770738888E-002 -0.16303060453541013     
  -3.3481735014549124E-002 -0.17600397335233364     
  -3.1303842858441379E-002 -0.18809966710450013     
  -2.8755080742918503E-002 -0.19918653781559797     
  -2.5754842329130796E-002 -0.20909854286640892     
  -2.2237885825077526E-002 -0.21762989924398199     
  -1.8175452671840186E-002 -0.22453858367761848     
  -1.3548255374764132E-002 -0.22955846995143281     
  -8.3384074994435411E-003 -0.23241181382856232     
  -2.5496711021251264E-003 -0.23281923244454711     
   3.7735953016146745E-003 -0.23050626919080672     
   1.0567919216792943E-002 -0.22520845697833261     
   1.7759617566642391E-002 -0.21667834994070331     
   2.5208138890825300E-002 -0.20469816143828959     
   3.2736257786853663E-002 -0.18911115295622286     
   4.0049424218390542E-002 -0.16986885108480707     
   4.6694952250450353E-002 -0.14709847519214553     
   5.2082847111345754E-002 -0.12117846605215477     
   5.5602608132400533E-002  -9.2798512275472186E-002
   5.6743637088834301E-002  -6.2969783890998984E-002
   5.5284027636845728E-002  -3.2960586214468943E-002
   5.1338894989891519E-002  -4.1478967494337840E-003
   4.5362993959363988E-002   2.2179098893364491E-002
   3.7951507783172737E-002   4.5015369953997686E-002
   2.9720570943526415E-002   6.3764031391052259E-002
   2.1185560488953790E-002   7.8255325049468860E-002
   1.2740640260268573E-002   8.8664074410679306E-002
   4.6714865603515237E-003   9.5370829537177987E-002
  -2.7803073166391564E-003   9.8826925194410442E-002
  -9.4440906115303459E-003   9.9470805243483951E-002
  -1.5215701477344058E-002   9.7697143450331023E-002
  -2.0095260080017583E-002   9.3865388535888258E-002
  -2.4152197188439244E-002   8.8313520674653159E-002
  -2.7494276672874501E-002   8.1361029711696203E-002
  -3.0236281226517472E-002   7.3300152240590249E-002
  -3.2469304933300504E-002   6.4381575401534816E-002
  -3.4253666693889406E-002   5.4806033716235131E-002
  -3.5634392097840410E-002   4.4727755232395895E-002
  -3.6651621271612325E-002   3.4266881077568465E-002
  -3.7342393992723009E-002   2.3525000225232510E-002
  -3.7747076140525027E-002   1.2596659479490841E-002
  -3.7909578003264915E-002   1.5737264087975883E-003
  -3.7863252857624298E-002  -9.4562113806367625E-003
  -3.7617920708273349E-002  -2.0413084843995677E-002
  -3.7164607443146501E-002  -3.1223305425247636E-002
  -3.6475034906835353E-002  -4.1814149645308191E-002
  -3.5513698576800423E-002  -5.2103964515886871E-002
  -3.4251154388847529E-002  -6.1992176661499053E-002
  -3.2654125295314591E-002  -7.1354231691053552E-002
  -3.0701718320532988E-002  -8.0040686660882196E-002
  -2.8381226853547967E-002  -8.7882273152694590E-002
  -2.5683792999575294E-002  -9.4696824590538659E-002
  -2.2572566413741762E-002 -0.10029398515622216     
  -1.8990916721573995E-002 -0.10447361532418749     
  -1.4862442034311960E-002 -0.10701938173636735     
  -1.0147206457891748E-002 -0.10768872977475984     
  -4.7956681388782877E-003 -0.10621059633632060     
   1.1932104567641431E-003 -0.10228497433925800     
   7.7957700624585857E-003  -9.5593911018393679E-002
   1.4926060335837207E-002  -8.5819694615518471E-002
   2.2488085763380516E-002  -7.2677899898118611E-002
   3.0240225311038149E-002  -5.5960851456633050E-002
   3.7799743292948558E-002  -3.5603875887012443E-002
   4.4618731172367324E-002  -1.1759664113803747E-002
   5.0194591106738608E-002   1.5127883704011561E-002
   5.4023620410966519E-002   4.4292972443884943E-002
   5.5603396389503769E-002   7.4671968288457624E-002
   5.4602668855174015E-002  0.10498968705229203     
   5.1118581408950620E-002  0.13390282677750795     
   4.5511653445129842E-002  0.16018860260000778     
   3.8367173082992111E-002  0.18291274541145125     
   3.0388251480299028E-002  0.20153550298870790     
   2.2178425632241421E-002  0.21592577506143598     
   1.4059354656370680E-002  0.22628368924920364     
   6.2640416888511512E-003  0.23299996754231680     
  -9.1690085916005463E-004  0.23652292347721279     
  -7.2881253314245609E-003  0.23728054230698020     
  -1.2832786967885468E-002  0.23565133462438209     
  -1.7576532043281211E-002  0.23196027707927902     
  -2.1570815391243427E-002  0.22649104039159706     
  -2.4919204503054571E-002  0.21949899633031300     
  -2.7680685649299642E-002  0.21121506337369533     
  -2.9910875554447922E-002  0.20185268506056375     
  -3.1690658105552154E-002  0.19161112275916392     
  -3.3107897091366294E-002  0.18067451550033756     
  -3.4224260307245014E-002  0.16920960867906656     
  -3.5072937551230136E-002  0.15736401203685338     
  -3.5657784025176963E-002  0.14526615060669967     
  -3.5985321441753329E-002  0.13303030870047891     
  -3.6061059141047111E-002  0.12076236597112838     
  -3.5896776422257359E-002  0.10856735931764977     
  -3.5511892751307027E-002   9.6555487288598973E-002
  -3.4919764566329919E-002   8.4844297167524271E-002
  -3.4114567135056985E-002   7.3557638679148080E-002
  -3.3068495568554575E-002   6.2821437771668653E-002
  -3.1750415794136184E-002   5.2759991724717840E-002
  -3.0114962124730336E-002   4.3493559364373345E-002
  -2.8090635887090293E-002   3.5139918624393369E-002
  -2.5622660409383984E-002   2.7820966035949371E-002
  -2.2697482725226988E-002   2.1667177080762615E-002
  -1.9325892048514141E-002   1.6815448095335361E-002
  -1.5503050547631505E-002   1.3401030926879234E-002
  -1.1205244178287794E-002   1.1548311755569253E-002
  -6.3913584361139251E-003   1.1366304430219555E-002
  -1.0329944324460722E-003   1.2952042913083356E-002
   4.8988346286620984E-003   1.6398100387399344E-002
   1.1366414128458929E-002   2.1806520455859714E-002
   1.8308216533904596E-002   2.9292565710158300E-002
   2.5586562832818720E-002   3.8978391855650878E-002
   3.2966139251524050E-002   5.0964619573288822E-002
   4.0007099978906550E-002   6.5283750070331797E-002
   4.6199848196794083E-002   8.1837030464743610E-002
   5.1038863057009339E-002  0.10034294007633483     
   5.4040730180387832E-002  0.12031396656887641     
   5.4729324407005016E-002  0.14107378732835285     
   5.2929240607556993E-002  0.16180329196432061     
   4.8762854534670684E-002  0.18162847846819447     
   4.2630709944549039E-002  0.19972281805398795     
   3.5111502376215777E-002  0.21540058793109965     
   2.6861418825991985E-002  0.22817587210178453     
   1.8420318223563357E-002  0.23778304294868280     
   1.0227151446012507E-002  0.24415357617783839     
   2.6460438559535301E-003  0.24737462670240806     
  -4.0504095785498422E-003  0.24764855458322138     
  -9.8152370948913908E-003  0.24526275144193038     
  -1.4718179588937919E-002  0.24055512029647469     
  -1.8854780902365288E-002  0.23388405490846351     
  -2.2309760117036437E-002  0.22560158394707922     
  -2.5121559842593042E-002  0.21603272134393969     
  -2.7332809161044649E-002  0.20546543141573900     
  -2.9030470245708172E-002  0.19414482990999515     
  -3.0312131800162182E-002  0.18226814153105853     
  -3.1283313238261709E-002  0.16998199426807006     
  -3.2050585054393753E-002  0.15738184119074450     
  -3.2701004548002982E-002  0.14451540971318577     
  -3.3299230905954422E-002  0.13139242788415623     
  -3.3872668476677428E-002  0.11799920028806618     
  -3.4407541696349055E-002  0.10431760668679046     
  -3.4853729263087704E-002   9.0345480445356993E-002
  -3.5132824788646454E-002   7.6114782522011870E-002
  -3.5143836238350865E-002   6.1703635998931167E-002
  -3.4791451253166468E-002   4.7241770226790686E-002
  -3.3978791656714413E-002   3.2907331006770076E-002
  -3.2625630365232507E-002   1.8919445155860450E-002
  -3.0673388112246777E-002   5.5292417344476935E-003
  -2.8067476491813823E-002  -6.9889043467286126E-003
  -2.4788270081104402E-002  -1.8344636677310490E-002
  -2.0813734662368848E-002  -2.8238234381068126E-002
  -1.6154915523749074E-002  -3.6363848319127409E-002
  -1.0837923583138115E-002  -4.2420117590166055E-002
  -4.9198511716060916E-003  -4.6108916428545220E-002
   1.4965587074168313E-003  -4.7149263449859896E-002
   8.2882812396701221E-003  -4.5295964667646280E-002
   1.5289760231369926E-002  -4.0351636573737637E-002
   2.2268156204469258E-002  -3.2205800384016194E-002
   2.8982478300020816E-002  -2.0864705708380241E-002
   3.5132961523536156E-002  -6.4680224540329956E-003
   4.0382606969576421E-002   1.0680209984862535E-002
   4.4480320771170798E-002   3.0103809545605074E-002
   4.7167963702964652E-002   5.1182316039250893E-002
   4.8263219476857966E-002   7.3170430898986463E-002
   4.7747017389863797E-002   9.5252512350701882E-002
   4.5711914046293496E-002  0.11662738776117051     
   4.2314688316926599E-002  0.13659321519949724     
   3.7818351949608982E-002  0.15459098473365207     
   3.2496404230759689E-002  0.17022999436407255     
   2.6587218569976166E-002  0.18327082874046102     
   2.0310180187800217E-002  0.19355744769433464     
   1.3849557383718569E-002  0.20098767123448999     
   7.3851184661771320E-003  0.20554502439487921     
   1.1004794722790777E-003  0.20731043500273369     
  -4.8500117750642788E-003  0.20643431240929458     
  -1.0353815124080528E-002  0.20311275428090272     
  -1.5328379767042497E-002  0.19757863254649008     
  -1.9718600825861247E-002  0.19009065849472584     
  -2.3503526658604938E-002  0.18091712291229850     
  -2.6696967292832205E-002  0.17031940573155802     
  -2.9337074911261175E-002  0.15853795448459090     
  -3.1470046633951199E-002  0.14578535182890681     
  -3.3135446672246709E-002  0.13225015601038628     
  -3.4359817232044031E-002  0.11810749021039957     
  -3.5160316015463329E-002  0.10352822967547561     
  -3.5552632905331852E-002   8.8682063344342824E-002
  -3.5556554861849020E-002   7.3735223998999178E-002
  -3.5197406471547989E-002   5.8846150651806352E-002
  -3.4505124764250342E-002   4.4161498840720799E-002
  -3.3512525997654995E-002   2.9813057442926401E-002
  -3.2252524515524982E-002   1.5915394791416904E-002
  -3.0753040583862967E-002   2.5650290696402388E-003
  -2.9029373736188763E-002  -1.0156751719821290E-002
  -2.7076425062615560E-002  -2.2175628122017260E-002
  -2.4864875549643596E-002  -3.3411289244359779E-002
  -2.2344129285991911E-002  -4.3763512184016640E-002
  -1.9451188375544850E-002  -5.3101950560525107E-002
  -1.6121635384520480E-002  -6.1262293697794235E-002
  -1.2298891118836672E-002  -6.8048167880530072E-002
  -7.9404173724203862E-003  -7.3236112987802138E-002
  -3.0220922190329169E-003  -7.6581217908137142E-002
   2.4571850115019259E-003  -7.7822543318335061E-002
   8.4690468700863962E-003  -7.6688825322623180E-002
   1.4945802972374776E-002  -7.2905908844225625E-002
   2.1764827395948920E-002  -6.6209141407870389E-002
   2.8725528367479627E-002  -5.6367662509286195E-002
   3.5523097298338510E-002  -4.3231466311690996E-002
   4.1734884578014678E-002  -2.6809924856275254E-002
   4.6845190188265114E-002  -7.3735213856716379E-003
   5.0327682168368103E-002   1.4461015714459789E-002
   5.1772899173503771E-002   3.7725563736304250E-002
   5.1007823916993475E-002   6.1217976133270922E-002
   4.8143702386511070E-002   8.3713578035342850E-002
   4.3527669417319594E-002  0.10417666996788953     
   3.7632826172848161E-002  0.12188270037153312     
   3.0947622954490089E-002  0.13642984928710361     
   2.3904725309332433E-002  0.14768033062498825     
   1.6853672382335403E-002  0.15568343631061909     
   1.0060750668720446E-002  0.16061074346042609     
   3.7174262413412710E-003  0.16271011709204422     
  -2.0526368639444399E-003  0.16227261780012350     
  -7.1876645951350470E-003  0.15960569497090960     
  -1.1679114684043352E-002  0.15501083847560934     
  -1.5559616543586461E-002  0.14876672494328494     
  -1.8889657307642058E-002  0.14111826764886515     
  -2.1744657668067071E-002  0.13227093150019625     
  -2.4202977625520660E-002  0.12238973931782675     
  -2.6335222660692468E-002  0.11160276417288294     
  -2.8195495717973605E-002  0.10000890131575492     
  -2.9815722732519069E-002   8.7689149140025527E-002
  -3.1204368716510448E-002   7.4719531973335876E-002
  -3.2349959171389976E-002   6.1182844634248258E-002
  -3.3228113028748417E-002   4.7176530244785735E-002
  -3.3809485795664881E-002   3.2815406083950012E-002
  -3.4065935859907234E-002   1.8229867992716042E-002
  -3.3973284942418400E-002   3.5616368933186252E-003
  -3.3510576124988860E-002  -1.1040480196111164E-002
  -3.2656997883761231E-002  -2.5422882322796707E-002
  -3.1388251556823073E-002  -3.9426638384691834E-002
  -2.9674124516313002E-002  -5.2884347678468058E-002
  -2.7478611205858986E-002  -6.5615500401991975E-002
  -2.4763296799144362E-002  -7.7421975681736213E-002
  -2.1493998398442717E-002  -8.8085487679753965E-002
  -1.7649899961613189E-002  -9.7368620934978597E-002
  -1.3233675172325087E-002 -0.10502060321600144     
  -8.2805107970147888E-003 -0.11078815276582228     
  -2.8638232986960542E-003 -0.11443063278725256     
   2.9037620996326761E-003 -0.11573753817251356     
   8.8736460629973094E-003 -0.11454561869437396     
   1.4865551526327089E-002 -0.11075374858601013     
   2.0668305433544990E-002 -0.10433677727464796     
   2.6035069781813878E-002  -9.5363982969331296E-002
   3.0678710271923180E-002  -8.4029141855485143E-002
   3.4282110125517913E-002  -7.0691673347040254E-002
   3.6539237671280041E-002  -5.5910659230929860E-002
   3.7227233207148908E-002  -4.0437360232551026E-002
   3.6282949701788463E-002  -2.5138522237408815E-002
   3.3841847906818004E-002  -1.0860611937094975E-002
   3.0213242431226969E-002   1.7118921574469056E-003
   2.5804541039448761E-002   1.2144280595984627E-002
   2.1034045338968986E-002   2.0262585443159020E-002
   1.6266271432119880E-002   2.6108175455978020E-002
   1.1779927188463898E-002   2.9871178063200474E-002
   7.7617858209154365E-003   3.1827422383862228E-002
   4.3161391368294081E-003   3.2289132345248953E-002
   1.4813929120817593E-003   3.1570953377720506E-002
  -7.5216968602155110E-004   2.9968806578361741E-002
  -2.4266192036157576E-003   2.7747874922377017E-002
  -3.6035371793621332E-003   2.5136701641003550E-002
  -4.3541388228844971E-003   2.2325371481451972E-002
  -4.7521029348579543E-003   1.9466364784628817E-002
  -4.8686228142604225E-003   1.6677120522504970E-002
  -4.7691870718957457E-003   1.4043684121574782E-002
  -4.5117478968975458E-003   1.1624973087607153E-002
  -4.1460116443747088E-003   9.4572376792818030E-003
  -3.7135783170128486E-003   7.5583334420340252E-003
  -3.2486149908022700E-003   5.9315093750277785E-003
  -2.7787082499500658E-003   4.5685752595795203E-003
  -2.3255813645952353E-003   3.4525186416423633E-003
  -1.9055293657060314E-003   2.5597986944192988E-003
  -1.5296486408730926E-003   1.8625550351639064E-003
  -1.2040874319061508E-003   1.3308301778120538E-003
  -9.3053773484442061E-004   9.3471000759750189E-004
  -7.0704970075559099E-004   6.4616144427390491E-004
  -5.2907982770114288E-004   4.4035606155496385E-004
  -3.9058624994809581E-004   2.9638514321277077E-004
  -2.8499052160590554E-004   1.9741279712469874E-004
  -2.0589821672303718E-004   1.3040943876753530E-004
  -1.4755365204699729E-004   8.5636995697911740E-005
  -1.0506222534991164E-004   5.6036454159354645E-005
  -7.4440605474990700E-005   3.6625133365498911E-005
  -5.2558062728286514E-005   2.3965847607085592E-005
  -3.7021814492508930E-005   1.5733648767307312E-005
  -2.6043854440948494E-005   1.0381627690648152E-005
  -1.8312088636974317E-005   6.8942392220517353E-006
  -1.2877410858921967E-005   4.6116163945994435E-006
  -9.0609176345585252E-006   3.1080789290892909E-006
  -6.3810676102203486E-006   2.1101360807959788E-006
  -4.4983820807055185E-006   1.4422362976690192E-006
  -3.1745082307706762E-006   9.9145028164690311E-007
  -2.2424944807856396E-006   6.8476876950956315E-007
  -1.5855211255773787E-006   4.7464030513087381E-007
  -1.1218435129800244E-006   3.2980750144249472E-007
  -7.9421317329617077E-007   2.2951109402293857E-007
  -5.6248228005218750E-007   1.5981759499858061E-007
  -3.9844840553666050E-007   1.1127999956389782E-007
  -2.8226481161251734E-007   7.7434903915446737E-008
  -1.9994015809968293E-007   5.3826361770336232E-008
  -1.4159486097145612E-007   3.7363871025306643E-008
  -1.0024279347688190E-007   2.5894512277402937E-008
  -7.0938062621008845E-008   1.7914137752590013E-008
  -5.0175984105962651E-008   1.2370166566210821E-008
  -3.5471507590755929E-008   8.5256160719029590E-009
  -2.5061859962425676E-008   5.8646314307976877E-009
  -1.7696390162869775E-008   4.0264798091824880E-009
  -1.2487798776235183E-008   2.7592626812665142E-009
  -8.8066856255554420E-009   1.8873887908979925E-009
  -6.2067300974021629E-009   1.2886999901695233E-009
  -4.3715712124890831E-009   8.7839016184753053E-010
  -3.0770802473429333E-009   5.9771192946763918E-010
  -2.1645624680775581E-009   4.0605847703437273E-010
  -1.5217236510547985E-009   2.7542281819650252E-010
  -1.0691550772848757E-009   1.8652930539182877E-010
  -7.5074083045149380E-010   1.2613904302107236E-010
  -5.2685251273888714E-010   8.5177504552747538E-011
  -3.6952424788317992E-010   5.7436614155330264E-011
  -2.5903392992831050E-010   3.8677181852649811E-011
  -1.8148252801977428E-010   2.6009637949929679E-011
  -1.2708129744257865E-010   1.7467734361308320E-011
  -8.8940755573759235E-011   1.1715715578500361E-011
  -6.2215053809388720E-011   7.8475867027704785E-012
  -4.3497887014214873E-011   5.2497850422846069E-012
  -3.0396299291197867E-011   3.5074058506821557E-012
  -2.1230209856148676E-011   2.3402843850301004E-012
  -1.4820719637961708E-011   1.5595036537601353E-012
  -1.0341066829486651E-011   1.0378495201136012E-012
  -7.2117594834101719E-012   6.8977229264910471E-013
  -5.0268378065311737E-012   4.5781671702171192E-013
  -3.5020572796105950E-012   3.0344591993298798E-013
  -2.4384977080011598E-012   2.0084541169305951E-013
  -1.6970207087217986E-012   1.3274513864515839E-013
  -1.1803517251608037E-012   8.7606118887275200E-014
  -8.2051750741237415E-013   5.7728481226688925E-014
  -5.7004307566109626E-013   3.7980799984939844E-014
  -3.9578630981777146E-013   2.4947800187128250E-014
  -2.7462206205930587E-013   1.6359414223630821E-014
  -1.9042247533824137E-013   1.0708799714746482E-014
  -1.3194525215227318E-013   6.9971045312372487E-015
  -9.1357589448856150E-014   4.5631401778146307E-015
  -6.3204928752272812E-014   2.9698634536732908E-015
  -4.3690818918616842E-014   1.9288177183873712E-015
  -3.0174272376495776E-014   1.2499066863707904E-015
  -2.0819094900003047E-014   8.0805232191951381E-016
  -1.4349356705882409E-014   5.2109136879935203E-016
  -9.8789599148039538E-015   3.3514285076194930E-016
  -6.7929077820258814E-015   2.1493530208142789E-016
  -4.6646325821887709E-015   1.3742209104573881E-016
  -3.1984601735019305E-015   8.7573554251828614E-017
  -2.1895890901922437E-015   5.5608165331913216E-017
  -1.4962673398422815E-015   3.5173601160408560E-017
  -1.0204598914202402E-015   2.2153868366331308E-017
  -6.9442345282197557E-016   1.3888400108142480E-017
  -4.7138903538909404E-016   8.6617975934972013E-018
  -3.1909944516290628E-016   5.3710674862370985E-018
  -2.1532985847892988E-016   3.3090576192418693E-018
  -1.4478509024754813E-016   2.0238201080325522E-018
  -9.6952011801927430E-017   1.2274904160333414E-018
  -6.4614233397013371E-017   7.3739164326053208E-019
  -4.2825670602436798E-017   4.3806559720569378E-019
  -2.8201847695686341E-017   2.5686233228134973E-019
  -1.8431040521202769E-017   1.4829283598983932E-019
  -1.1937400784453292E-017   8.4030869910463158E-020
  -7.6490557424246150E-018   4.6546465516428173E-020
  -4.8386421121651116E-018   2.5067186243745533E-020
  -3.0137618552143582E-018   1.3026728624528514E-020
  -1.8417914007289387E-018   6.4605853833941302E-021
  -1.0982717449760924E-018   3.0025808355302889E-021
  -6.3149714418097787E-019   1.2624805410906027E-021
  -3.3807506381069610E-019   4.4126343283064737E-022
  -1.4525267630915465E-019   9.2247865946226553E-023
  -0.0000000000000000        0.0000000000000000     
