 Initial conditions outputted from a previous simulation. Time =    72.000000000000000     
   40.000000000000000        0.0000000000000000              500           1   72.000000000000000     
   6.2755792175944305E-002   1.4084417080654894E-013
   6.1348941303988422E-002   2.6779090037840441E-002
   5.7732469369499252E-002   5.2217712920158289E-002
   5.2161788333503670E-002   7.5215551507371026E-002
   4.5201196685593976E-002   9.4897275348887755E-002
   3.7316752500670819E-002  0.11090848555085693     
   2.9031065693879150E-002  0.12305340876204891     
   2.0748391169854663E-002  0.13141821886571403     
   1.2770766646292328E-002  0.13622464567532849     
   5.3057041276843766E-003  0.13776812625610196     
  -1.5232511991416218E-003  0.13638080780024858     
  -7.6566389231196930E-003  0.13239918570913747     
  -1.3081336715101824E-002  0.12614681159724722     
  -1.7816013300660068E-002  0.11792602111051805     
  -2.1899337332352085E-002  0.10801354642913136     
  -2.5381271351022361E-002   9.6659257725261682E-002
  -2.8317148770794876E-002   8.4087226511826860E-002
  -3.0764045375653467E-002   7.0498486845762778E-002
  -3.2778542941906103E-002   5.6075613449319606E-002
  -3.4413844341584565E-002   4.0988776783435529E-002
  -3.5713932143344208E-002   2.5400904721081044E-002
  -3.6705318779418919E-002   9.4679319071689413E-003
  -3.7391725713958414E-002  -6.6677022944257210E-003
  -3.7757900113073645E-002  -2.2885977621631092E-002
  -3.7782226451148544E-002  -3.9092118175951561E-002
  -3.7449591184632654E-002  -5.5208384861611982E-002
  -3.6755542063818876E-002  -7.1158525891422464E-002
  -3.5700871562210079E-002  -8.6853421808599271E-002
  -3.4283183266558985E-002 -0.10218339265795405     
  -3.2491617120362158E-002 -0.11701638740216959     
  -3.0305473107851439E-002 -0.13119839098176972     
  -2.7694111223400986E-002 -0.14455380173488497     
  -2.4616682106877188E-002 -0.15688571390067499     
  -2.1022843096800511E-002 -0.16797649341342133     
  -1.6856322754245888E-002 -0.17758833192594389     
  -1.2061943252410084E-002 -0.18546311075216854     
  -6.5954520757355462E-003 -0.19132141301691494     
  -4.3541915425638890E-004 -0.19486159865385949     
   6.4031456851538510E-003 -0.19576113279420099     
   1.3853932296195404E-002 -0.19368345603660519     
   2.1784143282036404E-002 -0.18829437872105184     
   2.9980078092635327E-002 -0.17929235938580346     
   3.8135099574367615E-002 -0.16645667085096713     
   4.5843625362377204E-002 -0.14971532305213370     
   5.2609545684095968E-002 -0.12922929467195865     
   5.7883789270075543E-002 -0.10547762433464397     
   6.1144782336610123E-002  -7.9308320567499480E-002
   6.2014648998211859E-002  -5.1906755615987669E-002
   6.0368514867302270E-002  -2.4653517192997562E-002
   5.6378103727271985E-002   1.0961276815667329E-003
   5.0462047809572169E-002   2.4223505029001786E-002
   4.3172265021920751E-002   4.3966529132161015E-002
   3.5075467256335133E-002   5.9928461187469688E-002
   2.6671774241578277E-002   7.2012538963048323E-002
   1.8358240960250877E-002   8.0332308375399702E-002
   1.0424889844522171E-002   8.5130336627635778E-002
   3.0670162605506797E-003   8.6717803503536667E-002
  -3.5985196362608657E-003   8.5434169330053170E-002
  -9.5182439105864648E-003   8.1620903113408430E-002
  -1.4688012236005549E-002   7.5604563554336882E-002
  -1.9139054363049621E-002   6.7687121015890805E-002
  -2.2924815347851527E-002   5.8141862806862600E-002
  -2.6109767720868267E-002   4.7212788500756935E-002
  -2.8760891464868907E-002   3.5115735883793971E-002
  -3.0941884710846041E-002   2.2040285370715614E-002
  -3.2709528654800007E-002   8.1521325379362210E-003
  -3.4111583265931958E-002  -6.4038892632067692E-003
  -3.5186083902919031E-002  -2.1499684116065960E-002
  -3.5961747114070242E-002  -3.7018660797446645E-002
  -3.6458489173504388E-002  -5.2850341402609788E-002
  -3.6687671850234672E-002  -6.8886048896098215E-002
  -3.6652661327005613E-002  -8.5016146538252263E-002
  -3.6349457404444049E-002 -0.10112857243509495     
  -3.5765771477833753E-002 -0.11710826931802680     
  -3.4878842341276146E-002 -0.13283676515113879     
  -3.3656463743563354E-002 -0.14819062359751842     
  -3.2059742579811250E-002 -0.16303775096913714     
  -3.0043780905945127E-002 -0.17723138317171963     
  -2.7556751420732356E-002 -0.19060384023475607     
  -2.4543623084062230E-002 -0.20296199458553177     
  -2.0952949203590514E-002 -0.21408417364163951     
  -1.6737018615619069E-002 -0.22371937033634695     
  -1.1855396003335832E-002 -0.23158993837633410     
  -6.2773367161985515E-003 -0.23739508211633564     
  -5.7813892142029994E-007 -0.24081271060695000     
   6.9283147770969767E-003 -0.24151127597829528     
   1.4431603670516475E-002 -0.23916965763967507     
   2.2359767237679344E-002 -0.23348627666766411     
   3.0466723346820618E-002 -0.22420169848162042     
   3.8424356317564093E-002 -0.21115506637644002     
   4.5825290297383914E-002 -0.19434986740361704     
   5.2173454962759047E-002 -0.17401963400072790     
   5.7004818538965274E-002 -0.15069995838924410     
   5.9973651705849854E-002 -0.12524429386037148     
   6.0855448767141530E-002  -9.8738525792158235E-002
   5.9605421415362035E-002  -7.2357601538936903E-002
   5.6328971425005044E-002  -4.7220776041789599E-002
   5.1295117949739934E-002  -2.4286121206602306E-002
   4.4930029011264500E-002  -4.2743209112312405E-003
   3.7680687301949525E-002   1.2375754250160404E-002
   2.9930527932196870E-002   2.5483958436160976E-002
   2.2051820019826213E-002   3.5058123900174001E-002
   1.4331633419740286E-002   4.1236009861058458E-002
   6.9903930014048035E-003   4.4233255376127836E-002
   1.8851043782892180E-004   4.4309791647066062E-002
  -5.9952617362299945E-003   4.1749749201376085E-002
  -1.1522571884574348E-002   3.6841830556305258E-002
  -1.6393360961284579E-002   2.9864918966594368E-002
  -2.0624560338324958E-002   2.1080221219244268E-002
  -2.4251560541988661E-002   1.0730067360796805E-002
  -2.7330627042396874E-002  -9.6320135567740247E-004
  -2.9905610541701596E-002  -1.3798139735307096E-002
  -3.2006827642587499E-002  -2.7587829806474728E-002
  -3.3664717847222747E-002  -4.2155844958472945E-002
  -3.4891926510165192E-002  -5.7334712494091826E-002
  -3.5697535679936901E-002  -7.2962439258504069E-002
  -3.6088319108673772E-002  -8.8881981229718007E-002
  -3.6073348916779283E-002 -0.10493787348087721     
  -3.5672116347087821E-002 -0.12097522682364747     
  -3.4917638236942369E-002 -0.13684187156906652     
  -3.3861045732972772E-002 -0.15239187632309645     
  -3.2546720761064546E-002 -0.16749255162271515     
  -3.1006429243633525E-002 -0.18202611330978988     
  -2.9253900078600140E-002 -0.19588622104934478     
  -2.7267595119363872E-002 -0.20896991857401206     
  -2.5001029473319395E-002 -0.22116394448672039     
  -2.2388347406742948E-002 -0.23233242197448120     
  -1.9351275274187996E-002 -0.24230822198298374     
  -1.5821706682016431E-002 -0.25088974343276466     
  -1.1766079903701307E-002 -0.25784402629476882     
  -7.1583377720884104E-003 -0.26291600919552155     
  -1.9794989023300957E-003 -0.26583780656525313     
   3.7463934812520258E-003 -0.26633504459659835     
   9.9643255780299794E-003 -0.26413537628931705     
   1.6610136764660444E-002 -0.25898184428259019     
   2.3544554167838034E-002 -0.25064483470955534     
   3.0640613581304963E-002 -0.23894659886292294     
   3.7766418551006674E-002 -0.22378651215085182     
   4.4664549064821625E-002 -0.20516957304927436     
   5.0934627473196062E-002 -0.18325414000094903     
   5.6056666455391681E-002 -0.15840933197208656     
   5.9455613756075235E-002 -0.13126595870786026     
   6.0671533557198391E-002 -0.10273313413524530     
   5.9507382542781928E-002  -7.3951697438965638E-002
   5.6097932726307795E-002  -4.6176001109208061E-002
   5.0790342533559754E-002  -2.0600242067383444E-002
   4.4055048836055079E-002   1.8121028576987398E-003
   3.6466975638809629E-002   2.0444731905798826E-002
   2.8500952648984834E-002   3.5067456385847288E-002
   2.0512636273348237E-002   4.5777312609088253E-002
   1.2791708880696176E-002   5.2882396107644718E-002
   5.5497831633698680E-003   5.6782851635570841E-002
  -1.0618570078216110E-003   5.7883644749613453E-002
  -6.9182925941707980E-003   5.6556449272356001E-002
  -1.1965211977729144E-002   5.3141498411486382E-002
  -1.6205829491584372E-002   4.7962682796311530E-002
  -1.9730708392583174E-002   4.1338115332139928E-002
  -2.2625480836706860E-002   3.3569332320704935E-002
  -2.4970199947618895E-002   2.4926366661919309E-002
  -2.6847878876843336E-002   1.5632135007592675E-002
  -2.8328060890356336E-002   5.8562476305638080E-003
  -2.9450689192604729E-002  -4.2798606867840098E-003
  -3.0244232818513274E-002  -1.4688183887111692E-002
  -3.0736528804517535E-002  -2.5298166987218356E-002
  -3.0976089444730230E-002  -3.6045572722019893E-002
  -3.1018470329907941E-002  -4.6870216153765305E-002
  -3.0907169607887305E-002  -5.7717377213630919E-002
  -3.0639911535062687E-002  -6.8538501035033048E-002
  -3.0170350383394128E-002  -7.9284761158672085E-002
  -2.9464010336749634E-002  -8.9894188710097897E-002
  -2.8507101580573645E-002 -0.10028387288163611     
  -2.7293372832796824E-002 -0.11034929458765667     
  -2.5820139720743266E-002 -0.11997024273313515     
  -2.4071576135113983E-002 -0.12901990968467406     
  -2.2018986816365098E-002 -0.13736871807828563     
  -1.9621410488221476E-002 -0.14488230029384899     
  -1.6839148686190644E-002 -0.15141067735965197     
  -1.3607452962031096E-002 -0.15677526656223850     
  -9.8359945976524907E-003 -0.16075914476732744     
  -5.4901231691714663E-003 -0.16310111233797320     
  -6.0159475761331410E-004 -0.16350804936573479     
   4.8352370329116327E-003 -0.16168025889953214     
   1.0833418936342090E-002 -0.15732996552468426     
   1.7404112581192743E-002 -0.15020222135943403     
   2.4429767274282747E-002 -0.14008321204510185     
   3.1743611573683925E-002 -0.12682615937669137     
   3.9075400539168380E-002 -0.11038070886585505     
   4.6014246147463911E-002  -9.0826188671591063E-002
   5.2177939577448616E-002  -6.8420303955739586E-002
   5.7160519700138773E-002  -4.3627333085723620E-002
   6.0342539295085290E-002  -1.7123023142034503E-002
   6.1217678597031845E-002   1.0199129068155243E-002
   5.9605060888396753E-002   3.7275707302725926E-002
   5.5723657737758552E-002   6.2979258320469592E-002
   5.0033932203403797E-002   8.6274633739551576E-002
   4.3120586634990826E-002  0.10637262729210240     
   3.5581816301458458E-002  0.12282536367724434     
   2.7788319874948328E-002  0.13554143047824896     
   2.0013712801588496E-002  0.14470257796313404     
   1.2608143533638708E-002  0.15064115613620052     
   5.8151367590900420E-003  0.15374570169804960     
  -2.4189915172037439E-004  0.15439379774877868     
  -5.5231328946216147E-003  0.15292111561693292     
  -1.0082297536435320E-002  0.14961571334859836     
  -1.3997715669069060E-002  0.14471986921217647     
  -1.7382883412134436E-002  0.13843913902379015     
  -2.0286567934483822E-002  0.13094785327895755     
  -2.2723569873914950E-002  0.12240523664379557     
  -2.4738975221381992E-002  0.11297056425805223     
  -2.6407512680024659E-002  0.10280910644444387     
  -2.7796357958035724E-002   9.2086144776060030E-002
  -2.8935337844719085E-002   8.0955368906392808E-002
  -2.9785276349099846E-002   6.9549856878733218E-002
  -3.0298119091305017E-002   5.7984213020908351E-002
  -3.0478501200130213E-002   4.6363607839244203E-002
  -3.0376621085608325E-002   3.4791054944364720E-002
  -3.0034423290860490E-002   2.3368652381002119E-002
  -2.9491366473051891E-002   1.2197211908128882E-002
  -2.8762000140313247E-002   1.3698114494342178E-003
  -2.7828403211589081E-002  -9.0352845319785127E-003
  -2.6663988855554818E-002  -1.8957693252004221E-002
  -2.5232447754378384E-002  -2.8353456975613058E-002
  -2.3454241829163423E-002  -3.7186266188313007E-002
  -2.1251133154363683E-002  -4.5410733780562200E-002
  -1.8605038127580884E-002  -5.2956393929506254E-002
  -1.5546323272652799E-002  -5.9721921133909457E-002
  -1.2067416252199849E-002  -6.5583261366312054E-002
  -8.1549648965248620E-003  -7.0398661853119271E-002
  -3.7724778241990868E-003  -7.4013255015612026E-002
   1.1708662197482554E-003  -7.6257779920888974E-002
   6.7387574435855075E-003  -7.6933679424639884E-002
   1.2956392928946557E-002  -7.5803570971502629E-002
   1.9811217548249861E-002  -7.2589338417440613E-002
   2.7166995719970236E-002  -6.6980430821538275E-002
   3.4792643560406768E-002  -5.8670815056175364E-002
   4.2328823996988639E-002  -4.7409676716884383E-002
   4.9328275128658033E-002  -3.3068610812111633E-002
   5.5308840074963714E-002  -1.5706538877504960E-002
   5.9782740216168459E-002   4.3857598191304808E-003
   6.2303734329908697E-002   2.6664057779306308E-002
   6.2488367600124550E-002   5.0338450740278588E-002
   6.0062709000477853E-002   7.4407277014470169E-002
   5.5053160859838267E-002   9.7717489576827340E-002
   4.7837528097585805E-002  0.11907765285671382     
   3.9191033523228704E-002  0.13741134344688824     
   3.0071213177604725E-002  0.15193228717146351     
   2.1270057190168636E-002  0.16227710511980314     
   1.3235147711969535E-002  0.16852524692283888     
   6.0839406216268372E-003  0.17109571181905453     
  -2.5256839989444649E-004  0.17057251377635449     
  -5.8207734573617574E-003  0.16753935413006826     
  -1.0628835630971729E-002  0.16248948812426428     
  -1.4667028811125611E-002  0.15580808729057533     
  -1.7977927536562896E-002  0.14779894725302473     
  -2.0666455836776794E-002  0.13871237102399500     
  -2.2857392197959195E-002  0.12875768171582191     
  -2.4671231921958997E-002  0.11810204750560228     
  -2.6215080861746568E-002  0.10686576874635394     
  -2.7568769262536787E-002   9.5122939163106740E-002
  -2.8788617875951994E-002   8.2910606709864679E-002
  -2.9897356566431499E-002   7.0244126506806712E-002
  -3.0883079963520230E-002   5.7135645860005198E-002
  -3.1699511138541865E-002   4.3611646557827878E-002
  -3.2278611030561587E-002   2.9727699003031668E-002
  -3.2538080814325979E-002   1.5577683780158719E-002
  -3.2399072838771394E-002   1.2983942651990041E-003
  -3.1788081866968791E-002  -1.2932952029291600E-002
  -3.0635364638454933E-002  -2.6901718653864877E-002
  -2.8891559639101803E-002  -4.0362684732503214E-002
  -2.6503018009064284E-002  -5.3048354493647080E-002
  -2.3460228820848035E-002  -6.4670114507394239E-002
  -1.9742754716737917E-002  -7.4936790793889541E-002
  -1.5362374248605596E-002  -8.3549488590512325E-002
  -1.0344143776394260E-002  -9.0217492893290327E-002
  -4.7276472503686153E-003  -9.4658987851646365E-002
   1.4038538177334682E-003  -9.6604220339673294E-002
   7.9422704194786007E-003  -9.5816006246370156E-002
   1.4754838401659214E-002  -9.2103945124677511E-002
   2.1656057442229350E-002  -8.5340934828362802E-002
   2.8458089469314010E-002  -7.5485817511468184E-002
   3.4931099877524879E-002  -6.2586132287691998E-002
   4.0789414608953051E-002  -4.6805711095219138E-002
   4.5792290302828949E-002  -2.8446784447250094E-002
   4.9666801672794164E-002  -7.9457716985398916E-003
   5.2177086271312206E-002   1.4111455170238034E-002
   5.3176280986628480E-002   3.7022568561682394E-002
   5.2585346900590503E-002   6.0022145031099976E-002
   5.0385417695153582E-002   8.2341486113620951E-002
   4.6694467758096943E-002  0.10325554543479244     
   4.1751088538321983E-002  0.12210836291586459     
   3.5796054659200563E-002  0.13834813884795319     
   2.9075418862127979E-002  0.15157102714504489     
   2.1900958797685895E-002  0.16154471381344790     
   1.4607480251512518E-002  0.16820860362686688     
   7.4788660761087615E-003  0.17165312073058972     
   7.3365457308428742E-004  0.17207930796201701     
  -5.4638082885161750E-003  0.16975701987520336     
  -1.1006780336877650E-002  0.16499526938155157     
  -1.5848364268876310E-002  0.15811776341969674     
  -1.9988953209847064E-002  0.14943947705058325     
  -2.3457751739334485E-002  0.13925162673499192     
  -2.6296484369353841E-002  0.12781863034473781     
  -2.8548000909775585E-002  0.11538233818190920     
  -3.0252259164158496E-002  0.10216773099291812     
  -3.1448625865513606E-002   8.8386437573372764E-002
  -3.2179373278314195E-002   7.4236546667309930E-002
  -3.2490916132312787E-002   5.9899731463940280E-002
  -3.2432864234401115E-002   4.5537860543558718E-002
  -3.2055565126126576E-002   3.1290352840068446E-002
  -3.1405918785607896E-002   1.7272911045708644E-002
  -3.0521318942798577E-002   3.5788240365350935E-003
  -2.9422715365764008E-002  -9.7157466845100987E-003
  -2.8109016191145760E-002  -2.2542165903382091E-002
  -2.6555281388785105E-002  -3.4826940225964644E-002
  -2.4715790707674969E-002  -4.6479546789781098E-002
  -2.2530803762801060E-002  -5.7383478117746876E-002
  -1.9934316316710148E-002  -6.7391903726589875E-002
  -1.6860394735901760E-002  -7.6327220948405786E-002
  -1.3247299947295203E-002  -8.3982485727351883E-002
  -9.0403760388871983E-003  -9.0122774360205785E-002
  -4.1957629601706986E-003  -9.4485516320427385E-002
   1.3126421364378991E-003  -9.6780217341340569E-002
   7.4806701583975781E-003  -9.6689606323135127E-002
   1.4254211918262606E-002  -9.3876220252886847E-002
   2.1502701030137263E-002  -8.8000799808917188E-002
   2.8990032130341684E-002  -7.8760904213478075E-002
   3.6353609640623237E-002  -6.5957494976865386E-002
   4.3109062923509259E-002  -4.9589233954340596E-002
   4.8698935312556958E-002  -2.9954884063130922E-002
   5.2589569911890705E-002  -7.7192617530027563E-003
   5.4391344266661763E-002   1.6109873846633135E-002
   5.3952488308392443E-002   4.0314180967287436E-002
   5.1382992633357175E-002   6.3664614167259409E-002
   4.7004769595444314E-002   8.5107266103384940E-002
   4.1263268192614846E-002  0.10387310257691580     
   3.4641239287590650E-002  0.11950313304585058     
   2.7593989102421786E-002  0.13181602648423121     
   2.0506980938979243E-002  0.14084764934716770     
   1.3672706429164362E-002  0.14678241073536491     
   7.2847359240272363E-003  0.14988925302705333     
   1.4457715072490451E-003  0.15046967881033430     
  -3.8148518154164572E-003  0.14882022897490246     
  -8.5188686819382617E-003  0.14520905984226587     
  -1.2716168944738962E-002  0.13986514416081783     
  -1.6464699436468409E-002  0.13297780982664653     
  -1.9815659976003003E-002  0.12470371871609234     
  -2.2805390809181023E-002  0.11517790744871766     
  -2.5453863893714981E-002  0.10452526048647552     
  -2.7767987402877014E-002   9.2869372259656482E-002
  -2.9746875912028223E-002   8.0337308050679637E-002
  -3.1386345775147560E-002   6.7060598412397809E-002
  -3.2680950774402480E-002   5.3174110450867076E-002
  -3.3623311617686232E-002   3.8814847438333043E-002
  -3.4201709991724817E-002   2.4122271619188600E-002
  -3.4397519981133121E-002   9.2407627977421393E-003
  -3.4183991274809242E-002  -5.6762368673132354E-003
  -3.3527353417722915E-002  -2.0461625311139951E-002
  -3.2390416929371654E-002  -3.4931130790055970E-002
  -3.0738063126482168E-002  -4.8882228326519700E-002
  -2.8543456829463264E-002  -6.2096232116653806E-002
  -2.5793591660703295E-002  -7.4343545231323541E-002
  -2.2492897377395304E-002  -8.5391287188626958E-002
  -1.8664091719486735E-002  -9.5011892640979881E-002
  -1.4346255136812187E-002 -0.10299089915039063     
  -9.5912140701635579E-003 -0.10913221890421708     
  -4.4604993336055335E-003 -0.11325999710391878     
   9.7417348563319636E-004 -0.11521785827194418     
   6.6245494342922623E-003 -0.11486863261372890     
   1.2373587500843834E-002 -0.11209956816704653     
   1.8060851190517518E-002 -0.10683816775669881     
   2.3472045996840777E-002  -9.9081130603166423E-002
   2.8339535538192573E-002  -8.8933861206687642E-002
   3.2358067540717683E-002  -7.6652654537741782E-002
   3.5216974607192947E-002  -6.2677678955270447E-002
   3.6648794038992044E-002  -4.7641566476344543E-002
   3.6490900454869295E-002  -3.2335696519213648E-002
   3.4745339362431057E-002  -1.7621428200438615E-002
   3.1607891584824993E-002  -4.2968742158752361E-003
   2.7440213284461664E-002   7.0365376181833325E-003
   2.2688653792717811E-002   1.6051626139887004E-002
   1.7787508775507020E-002   2.2691439364593360E-002
   1.3089208080747775E-002   2.7105298282148527E-002
   8.8375060804723772E-003   2.9567750199259678E-002
   5.1727464729368761E-003   3.0410257916479777E-002
   2.1516421887114927E-003   2.9973979910059755E-002
  -2.2964682174423130E-004   2.8580959091972391E-002
  -2.0145123269646758E-003   2.6518734581564347E-002
  -3.2693704911619242E-003   2.4033648102069337E-002
  -4.0717834634214859E-003   2.1329206146854761E-002
  -4.5021867129764045E-003   1.8567329649366825E-002
  -4.6382188700388955E-003   1.5871379504547825E-002
  -4.5510058174328197E-003   1.3330330626148230E-002
  -4.3029682651219529E-003   1.1003659548501698E-002
  -3.9469028953730244E-003   8.9265405487358625E-003
  -3.5261437067038905E-003   7.1148890018862569E-003
  -3.0754743350118155E-003   5.5698130436804836E-003
  -2.6223183327821115E-003   4.2812366534641551E-003
  -2.1877713166690571E-003   3.2307588781110468E-003
  -1.7872676446529399E-003   2.3940371838201201E-003
  -1.4309650621873147E-003   1.7430021396784251E-003
  -1.1241125813669043E-003   1.2480388307498694E-003
  -8.6764608070328132E-004   8.8004274203289437E-004
  -6.5908427637528561E-004   6.1212731979632643E-004
  -4.9361485446632839E-004   4.2078785221214330E-004
  -3.6517559457818381E-004   2.8645886627218199E-004
  -2.6736194870364535E-004   1.9354181877267074E-004
  -1.9407608267126141E-004   1.3006067837643138E-004
  -1.3991310453347259E-004   8.7115849172292130E-005
  -1.0032990742560053E-004   5.8276248696449213E-005
  -7.1660660344137649E-005   3.9003170418502856E-005
  -5.1040687866479833E-005   2.6155786438752421E-005
  -3.6287401776649419E-005   1.7595056182965293E-005
  -2.5770929140042888E-005   1.1882297972426542E-005
  -1.8293160251228824E-005   8.0587165647139166E-006
  -1.2983990855907707E-005   5.4891656542080186E-006
  -9.2172554108038060E-006   3.7541940766468648E-006
  -6.5453098649563968E-006   2.5769117614926132E-006
  -4.6495912671550122E-006   1.7741836892874884E-006
  -3.3040492814942551E-006   1.2244174317995710E-006
  -2.3485318032376193E-006   8.4645751180317516E-007
  -1.6696420060640005E-006   5.8580671969099718E-007
  -1.1870807665165619E-006   4.0563352599741940E-007
  -8.4395471231122048E-007   2.8088892373286390E-007
  -5.9992123049271600E-007   1.9443914939041159E-007
  -4.2634796577497118E-007   1.3450648506411133E-007
  -3.0289585812922367E-007   9.2962388870212097E-008
  -2.1510577148221060E-007   6.4179747210608381E-008
  -1.5269219960062414E-007   4.4254887856909102E-008
  -1.0833526914171115E-007   3.0476308957337422E-008
  -7.6824264803046333E-008   2.0959569999512723E-008
  -5.4449544724392372E-008   1.4395091428738243E-008
  -3.8570289824717305E-008   9.8732694133998776E-009
  -2.7306934878018286E-008   6.7628743154339192E-009
  -1.9322150039885260E-008   4.6263606413432872E-009
  -1.3664800728058403E-008   3.1608416680515614E-009
  -9.6587472333599521E-009   2.1569507686227062E-009
  -6.8235940273459980E-009   1.4701849836248893E-009
  -4.8182159658765431E-009   1.0009631861447266E-009
  -3.4005263894694979E-009   6.8076653410196267E-010
  -2.3988272762929747E-009   4.6252039566508524E-010
  -1.6914171059897416E-009   3.1393048397635335E-010
  -1.1920844112651561E-009   2.1287357284255819E-010
  -8.3979450605259298E-010   1.4421474717454741E-010
  -5.9136197896580197E-010   9.7613390579983908E-011
  -4.1624793880078023E-010   6.6013249611087712E-011
  -2.9286832189895781E-010   4.4604944125157562E-011
  -2.0597610230012804E-010   3.0114191979077801E-011
  -1.4480619786613812E-010   2.0314206694427440E-011
  -1.0176168128790569E-010   1.3692130181312287E-011
  -7.1483910025632663E-011   9.2211416311778200E-012
  -5.0194769834335088E-011   6.2049583205726730E-012
  -3.5231662984655723E-011   4.1718578158584998E-012
  -2.4718937722789860E-011   2.8025314973466859E-012
  -1.7335845014311253E-011   1.8810215246061797E-012
  -1.2152745889203637E-011   1.2613892488004685E-012
  -8.5155497164607308E-012   8.4509269748239768E-013
  -5.9642182365943095E-012   5.6564649191045009E-013
  -4.1753184215134175E-012   3.7822904555962379E-013
  -2.9215445900446151E-012   2.5264747704991511E-013
  -2.0432088556292503E-012   1.6857933385360211E-013
  -1.4281690897955583E-012   1.1235684266006138E-013
  -9.9770272327934521E-013   7.4795338850343627E-014
  -6.9656882500469708E-013   4.9727957355674526E-014
  -4.8601926778281217E-013   3.3017647464525738E-014
  -3.3888563880649178E-013   2.1891535716155073E-014
  -2.3612664009232088E-013   1.4492811986504649E-014
  -1.6440271097062967E-013   9.5792908382887289E-015
  -1.1437287686584801E-013   6.3208006557239987E-015
  -7.9499203935841747E-014   4.1631108145710598E-015
  -5.5207889253424356E-014   2.7366224874554998E-015
  -3.8300827325157832E-014   1.7951506010384548E-015
  -2.6543030275798502E-014   1.1749174493225837E-015
  -1.8373465457228485E-014   7.6711081561929250E-016
  -1.2702477266092703E-014   4.9953772211564137E-016
  -8.7699292773855811E-015   3.2437176554943867E-016
  -6.0459118593589528E-015   2.0997902354175750E-016
  -4.1612763679885320E-015   1.3547117127030974E-016
  -2.8590606188955895E-015   8.7080325660232715E-017
  -1.9605406599048854E-015   5.5749455277150791E-017
  -1.3415179071731573E-015   3.5532962172219670E-017
  -9.1576543387118868E-016   2.2536588605744821E-017
  -6.2347919697792768E-016   1.4215887142267068E-017
  -4.2322631994379317E-016   8.9127516385988419E-018
  -2.8633545565192029E-016   5.5497739183280895E-018
  -1.9299148916220239E-016   3.4290704487050298E-018
  -1.2951894827860766E-016   2.1001460458851869E-018
  -8.6493926173227240E-017   1.2732979255305073E-018
  -5.7433045867514834E-017   7.6300279517401719E-019
  -3.7884010158449410E-017   4.5100343712157779E-019
  -2.4795396004022906E-017   2.6230931266856993E-019
  -1.6080446193631048E-017   1.4964244885941248E-019
  -1.0315499992573232E-017   8.3391685251021731E-020
  -6.5317601186153048E-018   4.5149405434517406E-020
  -4.0716785199712674E-018   2.3571041554923435E-020
  -2.4900039806981735E-018   1.1735444320373715E-020
  -1.4856134667034390E-018   5.4714261578265140E-021
  -8.5457458134801966E-019   2.3061971133239131E-021
  -4.5764475235851238E-019   8.0747495438022878E-022
  -1.9667643527522789E-019   1.6904508169867422E-022
  -0.0000000000000000        0.0000000000000000     
