 Initial conditions outputted from a previous simulation. Time =    40.200000000000003     
   40.000000000000000        0.0000000000000000              500           1   40.200000000000003     
   4.0184711835740197E-002 -0.11224084890445074     
   4.7712527039570372E-002  -9.5006452470037223E-002
   5.4236959179451080E-002  -7.4184682312324474E-002
   5.9139570756737904E-002  -5.0307891882596024E-002
   6.1989634127003715E-002  -2.4341115609966508E-002
   6.2441557806455633E-002   2.5710860848122772E-003
   6.0457982450337053E-002   2.9049831329202917E-002
   5.6250331732197768E-002   5.3816716308452521E-002
   5.0234261309397343E-002   7.5837598099251391E-002
   4.2935579627709400E-002   9.4417745791444171E-002
   3.4888598147705258E-002  0.10920788214016935     
   2.6566445770587387E-002  0.12014017018834364     
   1.8346286220992790E-002  0.12734411687025707     
   1.0501822949281515E-002  0.13107018496085890     
   3.2125744742367533E-003  0.13163110525044583     
  -3.4195866833509037E-003  0.12936212775362674     
  -9.3526982178612078E-003  0.12459678342345272     
  -1.4588892033905140E-002  0.11765384954056167     
  -1.9161269405220508E-002  0.10883235016428690     
  -2.3122162202508730E-002   9.8411923569305185E-002
  -2.6530980739955020E-002   8.6654897734258773E-002
  -2.9442165841377915E-002   7.3805815420390011E-002
  -3.1896944060561934E-002   6.0086533955824382E-002
  -3.3922427931364685E-002   4.5689661592023915E-002
  -3.5537133825752083E-002   3.0775557615125362E-002
  -3.6757735662545629E-002   1.5475650444806633E-002
  -3.7602436389088556E-002  -9.9790868514403373E-005
  -3.8090532300686854E-002  -1.5853167416584442E-002
  -3.8240540432046659E-002  -3.1692216966518770E-002
  -3.8068409793309874E-002  -4.7523532969719319E-002
  -3.7585391257871997E-002  -6.3246946205786497E-002
  -3.6795020754670775E-002  -7.8752260132795016E-002
  -3.5689997473759331E-002  -9.3919408824315292E-002
  -3.4250476774710222E-002 -0.10862059988740162     
  -3.2444684790448021E-002 -0.12272138111478659     
  -3.0231442148037198E-002 -0.13607861244821995     
  -2.7563324188627374E-002 -0.14853549086630213     
  -2.4389682914139947E-002 -0.15991517054804616     
  -2.0659685369977764E-002 -0.17001506434860111     
  -1.6325254488752369E-002 -0.17860350534011987     
  -1.1343852600306367E-002 -0.18541910202255582     
  -5.6833506216370407E-003 -0.19017289534331472     
   6.6776099307106656E-004 -0.19255401314235732     
   7.6848550629466713E-003 -0.19223849214609393     
   1.5289790331681057E-002 -0.18890105507624991     
   2.3334338125430891E-002 -0.18223173135887971     
   3.1584929352004278E-002 -0.17196258116679713     
   3.9710461038068058E-002 -0.15791302876002256     
   4.7280184937458780E-002 -0.14006049661492900     
   5.3784111679367759E-002 -0.11863046762787031     
   5.8687573657851690E-002  -9.4178461098877952E-002
   6.1520078844147619E-002  -6.7618969257073933E-002
   6.1978710552661853E-002  -4.0161873114312699E-002
   6.0009113454034556E-002  -1.3152961424969422E-002
   5.5826753255443853E-002   1.2135139020672103E-002
   4.9863769334532536E-002   3.4685893642154519E-002
   4.2662335451498647E-002   5.3833658747126853E-002
   3.4761343191169213E-002   6.9256733465328388E-002
   2.6619880515093650E-002   8.0903853618543936E-002
   1.8590964400860527E-002   8.8905785557685593E-002
   1.0928721914589100E-002   9.3504640517238960E-002
   3.8053817239025118E-003   9.5005545137747921E-002
  -2.6734014484267122E-003   9.3742775471767195E-002
  -8.4557116151604723E-003   9.0054721954072117E-002
  -1.3532271106126594E-002   8.4266246062485742E-002
  -1.7926825717532496E-002   7.6677902349124374E-002
  -2.1686757878534749E-002   6.7560961325916699E-002
  -2.4873087187170739E-002   5.7156509209091919E-002
  -2.7550900426429582E-002   4.5676663423145199E-002
  -2.9781513472997637E-002   3.3306658157465967E-002
  -3.1617043509909321E-002   2.0207585368320343E-002
  -3.3097765227400468E-002   6.5199520387027856E-003
  -3.4252624473011223E-002  -7.6320146437223119E-003
  -3.5101888463567398E-002  -2.2135832694863761E-002
  -3.5659172640464455E-002  -3.6886641257277177E-002
  -3.5932568690810032E-002  -5.1783736735629346E-002
  -3.5925785833759313E-002  -6.6727772268506971E-002
  -3.5639291725055353E-002  -8.1618270636692275E-002
  -3.5069317339539365E-002  -9.6351218326335239E-002
  -3.4202648865824484E-002 -0.11081738022270589     
  -3.3014304620442407E-002 -0.12490122279549898     
  -3.1470100545572283E-002 -0.13847890061808935     
  -2.9525770520432346E-002 -0.15141444973086213     
  -2.7129122663781979E-002 -0.16355372985534009     
  -2.4228064277210113E-002 -0.17471871405484934     
  -2.0771996829293884E-002 -0.18470380789395399     
  -1.6716510879713327E-002 -0.19327407985967182     
  -1.2041297820230810E-002 -0.20017062208271799     
  -6.7282463007277910E-003 -0.20512115376598106     
  -7.7410023668877362E-004 -0.20783716126508134     
   5.7776117771844316E-003 -0.20801627072328041     
   1.2854105432127014E-002 -0.20536777744363582     
   2.0321273768478872E-002 -0.19963357411565280     
   2.7980717629908076E-002 -0.19060742980854467     
   3.5582948598709474E-002 -0.17816602526282138     
   4.2799311823356848E-002 -0.16230583473843677     
   4.9228715676818975E-002 -0.14319136510078667     
   5.4504118665539843E-002 -0.12120602842461296     
   5.8300901790165303E-002  -9.6964193903924314E-002
   6.0352154966043320E-002  -7.1281343451721740E-002
   6.0535274593254015E-002  -4.5108081325176491E-002
   5.8826049436822021E-002  -1.9431713636546388E-002
   5.5328666447442998E-002   4.8206593103714756E-003
   5.0300587962566333E-002   2.6865382139232560E-002
   4.4098354449892511E-002   4.6123640717243689E-002
   3.7126827850954919E-002   6.2242330491633219E-002
   2.9802996609260560E-002   7.5077281705025672E-002
   2.2438006689863888E-002   8.4656459690212765E-002
   1.5286160157864206E-002   9.1119144401667365E-002
   8.5190591062857847E-003   9.4668494002490305E-002
   2.2344644966211719E-003   9.5538051197717383E-002
  -3.5010298203551676E-003   9.3973999183218027E-002
  -8.6771687221696321E-003   9.0228359337404085E-002
  -1.3313132875193272E-002   8.4551111776025423E-002
  -1.7413958596186597E-002   7.7179367139749003E-002
  -2.0981310077240377E-002   6.8333901856760484E-002
  -2.4033397463967709E-002   5.8219687948210981E-002
  -2.6609905520379323E-002   4.7030656611752160E-002
  -2.8736467537911804E-002   3.4949826375068022E-002
  -3.0414306882466158E-002   2.2153716154706099E-002
  -3.1649597573290500E-002   8.8181926479228585E-003
  -3.2453285892427242E-002  -4.8806319972179305E-003
  -3.2844624101522953E-002  -1.8766136978474020E-002
  -3.2863746091574601E-002  -3.2665282549210986E-002
  -3.2561192269040390E-002  -4.6416835440471545E-002
  -3.1985767179219089E-002  -5.9878773495753275E-002
  -3.1173000666942178E-002  -7.2933402471519401E-002
  -3.0143029589176921E-002  -8.5485843827503849E-002
  -2.8889495591747603E-002  -9.7458106569832725E-002
  -2.7388633300746212E-002 -0.10877814191157571     
  -2.5611838437163369E-002 -0.11936778579782664     
  -2.3531463757070381E-002 -0.12913410744028628     
  -2.1118020329571989E-002 -0.13796501226386579     
  -1.8338322371145691E-002 -0.14573020692729741     
  -1.5169884372547234E-002 -0.15228461950711492     
  -1.1596856332072546E-002 -0.15747430978339161     
  -7.6041726887655136E-003 -0.16114125176096913     
  -3.1802452463865656E-003 -0.16312500623349985     
   1.6955741970994802E-003 -0.16326230615865212     
   7.0285756832404915E-003 -0.16138015421835791     
   1.2857191118443800E-002 -0.15729229007761164     
   1.9200463011510984E-002 -0.15079378137217689     
   2.5978456243087370E-002 -0.14165959351468541     
   3.3122127516644007E-002 -0.12966811699135813     
   4.0477621769471110E-002 -0.11463151811464282     
   4.7664439755708790E-002  -9.6442257700516343E-002
   5.4245441540769816E-002  -7.5151649114200428E-002
   5.9699078906060500E-002  -5.1034248738140574E-002
   6.3464285401752404E-002  -2.4635950854976451E-002
   6.5101893869610905E-002   3.2161152986835938E-003
   6.4395801261072819E-002   3.1467706220447013E-002
   6.1400512889156947E-002   5.8944350910681668E-002
   5.6362276174457507E-002   8.4498898642685519E-002
   4.9692154047535179E-002  0.10715566685723629     
   4.1943809414081219E-002  0.12621819238048532     
   3.3579769656701168E-002  0.14132832328507139     
   2.5036291783984779E-002  0.15243945187200969     
   1.6725367747743761E-002  0.15974287585974389     
   8.9380454443780556E-003  0.16357948563827715     
   1.9080531901198288E-003  0.16435185984025072     
  -4.2400765196350786E-003  0.16247223851774140     
  -9.5150526776515715E-003  0.15833409788282804     
  -1.3966199356055526E-002  0.15229616582344585     
  -1.7694931273913361E-002  0.14468357296451345     
  -2.0799708638803316E-002  0.13578611207404265     
  -2.3364439023097691E-002  0.12586067338359525     
  -2.5474186905187171E-002  0.11513157085940762     
  -2.7177770976908228E-002  0.10378624876245345     
  -2.8521067242123988E-002   9.1978470112997895E-002
  -2.9538158069569255E-002   7.9831068706382735E-002
  -3.0238771095606402E-002   6.7442361135492263E-002
  -3.0638337642163411E-002   5.4897736222717271E-002
  -3.0759064451365298E-002   4.2279074942382359E-002
  -3.0614904572024461E-002   2.9671672521864357E-002
  -3.0219811992422973E-002   1.7168270387666378E-002
  -2.9593915657725754E-002   4.8686320890163927E-003
  -2.8733779659850661E-002  -7.1248301924296672E-003
  -2.7611930146379339E-002  -1.8711186500474940E-002
  -2.6208671576189901E-002  -2.9792460590772524E-002
  -2.4509988926787334E-002  -4.0274483846496137E-002
  -2.2479442961177966E-002  -5.0065286776082900E-002
  -2.0056772482736667E-002  -5.9065546981660395E-002
  -1.7165150307560131E-002  -6.7153732805482202E-002
  -1.3716634906274713E-002  -7.4170074075621678E-002
  -9.6706884933646931E-003  -7.9902997634660064E-002
  -5.0126658728517227E-003  -8.4090449570240047E-002
   2.6245716028677014E-004  -8.6429740150012646E-002
   6.1838749159577001E-003  -8.6594063075516287E-002
   1.2756740661015134E-002  -8.4246783434416619E-002
   1.9962487536281638E-002  -7.9056576503466286E-002
   2.7684599517678165E-002  -7.0714208603374157E-002
   3.5713323289018627E-002  -5.8963613776375330E-002
   4.3738004622069893E-002  -4.3646418185059190E-002
   5.1366281353398859E-002  -2.4765983411172140E-002
   5.8007254478229950E-002  -2.5534936736014038E-003
   6.2945551506237013E-002   2.2463667552048712E-002
   6.5502140440940118E-002   4.9422304325413044E-002
   6.5239249349568956E-002   7.7146803132851965E-002
   6.2112663493440211E-002  0.10426065923440238     
   5.6526921089843814E-002  0.12937482993519486     
   4.9169689009982406E-002  0.15131433239889133     
   4.0804346132014689E-002  0.16930387099844529     
   3.2064268893508996E-002  0.18304395384991498     
   2.3407096632847058E-002  0.19265345881586135     
   1.5153537266242417E-002  0.19851741409078430     
   7.5080548845509543E-003  0.20111718797296743     
   6.1693316621663676E-004  0.20090857809878476     
  -5.4405897125051079E-003  0.19827483894995221     
  -1.0646122866812763E-002  0.19353351978271044     
  -1.5059933103033607E-002  0.18696849676559785     
  -1.8796612155529958E-002  0.17884924497148091     
  -2.1956873867484430E-002  0.16943158583566889     
  -2.4601329488334371E-002  0.15894998122799686     
  -2.6782194256894321E-002  0.14761023196009682     
  -2.8522203037642455E-002  0.13558755223753147     
  -2.9857328067489048E-002  0.12303410705338669     
  -3.0842209007995988E-002  0.11008661158511643     
  -3.1536432526043580E-002   9.6871491501781468E-002
  -3.1982655924704305E-002   8.3506053651924206E-002
  -3.2192068618694204E-002   7.0098468417732582E-002
  -3.2159022585132493E-002   5.6749251083483221E-002
  -3.1871192113746685E-002   4.3552898936410268E-002
  -3.1304144410039279E-002   3.0599833563163627E-002
  -3.0425404941203004E-002   1.7978141471467427E-002
  -2.9205188784270818E-002   5.7755592541919379E-003
  -2.7611161850829746E-002  -5.9188090127125980E-003
  -2.5601187483130412E-002  -1.7012243799265078E-002
  -2.3131282607325825E-002  -2.7403182533905241E-002
  -2.0163929907525486E-002  -3.6975359882091788E-002
  -1.6675439360274949E-002  -4.5590688650547051E-002
  -1.2635494940115895E-002  -5.3081090529728564E-002
  -7.9905185970999514E-003  -5.9241686479671589E-002
  -2.7088227395099078E-003  -6.3822682262431790E-002
   3.1867967258582459E-003  -6.6530136884717483E-002
   9.6263773333722085E-003  -6.7041347009754740E-002
   1.6469106650644088E-002  -6.5025468092225605E-002
   2.3587753498591824E-002  -6.0173012212540594E-002
   3.0902024418203045E-002  -5.2218797517082631E-002
   3.8279829939712268E-002  -4.0957827461274042E-002
   4.5389935304771790E-002  -2.6274160431603629E-002
   5.1713588137302174E-002  -8.1982558157618641E-003
   5.6693192796912359E-002   1.3011942349197409E-002
   5.9793198464558002E-002   3.6796997836947974E-002
   6.0498183457256063E-002   6.2259757194068802E-002
   5.8504449484332165E-002   8.8185417725339971E-002
   5.3863901140940203E-002  0.11315038388684132     
   4.7027243539725497E-002  0.13572040452845713     
   3.8798456276260024E-002  0.15469561872071402     
   3.0075927732859605E-002  0.16932989880724031     
   2.1541980772455321E-002  0.17943469268159556     
   1.3532315947062229E-002  0.18531497486327070     
   6.1562217411698364E-003  0.18757081524078018     
  -4.9887530917962360E-004  0.18686904135938134     
  -6.3530093624310120E-003  0.18378827985729801     
  -1.1393719958535109E-002  0.17876575402922118     
  -1.5659537601216023E-002  0.17211638511668792     
  -1.9238881516013343E-002  0.16408007215964654     
  -2.2225678657040230E-002  0.15485913406789675     
  -2.4713472785721891E-002  0.14463590837373225     
  -2.6792564307075738E-002  0.13357245485991576     
  -2.8540066795666494E-002  0.12180449273089812     
  -3.0015028216081631E-002  0.10943767966442380     
  -3.1256410968132156E-002   9.6551774713793115E-002
  -3.2277828284252116E-002   8.3211199115322626E-002
  -3.3074469258455030E-002   6.9478921738770613E-002
  -3.3624235985338709E-002   5.5429164865966489E-002
  -3.3899242338680212E-002   4.1156378599932396E-002
  -3.3859427274206225E-002   2.6777875021149106E-002
  -3.3469254159237363E-002   1.2434537540839835E-002
  -3.2682392204891338E-002  -1.7129381100687623E-003
  -3.1454168436236815E-002  -1.5486380101116420E-002
  -2.9746793602012749E-002  -2.8690753493245204E-002
  -2.7520343876065192E-002  -4.1116257534683391E-002
  -2.4753837434876327E-002  -5.2538533202590193E-002
  -2.1433267063913231E-002  -6.2720125167459867E-002
  -1.7542239701447498E-002  -7.1422765836557392E-002
  -1.3085048421355147E-002  -7.8405754388423995E-002
  -8.0778515495983673E-003  -8.3431658563032418E-002
  -2.5521465355483682E-003  -8.6275638419568854E-002
   3.4078527251290894E-003  -8.6716528848692520E-002
   9.7387481397211706E-003  -8.4563993112618127E-002
   1.6342774818983809E-002  -7.9660075291172694E-002
   2.3038992204795435E-002  -7.1871046986064280E-002
   2.9628142867966514E-002  -6.1137097130158961E-002
   3.5885299094537679E-002  -4.7497200666988593E-002
   4.1517837167642797E-002  -3.1091212776964972E-002
   4.6208913245129525E-002  -1.2202416485853398E-002
   4.9615742006500131E-002   8.7456731601692310E-003
   5.1427072029417008E-002   3.1149240524695095E-002
   5.1484491429428188E-002   5.4153749290486726E-002
   4.9763226171355215E-002   7.6759359080856640E-002
   4.6378161154893613E-002   9.8036274741015464E-002
   4.1584641037894998E-002  0.11723309803907359     
   3.5704725125535547E-002  0.13377819995682569     
   2.9075093577384230E-002  0.14728236165272757     
   2.2040026265022886E-002  0.15755474473139067     
   1.4922518976135828E-002  0.16458273991672348     
   7.9860774032459534E-003  0.16848106192625839     
   1.4316949151337340E-003  0.16945113364850820     
  -4.5897886280421088E-003  0.16775709141934098     
  -9.9803490101169467E-003  0.16370182292416283     
  -1.4699886244044988E-002  0.15760014214914222     
  -1.8756627898039450E-002  0.14975587730449127     
  -2.2189015705320128E-002  0.14044712319729916     
  -2.5049463931239156E-002  0.12992107061782321     
  -2.7393044808731296E-002  0.11839622594244903     
  -2.9271650561837538E-002  0.10606699556471155     
  -3.0732430175729946E-002   9.3107448788118566E-002
  -3.1817541000133204E-002   7.9674117768062630E-002
  -3.2563987549982777E-002   6.5908360146781156E-002
  -3.3004099785891132E-002   5.1938144679498664E-002
  -3.3166320470740619E-002   3.7878920948937272E-002
  -3.3074906145992303E-002   2.3833842427100946E-002
  -3.2747675894239402E-002   9.8945052915927010E-003
  -3.2192248290079814E-002  -3.8563160943299738E-003
  -3.1402260677018019E-002  -1.7339170030672264E-002
  -3.0355276878319442E-002  -3.0470217105620326E-002
  -2.9013282684989424E-002  -4.3152877351603017E-002
  -2.7325476664177058E-002  -5.5270507576253514E-002
  -2.5232424906607834E-002  -6.6681114562096536E-002
  -2.2670806285788301E-002  -7.7214320036703032E-002
  -1.9578424450727442E-002  -8.6670367653780361E-002
  -1.5899411794618509E-002  -9.4820871619045455E-002
  -1.1589625577730333E-002 -0.10141097660643804     
  -6.6225018502938130E-003 -0.10616257303887264     
  -9.9627072271075848E-004 -0.10877849291512359     
   5.2559064511942368E-003 -0.10894860386506541     
   1.2051451324911646E-002 -0.10636052591303949     
   1.9239846950017975E-002 -0.10071980436656575     
   2.6583975740309605E-002  -9.1785511995633132E-002
   3.3749811696902242E-002  -7.9425406553745886E-002
   4.0316332553983585E-002  -6.3687634902790363E-002
   4.5816012413983635E-002  -4.4872912120875921E-002
   4.9806464845621193E-002  -2.3576987465304435E-002
   5.1956929868977035E-002  -6.7023256635167681E-004
   5.2118870620302460E-002   2.2799063627472003E-002
   5.0351215032510638E-002   4.5753739354976106E-002
   4.6891330010623983E-002   6.7236198979020431E-002
   4.2089168093942919E-002   8.6506993919286457E-002
   3.6334901802694976E-002  0.10307636647879129     
   3.0003341493137409E-002  0.11668403885250053     
   2.3421845550155116E-002  0.12725434719747380     
   1.6856268837025637E-002  0.13484726670268296     
   1.0506861621532373E-002  0.13961441937663266     
   4.5094152816935020E-003  0.14176171453525360     
  -1.0590703758678894E-003  0.14151832435824541     
  -6.1695525699737791E-003  0.13911270087244523     
  -1.0825661098308440E-002  0.13475716202370824     
  -1.5046848265019550E-002  0.12864182352928399     
  -1.8853869075829078E-002  0.12093679817269916     
  -2.2259650416001232E-002  0.11179972246902597     
  -2.5266463049001837E-002  0.10138477524362882     
  -2.7868058940570928E-002   8.9849879857115053E-002
  -3.0054176062481841E-002   7.7360366275364675E-002
  -3.1814879955989785E-002   6.4089117354315356E-002
  -3.3143176646939498E-002   5.0214396844659226E-002
  -3.4035514479607856E-002   3.5916919497956772E-002
  -3.4490695201474533E-002   2.1377439818437975E-002
  -3.4508141429793464E-002   6.7755255543127573E-003
  -3.4086449144833379E-002  -7.7104551268368706E-003
  -3.3222837248620199E-002  -2.1902563213692747E-002
  -3.1913689252837212E-002  -3.5622356594658219E-002
  -3.0156055807057380E-002  -4.8690370286491945E-002
  -2.7949848557564511E-002  -6.0926424372012254E-002
  -2.5300447721692942E-002  -7.2151037909918725E-002
  -2.2221389849374301E-002  -8.2188143683300324E-002
  -1.8736550474820601E-002  -9.0869144224788173E-002
  -1.4880879352621706E-002  -9.8037910490909264E-002
  -1.0698731885600384E-002 -0.10355550934039275     
  -6.2397988236821749E-003 -0.10730258270232645     
  -1.5548142787576008E-003 -0.10917729527342804     
   3.3042047578770999E-003 -0.10908874702219316     
   8.2734956948786464E-003 -0.10695006946968136     
   1.3254149139980248E-002 -0.10268065257292265     
   1.8080830451924140E-002  -9.6229715452128092E-002
   2.2498294727530493E-002  -8.7629289385838027E-002
   2.6168892285263683E-002  -7.7069878875957579E-002
   2.8729202898242531E-002  -6.4968343059184780E-002
   2.9889628018463291E-002  -5.1979625891365740E-002
   2.9536566706590769E-002  -3.8916785564825515E-002
   2.7781550360880588E-002  -2.6595165600234283E-002
   2.4928268835177462E-002  -1.5670468829339569E-002
   2.1379932470743584E-002  -6.5440768673705506E-003
   1.7539630625098855E-002   6.4186978166751781E-004
   1.3743064177428972E-002   5.9493963171916723E-003
   1.0230924680226813E-002   9.5718532420536236E-003
   7.1494998677360359E-003   1.1769298381340299E-002
   4.5663223125943057E-003   1.2821145012013540E-002
   2.4909053482649358E-003   1.2996167818757611E-002
   8.9415649806613717E-004   1.2535893459095124E-002
  -2.7599206251339146E-004   1.1646754087011327E-002
  -1.0827480474402500E-003   1.0497781246491403E-002
  -1.5920161001143822E-003   9.2218332873113176E-003
  -1.8668749670768166E-003   7.9188921726407561E-003
  -1.9642775000790857E-003   6.6604190898457843E-003
  -1.9333743878622079E-003   5.4941366129484031E-003
  -1.8150649474786248E-003   4.4487564630423118E-003
  -1.6423776957424808E-003   3.5382726885032582E-003
  -1.4412650457877865E-003   2.7656232466648839E-003
  -1.2314988135084003E-003   2.1257114634432831E-003
  -1.0274972081036283E-003   1.6078933381337506E-003
  -8.3904702039632102E-004   1.1980662092661892E-003
  -6.7198209009216854E-004   8.8044799886232198E-004
  -5.2889568050685739E-004   6.3905410473915616E-004
  -4.0990683941167572E-004   4.5882654487633618E-004
  -3.1343332288459217E-004   3.2637932087389691E-004
  -2.3689470357472674E-004   2.3037371122008264E-004
  -1.7728262324593608E-004   1.6158830706304228E-004
  -1.3157035600844515E-004   1.1277655146188575E-004
  -9.6968600383398444E-005   7.8405038626401467E-005
  -7.1055996766128027E-005   5.4347789415009374E-005
  -5.1820118452797452E-005   3.7587294950773323E-005
  -3.7642370723813508E-005   2.5950629055785896E-005
  -2.7253259881656429E-005   1.7891906406334099E-005
  -1.9676313017905459E-005   1.2321465339365775E-005
  -1.4171732343347222E-005   8.4764665080951372E-006
  -1.0185582600593257E-005   5.8254781504018393E-006
  -7.3068659842906464E-006   3.9995334818553790E-006
  -5.2328011666377653E-006   2.7430501875398834E-006
  -3.7415723628931948E-006   1.8792584752453227E-006
  -2.6713979269815475E-006   1.2860278643295423E-006
  -1.9047051609189645E-006   8.7904734335320794E-007
  -1.3563042816650045E-006   6.0015710014518781E-007
  -9.6462663740153322E-007   4.0926781015189149E-007
  -6.8527498403322012E-007   2.7876965638133219E-007
  -4.8629928624898000E-007   1.8966598121660372E-007
  -3.4474998915428078E-007   1.2890051998164776E-007
  -2.4417135722855135E-007   8.7510445861042217E-008
  -1.7278343113728042E-007   5.9350757720571959E-008
  -1.2216660203976428E-007   4.0213919887881967E-008
  -8.6311940479474759E-008   2.7222850950541631E-008
  -6.0936980807938610E-008   1.8412854338807783E-008
  -4.2993710704476437E-008   1.2444046019486585E-008
  -3.0315424540891199E-008   8.4038192474114605E-009
  -2.1363693173160702E-008   5.6713526423970429E-009
  -1.5047369908879697E-008   3.8248119571218877E-009
  -1.0593329638974236E-008   2.5778868207598948E-009
  -7.4542928176235172E-009   1.7364522763061490E-009
  -5.2431873115844762E-009   1.1690149234090407E-009
  -3.6864693906147134E-009   7.8658633464427116E-010
  -2.5909684777315453E-009   5.2899406903551845E-010
  -1.8203644810676160E-009   3.5558235082068513E-010
  -1.2785167875665676E-009   2.3890185899909330E-010
  -8.9766069075346243E-010   1.6043230054225682E-010
  -6.3005760872998214E-010   1.0768572981457529E-010
  -4.4209336346400875E-010   7.2246667708820196E-011
  -3.1010993200609060E-010   4.8447151857924824E-011
  -2.1746354980337104E-010   3.2471706876594109E-011
  -1.5244967672781623E-010   2.1753160238501934E-011
  -1.0684024723269571E-010   1.4565057549953648E-011
  -7.4853087659965067E-011   9.7468707392422755E-012
  -5.2426174006097124E-011   6.5188389243575286E-012
  -3.6706791092199720E-011   4.3572709233574211E-012
  -2.5692108245694342E-011   2.9106079772908419E-012
  -1.7976388547388610E-011   1.9429498573261434E-012
  -1.2573259820169880E-011   1.2960757257308321E-012
  -8.7908012819286110E-012   8.6391396510569463E-013
  -6.1437785739141012E-012   5.7538767632091021E-013
  -4.2919980998290099E-012   3.8289286465166150E-013
  -2.9970199256171854E-012   2.5456304442374857E-013
  -2.0917703698457083E-012   1.6907811054627633E-013
  -1.4592159042658823E-012   1.1218212433419065E-013
  -1.0174003148795998E-012   7.4348465160587631E-014
  -7.0894921456231048E-013   4.9215009370404728E-014
  -4.9371004861799289E-013   3.2535879629349901E-014
  -3.4359223485711309E-013   2.1479585723903718E-014
  -2.3895071529486609E-013   1.4159338589548065E-014
  -1.6605194786122643E-013   9.3189093073378476E-015
  -1.1529885120228548E-013   6.1226451071566845E-015
  -7.9987751943207716E-014   4.0151958281845859E-015
  -5.5438150644341379E-014   2.6278709682214252E-015
  -3.8383682196552926E-014   1.7161707235965783E-015
  -2.6546016116403030E-014   1.1181449449855360E-015
  -1.8336850151998044E-014   7.2665843445676143E-016
  -1.2649566708799634E-014   4.7093465418393818E-016
  -8.7136314942820799E-015   3.0428538446198257E-016
  -5.9928817665116809E-015   1.9596123789042593E-016
  -4.1145054861763264E-015   1.2574495612147860E-016
  -2.8194738093793678E-015   8.0368562201123677E-017
  -1.9279637838944856E-015   5.1142100132621898E-017
  -1.3152508016035470E-015   3.2386366181355538E-017
  -8.9491025536419256E-016   2.0398540378778510E-017
  -6.0711948830199582E-016   1.2770594168201029E-017
  -4.1051685212173897E-016   7.9409201734156427E-018
  -2.7654024629485710E-016   4.8999233482622186E-018
  -1.8549296091911081E-016   2.9970909151930425E-018
  -1.2381206673733291E-016   1.8148359501556934E-018
  -8.2173448047219715E-017   1.0861981232221176E-018
  -5.4178482287304477E-017   6.4129286551832537E-019
  -3.5444767163992402E-017   3.7256457521967125E-019
  -2.2977279776894084E-017   2.1231050377889637E-019
  -1.4733983737303880E-017   1.1819146022433786E-019
  -9.3261154587562142E-018   6.3926492349534273E-020
  -5.8116331823897643E-018   3.3342168283686624E-020
  -3.5530043324516156E-018   1.6585349367736276E-020
  -2.1193051650627047E-018   7.7261505556023245E-021
  -1.2188611770157600E-018   3.2540989088781869E-021
  -6.5263944236953428E-019   1.1386075582962264E-021
  -2.8044374433681459E-019   2.3820711299532667E-022
  -0.0000000000000000        0.0000000000000000     
