 Initial conditions outputted from a previous simulation. Time =    33.600000000000001     
   40.000000000000000        0.0000000000000000              500           1   33.600000000000001     
   2.9371262633770068E-003  0.14947051209279125     
  -3.6751394134798884E-003  0.14708679246725354     
  -9.5764353697167428E-003  0.14223811536628109     
  -1.4769067987373510E-002  0.13523617324739384     
  -1.9281492442711125E-002  0.12637842140445940     
  -2.3154415706445129E-002  0.11593276123113427     
  -2.6441582785028919E-002  0.10413971709131396     
  -2.9196648015425947E-002   9.1215329516570451E-002
  -3.1471958547653806E-002   7.7352063911290944E-002
  -3.3316058954699447E-002   6.2721457985186663E-002
  -3.4771793912073891E-002   4.7477122209938161E-002
  -3.5875832699487492E-002   3.1757735844132114E-002
  -3.6658790852400112E-002   1.5690338774027285E-002
  -3.7145895821301657E-002  -6.0598051740206184E-004
  -3.7358487787390156E-002  -1.7015655804924139E-002
  -3.7316382182035451E-002  -3.3420686682885239E-002
  -3.7040671620137147E-002  -4.9692058890839684E-002
  -3.6555351487559798E-002  -6.5677697544787403E-002
  -3.5884261043757623E-002  -8.1188062169334010E-002
  -3.5039428979873208E-002  -9.5984730365796744E-002
  -3.4001008884353777E-002 -0.10978127825749275     
  -3.2696943347228370E-002 -0.12226397663535564     
  -3.0995884580119624E-002 -0.13312979989984783     
  -2.8723129716576749E-002 -0.14212693877966731     
  -2.5697461433217363E-002 -0.14907860911490090     
  -2.1775184012414382E-002 -0.15387848752910652     
  -1.6884066801556543E-002 -0.15645989053793083     
  -1.1035811693810522E-002 -0.15675205287477834     
  -4.3168714593241897E-003 -0.15464082094142517     
   3.1323064366801526E-003 -0.14994790943434322     
   1.1135171054865535E-002 -0.14243526268964388     
   1.9482878614784545E-002 -0.13183310904335116     
   2.7922085560677327E-002 -0.11788600094897714     
   3.6135344982389003E-002 -0.10041145575448926     
   4.3729040148737033E-002  -7.9368156482948940E-002
   5.0245408002301636E-002  -5.4930072853005975E-002
   5.5211923875470310E-002  -2.7553034303966197E-002
   5.8223694544665305E-002   1.9957892082661903E-003
   5.9025971407720541E-002   3.2676540650942290E-002
   5.7559463670853975E-002   6.3289364124847203E-002
   5.3961739942601977E-002   9.2633769139155206E-002
   4.8539100348762416E-002  0.11966473872716395     
   4.1716900529090155E-002  0.14359908345752465     
   3.3974506970416797E-002  0.16395810364055982     
   2.5780015910862038E-002  0.18055324840283690     
   1.7539425793965429E-002  0.19342811885305114     
   9.5680238787747320E-003  0.20278070012570026     
   2.0850721844502661E-003  0.20889330169150652     
  -4.7750530495322659E-003  0.21208391286548817     
  -1.0945769784938766E-002  0.21267716924975316     
  -1.6411098884628075E-002  0.21098850714842426     
  -2.1189260350084144E-002  0.20731622389971341     
  -2.5318026329344587E-002  0.20193749563524033     
  -2.8843713587685137E-002  0.19510606055673560     
  -3.1814548307069625E-002  0.18705090463038435     
  -3.4277706892473871E-002  0.17797604239022602     
  -3.6278680610072236E-002  0.16806165994922992     
  -3.7861378358670254E-002  0.15746670784936931     
  -3.9067666847296713E-002  0.14633253566994359     
  -3.9935832246816579E-002  0.13478675653321423     
  -4.0498214692106994E-002  0.12294655375427999     
  -4.0778674388947805E-002  0.11092101899336862     
  -4.0790602046554464E-002   9.8812605966443742E-002
  -4.0536085986913092E-002   8.6718221346751362E-002
  -4.0006570370766374E-002   7.4730712780926356E-002
  -3.9184662009511505E-002   6.2941466517478159E-002
  -3.8046078537201114E-002   5.1444386523986134E-002
  -3.6561155220847436E-002   4.0340883281766736E-002
  -3.4695952001773167E-002   2.9745255912723367E-002
  -3.2412457816019244E-002   1.9790341167795086E-002
  -2.9667652941526009E-002   1.0632971116093520E-002
  -2.6411979954427480E-002   2.4574018516707575E-003
  -2.2589597137186470E-002  -4.5239510473252574E-003
  -1.8141442757230054E-002  -1.0070169030512390E-002
  -1.3013032712581750E-002  -1.3911175011667443E-002
  -7.1654005475414034E-003  -1.5749487891430596E-002
  -5.8513549606168758E-004  -1.5261483466857271E-002
   6.6958435597464566E-003  -1.2095885444282573E-002
   1.4580886873254753E-002  -5.8825279790889725E-003
   2.2901366513955544E-002   3.7380837004141279E-003
   3.1391233601713815E-002   1.7070789930391253E-002
   3.9674392324481285E-002   3.4300937847659273E-002
   4.7272394660129245E-002   5.5407026061035772E-002
   5.3616426017150845E-002   8.0064196531273807E-002
   5.8118877511663225E-002  0.10756638355569367     
   6.0340587867051383E-002  0.13682958593881886     
   6.0050945221201996E-002  0.16652266608142738     
   5.7265223945847800E-002  0.19525395947350183     
   5.2295066987262578E-002  0.22176088910072375     
   4.5647562293398676E-002  0.24508978546399734     
   3.7886521534939169E-002  0.26468357028994199     
   2.9556683908294679E-002  0.28033449462441912     
   2.1114140916063926E-002  0.29208598096130384     
   1.2906506276859093E-002  0.30014789871267006     
   5.1838129962557154E-003  0.30482381090451399     
  -1.9168487239310463E-003  0.30645468259242714     
  -8.3086106536577001E-003  0.30538642274223721     
  -1.3957344746960235E-002  0.30196019787547723     
  -1.8875935049521397E-002  0.29650213338225728     
  -2.3105093059533652E-002  0.28931005077698652     
  -2.6708556108047489E-002  0.28064267441671886     
  -2.9758532072153683E-002  0.27071800138878066     
  -3.2318443766082242E-002  0.25971948775378345     
  -3.4451252103680101E-002  0.24780725614660082     
  -3.6206910095952567E-002  0.23512863445129734     
  -3.7620412621439239E-002  0.22182274756157491     
  -3.8700691344280003E-002  0.20801783748949298     
  -3.9440492654469736E-002  0.19383320159698122     
  -3.9828346308667377E-002  0.17938474937390117     
  -3.9858692525914743E-002  0.16479257373711262     
  -3.9532840807125672E-002  0.15018625542709416     
  -3.8840421260104584E-002  0.13570445431841585     
  -3.7780418001009203E-002  0.12149698708075361     
  -3.6345168472821730E-002  0.10771970408904806     
  -3.4518649145817711E-002   9.4529120744689804E-002
  -3.2301647940776376E-002   8.2082664424107776E-002
  -2.9703581842916514E-002   7.0531732137304015E-002
  -2.6752403347239863E-002   6.0018530843141162E-002
  -2.3460804398375175E-002   5.0677132769981974E-002
  -1.9765896781985495E-002   4.2639448500496474E-002
  -1.5563663055394554E-002   3.6062205311563011E-002
  -1.0742633001952037E-002   3.1153704622406936E-002
  -5.2201672492789772E-003   2.8187136747677827E-002
   1.0245464295520542E-003   2.7499228526996173E-002
   7.9407311143921099E-003   2.9464757325962231E-002
   1.5385558949324869E-002   3.4456640044990383E-002
   2.3150370252032690E-002   4.2798354175172200E-002
   3.0998167911751268E-002   5.4711762387633957E-002
   3.8607833858626560E-002   7.0277280746367243E-002
   4.5607068036877273E-002   8.9391590769054216E-002
   5.1567016291459017E-002  0.11173266596476254     
   5.6035820250766408E-002  0.13673392751199609     
   5.8579944689163561E-002  0.16357785106882042     
   5.8871589300121159E-002  0.19121996551428416     
   5.6750190899627836E-002  0.21845945935624891     
   5.2321588857941553E-002  0.24405174026761856     
   4.5942859584549106E-002  0.26685621687296884     
   3.8209951328646699E-002  0.28598576318518054     
   2.9763768926110188E-002  0.30092634517270589     
   2.1172938824370744E-002  0.31157009162101990     
   1.2865308151958377E-002  0.31815195271596719     
   5.1039777131206172E-003  0.32111447105634217     
  -1.9679738208051218E-003  0.32095802100373799     
  -8.2513939459260902E-003  0.31813706045966444     
  -1.3730421082036112E-002  0.31302631139764192     
  -1.8438004932536944E-002  0.30593389403251431     
  -2.2441298859704598E-002  0.29713517962347924     
  -2.5803721840759995E-002  0.28689248612039780     
  -2.8587039745235909E-002  0.27546134846067472     
  -3.0845223417410687E-002  0.26308329070313197     
  -3.2598839961822855E-002  0.24997342883151627     
  -3.3883214390341226E-002  0.23631846446350574     
  -3.4771883905753045E-002  0.22227677342460031     
  -3.5338743111576219E-002  0.20797669501827745     
  -3.5654128731880078E-002  0.19351672492290650     
  -3.5766296405778754E-002  0.17896721914215752     
  -3.5672874700371345E-002  0.16437890898123855     
  -3.5337177387930262E-002  0.14980016568963475     
  -3.4736679443173483E-002  0.13529719900431780     
  -3.3882901860890866E-002  0.12096498820451874     
  -3.2798485729711918E-002  0.10692297832767013     
  -3.1505220431587960E-002   9.3303588916308425E-002
  -2.9961495994342398E-002   8.0237823250800949E-002
  -2.8073703182925631E-002   6.7854924940619010E-002
  -2.5751243445254406E-002   5.6294880211720237E-002
  -2.2943286585093144E-002   4.5721925426394680E-002
  -1.9625018549718144E-002   3.6330977948920817E-002
  -1.5781508326496593E-002   2.8345205867520467E-002
  -1.1371037419248336E-002   2.2007720524479794E-002
  -6.3385783984821189E-003   1.7579232234644641E-002
  -6.2362579806424245E-004   1.5338570180618403E-002
   5.7760208699885792E-003   1.5588275051787701E-002
   1.2825884173377678E-002   1.8648968887184716E-002
   2.0447368031139924E-002   2.4842339448509602E-002
   2.8445181749567783E-002   3.4459222369470327E-002
   3.6522261984053242E-002   4.7698328013692809E-002
   4.4186906225643197E-002   6.4593865657376973E-002
   5.0822643898028416E-002   8.4927338127536764E-002
   5.5785951215558245E-002  0.10816038674695809     
   5.8546420929704593E-002  0.13341680570552478     
   5.8769055407692151E-002  0.15953766073501613     
   5.6440324304313012E-002  0.18521016578665256     
   5.1834018682278313E-002  0.20914959953577469     
   4.5489776395418791E-002  0.23027438974439271     
   3.7987146844479562E-002  0.24784609681628630     
   2.9928633347062548E-002  0.26150900916729009     
   2.1811809398001855E-002  0.27125670741009261     
   1.4007584015349931E-002  0.27733833067000341     
   6.7314691097725247E-003  0.28014350396520044     
   1.3368545672973951E-004  0.28009884108658334     
  -5.7158822357482961E-003  0.27760571348202173     
  -1.0801518152676843E-002  0.27301057972580772     
  -1.5177082688134572E-002  0.26660706834380254     
  -1.8912369055630641E-002  0.25864231472387822     
  -2.2116955478753721E-002  0.24932938090649717     
  -2.4897379495333560E-002  0.23885304901714741     
  -2.7316291442456928E-002  0.22737199082404763     
  -2.9391014241534251E-002  0.21502612862083323     
  -3.1134879469138139E-002  0.20194527111112406     
  -3.2577660363069735E-002  0.18825438125639482     
  -3.3740661306475059E-002  0.17407183852860403     
  -3.4624743186710959E-002  0.15950548759114005     
  -3.5195722685155591E-002  0.14465170416694845     
  -3.5422246247592340E-002  0.12960278652192256     
  -3.5297578869982381E-002  0.11445617261887192     
  -3.4849132003391077E-002   9.9323337881489712E-002
  -3.4107990456266245E-002   8.4331594415601938E-002
  -3.3094799340956209E-002   6.9622618206826747E-002
  -3.1811931400928785E-002   5.5348395578867927E-002
  -3.0241065359863230E-002   4.1665165082517566E-002
  -2.8337364001133687E-002   2.8729886366700531E-002
  -2.6030079935262872E-002   1.6700411018317405E-002
  -2.3221893156828970E-002   5.7407947546202322E-003
  -1.9834570309103714E-002  -3.9654261810133217E-003
  -1.5832607525604517E-002  -1.2208078532672634E-002
  -1.1247961194038567E-002  -1.8746217121645745E-002
  -6.0979920799653503E-003  -2.3314233471754212E-002
  -3.4927280864170598E-004  -2.5633515966714326E-002
   5.9681084853953504E-003  -2.5414273814985119E-002
   1.2739573723151794E-002  -2.2373342787152410E-002
   1.9846553191521392E-002  -1.6268272183201503E-002
   2.7077970225281429E-002  -6.9200269572688988E-003
   3.4267039686202476E-002   5.7418601119447830E-003
   4.1175315001988996E-002   2.1653590351817350E-002
   4.7357284935672921E-002   4.0591101820956675E-002
   5.2324303394179865E-002   6.2117331081234031E-002
   5.5530782659293024E-002   8.5555790348836799E-002
   5.6513611721653201E-002  0.10998555045817057     
   5.5168672943462338E-002  0.13428448047312919     
   5.1680918003881790E-002  0.15726062210285877     
   4.6401511270417473E-002  0.17781491896899015     
   3.9738666715841198E-002  0.19510057712430948     
   3.2220870395594153E-002  0.20861830290067690     
   2.4452845744412366E-002  0.21823389532294096     
   1.6785998625318304E-002  0.22414122755992694     
   9.5092450761431989E-003  0.22673405601972083     
   2.8261678919887395E-003  0.22647943207453455     
  -3.2852834735977686E-003  0.22382881526164378     
  -8.8599889627404040E-003  0.21915186762460551     
  -1.3836889241392872E-002  0.21272636395444836     
  -1.8179978252080536E-002  0.20477078949568656     
  -2.1890286099258430E-002  0.19547326155607761     
  -2.5032859852829780E-002  0.18501433117562435     
  -2.7631800283208555E-002  0.17356693138097334     
  -2.9731481783016434E-002  0.16129845093331072     
  -3.1375425446258792E-002  0.14836721893848287     
  -3.2607118656314722E-002  0.13492196152814354     
  -3.3481921874398392E-002  0.12110211245108986     
  -3.4062578383331467E-002  0.10703494449239491     
  -3.4400809279282928E-002   9.2831099334482511E-002
  -3.4529191889312263E-002   7.8581192339628778E-002
  -3.4462155566997492E-002   6.4357058355611882E-002
  -3.4199671683102117E-002   5.0218020968016884E-002
  -3.3723572150454802E-002   3.6219969812159948E-002
  -3.3004461855026444E-002   2.2426680397619702E-002
  -3.2001706925967537E-002   8.9201017550376866E-003
  -3.0657014951428630E-002  -4.1925886355064206E-003
  -2.8896731175509595E-002  -1.6773208373750133E-002
  -2.6659466054659811E-002  -2.8647877796143816E-002
  -2.3870004953681141E-002  -3.9608182588601465E-002
  -2.0466501913669735E-002  -4.9410300070409849E-002
  -1.6406490349593617E-002  -5.7780807323956698E-002
  -1.1655160045261259E-002  -6.4424348884713517E-002
  -6.2415612230909993E-003  -6.9030679819047702E-002
  -2.0656751913628030E-004  -7.1290945474093495E-002
   6.3722207185744548E-003  -7.0908950396963669E-002
   1.3364832950378287E-002  -6.7621039610877731E-002
   2.0596533640510388E-002  -6.1216944564066789E-002
   2.7828918635456012E-002  -5.1567494185036221E-002
   3.4731441580741665E-002  -3.8657537145176626E-002
   4.0993314572252137E-002  -2.2631918122317043E-002
   4.6269003167492551E-002  -3.8261539947752198E-003
   5.0210822790273828E-002   1.7218716417613963E-002
   5.2573194331627986E-002   3.9768933833284809E-002
   5.3142827478659276E-002   6.2956020262640897E-002
   5.1843403980919869E-002   8.5843378782889626E-002
   4.8806965209406736E-002  0.10751927119868825     
   4.4288692813847758E-002  0.12719418392754808     
   3.8643289307436914E-002  0.14428225384131135     
   3.2259457527978201E-002  0.15842802228191072     
   2.5450190713879946E-002  0.16949604099537519     
   1.8532966068856717E-002  0.17749817539196086     
   1.1723187257197624E-002  0.18253636399287418     
   5.1369524419064318E-003  0.18476724340666803     
  -1.0884261357814492E-003  0.18437832737423934     
  -6.8640389084592647E-003  0.18157357466112808     
  -1.2131909200202108E-002  0.17656889980471666     
  -1.6844003172709628E-002  0.16958675489120728     
  -2.0982309095513553E-002  0.16086194823385833     
  -2.4540897505290298E-002  0.15064858527317085     
  -2.7524253965302760E-002  0.13919820402795691     
  -2.9953771112730832E-002  0.12674428804581073     
  -3.1860748786986547E-002  0.11350489706698177     
  -3.3280667398098644E-002   9.9684329628162524E-002
  -3.4248745416429346E-002   8.5471553555834773E-002
  -3.4804080437879130E-002   7.1040051163171594E-002
  -3.4989190803064847E-002   5.6545117639372394E-002
  -3.4845697739086696E-002   4.2119846947685585E-002
  -3.4408923840419194E-002   2.7876336804292329E-002
  -3.3702373469105019E-002   1.3911748967944455E-002
  -3.2735834415277693E-002   3.1512184666144957E-004
  -3.1507308839960474E-002  -1.2826761759081443E-002
  -3.0004741312015217E-002  -2.5424621127547939E-002
  -2.8206200772206338E-002  -3.7382488915753881E-002
  -2.6080509426366676E-002  -4.8593390747136138E-002
  -2.3589439044272954E-002  -5.8935454021669290E-002
  -2.0690350372405675E-002  -6.8269574461567256E-002
  -1.7337297363420472E-002  -7.6438192823070267E-002
  -1.3480163873147781E-002  -8.3262831064664200E-002
  -9.0648584650150719E-003  -8.8538429786929232E-002
  -4.0397926653544256E-003  -9.2025669909446342E-002
   1.6281228071980557E-003  -9.3446170328637584E-002
   7.9298133778280371E-003  -9.2486902843658542E-002
   1.4788692840547398E-002  -8.8818432302964087E-002
   2.2040003926320956E-002  -8.2128479826022213E-002
   2.9419131387899120E-002  -7.2170365237711739E-002
   3.6562636083658326E-002  -5.8824995077621081E-002
   4.3028220470875261E-002  -4.2171283564105509E-002
   4.8340163271918805E-002  -2.2549882300283149E-002
   5.2058049531618585E-002  -5.9398173227959877E-004
   5.3851785184811894E-002   2.2797652953305988E-002
   5.3559210449584893E-002   4.6549904235829519E-002
   5.1212011605546441E-002   6.9541856420648196E-002
   4.7029264097962771E-002   9.0746206887470968E-002
   4.1381812168881024E-002  0.10934711385828745     
   3.4731124888720863E-002  0.12481134013706791     
   2.7555086461177488E-002  0.13689885462309137     
   2.0281614846071706E-002  0.14562046561448186     
   1.3244793898137243E-002  0.15116686523912454     
   6.6653459045719603E-003  0.15383226832291416     
   6.5299095863724955E-004  0.15394628528261978     
  -4.7713003686932895E-003  0.15182286204082715     
  -9.6399560460561813E-003  0.14773239155390613     
  -1.4002953344747162E-002  0.14189688681942531     
  -1.7902679881944550E-002  0.13450134963612534     
  -2.1363870415634621E-002  0.12571147975641150     
  -2.4396463246324288E-002  0.11568888158252931     
  -2.7005426813356961E-002  0.10459850029977995     
  -2.9200885504541647E-002   9.2607479593681125E-002
  -3.1003717834853589E-002   7.9878162734241989E-002
  -3.2444676154246697E-002   6.6559551524850435E-002
  -3.3557619359953196E-002   5.2781398771905151E-002
  -3.4369342193227972E-002   3.8654048570336427E-002
  -3.4889728545934862E-002   2.4275235328089294E-002
  -3.5106162451536999E-002   9.7423880425508667E-003
  -3.4984776246438296E-002  -4.8334175348980725E-003
  -3.4478461522702765E-002  -1.9316598393978254E-002
  -3.3538902614278492E-002  -3.3542913184473944E-002
  -3.2128557905762724E-002  -4.7323146145264477E-002
  -3.0228885617897158E-002  -6.0453161782092348E-002
  -2.7842580213055430E-002  -7.2727154337097200E-002
  -2.4989334423461219E-002  -8.3950259442833200E-002
  -2.1696291504402200E-002  -9.3946825143108231E-002
  -1.7985933501573487E-002 -0.10256145336205347     
  -1.3865577488851061E-002 -0.10965163142735912     
  -9.3233224155414782E-003 -0.11507347526437355     
  -4.3343132104774603E-003 -0.11866522795036077     
   1.1218361951794956E-003 -0.12023539590837021     
   7.0359409747877211E-003 -0.11956244546617950     
   1.3343800797387246E-002 -0.11641038882593234     
   1.9909167158717024E-002 -0.11055997020385684     
   2.6521353503701252E-002 -0.10184983251155112     
   3.2906879242288606E-002  -9.0218329737390399E-002
   3.8745948494806878E-002  -7.5738360567720389E-002
   4.3681752418929402E-002  -5.8647120726574860E-002
   4.7322681302104028E-002  -3.9383206440430724E-002
   4.9262107089284801E-002  -1.8636112216979795E-002
   4.9151610697759328E-002   2.6241235174360995E-003
   4.6829289460560572E-002   2.3206903309291017E-002
   4.2436636745401761E-002   4.1893203933049912E-002
   3.6428819507772145E-002   5.7696951659147254E-002
   2.9450154473393941E-002   7.0051482623377501E-002
   2.2152673192721628E-002   7.8827672693205064E-002
   1.5064651888832790E-002   8.4221365669794407E-002
   8.5484241254012681E-003   8.6611890949601769E-002
   2.8168979517621678E-003   8.6455141176258535E-002
  -2.0312080434065289E-003   8.4219069364311755E-002
  -5.9763696942140851E-003   8.0349745663266900E-002
  -9.0501328187720005E-003   7.5256264161998168E-002
  -1.1315941608095679E-002   6.9304994410060689E-002
  -1.2856884670905080E-002   6.2817288535719565E-002
  -1.3767232504709801E-002   5.6068467277719115E-002
  -1.4146026681427356E-002   4.9287601243856352E-002
  -1.4091761504196151E-002   4.2658191205690782E-002
  -1.3697577216985887E-002   3.6320206895061179E-002
  -1.3047015130131127E-002   3.0373923113106729E-002
  -1.2210775599678893E-002   2.4885639058731198E-002
  -1.1244990197074829E-002   1.9894913424055981E-002
  -1.0191477038802320E-002   1.5422482321649006E-002
  -9.0802103102059200E-003   1.1477624912290775E-002
  -7.9337318586650777E-003   8.0635702618299214E-003
  -6.7725658959637714E-003   5.1797809042281161E-003
  -5.6200844947769512E-003   2.8207030622150065E-003
  -4.5050672973695020E-003   9.7174657517249449E-004
  -3.4607540369699838E-003  -3.9554496367462600E-004
  -2.5205098135191611E-003  -1.3265804435062777E-003
  -1.7117605164019699E-003  -1.8830372945161048E-003
  -1.0507127992249678E-003  -2.1379678891103823E-003
  -5.3993992031560489E-004  -2.1681126774885746E-003
  -1.6943834331866262E-004  -2.0458988706556695E-003
   7.9782581784418780E-005  -1.8333475359520017E-003
   2.3122634893985565E-004  -1.5789342643573209E-003
   3.0894408317992211E-004  -1.3172228979519726E-003
   3.3476934979301189E-004  -1.0704130963511665E-003
   3.2683568080058890E-004  -8.5083926124091013E-004
   2.9913319093113964E-004  -6.6366448801666376E-004
   2.6175388251993326E-004  -5.0929958965010148E-004
   2.2149606811256413E-004  -3.8533302435916065E-004
   1.8258463209430722E-004  -2.8793731663883819E-004
   1.4736170082181393E-004  -2.1281360510303813E-004
   1.1687641419183771E-004  -1.5577075416620446E-004
   9.1348917090618175E-005  -1.1303812492529533E-004
   7.0511726731569660E-005  -8.1398916184541613E-005
   5.3846480694601900E-005  -5.8212205417538954E-005
   4.0738625849129589E-005  -4.1372528354754882E-005
   3.0571449604940622E-005  -2.9239817562423017E-005
   2.2777726786541027E-005  -2.0560383265160731E-005
   1.6863492941109522E-005  -1.4390762874786521E-005
   1.2414608555715697E-005  -1.0030257791069997E-005
   9.0934820881688955E-006  -6.9642914921049698E-006
   6.6308333895065426E-006  -4.8186290535159169E-006
   4.8155670557420666E-006  -3.3234073264805310E-006
   3.4845392444660192E-006  -2.2854809868939775E-006
   2.5131553169914161E-006  -1.5675307571718370E-006
   1.8072152510275430E-006  -1.0725077897788751E-006
   1.2961131800417445E-006  -7.3219066292603059E-007
   9.2732423212650968E-007  -4.9885377471113670E-007
   6.6203020913467567E-007  -3.3925536660803361E-007
   4.7170809290313522E-007  -2.3033347883576782E-007
   3.3550649171354277E-007  -1.5614590691126211E-007
   2.3825126439051121E-007  -1.0570798665162469E-007
   1.6894423974220664E-007  -7.1473250852335494E-008
   1.1964261864478554E-007  -4.8271121645316469E-008
   8.4628587735654355E-008  -3.2567463142932226E-008
   5.9797861044697825E-008  -2.1951942573468309E-008
   4.2211925158470898E-008  -1.4783925562155678E-008
   2.9771760331705183E-008  -9.9486786758263634E-009
   2.0981103102769665E-008  -6.6900122357842283E-009
   1.4775332073641668E-008  -4.4957025106714071E-009
   1.0398205536197734E-008  -3.0192362870979934E-009
   7.3133365024659888E-009  -2.0264782523281160E-009
   5.1407858257216914E-009  -1.3593942113703117E-009
   3.6117549650036331E-009  -9.1141865544230562E-010
   2.5362808369666798E-009  -6.1075512097757802E-010
   1.7802452803447761E-009  -4.0907048368540704E-010
   1.2490412515534696E-009  -2.7385060622737074E-010
   8.7598599709886569E-010  -1.8323745320299899E-010
   6.1411280495222830E-010  -1.2254569531543980E-010
   4.3036326827609335E-010  -8.1914615750288604E-011
   3.0148252095471696E-010  -5.4726611176643130E-011
   2.1112093880945843E-010  -3.6542810216956392E-011
   1.4778951019856719E-010  -2.4387210710642992E-011
   1.0341858229690436E-010  -1.6265517838525750E-011
   7.2342655232275799E-011  -1.0841920598547736E-011
   5.0585745811391417E-011  -7.2220803808623987E-012
   3.5358629514978549E-011  -4.8075031353008435E-012
   2.4705333194782483E-011  -3.1978607310080457E-012
   1.7254694368785565E-011  -2.1255037151938533E-012
   1.2045839742781675E-011  -1.4115757720887474E-012
   8.4056414675783645E-012  -9.3661711008485703E-013
   5.8627046198188301E-012  -6.2088173129387568E-013
   4.0870181328204085E-012  -4.1116443351729380E-013
   2.8476269556289704E-012  -2.7198845150496258E-013
   1.9829540390293302E-012  -1.7971290921106252E-013
   1.3799984981372621E-012  -1.1859450181200237E-013
   9.5975988620124856E-013  -7.8156581088639070E-014
   6.6702827140925950E-013  -5.1432522935153187E-014
   4.6323467623598071E-013  -3.3793474128562946E-014
   3.2144611925410654E-013  -2.2166517812804403E-014
   2.2286306617899033E-013  -1.4513543685394637E-014
   1.5436908084514273E-013  -9.4841135244046399E-015
   1.0681715253680748E-013  -6.1843869204748430E-015
   7.3831634499161604E-014  -4.0234166849493118E-015
   5.0970954303237452E-014  -2.6109888373716323E-015
   3.5142674733017146E-014  -1.6897789565831563E-015
   2.4195009059589196E-014  -1.0903384819788794E-015
   1.6631678549897735E-014  -7.0125751186410281E-016
   1.1412955756150040E-014  -4.4940796877948112E-016
   7.8169077615652876E-015  -2.8687624629793718E-016
   5.3426718745070686E-015  -1.8233082435454212E-016
   3.6430666701882073E-015  -1.1532711904274048E-016
   2.4776677018371942E-015  -7.2555462043915451E-017
   1.6801528462602747E-015  -4.5373011714932688E-017
   1.1355925837114100E-015  -2.8182925391711723E-017
   7.6466746400980140E-016  -1.7371850617983497E-017
   5.1270794806867738E-016  -1.0614772082685619E-017
   3.4208927565671668E-016  -6.4211685939113518E-018
   2.2695893718894523E-016  -3.8393994113373244E-018
   1.4958473546492343E-016  -2.2646415485027261E-018
   9.7827881036378862E-017  -1.3144511716517596E-018
   6.3396431657872427E-017  -7.4838509513416095E-019
   4.0639478860105447E-017  -4.1625697999828677E-019
   2.5715643574974775E-017  -2.2495186537408187E-019
   1.6020344854890955E-017  -1.1723259355253721E-019
   9.7916770121278217E-018  -5.8269211719037298E-020
   5.8392351272788424E-018  -2.7124004339853058E-020
   3.3576379955231651E-018  -1.1416120010716702E-020
   1.7975708879561214E-018  -3.9919671712863839E-021
   7.7231823800035748E-019  -8.3460702511186555E-022
   0.0000000000000000        0.0000000000000000     
