 Initial conditions outputted from a previous simulation. Time =    51.600000000000001     
   40.000000000000000        0.0000000000000000              500           1   51.600000000000001     
   2.9371262633316225E-003  0.14947051209281487     
  -3.6724083098784517E-003  0.14708980708339214     
  -9.5728613719808387E-003  0.14224409368715338     
  -1.4765360986804942E-002  0.13524535526175385     
  -1.9277506260063221E-002  0.12639119221708583     
  -2.3150910825118488E-002  0.11594929015558300     
  -2.6438223725583108E-002  0.10416030685271239     
  -2.9192881099450022E-002   9.1240201133264989E-002
  -3.1466884291547412E-002   7.7381323037554503E-002
  -3.3308055113574736E-002   6.2755059770065319E-002
  -3.4758181444110407E-002   4.7514709310837192E-002
  -3.5852132815667556E-002   3.1798342149583179E-002
  -3.6617394387208624E-002   1.5731752335719135E-002
  -3.7073861093377763E-002  -5.6859187233242528E-004
  -3.7233833751539706E-002  -1.6992623891664237E-002
  -3.7102271566053571E-002  -3.3433718864961368E-002
  -3.6677242778332356E-002  -4.9785535756098225E-002
  -3.5950641416594251E-002  -6.5938398908299889E-002
  -3.4908988158060289E-002  -8.1774858860112570E-002
  -3.3533643261689818E-002  -9.7164343556372351E-002
  -3.1799474845367527E-002 -0.11195770100305590     
  -2.9671803093035534E-002 -0.12598344657296548     
  -2.7103189811038653E-002 -0.13904743006191370     
  -2.4032735345749904E-002 -0.15093595303974947     
  -2.0389739057591547E-002 -0.16142039116685447     
  -1.6101853938128248E-002 -0.17026069303765223     
  -1.1106746249815903E-002 -0.17720579780040219     
  -5.3655955911512485E-003 -0.18199042415729610     
   1.1238345994213689E-003 -0.18433004207500500     
   8.3160706232241009E-003 -0.18391899207310947     
   1.6107548175044246E-002 -0.18043850447484275     
   2.4323805908946620E-002 -0.17357967651980616     
   3.2703259021248238E-002 -0.16308277279934749     
   4.0882909152489440E-002 -0.14879239623354140     
   4.8398440264782856E-002 -0.13072820068227786     
   5.4714161629339994E-002 -0.10916613908605294     
   5.9292020025095989E-002  -8.4709560415290125E-002
   6.1691091650012998E-002  -5.8310262824109185E-002
   6.1666689311434007E-002  -3.1199745508449700E-002
   5.9228488024656183E-002  -4.7265698403499336E-003
   5.4632582569947526E-002   1.9850637493737749E-002
   4.8314884542862084E-002   4.1537065374350091E-002
   4.0798010368594824E-002   5.9687489446354269E-002
   3.2604907542400537E-002   7.3999501500422296E-002
   2.4197503737089530E-002   8.4446661442322393E-002
   1.5943989526290961E-002   9.1191361472372806E-002
   8.1103634961943658E-003   9.4506103235937722E-002
   8.6836922127568356E-004   9.4716069327048139E-002
  -5.6882930460090200E-003   9.2162983782791821E-002
  -1.1525144641720721E-002   8.7184225000592613E-002
  -1.6648660067641464E-002   8.0101120127160308E-002
  -2.1090620078101561E-002   7.1212393703744492E-002
  -2.4896302380827094E-002   6.0790541722173658E-002
  -2.8116529241149872E-002   4.9080168816365524E-002
  -3.0802811385994784E-002   3.6297999091716701E-002
  -3.3004694561708792E-002   2.2634396620403431E-002
  -3.4768476252538150E-002   8.2561604468481681E-003
  -3.6136511557603793E-002  -6.6897150154803580E-003
  -3.7146441861720669E-002  -2.2071753247674498E-002
  -3.7829939009731618E-002  -3.7769776856163742E-002
  -3.8210996311757353E-002  -5.3671343512624224E-002
  -3.8304264784588954E-002  -6.9669121634822750E-002
  -3.8114096137880374E-002  -8.5658994175025899E-002
  -3.7634721756159208E-002 -0.10153826087375843     
  -3.6851538227766385E-002 -0.11720320412016244     
  -3.5742875537071478E-002 -0.13254552551791102     
  -3.4281300154612983E-002 -0.14744767743136314     
  -3.2433995423444703E-002 -0.16177775207822986     
  -3.0162532515829527E-002 -0.17538487066635883     
  -2.7422495492141635E-002 -0.18809554431650094     
  -2.4162844134216790E-002 -0.19971110771241321     
  -2.0326711656345975E-002 -0.21000679624932411     
  -1.5855642381925928E-002 -0.21873313529645499     
  -1.0696768277875907E-002 -0.22561726457519674     
  -4.8142869516701308E-003 -0.23036164564439923     
   1.7958375926671983E-003 -0.23264413094434611     
   9.0951260614865904E-003 -0.23212425375052836     
   1.6982854257190688E-002 -0.22845537687813489     
   2.5274310422812720E-002 -0.22130790999852895     
   3.3689601405492646E-002 -0.21041184694868975     
   4.1847997950019804E-002 -0.19562078110103212     
   4.9269589529309078E-002 -0.17699540325757085     
   5.5410818305391310E-002 -0.15489144612141145     
   5.9743908614142929E-002 -0.13001663233798272     
   6.1848698112080075E-002 -0.10341833895923550     
   6.1514767061670708E-002  -7.6378840710127988E-002
   5.8774173080504165E-002  -5.0232538334677772E-002
   5.3907829774927356E-002  -2.6175839587510550E-002
   4.7406290469084338E-002  -5.1249873366273806E-003
   3.9822717616758499E-002   1.2356410133471846E-002
   3.1662635135475313E-002   2.6039283036713278E-002
   2.3368137744428422E-002   3.5943007414172896E-002
   1.5280586981154209E-002   4.2250727690450809E-002
   7.6232939125766190E-003   4.5245632568094774E-002
   5.4030459819486704E-004   4.5255200154361325E-002
  -5.8969270980198463E-003   4.2611815589796612E-002
  -1.1655395809128010E-002   3.7634212860415635E-002
  -1.6735337645374927E-002   3.0620471331851268E-002
  -2.1160361766977082E-002   2.1843644436780336E-002
  -2.4970378940127696E-002   1.1548024336970067E-002
  -2.8211460323909126E-002  -5.2613768659123736E-005
  -3.0930648204404960E-002  -1.2770907718179583E-002
  -3.3176942671058592E-002  -2.6439631529300817E-002
  -3.4998132893351366E-002  -4.0906457593098154E-002
  -3.6431389305022634E-002  -5.6026967535162779E-002
  -3.7510501178012683E-002  -7.1659399182371006E-002
  -3.8253800411802291E-002  -8.7665748372612762E-002
  -3.8659803644311756E-002 -0.10391145642055680     
  -3.8722801709598902E-002 -0.12026220307954351     
  -3.8428451576369045E-002 -0.13658071208922545     
  -3.7758648632575255E-002 -0.15272196744336552     
  -3.6693592956389999E-002 -0.16853108447274165     
  -3.5226758325653307E-002 -0.18384280244466927     
  -3.3360051830310232E-002 -0.19848654824984624     
  -3.1082514833534358E-002 -0.21229446327935839     
  -2.8399998083301781E-002 -0.22510487810220725     
  -2.5334187359135771E-002 -0.23676837397184919     
  -2.1910236496736055E-002 -0.24714966062015908     
  -1.8105187471029887E-002 -0.25612352356357382     
  -1.3847132065139994E-002 -0.26355908978892961     
  -9.0645593389098236E-003 -0.26929174640542691     
  -3.6565765389735710E-003 -0.27310243743313578     
   2.4441011122409801E-003 -0.27470744151954118     
   9.1540669276142100E-003 -0.27376376349845943     
   1.6345224641924838E-002 -0.26991179083091310     
   2.3813721977532114E-002 -0.26282324317112221     
   3.1316531828662578E-002 -0.25225259041119863     
   3.8657367161546559E-002 -0.23808691915189553     
   4.5526894397781674E-002 -0.22037406995018102     
   5.1510097883467512E-002 -0.19935513187234083     
   5.6176252939394995E-002 -0.17549631628083415     
   5.9073518369442732E-002 -0.14950501891496901     
   5.9826516921689443E-002 -0.12232769319029434     
   5.8203871463467491E-002  -9.5102109517089722E-002
   5.4228242102851452E-002  -6.9061439219783555E-002
   4.8208714890171166E-002  -4.5395573365261829E-002
   4.0641940729723158E-002  -2.5089765945439855E-002
   3.2209087108161463E-002  -8.7956145941079332E-003
   2.3547943846821039E-002   3.2366032181956081E-003
   1.5069977912941582E-002   1.1129517962697259E-002
   7.0643346631804309E-003   1.5258410992518094E-002
  -2.8531344390016894E-004   1.6106727285561777E-002
  -6.8906532872168164E-003   1.4148237985187518E-002
  -1.2693524025492743E-002   9.7868202570687169E-003
  -1.7703060892688357E-002   3.3567966727555947E-003
  -2.1966141657934951E-002  -4.8508531801103290E-003
  -2.5544143635779018E-002  -1.4560339442781262E-002
  -2.8492412246486520E-002  -2.5498416688822325E-002
  -3.0857500372551982E-002  -3.7397176093368227E-002
  -3.2693339327484416E-002  -5.0006199712026939E-002
  -3.4060620004924193E-002  -6.3106642519293890E-002
  -3.5025205425669975E-002  -7.6519064526324815E-002
  -3.5650990512055176E-002  -9.0105513997655776E-002
  -3.5988951098841086E-002 -0.10376639663329133     
  -3.6080752525520447E-002 -0.11743221143166246     
  -3.5951744507227962E-002 -0.13105367000266560     
  -3.5604348361759561E-002 -0.14459007443945168     
  -3.5030660147604621E-002 -0.15799672019178615     
  -3.4216681907733040E-002 -0.17121472655989189     
  -3.3143697202727619E-002 -0.18416443647390435     
  -3.1794506105434744E-002 -0.19674365771897856     
  -3.0147058624854953E-002 -0.20882980316738836     
  -2.8167274739964578E-002 -0.22028312242266546     
  -2.5810546289346849E-002 -0.23094739683086762     
  -2.3018796489700923E-002 -0.24064740929545736     
  -1.9726149239782564E-002 -0.24918507185107577     
  -1.5895674789603742E-002 -0.25633601464758038     
  -1.1495455641805069E-002 -0.26185362883607410     
  -6.4947102574141307E-003 -0.26547613223552974     
  -8.9882335976844527E-004 -0.26693319241226199     
   5.3126243570229149E-003 -0.26595309472324991     
   1.2124656249706210E-002 -0.26226157272428463     
   1.9508691027084843E-002 -0.25558791995466507     
   2.7272272477484968E-002 -0.24567857259380782     
   3.5089938227773725E-002 -0.23234155742986887     
   4.2561256547403330E-002 -0.21551251662734638     
   4.9262432855760936E-002 -0.19532969151387722     
   5.4624188874976359E-002 -0.17219414024192931     
   5.8055729143785560E-002 -0.14680867677512696     
   5.9098538550221652E-002 -0.12016772901772103     
   5.7613090317237464E-002  -9.3487399111378336E-002
   5.3673375845063417E-002  -6.8063004881028441E-002
   4.7665483313919101E-002  -4.5102116421534534E-002
   4.0219741501329696E-002  -2.5557549721750956E-002
   3.2023923033662562E-002  -1.0008019506271388E-002
   2.3638048936306527E-002   1.3754185454125764E-003
   1.5514854191033567E-002   8.7666369010063264E-003
   7.9536100450533481E-003   1.2562695142554245E-002
   1.0207255128167234E-003   1.3248847223875433E-002
  -5.3050439444569551E-003   1.1287306537510053E-002
  -1.0957737475132975E-002   7.0607239157254500E-003
  -1.5856308609794444E-002   8.7665510337771768E-004
  -2.0015244550627021E-002  -6.9991545640352123E-003
  -2.3509968496718377E-002  -1.6316863098078248E-002
  -2.6435593418779411E-002  -2.6832197207061526E-002
  -2.8856525412654741E-002  -3.8312086596155495E-002
  -3.0854508676318681E-002  -5.0543596475357722E-002
  -3.2472222598355617E-002  -6.3345570603219534E-002
  -3.3756097952166865E-002  -7.6569659977841112E-002
  -3.4736405734223069E-002  -9.0098115160463524E-002
  -3.5419030051425250E-002 -0.10383558750265465     
  -3.5799222781871497E-002 -0.11769816514181791     
  -3.5888076867764192E-002 -0.13160376309433031     
  -3.5704960280344776E-002 -0.14546770555187910     
  -3.5270731076913857E-002 -0.15920286451666615     
  -3.4597559604027460E-002 -0.17272198083380735     
  -3.3665542992680118E-002 -0.18593980994293885     
  -3.2436697366795914E-002 -0.19877081052679837     
  -3.0883294365620931E-002 -0.21112476073988132     
  -2.9013572040266781E-002 -0.22290221242788372     
  -2.6837283092630063E-002 -0.23399140222422737     
  -2.4321397356306146E-002 -0.24426466422756207     
  -2.1416730963950456E-002 -0.25356857787969517     
  -1.8063619662785343E-002 -0.26171323769540833     
  -1.4193749509498997E-002 -0.26846630994958826     
  -9.7829529348443175E-003 -0.27355191980810029     
  -4.8251394385242247E-003 -0.27666339684636254     
   6.9002957878933123E-004 -0.27748336275657481     
   6.7560601859813453E-003 -0.27570279529699987     
   1.3369744517265450E-002 -0.27104189830685660     
   2.0444245227016256E-002 -0.26326561719949876     
   2.7828107485724871E-002 -0.25220813640366346     
   3.5281288362480422E-002 -0.23780949081963579     
   4.2404121315879853E-002 -0.22016348370093569     
   4.8639050401650424E-002 -0.19957761402326799     
   5.3399845615302907E-002 -0.17663062654143363     
   5.6061482627421520E-002 -0.15218957474799810     
   5.6228280058786127E-002 -0.12738052642983572     
   5.3808500034439800E-002 -0.10347990257100954     
   4.9038727630540409E-002  -8.1747875495997852E-002
   4.2392669262377447E-002  -6.3238410784495130E-002
   3.4550794705914038E-002  -4.8644822516871314E-002
   2.6224992065166645E-002  -3.8223079055506919E-002
   1.8030366625333819E-002  -3.1818317270292495E-002
   1.0304997478214376E-002  -2.8976231342118502E-002
   3.2630519683668150E-003  -2.9109750512126414E-002
  -3.0776642740642087E-003  -3.1638400339530907E-002
  -8.7614904640725376E-003  -3.6082202840891461E-002
  -1.3786063866851359E-002  -4.2088887329946541E-002
  -1.8142160701226220E-002  -4.9406810301187029E-002
  -2.1879233140860637E-002  -5.7842450958897687E-002
  -2.5038326777187807E-002  -6.7229724878210995E-002
  -2.7694845895294414E-002  -7.7413666588119379E-002
  -2.9882104285633659E-002  -8.8254308156341971E-002
  -3.1634520672573885E-002  -9.9627527289978327E-002
  -3.2984373255916404E-002 -0.11142505189743798     
  -3.3964807119349745E-002 -0.12354897541143771     
  -3.4623190150035024E-002 -0.13590542265631228     
  -3.5016830754354522E-002 -0.14840431643259586     
  -3.5209482217958631E-002 -0.16096363958701299     
  -3.5255137435269070E-002 -0.17351678736870851     
  -3.5179978564670270E-002 -0.18601691201367887     
  -3.4985986929052484E-002 -0.19843308548291810     
  -3.4653659236974062E-002 -0.21074040550996212     
  -3.4148079145316215E-002 -0.22290541911965170     
  -3.3413385484225844E-002 -0.23487129164181536     
  -3.2363355599160211E-002 -0.24654702469736120     
  -3.0898300350233238E-002 -0.25779739681773045     
  -2.8929068022889221E-002 -0.26843902227671995     
  -2.6359395055392965E-002 -0.27824363875116137     
  -2.3127715422387243E-002 -0.28693997184515002     
  -1.9194112972024717E-002 -0.29422760607680931     
  -1.4534843771994757E-002 -0.29978659167936461     
  -9.1943404873099325E-003 -0.30328703011744945     
  -3.2162705733257140E-003 -0.30440939010118223     
   3.3064163174448837E-003 -0.30284979205484841     
   1.0237846806071899E-002 -0.29834163682493303     
   1.7402268551475621E-002 -0.29067761416667187     
   2.4537629884953206E-002 -0.27973309041212208     
   3.1307191063247509E-002 -0.26551249204342636     
   3.7374407868867504E-002 -0.24819175146614933     
   4.2384709796553767E-002 -0.22814659344839169     
   4.6000066258582661E-002 -0.20596617995052841     
   4.7988053808947322E-002 -0.18242419994221171     
   4.8185200585695302E-002 -0.15841306739645072     
   4.6600420697602993E-002 -0.13486193246065462     
   4.3400810724785757E-002 -0.11262867100232640     
   3.8870340628212117E-002  -9.2415963506897861E-002
   3.3374687838841718E-002  -7.4709386765207483E-002
   2.7300794386440827E-002  -5.9775321027466216E-002
   2.0940922752407869E-002  -4.7684084687889525E-002
   1.4550118135516960E-002  -3.8375998744915575E-002
   8.2969423384767014E-003  -3.1721741334695790E-002
   2.2812665411555775E-003  -2.7561496449931795E-002
  -3.4006308322992174E-003  -2.5727714335431112E-002
  -8.7069738069555300E-003  -2.6055983668167710E-002
  -1.3595477027541171E-002  -2.8376907626575489E-002
  -1.8026974499183324E-002  -3.2516100100056226E-002
  -2.1984463355622496E-002  -3.8287190748978614E-002
  -2.5459747394415724E-002  -4.5486242689976961E-002
  -2.8452378640879124E-002  -5.3909470365958972E-002
  -3.0968235899898267E-002  -6.3363677228416931E-002
  -3.3023059692328501E-002  -7.3662942912282980E-002
  -3.4637025995666038E-002  -8.4627435629772443E-002
  -3.5831223530033408E-002  -9.6085576474431639E-002
  -3.6631966643644369E-002 -0.10787478909677378     
  -3.7071567558589119E-002 -0.11984492873641141     
  -3.7184343589566897E-002 -0.13186373554179687     
  -3.6999711161279120E-002 -0.14381696433947416     
  -3.6535017953334394E-002 -0.15560197959900673     
  -3.5793635537582573E-002 -0.16711915427882398     
  -3.4770069353514302E-002 -0.17826507371969677     
  -3.3457320528854480E-002 -0.18893019685938803     
  -3.1851354580697995E-002 -0.19900119753328305     
  -2.9951057539326361E-002 -0.20836505881091963     
  -2.7754849915338945E-002 -0.21691128321157291     
  -2.5256921072870146E-002 -0.22453071276392206     
  -2.2445798144824669E-002 -0.23111209422546300     
  -1.9305421182340424E-002 -0.23653857803570003     
  -1.5816692987339721E-002 -0.24068531323261955     
  -1.1957882236248472E-002 -0.24341729927904390     
  -7.7048940062366053E-003 -0.24458571132110687     
  -3.0349815450904753E-003 -0.24402244320735242     
   2.0625939039728789E-003 -0.24153588460134734     
   7.5689054263452012E-003 -0.23691341417727019     
   1.3415374887782036E-002 -0.22993556619266842     
   1.9468581517607799E-002 -0.22040333471009516     
   2.5525374440592653E-002 -0.20817575065657873     
   3.1319763173001128E-002 -0.19321213577408791     
   3.6540183614133075E-002 -0.17561291912074631     
   4.0855859297817251E-002 -0.15565276087810698     
   4.3951847482901679E-002 -0.13379796240623773     
   4.5570216559528476E-002 -0.11069826960516785     
   4.5550015330374241E-002  -8.7145922845121168E-002
   4.3856331083052882E-002  -6.4003848512060882E-002
   4.0591384433947775E-002  -4.2115219342997876E-002
   3.5984528835053514E-002  -2.2212639084081467E-002
   3.0360462785068952E-002  -4.8466839062915089E-003
   2.4089730797141475E-002   9.6493409295445830E-003
   1.7534281301584034E-002   2.1152067327965408E-002
   1.1005181880035228E-002   2.9708011019053689E-002
   4.7423212029021776E-003   3.5481159034732541E-002
  -1.0866233282327022E-003   3.8705613624153784E-002
  -6.3769589113252785E-003   3.9650336046558043E-002
  -1.1074712344507508E-002   3.8595365747947197E-002
  -1.5164810920561749E-002   3.5816506513648018E-002
  -1.8661048264915835E-002   3.1575567063712166E-002
  -2.1598034842055885E-002   2.6113949285461742E-002
  -2.4024667935193592E-002   1.9648321264874029E-002
  -2.5998647012556421E-002   1.2367899106671630E-002
  -2.7581874390313895E-002   4.4331599077419579E-003
  -2.8836680997496277E-002  -4.0242455554429036E-003
  -2.9822667686313566E-002  -1.2900608490691554E-002
  -3.0593785426989324E-002  -2.2118337236734464E-002
  -3.1195304217991725E-002  -3.1622953064264180E-002
  -3.1660643759506731E-002  -4.1378515240232068E-002
  -3.2008524202459136E-002  -5.1361242719772320E-002
  -3.2241221655782380E-002  -6.1551608170036090E-002
  -3.2344620619777886E-002  -7.1925808971652738E-002
  -3.2290242844144959E-002  -8.2447903195100147E-002
  -3.2038765025757275E-002  -9.3063788745611234E-002
  -3.1544076216197182E-002 -0.10369763556030917     
  -3.0756891630567860E-002 -0.11425063368907012     
  -2.9627306149297043E-002 -0.12460133023029578     
  -2.8106241845293235E-002 -0.13460660541221647     
  -2.6146301845329709E-002 -0.14410251168953758     
  -2.3702925871860001E-002 -0.15290467159778764     
  -2.0736841885800973E-002 -0.16080854665077765     
  -1.7218559888446849E-002 -0.16759048068280638     
  -1.3135060283124490E-002 -0.17301082033755286     
  -8.4979792808585995E-003 -0.17682048021217112     
  -3.3516718476653243E-003 -0.17877194108142611     
   2.2211602648952674E-003 -0.17863477084191656     
   8.0985992561980399E-003 -0.17621435998118115     
   1.4124540116339684E-002 -0.17137100346740178     
   2.0118244498030909E-002 -0.16403565797606948     
   2.5884188897434695E-002 -0.15421995453602355     
   3.1217087545178004E-002 -0.14202182884903275     
   3.5900317464633555E-002 -0.12763247580814699     
   3.9703080101158077E-002 -0.11135082719394129     
   4.2387791227922689E-002  -9.3604771714045243E-002
   4.3737907628045379E-002  -7.4965912478312469E-002
   4.3605203918513427E-002  -5.6136073831799242E-002
   4.1960257702674510E-002  -3.7889751167625892E-002
   3.8922099521442897E-002  -2.0978398589014020E-002
   3.4750264812923606E-002  -6.0261135031157440E-003
   2.9800654802417895E-002   6.5466458143208428E-003
   2.4462781757097020E-002   1.6549535794166605E-002
   1.9100358235551534E-002   2.4001256261830559E-002
   1.4010395768470187E-002   2.9079578255972762E-002
   9.4051983321537819E-003   3.2063659670852757E-002
   5.4132234661364142E-003   3.3283174411923321E-002
   2.0912386502215819E-003   3.3080190325604143E-002
  -5.5915863230141492E-004   3.1783711046878382E-002
  -2.5751001779299437E-003   2.9694275975983713E-002
  -4.0182695429541049E-003   2.7075749743514680E-002
  -4.9637643002726443E-003   2.4151951447635996E-002
  -5.4919482760706993E-003   2.1106378403672972E-002
  -5.6827794258993642E-003   1.8083824955214024E-002
  -5.6119290897695242E-003   1.5193163405283136E-002
  -5.3480616252374541E-003   1.2510935040098790E-002
  -4.9508815814879332E-003   1.0085658228563244E-002
  -4.4699145980503516E-003   7.9428038772361050E-003
  -3.9442680152250026E-003   6.0901724344068408E-003
  -3.4035838390049102E-003   4.5230706162325204E-003
  -2.8700092562186494E-003   3.2285214829069707E-003
  -2.3605177325948983E-003   2.1879798270935209E-003
  -1.8887064400862998E-003   1.3786159920898620E-003
  -1.4654926486973962E-003   7.7382921891327766E-004
  -1.0987730770337383E-003   3.4386297147618271E-004
  -7.9266720144210133E-004   5.7091612040306246E-005
  -5.4708663340439470E-004  -1.1803486946498097E-004
  -3.5804933574119839E-004  -2.1086800355981633E-004
  -2.1868185288818383E-004  -2.4684133111517557E-004
  -1.2054370746523145E-004  -2.4651323241978851E-004
  -5.4878835569926887E-005  -2.2540815870703278E-004
  -1.3550356090260937E-005  -1.9446502586902532E-004
   1.0409030309221885E-005  -1.6082683394873690E-004
   2.2583636781347965E-005  -1.2873713400260708E-004
   2.7202467999991348E-005  -1.0038232474815991E-004
   2.7307123355381998E-005  -7.6593959247955106E-005
   2.4977833846105541E-005  -5.7384330546220032E-005
   2.1563102381841327E-005  -4.2325564020637614E-005
   1.7883417633663913E-005  -3.0799537084102061E-005
   1.4396955809741800E-005  -2.2150062052848150E-005
   1.1325744837195985E-005  -1.5766306481719558E-005
   8.7465620293474263E-006  -1.1121148699433813E-005
   6.6532808823477233E-006  -7.7821457448629736E-006
   4.9976072509415873E-006  -5.4073404028704675E-006
   3.7142844574641630E-006  -3.7338514936397166E-006
   2.7356621287799926E-006  -2.5640773091213666E-006
   1.9993311065108719E-006  -1.7521896192711076E-006
   1.4514637144957075E-006  -1.1922037545745821E-006
   1.0476492704754736E-006  -8.0808115209940881E-007
   7.5239014406655881E-007  -5.4586552587834037E-007
   5.3798260629342670E-007  -3.6763067772661815E-007
   3.8320553438814062E-007  -2.4693516081251649E-007
   2.7204506460342616E-007  -1.6547468003454960E-007
   1.9256376791568630E-007  -1.1065582680865199E-007
   1.3595282917809428E-007  -7.3860773371848045E-008
   9.5767222446490837E-008  -4.9219867290955765E-008
   6.7325273415518193E-008  -3.2751637680539325E-008
   4.7247035934502580E-008  -2.1765090764520092E-008
   3.3105171325160096E-008  -1.4447166438453372E-008
   2.3164359047441197E-008  -9.5796877708163419E-009
   1.6188866244824680E-008  -6.3461594952329008E-009
   1.1301711330024777E-008  -4.2004853550573008E-009
   7.8823554494547712E-009  -2.7781062810274621E-009
   5.4928487246964778E-009  -1.8360556662442587E-009
   3.8248027388804454E-009  -1.2126413078715910E-009
   2.6614912195342921E-009  -8.0039797852779537E-010
   1.8508698605246687E-009  -5.2798353202684043E-010
   1.2864348334553409E-009  -3.4808525492391716E-010
   8.9368274578593355E-010  -2.2935518705176818E-010
   6.2055750111890271E-010  -1.5104037646355226E-010
   4.3072520554598544E-010  -9.9412327897829541E-011
   2.9884919559878823E-010  -6.5395632989351091E-011
   2.0727602138024974E-010  -4.2994695884286397E-011
   1.4371454479776072E-010  -2.8250933208881711E-011
   9.9612692207317733E-011  -1.8552166722700457E-011
   6.9023469631837559E-011  -1.2175607721306734E-011
   4.7813584277416966E-011  -7.9856317041972339E-012
   3.3111662189646599E-011  -5.2340427532372644E-012
   2.2923830834484176E-011  -3.4281491127983347E-012
   1.5866092470370848E-011  -2.2436756604296137E-012
   1.0978123689809858E-011  -1.4673046450468248E-012
   7.5938001310640274E-012  -9.5878381038463327E-013
   5.2512108192312035E-012  -6.2595057176259805E-013
   3.6301463633945281E-012  -4.0827754709316576E-013
   2.5086907405210614E-012  -2.6603732117035699E-013
   1.7330899076499868E-012  -1.7317094458238209E-013
   1.1968435737799462E-012  -1.1259648410265103E-013
   8.2620153965432863E-013  -7.3124343655301556E-014
   5.7010574245592384E-013  -4.7430136729743758E-014
   3.9321723269608890E-013  -3.0723282341344610E-014
   2.7108316264806871E-013  -1.9873060051763355E-014
   1.8678786895052951E-013  -1.2835299564567867E-014
   1.2863289327051619E-013  -8.2765333482133655E-015
   8.8530193266835987E-014  -5.3277716754393670E-015
   6.0889567056672994E-014  -3.4233145818799478E-015
   4.1848466853457946E-014  -2.1953147430674234E-015
   2.8738962928789561E-014  -1.4048658454469927E-015
   1.9718927805610764E-014  -8.9700321909556091E-016
   1.3516912147057742E-014  -5.7134693143725789E-016
   9.2557123420597965E-015  -3.6296903104222329E-016
   6.3303915098038154E-015  -2.2993751393764688E-016
   4.3239721464198845E-015  -1.4521629179321396E-016
   2.9491839043233562E-015  -9.1404218734281363E-017
   2.0082272991254297E-015  -5.7322507281694607E-017
   1.3649911310603428E-015  -3.5804171941063839E-017
   9.2587614728947775E-016  -2.2264209747832603E-017
   6.2656426406984621E-016  -1.3776222248383833E-017
   4.2289387407997598E-016  -8.4770953646962423E-018
   2.8456986728387113E-016  -5.1838709123874201E-018
   1.9082990575793349E-016  -3.1476493188049304E-018
   1.2746016927980919E-016  -1.8958363924752282E-018
   8.4741586423224865E-017  -1.1312428167844912E-018
   5.6037345167722827E-017  -6.6769990623047975E-019
   3.6822134629151543E-017  -3.8908109429060078E-019
   2.4015488830292548E-017  -2.2329242108370902E-019
   1.5524351053772868E-017  -1.2581350260069283E-019
   9.9294774610732384E-018  -6.9316184777914963E-020
   6.2706472445390072E-018  -3.7140137978808691E-020
   3.8996780684421693E-018  -1.9208824371101032E-020
   2.3799092461143104E-018  -9.4844289795358855E-021
   1.4174572771647575E-018  -4.3899848327787937E-021
   8.1421932707229709E-019  -1.8390860401003984E-021
   4.3555116803018579E-019  -6.4074909214425522E-022
   1.8699777053966267E-019  -1.3352420507025611E-022
   0.0000000000000000        0.0000000000000000     
