 Initial conditions outputted from a previous simulation. Time =    77.400000000000006     
   40.000000000000000        0.0000000000000000              500           1   77.400000000000006     
  -2.1987977952822712E-002  0.12530773864802441     
  -2.5366024481583652E-002  0.11392901329310141     
  -2.8251450639245598E-002  0.10134963210788388     
  -3.0651175413439296E-002   8.7771945267850246E-002
  -3.2637411552439988E-002   7.3363797305721595E-002
  -3.4213466483419046E-002   5.8307432612442145E-002
  -3.5428954820560354E-002   4.2733421849492352E-002
  -3.6310024191563608E-002   2.6774551556130587E-002
  -3.6876129956214504E-002   1.0551157711405424E-002
  -3.7142015316386390E-002  -5.8247459982842392E-003
  -3.7113794300198233E-002  -2.2244375413145143E-002
  -3.6789870392552965E-002  -3.8600386457019180E-002
  -3.6161271426945661E-002  -5.4784016066081881E-002
  -3.5211202243871260E-002  -7.0682001444458104E-002
  -3.3915109395844134E-002  -8.6173828724351628E-002
  -3.2241022506949414E-002 -0.10112891714496797     
  -3.0150143805577789E-002 -0.11540368949889396     
  -2.7598085431295799E-002 -0.12883849491541940     
  -2.4537067057710221E-002 -0.14125413214492991     
  -2.0919275741783587E-002 -0.15244762568239606     
  -1.6701266505780146E-002 -0.16218703099885304     
  -1.1848518829733291E-002 -0.17020594943927755     
  -6.3390309109066598E-003 -0.17620038848208100     
  -1.6654063455745065E-004 -0.17983219144910917     
   6.6530551038898843E-003 -0.18074221065157367     
   1.4067501010139503E-002 -0.17857270585012669     
   2.1964845474642319E-002 -0.17299556904440080     
   3.0145382951193265E-002 -0.16374457860319877     
   3.8298412123882089E-002 -0.15065555003593983     
   4.5996487949633298E-002 -0.13372227079611748     
   5.2719897310032661E-002 -0.11317047814995973     
   5.7917867256992439E-002  -8.9533593515921786E-002
   6.1099534177323736E-002  -6.3691603638109454E-002
   6.1932571880006809E-002  -3.6828959210672738E-002
   6.0318683354213719E-002  -1.0294957425915437E-002
   5.6418008561998405E-002   1.4598223965716738E-002
   5.0610968104312336E-002   3.6765687272857908E-002
   4.3411903352566672E-002   5.5461519162254995E-002
   3.5368772398667946E-002   7.0292932320627596E-002
   2.6982032178617842E-002   8.1164319106475660E-002
   1.8657573484186989E-002   8.8193896032158797E-002
   1.0691303633584590E-002   9.1634408462817923E-002
   3.2760167990290691E-003   9.1811838351647454E-002
  -3.4796183654545601E-003   8.9083341438021865E-002
  -9.5288024798743255E-003   8.3809967859355017E-002
  -1.4866791100752614E-002   7.6339156589621260E-002
  -1.9515645815655642E-002   6.6993592898620002E-002
  -2.3513481029570731E-002   5.6064797614570012E-002
  -2.6907354139796835E-002   4.3810824747325998E-002
  -2.9748721785186748E-002   3.0457472403091872E-002
  -3.2090373302926474E-002   1.6201987720097160E-002
  -3.3983973058198107E-002   1.2179955725428605E-003
  -3.5477731102139129E-002  -1.4339525037841694E-002
  -3.6614108702774498E-002  -3.0330042082601306E-002
  -3.7427732693657963E-002  -4.6624377137631227E-002
  -3.7943822308451572E-002  -6.3102560581432224E-002
  -3.8177411182642840E-002  -7.9652156996587425E-002
  -3.8133431276929967E-002  -9.6166455738542253E-002
  -3.7807400134332612E-002 -0.11254196714910868     
  -3.7186254653151077E-002 -0.12867492075647477     
  -3.6248912936073865E-002 -0.14445691088300622     
  -3.4966372423013294E-002 -0.15977024315554486     
  -3.3301529960980777E-002 -0.17448366979675498     
  -3.1209258956399238E-002 -0.18844906398235894     
  -2.8637149144336120E-002 -0.20149925275164438     
  -2.5527186345344035E-002 -0.21344666605561094     
  -2.1818835744113294E-002 -0.22408214848926797     
  -1.7453645172795389E-002 -0.23317349168956800     
  -1.2381361830204034E-002 -0.24046336264596588     
  -6.5677901204240392E-003 -0.24566713730826925     
  -5.4569662839467781E-006 -0.24847261528463488     
   7.2726572860938987E-003 -0.24854390214461186     
   1.5174451852540453E-002 -0.24553219249047942     
   2.3529026385657750E-002 -0.23909945240711866     
   3.2069951237534207E-002 -0.22896087134952092     
   4.0422706368637110E-002 -0.21494726451006063     
   4.8109230079060296E-002 -0.19708552137811153     
   5.4581238180296983E-002 -0.17568472424608828     
   5.9293049403679979E-002 -0.15139848357759700     
   6.1797341035959248E-002 -0.12522404136846407     
   6.1850337987516553E-002  -9.8414065030525910E-002
   5.9467831512532682E-002  -7.2312061164019864E-002
   5.4920822511726530E-002  -4.8162044393383285E-002
   4.8672797424237801E-002  -2.6945866371712406E-002
   4.1266382921355045E-002  -9.2926344240527054E-003
   3.3226865128828262E-002   4.5160504432606293E-003
   2.5007818183893846E-002   1.4471008386533193E-002
   1.6954117144878801E-002   2.0747572867735604E-002
   9.3001256815491082E-003   2.3629407297419632E-002
   2.1987201143739933E-003   2.3447024587299421E-002
  -4.2721338609370586E-003   2.0537904347138373E-002
  -1.0079110365932922E-002   1.5225973486664757E-002
  -1.5222287655178064E-002   7.8150623824111524E-003
  -1.9727654552462077E-002  -1.4130360144917339E-003
  -2.3634815039139171E-002  -1.2202563251871681E-002
  -2.6992690719420873E-002  -2.4325153923024704E-002
  -2.9849409180782341E-002  -3.7574389059821710E-002
  -3.2243010663715689E-002  -5.1759354668321780E-002
  -3.4210881530210610E-002  -6.6703084286143785E-002
  -3.5786821263949720E-002  -8.2244076871741054E-002
  -3.7001988128216638E-002  -9.8237172052727334E-002
  -3.7875880074811394E-002 -0.11455485913767169     
  -3.8414165980492243E-002 -0.13108330360093887     
  -3.8617358675720317E-002 -0.14771319348745676     
  -3.8474337267140946E-002 -0.16433155137229172     
  -3.7963594710684015E-002 -0.18081321721683066     
  -3.7061770581824111E-002 -0.19701425993397395     
  -3.5757687698921070E-002 -0.21277036099047877     
  -3.4028533306203486E-002 -0.22790641755432672     
  -3.1844267115405063E-002 -0.24224304176185368     
  -2.9201780335479918E-002 -0.25559659495245768     
  -2.6098328169467149E-002 -0.26778780581556816     
  -2.2530141697939470E-002 -0.27864232423875168     
  -1.8517670681645906E-002 -0.28798951109254689     
  -1.4077663316801034E-002 -0.29566917211440019     
  -9.2353248448503057E-003 -0.30152614046574450     
  -3.9437952060019290E-003 -0.30540486801987277     
   1.8965362481436654E-003 -0.30712816345177379     
   8.3340890526843025E-003 -0.30646468343715033     
   1.5364309223315872E-002 -0.30313021353975189     
   2.2876618558048244E-002 -0.29681116605576746     
   3.0606941767159567E-002 -0.28721189932724811     
   3.8246289638556433E-002 -0.27413874685934758     
   4.5400915543732857E-002 -0.25756558212944775     
   5.1613155103569959E-002 -0.23769157557477383     
   5.6418650864596222E-002 -0.21497884155472677     
   5.9415972907264025E-002 -0.19014919197811231     
   6.0327870496915549E-002 -0.16414286414432444     
   5.9015461071244578E-002 -0.13804651298501669     
   5.5477312360042989E-002 -0.11299427929171460     
   4.9919365493098528E-002  -9.0066213180975241E-002
   4.2711272525604152E-002  -7.0177822676182680E-002
   3.4390307399231011E-002  -5.3982978735382353E-002
   2.5574735149749516E-002  -4.1806165383871857E-002
   1.6839581324873325E-002  -3.3631321984355991E-002
   8.5906763657898049E-003  -2.9161259975265634E-002
   1.0492034011656236E-003  -2.7932836065817455E-002
  -5.6850520621421893E-003  -2.9444554717117447E-002
  -1.1575609940495708E-002  -3.3246939969885918E-002
  -1.6659576098623508E-002  -3.8976162735999964E-002
  -2.0985407441690578E-002  -4.6349877507727490E-002
  -2.4611539558901333E-002  -5.5139412118689092E-002
  -2.7603228803451212E-002  -6.5142987363667221E-002
  -3.0016054916625241E-002  -7.6168626058710054E-002
  -3.1905079991068112E-002  -8.8025484235003823E-002
  -3.3322511713588902E-002 -0.10052390113265579     
  -3.4323685696366693E-002 -0.11347825506353293     
  -3.4968234887113363E-002 -0.12671342394267096     
  -3.5319596231974747E-002 -0.14007283525646977     
  -3.5429390866593170E-002 -0.15342414501964546     
  -3.5323560991157070E-002 -0.16666180078592918     
  -3.5022821274319688E-002 -0.17970154635988148     
  -3.4536846632590934E-002 -0.19247274960871669     
  -3.3839111634733299E-002 -0.20491025136643123     
  -3.2889690492659149E-002 -0.21694202883391059     
  -3.1642590178245479E-002 -0.22848090331623175     
  -3.0062396178558413E-002 -0.23941763947846026     
  -2.8106148137654340E-002 -0.24961991242790793     
  -2.5730936787993285E-002 -0.25893342177882805     
  -2.2905143747095735E-002 -0.26718217241841336     
  -1.9576738661327781E-002 -0.27417224829890974     
  -1.5691938699098143E-002 -0.27969176933033496     
  -1.1238062112619043E-002 -0.28350847605391405     
  -6.1965502610177858E-003 -0.28537497037044268     
  -5.6045341020944902E-004 -0.28502849556108639     
   5.6722051104104339E-003 -0.28219377250362060     
   1.2464802198784051E-002 -0.27658795853484908     
   1.9733801552701963E-002 -0.26793090110938411     
   2.7348692088183871E-002 -0.25597171128675278     
   3.5087488668686204E-002 -0.24052932527688312     
   4.2571254123691449E-002 -0.22154704458041974     
   4.9370366483953154E-002 -0.19917122729435130     
   5.4903028101250480E-002 -0.17380951261626773     
   5.8554475335315999E-002 -0.14617627082195070     
   5.9847470561930502E-002 -0.11728676149906193     
   5.8609887087316459E-002  -8.8377337949212736E-002
   5.4994614799891262E-002  -6.0748619954223003E-002
   4.9464999989028223E-002  -3.5574419612191287E-002
   4.2567599110391326E-002  -1.3723467671419028E-002
   3.4880239191402249E-002   4.3250642863659804E-003
   2.6841091028808804E-002   1.8469257807502994E-002
   1.8837542856542291E-002   2.8873801287948302E-002
   1.1166929002380671E-002   3.5842127677086430E-002
   4.0499717070579073E-003   3.9710440666202405E-002
  -2.3858650449639814E-003   4.0796205672176004E-002
  -8.0741581481814113E-003   3.9389317481555497E-002
  -1.3037286052025397E-002   3.5767554634715551E-002
  -1.7281868752102133E-002   3.0204870451566501E-002
  -2.0883606050475227E-002   2.2977428909110625E-002
  -2.3940702210108310E-002   1.4350647871174575E-002
  -2.6543705568603516E-002   4.5665040652141161E-003
  -2.8723909897578420E-002  -6.1689009185677138E-003
  -3.0481459233825479E-002  -1.7683769087729544E-002
  -3.1819656040714121E-002  -2.9834530546628775E-002
  -3.2768783404658282E-002  -4.2498635852812237E-002
  -3.3368265717746474E-002  -5.5566830441275958E-002
  -3.3661790070155455E-002  -6.8933699671721096E-002
  -3.3709211535950648E-002  -8.2484467054785099E-002
  -3.3559247205701921E-002  -9.6085752144384445E-002
  -3.3229441165727999E-002 -0.10958462726097445     
  -3.2745398951176077E-002 -0.12281449045432156     
  -3.2107054422192582E-002 -0.13561661026273267     
  -3.1256643278745645E-002 -0.14786129623410690     
  -3.0112830273971297E-002 -0.15945250141996820     
  -2.8570947432317736E-002 -0.17031685277389463     
  -2.6544405718624899E-002 -0.18037370850197293     
  -2.4007310548841004E-002 -0.18950649234102865     
  -2.1000915873066014E-002 -0.19755321931789427     
  -1.7602744660774376E-002 -0.20432036733057690     
  -1.3850838062298677E-002 -0.20961451277621126     
  -9.7106944173297721E-003 -0.21326383983300090     
  -5.0910767747388589E-003 -0.21511613059089640     
   1.0080704336077726E-004 -0.21501639894093358     
   5.8765883148750309E-003 -0.21277514802056791     
   1.2167257440025152E-002 -0.20815789142948274     
   1.8855963140991031E-002 -0.20089836922769286     
   2.5799326437370654E-002 -0.19073021281989411     
   3.2895896231370403E-002 -0.17743899412894396     
   3.9913067972444739E-002 -0.16090508228215958     
   4.6462611130323628E-002 -0.14116507595655958     
   5.2035647714449247E-002 -0.11848204513412393     
   5.6030848391046266E-002  -9.3405813256869558E-002
   5.7856406635976007E-002  -6.6806374492899945E-002
   5.7239210481182752E-002  -3.9855600079769980E-002
   5.4268483112077021E-002  -1.3911405996340147E-002
   4.9339629988862391E-002   9.6658903765288705E-003
   4.2917856078162397E-002   2.9732610906560632E-002
   3.5557656466647804E-002   4.5519898861464847E-002
   2.7746413532951802E-002   5.6709674003600545E-002
   1.9875879591454898E-002   6.3398055333780040E-002
   1.2291598085984066E-002   6.5975305516383517E-002
   5.3011312876418172E-003   6.4985609206168637E-002
  -9.6918791440216384E-004   6.1020117322077919E-002
  -6.4747675865391274E-003   5.4636685096127902E-002
  -1.1261140337924934E-002   4.6331331194564333E-002
  -1.5362644711789865E-002   3.6528577841214292E-002
  -1.8842451016032519E-002   2.5590505560393332E-002
  -2.1780860603342684E-002   1.3822835734948297E-002
  -2.4248240265484351E-002   1.4751644702269246E-003
  -2.6291681325153155E-002  -1.1259064149819571E-002
  -2.7951484242505570E-002  -2.4236433366348897E-002
  -2.9249865352528898E-002  -3.7355512349181351E-002
  -3.0228015690529887E-002  -5.0542875650945042E-002
  -3.0911030558435467E-002  -6.3744761052536403E-002
  -3.1309390813760482E-002  -7.6918429862176521E-002
  -3.1436597322987807E-002  -9.0024956115061117E-002
  -3.1328481795197420E-002 -0.10302519598709889     
  -3.1036637691131925E-002 -0.11588111233055862     
  -3.0618487229376778E-002 -0.12855963658737588     
  -3.0108791576761947E-002 -0.14103631580338891     
  -2.9503117296638872E-002 -0.15329304057824847     
  -2.8763292666481321E-002 -0.16530901120370711     
  -2.7837127615376607E-002 -0.17704716842118276     
  -2.6661412824228740E-002 -0.18844221387763316     
  -2.5147704511690617E-002 -0.19939308878207537     
  -2.3202385435213680E-002 -0.20975488906855988     
  -2.0724537792162857E-002 -0.21933684528087888     
  -1.7608229609690624E-002 -0.22790151698064320     
  -1.3790446821088955E-002 -0.23516470237459033     
  -9.2252043953580127E-003 -0.24080884797983568     
  -3.9185792948339907E-003 -0.24449262864933288     
   2.0758665653932981E-003 -0.24587275079554766     
   8.6638653072692046E-003 -0.24462535981691905     
   1.5682514243521524E-002 -0.24046381334554456     
   2.2926330172009939E-002 -0.23316900718428937     
   3.0129568767418454E-002 -0.22261431631107240     
   3.6972238645276614E-002 -0.20880419011543336     
   4.3076880572776977E-002 -0.19191239489431458     
   4.8071493251089774E-002 -0.17231594689482566     
   5.1591428036445314E-002 -0.15060565678146423     
   5.3367053075947253E-002 -0.12757715597063307     
   5.3293749901338526E-002 -0.10416922983036643     
   5.1415073377660159E-002  -8.1364687271001698E-002
   4.7946831213530293E-002  -6.0067205908438129E-002
   4.3247138396601714E-002  -4.0980389742774001E-002
   3.7688414178652770E-002  -2.4547162461201529E-002
   3.1663475811693584E-002  -1.0943538361851088E-002
   2.5521180856798845E-002  -1.3766401061112351E-004
   1.9466365095922838E-002   8.0243352979480452E-003
   1.3654502506330662E-002   1.3732262939816612E-002
   8.1435845383101939E-003   1.7175579169064620E-002
   2.9378800788977420E-003   1.8509324904005798E-002
  -1.9579847444092142E-003   1.7871568440459801E-002
  -6.5583276742248791E-003   1.5391308745490483E-002
  -1.0850150408601933E-002   1.1192102370006224E-002
  -1.4814745942725489E-002   5.3958427718533717E-003
  -1.8436449031472370E-002  -1.8728814593268006E-003
  -2.1695594493698366E-002  -1.0485478115025643E-002
  -2.4570056685964663E-002  -2.0297667407305670E-002
  -2.7044589691940221E-002  -3.1144004825864029E-002
  -2.9105924363555257E-002  -4.2849528676382670E-002
  -3.0753402275262486E-002  -5.5241849176095863E-002
  -3.1998197821820146E-002  -6.8152820982305101E-002
  -3.2851557858019971E-002  -8.1420274491470102E-002
  -3.3329863102026014E-002  -9.4890482050470820E-002
  -3.3454533297984597E-002 -0.10841958173957045     
  -3.3244499327894771E-002 -0.12187467488730307     
  -3.2709955677551902E-002 -0.13513193128682907     
  -3.1851183856203780E-002 -0.14806949773062283     
  -3.0663124995521956E-002 -0.16055993239978014     
  -2.9143711213780000E-002 -0.17246916716627547     
  -2.7300284439165098E-002 -0.18366264324644629     
  -2.5149048618923284E-002 -0.19401372269991954     
  -2.2708272219438969E-002 -0.20340928444545403     
  -1.9989689719079416E-002 -0.21174984530721000     
  -1.6991660758238859E-002 -0.21894430821404423     
  -1.3695361090237975E-002 -0.22490116998859522     
  -1.0064126126568138E-002 -0.22951791104708485     
  -6.0463667528638555E-003 -0.23266963454535408     
  -1.5834539201451062E-003 -0.23419857783745895     
   3.3763311355399918E-003 -0.23390759490279561     
   8.8592006969796366E-003 -0.23156127820155681     
   1.4846703969563061E-002 -0.22689693022124915     
   2.1260113595948333E-002 -0.21964503108980638     
   2.7949608200817305E-002 -0.20955740933183786     
   3.4686503103064759E-002 -0.19644257012991942     
   4.1156988213286651E-002 -0.18021088615100803     
   4.6960958572677541E-002 -0.16093426761958796     
   5.1628221747131178E-002 -0.13891984876679112     
   5.4670274183310184E-002 -0.11477983191973071     
   5.5677095442604893E-002  -8.9454175586662701E-002
   5.4437578903332368E-002  -6.4134038357530732E-002
   5.1026097350948929E-002  -4.0073461910692797E-002
   4.5796774310079717E-002  -1.8354788645834643E-002
   3.9280266152264195E-002   2.8137671996024887E-004
   3.2042462630438265E-002   1.5474794461284360E-002
   2.4576731710172682E-002   2.7176651188411977E-002
   1.7257710420938391E-002   3.5543546078874472E-002
   1.0340640150064194E-002   4.0845462170031752E-002
   3.9808377387524621E-003   4.3402462306989839E-002
  -1.7421949092056566E-003   4.3546654545984116E-002
  -6.8036601941344780E-003   4.1601579247597262E-002
  -1.1218467562974564E-002   3.7870915197533182E-002
  -1.5031319541681142E-002   3.2630658973348041E-002
  -1.8308862494104110E-002   2.6122333397825347E-002
  -2.1131411491277684E-002   1.8547370220429790E-002
  -2.3583166487183626E-002   1.0064187212531914E-002
  -2.5741393858441246E-002   7.8973169778725040E-004
  -2.7666365783996900E-002  -9.1935859347285782E-003
  -2.9394339818500346E-002  -1.9826206302139375E-002
  -3.0935307360218808E-002  -3.1057220424553649E-002
  -3.2275834106443149E-002  -4.2830796182631171E-002
  -3.3385683526267890E-002  -5.5076080884876526E-002
  -3.4225837342264184E-002  -6.7702087841087902E-002
  -3.4755411546545795E-002  -8.0597344658182649E-002
  -3.4935716823666106E-002  -9.3632683011001999E-002
  -3.4730942427774067E-002 -0.10666491892354088     
  -3.4106188527852369E-002 -0.11953937927953605     
  -3.3024444723673545E-002 -0.13209007912301723     
  -3.1444391621329039E-002 -0.14413749908683651     
  -2.9320564243314699E-002 -0.15548496201785836     
  -2.6606628064099639E-002 -0.16591524917225284     
  -2.3261575619828143E-002 -0.17518919196585478     
  -1.9257840336605613E-002 -0.18304758686226685     
  -1.4589809670240057E-002 -0.18921709797664202     
  -9.2810516125231106E-003 -0.19342002378438070     
  -3.3887879341773742E-003 -0.19538702198501462     
   2.9951263880555780E-003 -0.19487121165094340     
   9.7461249618748368E-003 -0.19166178195928410     
   1.6709490385799712E-002 -0.18559587246213219     
   2.3700284639162000E-002 -0.17656952831106504     
   3.0498567116922361E-002 -0.16455155960908582     
   3.6842048207662438E-002 -0.14960606227288800     
   4.2424047401161465E-002 -0.13192692221104638     
   4.6907417701192708E-002 -0.11187905015158982     
   4.9960505954423133E-002  -9.0029740612282222E-002
   5.1310017047852131E-002  -6.7148116373224750E-002
   5.0795664837891955E-002  -4.4158173526735622E-002
   4.8410560999630710E-002  -2.2048171693248238E-002
   4.4317693975071376E-002  -1.7547047739768435E-003
   3.8838037436080018E-002   1.5952567890653187E-002
   3.2408301674578505E-002   3.0557684916974918E-002
   2.5513763291229792E-002   4.1833566953549839E-002
   1.8614479036937408E-002   4.9819272411723306E-002
   1.2088484306264247E-002   5.4756012834139070E-002
   6.2051895751981572E-003   5.7010680359079836E-002
   1.1260063694864344E-003   5.7009389769295593E-002
  -3.0790091212442115E-003   5.5189599141250011E-002
  -6.4086930162578926E-003   5.1969818864474708E-002
  -8.9088511896024802E-003   4.7732644725551984E-002
  -1.0654103264458668E-002   4.2816689726449510E-002
  -1.1734445204564837E-002   3.7513884247346745E-002
  -1.2246078486970038E-002   3.2069735451997705E-002
  -1.2285466782246332E-002   2.6685058823711735E-002
  -1.1945412092298567E-002   2.1518413955405692E-002
  -1.1312050280207125E-002   1.6689113457989662E-002
  -1.0462134917641724E-002   1.2281149780213227E-002
  -9.4607232311002265E-003   8.3484780745046883E-003
  -8.3600830763087049E-003   4.9216393717835339E-003
  -7.2008534727016913E-003   2.0148077853966613E-003
  -6.0158527476172393E-003  -3.6851033483359028E-004
  -4.8355555819516250E-003  -2.2329956015444208E-003
  -3.6929164445023534E-003  -3.5930269294841685E-003
  -2.6249331858210910E-003  -4.4769867166739299E-003
  -1.6696599058400950E-003  -4.9313980273514137E-003
  -8.5975378957589435E-004  -5.0216086948046005E-003
  -2.1562142718605523E-004  -4.8273168691888102E-003
   2.5855517810177123E-004  -4.4338783665642282E-003
   5.7433179330274497E-004  -3.9223761783876484E-003
   7.5481649990593236E-004  -3.3616445833518512E-003
   8.2894719182448513E-004  -2.8040188721566292E-003
   8.2628027002451857E-004  -2.2847825604538495E-003
   7.7335985325273663E-004  -1.8241917686218395E-003
   6.9181445081814737E-004  -1.4307567413988887E-003
   5.9784552596848888E-004  -1.1047508895975109E-003
   5.0262839683512506E-004  -8.4131838842437141E-004
   4.1317423577049290E-004  -6.3290185385211190E-004
   3.3331980357736280E-004  -4.7095917381444414E-004
   2.6465243742504366E-004  -3.4706843565561539E-004
   2.0728380434508715E-004  -2.5356004126524551E-004
   1.6044658834606302E-004  -1.8381178687195909E-004
   1.2292260701252914E-004  -1.3232346267631686E-004
   9.3329755846448839E-005  -9.4661274622465184E-005
   7.0300603925311305E-005  -6.7335421804403151E-005
   5.2582572259661904E-005  -4.7652146628912182E-005
   3.9084528766663451E-005  -3.3565535383248675E-005
   2.8889356515332563E-005  -2.3542804547857937E-005
   2.1246718038804223E-005  -1.6448947783241984E-005
   1.5555580002157358E-005  -1.1451933077362036E-005
   1.1342635715607379E-005  -7.9471543435990607E-006
   8.2403565224545106E-006  -5.4986483752144095E-006
   5.9667005581887703E-006  -3.7942026093136526E-006
   4.3073945701778168E-006  -2.6115892892043367E-006
   3.1010536258410813E-006  -1.7934946193388991E-006
   2.2270393474403408E-006  -1.2291062700281296E-006
   1.5957670421424903E-006  -8.4071574475138651E-007
   1.1410994289253619E-006  -5.7404894738801491E-007
   8.1446167985675403E-007  -3.9133801799921413E-007
   5.8034195745637386E-007  -2.6638888499917491E-007
   4.1288525456965261E-007  -1.8108949194811425E-007
   2.9333671300493502E-007  -1.2295056838465690E-007
   2.0813678832687931E-007  -8.3381606743761405E-008
   1.4751123370033306E-007  -5.6487230346804520E-008
   1.0443324730009615E-007  -3.8230006545872316E-008
   7.3863372646629720E-008  -2.5850115081283360E-008
   5.2195295038159049E-008  -1.7464293643945493E-008
   3.6853351963112826E-008  -1.1789439559408386E-008
   2.6001250955963352E-008  -7.9525977150702126E-009
   1.8331931592431476E-008  -5.3606308974809362E-009
   1.2916393416973633E-008  -3.6110087950732527E-009
   9.0952174274278263E-009  -2.4308559064595621E-009
   6.4009000380834675E-009  -1.6353770960974916E-009
   4.5023608532179166E-009  -1.0995436620362569E-009
   3.1653662912576578E-009  -7.3883716584733858E-010
   2.2243508890582306E-009  -4.9617004602852811E-010
   1.5623838530972026E-009  -3.3301201826026895E-010
   1.0969456768957074E-009  -2.2337626576035434E-010
   7.6984216524316714E-010  -1.4974776140077440E-010
   5.4006029566270853E-010  -1.0032901737548953E-010
   3.7871296715074099E-010  -6.7178561249406041E-011
   2.6546515321551876E-010  -4.4953765672048194E-011
   1.8600946553369593E-010  -3.0062446635872724E-011
   1.3028435247441860E-010  -2.0090713356899460E-011
   9.1217350448153678E-011  -1.3417369436358138E-011
   6.3839241617409074E-011  -8.9542006179258087E-012
   4.4660024469935502E-011  -5.9711545918696602E-012
   3.1229560719232305E-011  -3.9787314393175157E-012
   2.1828403971392075E-011  -2.6489061724903575E-012
   1.5250341210957072E-011  -1.7619880365819106E-012
   1.0649510189101610E-011  -1.1709286026248789E-012
   7.4329620885801895E-012  -7.7736203888551298E-013
   5.1851910477368288E-012  -5.1552964336806472E-013
   3.6151395911684726E-012  -3.4149998362733132E-013
   2.5190002293086523E-012  -2.2594407792960605E-013
   1.7541142517412165E-012  -1.4929590139293364E-013
   1.2206636046986499E-012  -9.8512533591612199E-014
   8.4883351807436897E-013  -6.4906483051532503E-014
   5.8981424299191695E-013  -4.2696258600301290E-014
   4.0949596373972782E-013  -2.8037821750608227E-014
   2.8405235705552350E-013  -1.8377812106047495E-014
   1.9684816093918038E-013  -1.2021951536975671E-014
   1.3627460959457535E-013  -7.8472537049794604E-015
   9.4234897075242615E-014  -5.1102759305758659E-015
   6.5084870745891266E-014  -3.3194694333157437E-015
   4.4892420812026789E-014  -2.1502770394643004E-015
   3.0919901448816626E-014  -1.3887170266178645E-015
   2.1262577069484496E-014  -8.9393381332481484E-016
   1.4596176193108631E-014  -5.7336609401164189E-016
   1.0000712959186838E-014  -3.6630062282343923E-016
   6.8375982114583972E-015  -2.3299352595486408E-016
   4.6639684119675984E-015  -1.4748408981706995E-016
   3.1729955720470709E-015  -9.2854615787840750E-017
   2.1523250008762637E-015  -5.8108641866960935E-017
   1.4551547654663634E-015  -3.6118472534635714E-017
   9.8012609472730708E-016  -2.2278215192206406E-017
   6.5735110537050284E-016  -1.3621569435565691E-017
   4.3871278206741419E-016  -8.2452570769835350E-018
   2.9113687526217871E-016  -4.9330879182821115E-018
   1.9192963121813025E-016  -2.9114711849524465E-018
   1.2555036849989599E-016  -1.6908580846976859E-018
   8.1379772005107033E-017  -9.6322953310535644E-019
   5.2178500915058691E-017  -5.3604387218606433E-019
   3.3023851287834596E-017  -2.8983736851444362E-019
   2.0577057027240784E-017  -1.5112287385103323E-019
   1.2578895709410688E-017  -7.5149808971909288E-020
   7.5025135733664418E-018  -3.4997564515649131E-020
   4.3145944782677577E-018  -1.4736114434639931E-020
   2.3101355081639521E-018  -5.1548180786332848E-021
   9.9263561488949118E-019  -1.0781390543569460E-021
   0.0000000000000000        0.0000000000000000     
