 Initial conditions outputted from a previous simulation. Time =    41.000000000000000     
   40.000000000000000        0.0000000000000000              500           1   41.000000000000000     
  -3.7244207824055693E-002  -3.5101959895970206E-013
  -3.6965628584329030E-002  -1.6379226371491144E-002
  -3.6478968304959065E-002  -3.2656537827325860E-002
  -3.5698910215613361E-002  -4.8711861465808887E-002
  -3.4639554582823154E-002  -6.4454476967477678E-002
  -3.3217661762604947E-002  -7.9715029435592846E-002
  -3.1413848306708375E-002  -9.4378674888524278E-002
  -2.9182383858903697E-002 -0.10828807847222796     
  -2.6471858472536698E-002 -0.12127205646669645     
  -2.3230896401407172E-002 -0.13314095176981125     
  -1.9405408027128500E-002 -0.14368026548604654     
  -1.4943593149361757E-002 -0.15265052074242294     
  -9.8022181848195292E-003 -0.15978606983255134     
  -3.9540540773881179E-003 -0.16479491492802928     
   2.6013816692051790E-003 -0.16736143717432161     
   9.8238734841077230E-003 -0.16715297445416663     
   1.7615738954644092E-002 -0.16383269723961838     
   2.5803130842137513E-002 -0.15708247607167450     
   3.4118121740594594E-002 -0.14664003333736153     
   4.2186918731781389E-002 -0.13235396689376869     
   4.9533739094693968E-002 -0.11425659215346480     
   5.5614498716221497E-002  -9.2645799336364479E-002
   5.9891364361459670E-002  -6.8151828397455858E-002
   6.1939727166494075E-002  -4.1749593806331059E-002
   6.1551295257067346E-002  -1.4680984363511998E-002
   5.8785961346667130E-002   1.1711626095866064E-002
   5.3947055698547498E-002   3.6188460228745542E-002
   4.7496162669262203E-002   5.7777872440888549E-002
   3.9952346902927004E-002   7.5855826131872930E-002
   3.1814655659607304E-002   9.0136690704064437E-002
   2.3517346526048231E-002  0.10060438399561665     
   1.5406781835667797E-002  0.10742248012826974     
   7.7316728809415768E-003  0.11085531789021669     
   6.4733918153355417E-004  0.11121457346805556     
  -5.7669368365625842E-003  0.10882823195273882     
  -1.1484927709287770E-002  0.10402272699069896     
  -1.6513013392452994E-002   9.7112038112996513E-002
  -2.0876327333098663E-002   8.8390713154940237E-002
  -2.4611682870222355E-002   7.8128867221286438E-002
  -2.7764520567042282E-002   6.6568867165357135E-002
  -3.0386059532690891E-002   5.3925164317200625E-002
  -3.2529247532123474E-002   4.0387591317038660E-002
  -3.4244805531560077E-002   2.6125944715765317E-002
  -3.5578256447493004E-002   1.1293837262157562E-002
  -3.6567496876803947E-002  -3.9689095534721662E-003
  -3.7240878901716505E-002  -1.9534872514256695E-002
  -3.7616466799014689E-002  -3.5287345917745169E-002
  -3.7702836457245148E-002  -5.1117416780840828E-002
  -3.7501069484383948E-002  -6.6919996036227516E-002
  -3.7006944807515152E-002  -8.2589728840261570E-002
  -3.6212042651505343E-002  -9.8017555304574899E-002
  -3.5102982014952010E-002 -0.11308807182551234     
  -3.3659136564084854E-002 -0.12767726897869897     
  -3.1850147033391660E-002 -0.14165008763341280     
  -2.9634782527126764E-002 -0.15485759867589868     
  -2.6962088649656529E-002 -0.16713406379921850     
  -2.3774684550293482E-002 -0.17829417713212228     
  -2.0013327020927254E-002 -0.18813039883370172     
  -1.5622029865350516E-002 -0.19641003085498984     
  -1.0553886578530755E-002 -0.20287214429409667     
  -4.7786032877716184E-003 -0.20722564395867549     
   1.7068976115814098E-003 -0.20915105236406609     
   8.8640229599817495E-003 -0.20830926319875448     
   1.6595106460406912E-002 -0.20435995860029219     
   2.4725873080267059E-002 -0.19699076952033884     
   3.2991755380248212E-002 -0.18595707125936256     
   4.1032494999011224E-002 -0.17113262023512185     
   4.8399874616269135E-002 -0.15257145838053940     
   5.4585214395420620E-002 -0.13057777502288806     
   5.9074909815657904E-002 -0.10576833774934274     
   6.1437860376246815E-002  -7.9093242872109532E-002
   6.1426367347841494E-002  -5.1773030682788455E-002
   5.9048078471457571E-002  -2.5138446343443321E-002
   5.4569510046745734E-002  -4.1724138508537396E-004
   4.8442283395470041E-002   2.1445782673440779E-002
   4.1196387694776626E-002   3.9867199242943539E-002
   3.3346586938736780E-002   5.4599456911889471E-002
   2.5329192735732999E-002   6.5647629744090621E-002
   1.7477983904359454E-002   7.3176944615161443E-002
   1.0029696795134463E-002   7.7440033390241539E-002
   3.1329062900351734E-003   7.8730323145710018E-002
  -3.1322265076386647E-003   7.7354100820063373E-002
  -8.7316632859710998E-003   7.3615448828953697E-002
  -1.3667555750402589E-002   6.7809016204820965E-002
  -1.7966747055534537E-002   6.0214079788769290E-002
  -2.1671514279775400E-002   5.1088424120966890E-002
  -2.4832738540244079E-002   4.0663313677673479E-002
  -2.7506440610943792E-002   2.9141940346752295E-002
  -2.9747025627069379E-002   1.6701158766484130E-002
  -3.1598317742767286E-002   3.4945711811462275E-003
  -3.3094490885374299E-002  -1.0343448779258068E-002
  -3.4260782525341149E-002  -2.4691556848470818E-002
  -3.5112880989922338E-002  -3.9432388820864514E-002
  -3.5662028226981453E-002  -5.4446150755724218E-002
  -3.5911984269991315E-002  -6.9611761233884961E-002
  -3.5861734088195964E-002  -8.4809153307670859E-002
  -3.5504485619815479E-002  -9.9918710985856932E-002
  -3.4826942135479946E-002 -0.11482000584836648     
  -3.3812522028115286E-002 -0.12939180521479454     
  -3.2432960186836751E-002 -0.14351063409223003     
  -3.0656698674629106E-002 -0.15704223121968156     
  -2.8460913489683215E-002 -0.16983427139231397     
  -2.5827109405091919E-002 -0.18171513758929991     
  -2.2731828846634231E-002 -0.19249526577931367     
  -1.9144942127565377E-002 -0.20196900084477243     
  -1.5049526440904829E-002 -0.20991524646009482     
  -1.0429884729321871E-002 -0.21610576209534399     
  -5.2945660948162405E-003 -0.22031219254339460     
   3.3849637894354124E-004 -0.22231607274995613     
   6.4441797350645669E-003 -0.22191405455939589     
   1.2952278997270106E-002 -0.21891468287904622     
   1.9725950797383901E-002 -0.21313897531047032     
   2.6649706550721203E-002 -0.20444119298387189     
   3.3565958363049313E-002 -0.19271646872572340     
   4.0292159098368904E-002 -0.17792153734697347     
   4.6582787744746085E-002 -0.16011391832299599     
   5.2038687991970353E-002 -0.13949471827020163     
   5.6249326590704037E-002 -0.11647020817519829     
   5.8844213204787679E-002  -9.1677491419545856E-002
   5.9572954700031884E-002  -6.5959865826294595E-002
   5.8374814723358766E-002  -4.0286879682116770E-002
   5.5356321487630311E-002  -1.5638110889173912E-002
   5.0749655199562961E-002   7.1159127994087096E-003
   4.4905201314294471E-002   2.7295304322264711E-002
   3.8164589038922093E-002   4.4454661213225284E-002
   3.0888052881125942E-002   5.8366776733443169E-002
   2.3373721089299550E-002   6.8987007576888845E-002
   1.5868419500055971E-002   7.6400644319893726E-002
   8.6124652889549534E-003   8.0774766259072400E-002
   1.8117380541584295E-003   8.2331947115329873E-002
  -4.3726152890843908E-003   8.1332348375071695E-002
  -9.8257375686740100E-003   7.8063980165130206E-002
  -1.4505570333965241E-002   7.2833173011078278E-002
  -1.8441064713263341E-002   6.5948481995165689E-002
  -2.1709738010639999E-002   5.7703396207391587E-002
  -2.4388867750985841E-002   4.8358737994740851E-002
  -2.6551557367387967E-002   3.8134516338168986E-002
  -2.8260812635453991E-002   2.7210979154669628E-002
  -2.9566384664822209E-002   1.5735832272766384E-002
  -3.0511011876976458E-002   3.8351085842327931E-003
  -3.1131217010441897E-002  -8.3785749281488232E-003
  -3.1447769494582459E-002  -2.0800884203535739E-002
  -3.1469920182847805E-002  -3.3331929248841236E-002
  -3.1210255503842592E-002  -4.5873528629589495E-002
  -3.0685710900764038E-002  -5.8326938248972712E-002
  -2.9908264487078194E-002  -7.0592399068938411E-002
  -2.8904360939225306E-002  -8.2569066966191512E-002
  -2.7712403263382951E-002  -9.4158222676886866E-002
  -2.6354015228064170E-002 -0.10526927393459995     
  -2.4829772004817053E-002 -0.11582227727195377     
  -2.3122616881708156E-002 -0.12574603589552522     
  -2.1189630153036189E-002 -0.13497022667125408     
  -1.8957243115774756E-002 -0.14341173826369974     
  -1.6341846656627940E-002 -0.15095889386604000     
  -1.3289344560461368E-002 -0.15745946631457886     
  -9.7691160455679934E-003 -0.16272159620814422     
  -5.7751755683679304E-003 -0.16652474929273350     
  -1.2752733725368991E-003 -0.16863596517857454     
   3.7916639957003987E-003 -0.16881920390992253     
   9.4807339614497669E-003 -0.16683388213766184     
   1.5806386210667923E-002 -0.16242869596568998     
   2.2722380891486402E-002 -0.15534371623471227     
   3.0048104647818426E-002 -0.14532069949553689     
   3.7545653501584959E-002 -0.13213913155458962     
   4.4966561839633393E-002 -0.11566551722806563     
   5.1955543743775638E-002  -9.5903364871864294E-002
   5.8052549466873715E-002  -7.3055664051543331E-002
   6.2673402616554366E-002  -4.7579927889044138E-002
   6.5194589425753458E-002  -2.0223213868950252E-002
   6.5217287212999811E-002   7.9808794044421809E-003
   6.2668543306301824E-002   3.5796190927979678E-002
   5.7801439283181086E-002   6.1937956826406355E-002
   5.1167541884017322E-002   8.5264311341394311E-002
   4.3396816318015459E-002  0.10495739427659151     
   3.5085554733203100E-002  0.12061383663669209     
   2.6664466439298803E-002  0.13223237037726610     
   1.8492068676360624E-002  0.14009675039862796     
   1.0869865630321664E-002  0.14462846718934375     
   3.9361134365072398E-003  0.14626923710492773     
  -2.2464227561114127E-003  0.14540253459793315     
  -7.6225023520271381E-003  0.14233399835133431     
  -1.2229533413597934E-002  0.13731827995992327     
  -1.6098141357017846E-002  0.13058527880659376     
  -1.9285440300319982E-002  0.12237077628449626     
  -2.1875127603382415E-002  0.11292277657551333     
  -2.3998300783386769E-002  0.10248889410526958     
  -2.5791194791660081E-002   9.1291576883664766E-002
  -2.7282707080166231E-002   7.9504066450379857E-002
  -2.8426711435853111E-002   6.7252250500523081E-002
  -2.9209830723917522E-002   5.4635896824831554E-002
  -2.9667373069347063E-002   4.1750378420576710E-002
  -2.9866710839116066E-002   2.8698874821803978E-002
  -2.9878322705494044E-002   1.5591018417352276E-002
  -2.9740332396322684E-002   2.5347239069854668E-003
  -2.9422950130317132E-002  -1.0371399055085452E-002
  -2.8867063805399322E-002  -2.3035843686491135E-002
  -2.8033670275313782E-002  -3.5367469615017862E-002
  -2.6890371361166711E-002  -4.7270561153555206E-002
  -2.5384961627044834E-002  -5.8640933295135686E-002
  -2.3467358593526676E-002  -6.9360831396423892E-002
  -2.1106646827718834E-002  -7.9293177703274209E-002
  -1.8266053100003128E-002  -8.8280446134720594E-002
  -1.4924889231057045E-002  -9.6141902261093176E-002
  -1.1076986220551451E-002 -0.10267196307277747     
  -6.6573344735821804E-003 -0.10764133060047511     
  -1.6003146646880230E-003 -0.11078749678205686     
   4.1553825167046157E-003 -0.11180881014147694     
   1.0660273272709127E-002 -0.11036642000109101     
   1.7888369091046630E-002 -0.10609492840966178     
   2.5656607003301884E-002  -9.8628034634149209E-002
   3.3773142140825364E-002  -8.7652393647574864E-002
   4.1963015030227209E-002  -7.2961012655099466E-002
   4.9774284723512252E-002  -5.4519848288404879E-002
   5.6560845339561808E-002  -3.2542804017427485E-002
   6.1664927833215331E-002  -7.5615158647732586E-003
   6.4478151690395086E-002   1.9553557845997164E-002
   6.4628490753589687E-002   4.7632747513212802E-002
   6.2056479711929152E-002   7.5327208568510717E-002
   5.7103201018744026E-002  0.10128000945568863     
   5.0297319624164651E-002  0.12432863697405395     
   4.2300393869984861E-002  0.14365963785447233     
   3.3751882188915269E-002  0.15888210352235324     
   2.5167267183253638E-002  0.16999481582884557     
   1.6909648581846459E-002  0.17726902038021053     
   9.2345241959637826E-003  0.18110198108345357     
   2.2752223547456633E-003  0.18190366922995393     
  -3.8643306073307712E-003  0.18003146007356180     
  -9.1891829674284279E-003  0.17578455736361329     
  -1.3769436128938949E-002  0.16941843262206541     
  -1.7681213946980610E-002  0.16116529756140732     
  -2.0991382032863371E-002  0.15125181140664476     
  -2.3751679073577156E-002  0.13990927995678237     
  -2.6027011119557988E-002  0.12737577074746631     
  -2.7886930853929633E-002  0.11388905238172918     
  -2.9381719557562688E-002   9.9677469655575085E-002
  -3.0536281673835229E-002   8.4953245333123595E-002
  -3.1352456897687078E-002   6.9910986662560529E-002
  -3.1845342115185298E-002   5.4732596690723979E-002
  -3.2043879703563108E-002   3.9590193228099917E-002
  -3.1969081368981710E-002   2.4646103991047899E-002
  -3.1626663514232760E-002   1.0049776581207056E-002
  -3.1008514994806082E-002  -4.0675761864333590E-003
  -3.0105818036480443E-002  -1.7597679695708263E-002
  -2.8915995629904184E-002  -3.0458298181581338E-002
  -2.7439918188433533E-002  -4.2591337380218870E-002
  -2.5662930263354044E-002  -5.3953519947999393E-002
  -2.3524615579221253E-002  -6.4498265053589743E-002
  -2.0907471288008801E-002  -7.4151211417318397E-002
  -1.7716188332037554E-002  -8.2781175658237047E-002
  -1.3864756770546289E-002  -9.0185156616412229E-002
  -9.2696370618191356E-003  -9.6084514347566360E-002
  -3.8705020068027902E-003 -0.10013138788703917     
   2.3594633859400998E-003 -0.10192498875787911     
   9.4042273147609441E-003 -0.10103606039346645     
   1.7128558588129464E-002  -9.7036226278804469E-002
   2.5286358079781395E-002  -8.9542593536987597E-002
   3.3537577218566761E-002  -7.8277314606033113E-002
   4.1420540124264556E-002  -6.3136405763288217E-002
   4.8409245660948799E-002  -4.4268140201328535E-002
   5.3958855340373202E-002  -2.2133642919171873E-002
   5.7573247251000895E-002   2.4710907834811784E-003
   5.8949049079234782E-002   2.8456008320342653E-002
   5.7945237389818161E-002   5.4554347386188709E-002
   5.4686029119369567E-002   7.9480148035029174E-002
   4.9543471598628604E-002  0.10211007853433020     
   4.3031332024690158E-002  0.12162360049503179     
   3.5746571135807030E-002  0.13758003797782320     
   2.8235828056919283E-002  0.14990062860305112     
   2.0843549622916881E-002  0.15877390875689035     
   1.3820440729367164E-002  0.16452286796953758     
   7.2666148121627505E-003  0.16748941849580193     
   1.2178464693824746E-003  0.16797089720369093     
  -4.2977353120105784E-003  0.16621301653218934     
  -9.3133542338926616E-003  0.16242300520993341     
  -1.3832949092505291E-002  0.15679286170454676     
  -1.7866607686237483E-002  0.14951380384941368     
  -2.1450726462838871E-002  0.14077029334459731     
  -2.4585531605678491E-002  0.13074232731901228     
  -2.7278526982465020E-002  0.11959768713436970     
  -2.9536578754052759E-002  0.10749416668624656     
  -3.1352771904568442E-002   9.4588622868552089E-002
  -3.2738841658240911E-002   8.1038075296115120E-002
  -3.3700149579006924E-002   6.7002324262660160E-002
  -3.4237613097965365E-002   5.2644864794097496E-002
  -3.4369369188330647E-002   3.8130481305601739E-002
  -3.4103861052420151E-002   2.3621765792860492E-002
  -3.3458756735646418E-002   9.2773262095850965E-003
  -3.2440973203375523E-002  -4.7542122446765115E-003
  -3.1049101906507875E-002  -1.8331424538718642E-002
  -2.9290803047352394E-002  -3.1310514181397638E-002
  -2.7170019457426149E-002  -4.3546105047230700E-002
  -2.4683262244178637E-002  -5.4894726392316476E-002
  -2.1819752910443000E-002  -6.5212794068792490E-002
  -1.8554363185109821E-002  -7.4353046081362312E-002
  -1.4847914995933686E-002  -8.2155461182255710E-002
  -1.0658493838925630E-002  -8.8433495554663746E-002
  -5.9553691426104272E-003  -9.2969650314135482E-002
  -7.3100974379536571E-004  -9.5525418670149548E-002
   4.9913625434328431E-003  -9.5855522598323889E-002
   1.1155082196896166E-002  -9.3718494244433140E-002
   1.7666334978410570E-002  -8.8885721166268555E-002
   2.4384063781446988E-002  -8.1155380673162622E-002
   3.1106435408693494E-002  -7.0376533521928242E-002
   3.7560837897322473E-002  -5.6485675391837367E-002
   4.3401360693420071E-002  -3.9556045202730858E-002
   4.8218947354542664E-002  -1.9858765135576269E-002
   5.1578981218194243E-002   2.0747328009808768E-003
   5.3100649968667216E-002   2.5423307241537605E-002
   5.2562741442435577E-002   4.9128701535672323E-002
   4.9981278621410621E-002   7.2046047852771605E-002
   4.5606685558204137E-002   9.3136872734687251E-002
   3.9844235146322911E-002  0.11161305605198821     
   3.3152789535042852E-002  0.12698384507733274     
   2.5969961371377602E-002  0.13902757220649681     
   1.8671847591131007E-002  0.14773276538507762     
   1.1556089309501090E-002  0.15323569597556339     
   4.8408699914783979E-003  0.15576608995412575     
  -1.3265193950630857E-003  0.15560673419227011     
  -6.8598652793278817E-003  0.15306529899075036     
  -1.1725694134763938E-002  0.14845272829483261     
  -1.5933513788625467E-002  0.14206596350337664     
  -1.9523695941463283E-002  0.13417596751638589     
  -2.2555211013136890E-002  0.12502124975203635     
  -2.5094857259604628E-002  0.11480591931616749     
  -2.7208416840093584E-002  0.10370135723543611     
  -2.8954125385418736E-002   9.1850682224639518E-002
  -3.0378733270029587E-002   7.9374981343789355E-002
  -3.1516059906812471E-002   6.6380184120459831E-002
  -3.2387671152679896E-002   5.2963467913284976E-002
  -3.3004902315265018E-002   3.9218262103652507E-002
  -3.3371010796263728E-002   2.5237506708867485E-002
  -3.3482327470061697E-002   1.1115652760578305E-002
  -3.3327975218402812E-002  -3.0495544951275413E-003
  -3.2888575275825470E-002  -1.7154516429649620E-002
  -3.2134908531687496E-002  -3.1085997316622933E-002
  -3.1027573398050165E-002  -4.4716383567382195E-002
  -2.9518312427080175E-002  -5.7898823618139021E-002
  -2.7553020085821309E-002  -7.0463254290186433E-002
  -2.5075912826974470E-002  -8.2214018654937049E-002
  -2.2034379225140507E-002  -9.2929326633899703E-002
  -1.8384417683173851E-002 -0.10236259128338390     
  -1.4096732353661901E-002 -0.11024566083287067     
  -9.1634913805940590E-003 -0.11629411407180128     
  -3.6056329278948518E-003 -0.12021501952560897     
   2.5196547534927349E-003 -0.12171771429334298     
   9.1119484628233733E-003 -0.12052820057249140     
   1.6021745672290606E-002 -0.11640775931879824     
   2.3046067816207317E-002 -0.10917656176965483     
   2.9925996067686360E-002  -9.8743603099563912E-002
   3.6348695398279243E-002  -8.5144363976776410E-002
   4.1960574650151024E-002  -6.8584474588719468E-002
   4.6400443326924862E-002  -4.9478528087410822E-002
   4.9354787817924732E-002  -2.8461457435062426E-002
   5.0620123403771380E-002  -6.3489063660386513E-003
   5.0142863591707124E-002   1.5955123837462056E-002
   4.8014430757705166E-002   3.7571069875094565E-002
   4.4428540853328452E-002   5.7731057828888002E-002
   3.9631701342805074E-002   7.5818019900501701E-002
   3.3892656328127047E-002   9.1369821786375524E-002
   2.7491311035389016E-002  0.10407360470356522     
   2.0711897384083126E-002  0.11376135933217320     
   1.3830053959823341E-002  0.12040238329454546     
   7.0954988964278551E-003  0.12408679192052800     
   7.1713336174294474E-004  0.12500067193802414     
  -5.1447707767291540E-003  0.12339800357462924     
  -1.0378758590804985E-002  0.11957462663293132     
  -1.4916968510521735E-002  0.11384725659553870     
  -1.8727361712539775E-002  0.10653811974678419     
  -2.1805504642152848E-002   9.7964410912322483E-002
  -2.4167079520485857E-002   8.8431460592899053E-002
  -2.5841794712521807E-002   7.8228575125514857E-002
  -2.6869070758904229E-002   6.7626586001345648E-002
  -2.7295551085815370E-002   5.6876190719000963E-002
  -2.7174109213394242E-002   4.6206271759805212E-002
  -2.6563639455207545E-002   3.5821635961207507E-002
  -2.5528637914239562E-002   2.5900083355425475E-002
  -2.4137583833514154E-002   1.6589337422256947E-002
  -2.2459548513513575E-002   8.0049543171454626E-003
  -2.0559268635406493E-002   2.3058956901987599E-004
  -1.8491877453512186E-002  -6.6783323209114905E-003
  -1.6299151369865247E-002  -1.2687486639828957E-002
  -1.4009105542815510E-002  -1.7774344577998567E-002
  -1.1640008624887689E-002  -2.1919158204447311E-002
  -9.2086963161875871E-003  -2.5099251200086426E-002
  -6.7417683673167963E-003  -2.7289445243017043E-002
  -4.2868667230309097E-003  -2.8470513333352092E-002
  -1.9197523852739528E-003  -2.8645579185329641E-002
   2.5786628812728704E-004  -2.7860990161185224E-002
   2.1330441956481402E-003  -2.6224015089794831E-002
   3.6067191299658011E-003  -2.3907468379716031E-002
   4.6201648607693060E-003  -2.1134603340725543E-002
   5.1706681171436531E-003  -1.8146746645108597E-002
   5.3091815488148231E-003  -1.5165658325047959E-002
   5.1226990394762665E-003  -1.2364920252538759E-002
   4.7113033906148755E-003  -9.8580578020577604E-003
   4.1693019030132703E-003  -7.7017882507708531E-003
   3.5743074720583743E-003  -5.9077974939286378E-003
   2.9833892735731098E-003  -4.4568757222431714E-003
   2.4338770226586086E-003  -3.3117790601282769E-003
   1.9466461217895010E-003  -2.4272590304018778E-003
   1.5302398252865258E-003  -1.7569667996743881E-003
   1.1847690055544107E-003  -1.2576647327396597E-003
   9.0513036408348783E-004  -8.9143341913885629E-004
   6.8345835726910152E-004  -6.2650124781472979E-004
   5.1085884840355996E-004  -4.3718927991058212E-004
   3.7853037665067384E-004  -3.0335187629859867E-004
   2.7841681299081104E-004  -2.0958483500060890E-004
   2.0352897303221773E-004  -1.4437256427655984E-004
   1.4804227455636674E-004  -9.9275605748294163E-005
   1.0725335929314900E-004  -6.8214823599709138E-005
   7.7459824089610508E-005  -4.6875682345091218E-005
   5.5807577870182095E-005  -3.2233453398610182E-005
   4.0133725224204844E-005  -2.2188084581516960E-005
   2.8821487766400591E-005  -1.5291991751459408E-005
   2.0675400938834634E-005  -1.0552260225400402E-005
   1.4819020966702433E-005  -7.2897931672475602E-006
   1.0613935440498899E-005  -5.0406397441189910E-006
   7.5973409528826833E-006  -3.4877523061996887E-006
   5.4349114596166718E-006  -2.4142001865002676E-006
   3.8857345545350043E-006  -1.6712680141261613E-006
   2.7765095377624675E-006  -1.1567724999651866E-006
   1.9827195509188080E-006  -8.0033876361954181E-007
   1.4149730835474995E-006  -5.5339188258234537E-007
   1.0091333919298633E-006  -3.8233910699127277E-007
   7.1920472871753414E-007  -2.6391281711902987E-007
   5.1221490108583471E-007  -1.8197887513008043E-007
   3.6453759179610568E-007  -1.2534178192632771E-007
   2.5925088154997152E-007  -8.6230700453894036E-008
   1.8424082789412702E-007  -5.9252319564955735E-008
   1.3084027532824580E-007  -4.0664955097491093E-008
   9.2851988361551804E-008  -2.7874504972352227E-008
   6.5847768989961671E-008  -1.9084084342133245E-008
   4.6665749883516978E-008  -1.3050343008858814E-008
   3.3049963175025164E-008  -8.9139629682753647E-009
   2.3392042889943873E-008  -6.0817942482499555E-009
   1.6546229715483173E-008  -4.1449513164324394E-009
   1.1696962846192515E-008  -2.8219498168210136E-009
   8.2641789284442460E-009  -1.9192724324726161E-009
   5.8356332394585681E-009  -1.3040565161428793E-009
   4.1185722839903052E-009  -8.8520308028882363E-010
   2.9052536876005858E-009  -6.0032916707585073E-010
   2.0483667886062987E-009  -4.0676927984007758E-010
   1.4435260619747309E-009  -2.7537838981633364E-010
   1.0168127050529041E-009  -1.8627044882044674E-010
   7.1591609082773462E-010  -1.2589204933912363E-010
   5.0384002417978683E-010  -8.5015693512282320E-011
   3.5443473434223222E-010  -5.7365514080093934E-011
   2.4922738526048187E-010  -3.8677327943238935E-011
   1.7517535938576390E-010  -2.6056545481713852E-011
   1.2307476684832337E-010  -1.7540065672687886E-011
   8.6433842713060850E-011  -1.1797689157011499E-011
   6.0675940964784059E-011  -7.9288374318546120E-012
   4.2576040074226191E-011  -5.3242993938778266E-012
   2.9862573924957199E-011  -3.5722959211859034E-012
   2.0936237078082211E-011  -2.3947159977969016E-012
   1.4671503390100630E-011  -1.6038724261142207E-012
   1.0276597766422260E-011  -1.0731992040064164E-012
   7.1947536288790432E-012  -7.1741246263559287E-013
   5.0346153364749584E-012  -4.7908949146571251E-013
   3.5212046900411698E-012  -3.1959670171281729E-013
   2.4613901010306383E-012  -2.1296201955947051E-013
   1.7195789785997861E-012  -1.4173919579412687E-013
   1.2006135063075336E-012  -9.4218604394917464E-014
   8.3773985994821601E-013  -6.2547544007013020E-014
   5.8414925568648408E-013  -4.1464415668610535E-014
   4.0703265800390588E-013  -2.7446935373688701E-014
   2.8340377855055226E-013  -1.8139391546259698E-014
   1.9716554555170894E-013  -1.1967830881505622E-014
   1.3705065880747086E-013  -7.8817147345615811E-015
   9.5176345248586378E-014  -5.1806229151652534E-015
   6.6030538601306185E-014  -3.3981054890945225E-015
   4.5760984537726283E-014  -2.2239054021440237E-015
   3.1676965139547829E-014  -1.4519236027538535E-015
   2.1900200570862172E-014  -9.4544005152265737E-016
   1.5120374806396237E-014  -6.1389175746185678E-016
   1.0424008879350053E-014  -3.9738403146459445E-016
   7.1747336034952729E-015  -2.5637137924115388E-016
   4.9295658078968835E-015  -1.6479082162371665E-016
   3.3803924689418137E-015  -1.0549840006326415E-016
   2.3130959353784016E-015  -6.7240462650572087E-017
   1.5790187789626380E-015  -4.2646470571015716E-017
   1.0750555592915313E-015  -2.6900849280318644E-017
   7.2977260130231060E-016  -1.6865619103770402E-017
   4.9373741236080637E-016  -1.0501842194617230E-017
   3.3278610925461395E-016  -6.4888463089162368E-018
   2.2334003945225822E-016  -3.9741344855186435E-018
   1.4915069349569199E-016  -2.4094954719504736E-018
   9.9039413773566934E-017  -1.4438637757965024E-018
   6.5329433061002645E-017  -8.5346340910788198E-019
   4.2759336314053317E-017  -4.9639187830120679E-019
   2.7730983104001821E-017  -2.8318655473305375E-019
   1.7789557518109477E-017  -1.5781507269521465E-019
   1.1264538958037690E-017  -8.5445044452481581E-020
   7.0220834801876738E-018  -4.4609180603701355E-020
   4.2944084403661921E-018  -2.2210463835412021E-020
   2.5622533070027404E-018  -1.0355566425540613E-020
   1.4739467793976722E-018  -4.3650402458417366E-021
   7.8936596487693805E-019  -1.5284233369082463E-021
   3.3925096169754591E-019  -3.1999193991499564E-022
   0.0000000000000000        0.0000000000000000     
