 Initial conditions outputted from a previous simulation. Time =    46.800000000000004     
   40.000000000000000        0.0000000000000000              500           1   46.800000000000004     
  -3.3887864056466481E-002  -6.9036395927558183E-002
  -3.2053970187714144E-002  -8.3895871056050911E-002
  -2.9898359652863332E-002  -9.8054119436043419E-002
  -2.7293699144813471E-002 -0.11133920244783405     
  -2.4227642702795031E-002 -0.12359229623727466     
  -2.0586012135767405E-002 -0.13456577662933733     
  -1.6332700826178853E-002 -0.14404981446906895     
  -1.1416734221932005E-002 -0.15178209067475881     
  -5.8001794662466775E-003 -0.15747763547054647     
   5.2728237881562428E-004 -0.16082853277868064     
   7.5414007972711746E-003 -0.16150564795163455     
   1.5166521328027479E-002 -0.15917118407463154     
   2.3257029674421330E-002 -0.15349820708411574     
   3.1579959832261417E-002 -0.14420304974650730     
   3.9801532807648435E-002 -0.13109580837009810     
   4.7485780327780627E-002 -0.11415023264254928     
   5.4116161671053001E-002  -9.3587016313586624E-002
   5.9149843439129331E-002  -6.9949722494723254E-002
   6.2104847025792484E-002  -4.4135471988347177E-002
   6.2661440300789517E-002  -1.7339624395644470E-002
   6.0742153408348674E-002   9.0973701541935733E-003
   5.6535644210565901E-002   3.3898850841086618E-002
   5.0452177799396723E-002   5.6036434322537229E-002
   4.3029508472718830E-002   7.4824948015325299E-002
   3.4827526199344983E-002   8.9917925397135584E-002
   2.6346314896052471E-002  0.10124043442373173     
   1.7982015557199485E-002  0.10890516932378880     
   1.0016500713179225E-002  0.11314060766818267     
   2.6295592780572552E-003  0.11423933656507113     
  -4.0786627087669048E-003  0.11252240342743655     
  -1.0065601893185725E-002  0.10831387810526780     
  -1.5329807461264125E-002  0.10192377533601443     
  -1.9898875267564731E-002   9.3639467146621497E-002
  -2.3818892486794502E-002   8.3723908059795682E-002
  -2.7144980004045180E-002   7.2417279447731561E-002
  -2.9934058959529504E-002   5.9939197227365945E-002
  -3.2240018412809580E-002   4.6490182599553363E-002
  -3.4110648542123832E-002   3.2252288834058153E-002
  -3.5586126032011126E-002   1.7389316256259928E-002
  -3.6698918918780112E-002   2.0473174544604709E-003
  -3.7474446377295002E-002  -1.3643710161463990E-002
  -3.7931913137765748E-002  -2.9566622507499689E-002
  -3.8085028887171322E-002  -4.5613014961045070E-002
  -3.7942088242408842E-002  -6.1678743731000851E-002
  -3.7504986720378983E-002  -7.7659604044733918E-002
  -3.6767682375510501E-002  -9.3447725590798086E-002
  -3.5715078155719927E-002 -0.10892887048997756     
  -3.4322874567505289E-002 -0.12398035839726962     
  -3.2558402489795614E-002 -0.13846909188634871     
  -3.0382141368586097E-002 -0.15224911666064245     
  -2.7749494569614452E-002 -0.16515836142851564     
  -2.4612496598881376E-002 -0.17701460087284057     
  -2.0921471595023038E-002 -0.18761113247115654     
  -1.6627096105105942E-002 -0.19671308452797298     
  -1.1683717165027791E-002 -0.20405552146919859     
  -6.0550857822698105E-003 -0.20934435278109617     
   2.7620776610769691E-004 -0.21226060350893652     
   7.2946079960809502E-003 -0.21246844913951288     
   1.4932767256262105E-002 -0.20962805033351314     
   2.3049591927736965E-002 -0.20341556975320310     
   3.1408628259496855E-002 -0.19355437580129134     
   3.9662695474071863E-002 -0.17986265118777081     
   4.7354180212118166E-002 -0.16232142518218115     
   5.3943240688143643E-002 -0.14115925948961472     
   5.8872745472064988E-002 -0.11693250042546717     
   6.1664505003375190E-002  -9.0559860664817332E-002
   6.2021787452804650E-002  -6.3266906799538891E-002
   5.9901482682861648E-002  -3.6427660934626661E-002
   5.5525785345241642E-002  -1.1347113759214112E-002
   4.9326665242074387E-002   1.0931765990479297E-002
   4.1847985951131851E-002   2.9727568804387827E-002
   3.3644245823890362E-002   4.4715183802364035E-002
   2.5205253113858683E-002   5.5852871102401218E-002
   1.6917284796555701E-002   6.3289233042641266E-002
   9.0550708703542142E-003   6.7282714631553789E-002
   1.7916477096794122E-003   6.8145357489977174E-002
  -4.7820991657142728E-003   6.6207733201992497E-002
  -1.0634308240350715E-002   6.1798675334338721E-002
  -1.5773073006031514E-002   5.5234201114295174E-002
  -2.0229794292592522E-002   4.6810829192396472E-002
  -2.4050494038109577E-002   3.6801369476892568E-002
  -2.7289846494856988E-002   2.5451887043604043E-002
  -3.0004102882807082E-002   1.2980183653467944E-002
  -3.2247457888545113E-002  -4.2279267190930414E-004
  -3.4070554319029590E-002  -1.4589361540647813E-002
  -3.5518990998654638E-002  -2.9371374678139679E-002
  -3.6630186955735840E-002  -4.4637180151761352E-002
  -3.7430116603295691E-002  -6.0267651362126369E-002
  -3.7932950432957677E-002  -7.6149907549787885E-002
  -3.8142649973207189E-002  -9.2172563430220386E-002
  -3.8056176747768844E-002 -0.10822668478951152     
  -3.7660414659022735E-002 -0.12420607139967670     
  -3.6939979566629366E-002 -0.13999848330834150     
  -3.5881194404232701E-002 -0.15548106701556502     
  -3.4455172336790345E-002 -0.17052623189975730     
  -3.2617900294030756E-002 -0.18499699093962430     
  -3.0322505408985505E-002 -0.19873458861039583     
  -2.7519058308760034E-002 -0.21155536644390094     
  -2.4168753681147806E-002 -0.22324866812885230     
  -2.0237503724310088E-002 -0.23357538003608710     
  -1.5696110600347524E-002 -0.24227379776939462     
  -1.0510171611904193E-002 -0.24907063360024675     
  -4.6978346263203000E-003 -0.25368279201275540     
   1.7079460555093258E-003 -0.25583039393169432     
   8.6258875297887724E-003 -0.25524402845393657     
   1.5918080176801987E-002 -0.25167402661370952     
   2.3395071625996130E-002 -0.24491043764624507     
   3.0866933757558366E-002 -0.23481367200253306     
   3.8090948419146731E-002 -0.22133009021359426     
   4.4814566048884161E-002 -0.20452320491419396     
   5.0792386697328183E-002 -0.18460861412169333     
   5.5646475467356342E-002 -0.16197379141583262     
   5.8900975803560816E-002 -0.13722971735650433     
   6.0061842868214581E-002 -0.11124485725059018     
   5.8796410160387343E-002  -8.5136758975520713E-002
   5.5204602225144443E-002  -6.0163137112076076E-002
   4.9736210083967655E-002  -3.7511024444419235E-002
   4.2893855972032970E-002  -1.8076206666585892E-002
   3.5182075869398539E-002  -2.3663951651838439E-003
   2.7015570035696872E-002   9.4765576910014332E-003
   1.8730322381772940E-002   1.7556150821194730E-002
   1.0606485290822457E-002   2.2106781127809682E-002
   2.8311152979077518E-003   2.3409499397399836E-002
  -4.4086396128098409E-003   2.1753872765566222E-002
  -1.0940935047684154E-002   1.7446590123194092E-002
  -1.6638407170087591E-002   1.0821169059522599E-002
  -2.1429110739778347E-002   2.2386591612334394E-003
  -2.5345993571458666E-002  -7.9247564764082339E-003
  -2.8488325235446140E-002  -1.9309750190867125E-002
  -3.0969347752142981E-002  -3.1602513682361048E-002
  -3.2903764812479412E-002  -4.4552505572387775E-002
  -3.4386572435742967E-002  -5.7975387989999093E-002
  -3.5484804425319566E-002  -7.1740363573818786E-002
  -3.6239996593323762E-002  -8.5751972386365657E-002
  -3.6682831802237720E-002  -9.9930332897113713E-002
  -3.6835086958895515E-002 -0.11419831781154154     
  -3.6697918968657477E-002 -0.12847699737674598     
  -3.6273437411591884E-002 -0.14268246162776319     
  -3.5563405941347243E-002 -0.15672614373184507     
  -3.4559379205639333E-002 -0.17051468002875492     
  -3.3260768343407132E-002 -0.18394739237544599     
  -3.1688111031850638E-002 -0.19691440188488760     
  -2.9844806424617270E-002 -0.20929838905992690     
  -2.7714692513054508E-002 -0.22097423338465697     
  -2.5275579503488316E-002 -0.23180645622465418     
  -2.2476269414444291E-002 -0.24164747361191935     
  -1.9243695122594152E-002 -0.25033267593779551     
  -1.5509858886706982E-002 -0.25767351592488330     
  -1.1215553713283142E-002 -0.26345285883447456     
  -6.3024588397461558E-003 -0.26742227727561985     
  -7.3823306953262372E-004 -0.26930089959824860     
   5.4869863531815510E-003 -0.26878208392565189     
   1.2314797592452562E-002 -0.26554418852847417     
   1.9677403098278860E-002 -0.25927740813652167     
   2.7377948329748797E-002 -0.24970900068198912     
   3.5143039441929133E-002 -0.23665180647728173     
   4.2601352120707543E-002 -0.22005959873769748     
   4.9274219799397403E-002 -0.20008916924692824     
   5.4592688198662212E-002 -0.17715654904564576     
   5.8071167695543990E-002 -0.15197252169175052     
   5.9282744100535079E-002 -0.12551661697349528     
   5.8035534310982316E-002  -9.8966192187553786E-002
   5.4424334471865191E-002  -7.3566039307568346E-002
   4.8830043297832006E-002  -5.0473979594846459E-002
   4.1750666296753718E-002  -3.0606177614149549E-002
   3.3770121265015149E-002  -1.4539926983469760E-002
   2.5453310529721222E-002  -2.4854423021535240E-003
   1.7257694092044300E-002   5.6702515106754944E-003
   9.4901700514778160E-003   1.0264810486077108E-002
   2.3835471214898015E-003   1.1740128340181339E-002
  -3.9576008835772013E-003   1.0551131416845714E-002
  -9.5408073771067574E-003   7.1054786913608611E-003
  -1.4384274251894313E-002   1.7384494978504746E-003
  -1.8513160994908323E-002  -5.2770098570332153E-003
  -2.1983248920913370E-002  -1.3710726074270997E-002
  -2.4861597628494405E-002  -2.3356281123300720E-002
  -2.7205195743811653E-002  -3.4021320763624220E-002
  -2.9088450107351730E-002  -4.5524154198781877E-002
  -3.0596511397795179E-002  -5.7696855811810832E-002
  -3.1794896004222722E-002  -7.0391381280569404E-002
  -3.2701242795678105E-002  -8.3483510712417344E-002
  -3.3331409522727000E-002  -9.6866691590640708E-002
  -3.3697713864530389E-002 -0.11044624826280208     
  -3.3803963836442505E-002 -0.12413443993189957     
  -3.3665086659038834E-002 -0.13784804659652511     
  -3.3305266109053842E-002 -0.15151231214211455     
  -3.2742049676281637E-002 -0.16506748455035081     
  -3.1978153862313966E-002 -0.17847142860331319     
  -3.0993653980225157E-002 -0.19169046165081177     
  -2.9727766035422831E-002 -0.20467908494713360     
  -2.8103084055277516E-002 -0.21735070118553493     
  -2.6086065591396798E-002 -0.22955289341487861     
  -2.3687001637181668E-002 -0.24106884325380348     
  -2.0961602895404604E-002 -0.25164118679923381     
  -1.7915612552467205E-002 -0.26101112300433094     
  -1.4449624301633495E-002 -0.26894879471811201     
  -1.0429373688588768E-002 -0.27525043564263851     
  -5.7969252822810064E-003 -0.27971408334240722     
  -4.7393900884325327E-004 -0.28212448162455378     
   5.4839473834715517E-003 -0.28223026799134820     
   1.1958377639618385E-002 -0.27976277700061530     
   1.8785812712878415E-002 -0.27446141501905730     
   2.5868303906547881E-002 -0.26611277991091514     
   3.3077995963592267E-002 -0.25458256727704581     
   4.0089773220881753E-002 -0.23984133069003577     
   4.6460920128377901E-002 -0.22202112341573452     
   5.1698823960329883E-002 -0.20147402991817184     
   5.5194065144828532E-002 -0.17880362274707465     
   5.6522530855682943E-002 -0.15488192409367468     
   5.5549397578140633E-002 -0.13078034734086105     
   5.2439905009223811E-002 -0.10763403065261173     
   4.7563389677271320E-002  -8.6471314349459372E-002
   4.1347685782368374E-002  -6.8057884913262257E-002
   3.4355418201124380E-002  -5.2834342063343406E-002
   2.7016458921232459E-002  -4.0917704393531158E-002
   1.9641659603243575E-002  -3.2189067624523657E-002
   1.2564087840037272E-002  -2.6411222995432918E-002
   6.0433307872805007E-003  -2.3305157851986912E-002
   1.9953251015041834E-004  -2.2591915431876039E-002
  -4.9318724806057500E-003  -2.4011394069646887E-002
  -9.4213794586011940E-003  -2.7323258852314358E-002
  -1.3322172400151603E-002  -3.2316367853661841E-002
  -1.6708921017031853E-002  -3.8804135166307610E-002
  -1.9588956693725693E-002  -4.6624921473349457E-002
  -2.2013873908867578E-002  -5.5624816711936094E-002
  -2.4079892079740279E-002  -6.5654102129085012E-002
  -2.5847664947684666E-002  -7.6575851939133049E-002
  -2.7356076937235102E-002  -8.8271642676322926E-002
  -2.8613027390543187E-002 -0.10064760200655028     
  -2.9591554205187283E-002 -0.11362994355968974     
  -3.0271900858194763E-002 -0.12715063166831037     
  -3.0668476607654226E-002 -0.14113244268948430     
  -3.0816855541126301E-002 -0.15547951477228780     
  -3.0742609164838727E-002 -0.17007642810572371     
  -3.0460608811061760E-002 -0.18479045270396696     
  -2.9979490925176339E-002 -0.19947632978770938     
  -2.9290405628609663E-002 -0.21398215733116477     
  -2.8382583526482642E-002 -0.22815230644898699     
  -2.7251168589580786E-002 -0.24182995948634889     
  -2.5885876659556058E-002 -0.25486031763330502     
  -2.4264227878071237E-002 -0.26709451590527472     
  -2.2384336338510825E-002 -0.27839256935348738     
  -2.0240708649657681E-002 -0.28863006915256401     
  -1.7814317986295073E-002 -0.29769955186167774     
  -1.5031429625607559E-002 -0.30550488290653927     
  -1.1772794782667918E-002 -0.31194289442748396     
  -7.9285873838737947E-003 -0.31687818561417330     
  -3.4263960114183523E-003 -0.32012384806756522     
   1.7807894873751366E-003 -0.32143690435967187     
   7.6754572808247655E-003 -0.32052573947241386     
   1.4185867398839470E-002 -0.31707264751417830     
   2.1180413697505115E-002 -0.31076864464249826     
   2.8421817178179286E-002 -0.30135697541907969     
   3.5569332099159731E-002 -0.28868962285842392     
   4.2203394493685917E-002 -0.27278829870389693     
   4.7880840056373095E-002 -0.25389502525331314     
   5.2215904005901731E-002 -0.23249827679884924     
   5.4874853693745451E-002 -0.20931462255616110     
   5.5672571024159831E-002 -0.18523726623608452     
   5.4601470502598080E-002 -0.16124215040084935     
   5.1790379483465557E-002 -0.13827242606325169     
   4.7527771660703717E-002 -0.11713530175669234     
   4.2187336629193231E-002  -9.8424354118102117E-002
   3.6143160435695522E-002  -8.2493861815731345E-002
   2.9759493408546688E-002  -6.9481223033294237E-002
   2.3333322937774320E-002  -5.9351611631192992E-002
   1.7080689608066357E-002  -5.1955839920143680E-002
   1.1183976690838445E-002  -4.7084550056760037E-002
   5.7180623775378789E-003  -4.4502066300413763E-002
   7.1957457603961949E-004  -4.3977865030894361E-002
  -3.8185791297752664E-003  -4.5297542830996337E-002
  -7.9323533682509467E-003  -4.8267386768225229E-002
  -1.1653777402903815E-002  -5.2719326429250049E-002
  -1.5013319218024210E-002  -5.8509454097604892E-002
  -1.8056219633819533E-002  -6.5515462442241559E-002
  -2.0806904467682370E-002  -7.3629967678480998E-002
  -2.3277597334660009E-002  -8.2754769125076080E-002
  -2.5470689099144603E-002  -9.2794276037867579E-002
  -2.7378760109717043E-002 -0.10365115362649807     
  -2.8989708111919501E-002 -0.11522217400209780     
  -3.0289008513156680E-002 -0.12739709162406079     
  -3.1264173410091987E-002 -0.14005765193972267     
  -3.1903036468300595E-002 -0.15307881218858996     
  -3.2200344928580642E-002 -0.16632767097343745     
  -3.2155696816860424E-002 -0.17966466436599596     
  -3.1767764840424685E-002 -0.19294731688165920     
  -3.1044247864455869E-002 -0.20603266634466638     
  -2.9986258188071775E-002 -0.21878428099311137     
  -2.8590366794298768E-002 -0.23107180145703715     
  -2.6862087623259326E-002 -0.24276338613692566     
  -2.4804361227854961E-002 -0.25372575514524720     
  -2.2414842432899033E-002 -0.26382664817076878     
  -1.9687034533999802E-002 -0.27293432029458320     
  -1.6606175473615554E-002 -0.28091685323793936     
  -1.3149824715692281E-002 -0.28763752337122511     
  -9.2923104891529731E-003 -0.29294637084168235     
  -5.0075722668609475E-003 -0.29667644727177556     
  -2.7226371036749965E-004 -0.29864612250116396     
   4.9306799210702143E-003 -0.29866055557760562     
   1.0609005805811596E-002 -0.29650877265545450     
   1.6753451454985743E-002 -0.29195957328083821     
   2.3319697673884188E-002 -0.28476276264229455     
   3.0202404062860701E-002 -0.27466275349591612     
   3.7209310437951823E-002 -0.26143018669243412     
   4.4042677814927114E-002 -0.24491473220784979     
   5.0294958780988309E-002 -0.22511941646329375     
   5.5469725524425341E-002 -0.20229007745297775     
   5.9041611664279042E-002 -0.17699693478425227     
   6.0557896248973578E-002 -0.15016363459929155     
   5.9756126734246066E-002 -0.12299670293309906     
   5.6646841767837589E-002  -9.6808340532051909E-002
   5.1517335760108841E-002  -7.2791081475160863E-002
   4.4854309585269495E-002  -5.1837417246805899E-002
   3.7226422495612137E-002  -3.4466193772135965E-002
   2.9178122954354915E-002  -2.0851617184064062E-002
   2.1164125039559459E-002  -1.0907508448824620E-002
   1.3524839012504734E-002  -4.3794937751541491E-003
   6.4873743575575640E-003  -9.2084712256643110E-004
   1.7770055391098474E-004  -1.4818180621563491E-004
  -5.3620672478918727E-003  -1.6809040089847897E-003
  -1.0152596592460509E-002  -5.1674286897072869E-003
  -1.4254900765720873E-002  -1.0299738064984396E-002
  -1.7750084608979672E-002  -1.6818467273245610E-002
  -2.0723320193698814E-002  -2.4511180991713268E-002
  -2.3252464048130618E-002  -3.3206069066356765E-002
  -2.5401280630937665E-002  -4.2762949412442436E-002
  -2.7216957339894331E-002  -5.3063469716420286E-002
  -2.8731037953074422E-002  -6.4002266270131225E-002
  -2.9962359743578238E-002  -7.5480336060736578E-002
  -3.0920236268348063E-002  -8.7401003876665870E-002
  -3.1606277677417145E-002  -9.9667795935718700E-002
  -3.2014111303464293E-002 -0.11218275016340259     
  -3.2127489039034257E-002 -0.12484368186942311     
  -3.1918121803537945E-002 -0.13753967860999003     
  -3.1344679438962103E-002 -0.15014512426566476     
  -3.0353926623065079E-002 -0.16251332977835253     
  -2.8884260375463967E-002 -0.17447116551017733     
  -2.6871129732651614E-002 -0.18581590491706967     
  -2.4253305732831538E-002 -0.19631487596311276     
  -2.0979137194125488E-002 -0.20570789667723371     
  -1.7012310662360232E-002 -0.21371214386834916     
  -1.2336631513785721E-002 -0.22002873905237300     
  -6.9595417872630374E-003 -0.22435010651642276     
  -9.1500962051377485E-004 -0.22636728411890278     
   5.7324998748329243E-003 -0.22577701041471857     
   1.2880759580373054E-002 -0.22228994171849187     
   2.0377719140283065E-002 -0.21564368214340721     
   2.8005896975925381E-002 -0.20562648070072176     
   3.5469425687786396E-002 -0.19211748436173756     
   4.2395148963085577E-002 -0.17514442327787036     
   4.8359931808699567E-002 -0.15494774394860922     
   5.2947483930037939E-002 -0.13202565160766172     
   5.5820351720469931E-002 -0.10712999537224065     
   5.6778528925492407E-002  -8.1200445833015153E-002
   5.5781130431415547E-002  -5.5256843686973992E-002
   5.2931368375780219E-002  -3.0289228608206924E-002
   4.8445434074112503E-002  -7.1738880111368412E-003
   4.2623372231310942E-002   1.3381651560736653E-002
   3.5822839652233228E-002   3.0872489252273011E-002
   2.8428054472208707E-002   4.5009927407827083E-002
   2.0813193850940482E-002   5.5710495619670904E-002
   1.3308752546147122E-002   6.3062287079819562E-002
   6.1798995865013718E-003   6.7279039246950917E-002
  -3.8016232124903467E-004   6.8654358336784627E-002
  -6.2447438928807794E-003   6.7524391184296179E-002
  -1.1341711637364088E-002   6.4241669594374162E-002
  -1.5640225746305893E-002   5.9158817992325377E-002
  -1.9139346933194204E-002   5.2619123777759409E-002
  -2.1859583089949133E-002   4.4951028943213525E-002
  -2.3837081722738480E-002   3.6464437672009194E-002
  -2.5119596702655535E-002   2.7447696171565065E-002
  -2.5763355462759933E-002   1.8164872596432187E-002
  -2.5830241530370567E-002   8.8534233807288296E-003
  -2.5385023275839479E-002  -2.7748684509390725E-004
  -2.4492578906285829E-002  -9.0477320467739902E-003
  -2.3215176824183947E-002  -1.7305817613442305E-002
  -2.1609906522591073E-002  -2.4927164000573383E-002
  -1.9726395240253051E-002  -3.1810976404786376E-002
  -1.7605064350208959E-002  -3.7875664230891240E-002
  -1.5276402108196908E-002  -4.3052933181583861E-002
  -1.2762030220147822E-002  -4.7281014178667716E-002
  -1.0078631466647720E-002  -5.0498113838712097E-002
  -7.2458468362938816E-003  -5.2638120468626336E-002
  -4.2985516595344447E-003  -5.3631720845968567E-002
  -1.3018407815894139E-003  -5.3416727480376305E-002
   1.6365309631264386E-003  -5.1960225343527011E-002
   4.3649999014139405E-003  -4.9290520923959573E-002
   6.7066661316475956E-003  -4.5528872804533625E-002
   8.4977827746228335E-003  -4.0903930741216003E-002
   9.6332241561888354E-003  -3.5733715806399800E-002
   1.0097039515255287E-002  -3.0374976150279467E-002
   9.9622365581140959E-003  -2.5159372269457813E-002
   9.3624073962701171E-003  -2.0343464257781999E-002
   8.4529580680150762E-003  -1.6088110196611806E-002
   7.3795359729664067E-003  -1.2464497049470899E-002
   6.2604555158691198E-003  -9.4743176713382431E-003
   5.1810077553667627E-003  -7.0730830578541555E-003
   4.1952470982475993E-003  -5.1906801271618909E-003
   3.3316217132210468E-003  -3.7469160170619919E-003
   2.5997122207725839E-003  -2.6618580153113230E-003
   1.9963871456340275E-003  -1.8619336661799930E-003
   1.5107832471532589E-003  -1.2830174320966553E-003
   1.1280729639099427E-003  -8.7148599650552010E-004
   8.3210725928646947E-004  -5.8398299014588079E-004
   6.0711632936149434E-004  -3.8646414945472658E-004
   4.3871409246416663E-004  -2.5291008298152401E-004
   3.1441130885804917E-004  -1.6393868527469539E-004
   2.2378230060591281E-004  -1.0546232254694267E-004
   1.5840338211739043E-004  -6.7480531227822173E-005
   1.1165801906616338E-004  -4.3052447946386188E-005
   7.8475885191699464E-005  -2.7460805174243866E-005
   5.5053145705828618E-005  -1.7560144797712833E-005
   3.8586992511506744E-005  -1.1288482626236731E-005
   2.7043082998631444E-005  -7.3138952002127246E-006
   1.8962815880617629E-005  -4.7864859254218778E-006
   1.3310368125957155E-005  -3.1691325172273034E-006
   9.3554906588416283E-006  -2.1247515337437121E-006
   6.5860872874376413E-006  -1.4426798611977653E-006
   4.6443177870992096E-006  -9.9141198195425556E-007
   3.2806515598245124E-006  -6.8869458450783068E-007
   2.3212431887504503E-006  -4.8281151040174835E-007
   1.6449695914881083E-006  -3.4096721398324820E-007
   1.1673693198343436E-006  -2.4212085919572861E-007
   8.2946153688851160E-007  -1.7258021592304551E-007
   5.8998293334914824E-007  -1.2329163722183861E-007
   4.2000369797900525E-007  -8.8167762066491593E-008
   2.9919441848492547E-007  -6.3048618217160244E-008
   2.1323597537212993E-007  -4.5049012416478370E-008
   1.5201960050772826E-007  -3.2142456691942820E-008
   1.0839345771587330E-007  -2.2891208417190017E-008
   7.7287729155735537E-008  -1.6267623136906927E-008
   5.5102235139852973E-008  -1.1533496289357156E-008
   3.9276582142611365E-008  -8.1570003843534883E-009
   2.7987594943072542E-008  -5.7545383906456711E-009
   1.9935767852963077E-008  -4.0494748392056631E-009
   1.4194161985590586E-008  -2.8425433082576032E-009
   1.0101247139563054E-008  -1.9904788604410372E-009
   7.1847590079578725E-009  -1.3905247155304247E-009
   5.1075041328106327E-009  -9.6917720400610239E-010
   3.6287338671919979E-009  -6.7400923500561349E-010
   2.5765857176124830E-009  -4.6773758196707526E-010
   1.8284055572375875E-009  -3.2392741702338418E-010
   1.2966895738996532E-009  -2.2389083951133308E-010
   9.1903798946305060E-010  -1.5445451267608585E-010
   6.5097492125772282E-010  -1.0635819581233872E-010
   4.6081698219819056E-010  -7.3109782641688304E-011
   3.2600677094184576E-010  -5.0169499237589092E-011
   2.3049388236225967E-010  -3.4370569215302918E-011
   1.6286492151794378E-010  -2.3509133145873451E-011
   1.1500895553051396E-010  -1.6054876131378372E-011
   8.1165602624776894E-011  -1.0947439071512438E-011
   5.7246444537731768E-011  -7.4535881689489558E-012
   4.0351579105965212E-011  -5.0672793070374392E-012
   2.8425415580195495E-011  -3.4399131621738084E-012
   2.0011766865595031E-011  -2.3317778591389781E-012
   1.4079707619693604E-011  -1.5783200555423596E-012
   9.8998320386869119E-012  -1.0667670337173328E-012
   6.9563825836968689E-012  -7.1995663373734176E-013
   4.8848919754721280E-012  -4.8517468895236580E-013
   3.4279593570156680E-012  -3.2646369802057625E-013
   2.4039071330570978E-012  -2.1933278177160672E-013
   1.6845808745030383E-012  -1.4712548807242435E-013
   1.1796349756494864E-012  -9.8530022588072966E-014
   8.2541609289080986E-013  -6.5875312545134469E-014
   5.7710389869551019E-013  -4.3966685494812017E-014
   4.0315804650027598E-013  -2.9291476784818189E-014
   2.8139694762232512E-013  -1.9477833353136766E-014
   1.9623047150903638E-013  -1.2926548396607641E-014
   1.3670814414165807E-013  -8.5609647386427097E-015
   9.5143331459316192E-014  -5.6573244350744576E-015
   6.6144000892782079E-014  -3.7298512392972608E-015
   4.5930311970528031E-014  -2.4530183016402261E-015
   3.1854438882647064E-014  -1.6090436132195411E-015
   2.2062896093673211E-014  -1.0524767220800472E-015
   1.5259220517442956E-014  -6.8634811647990981E-016
   1.0537287607021054E-014  -4.4612995553501407E-016
   7.2643123416610731E-015  -2.8896632917801143E-016
   4.9987783883749156E-015  -1.8645317402740321E-016
   3.4329066399446462E-015  -1.1980576264000486E-016
   2.3523536223796023E-015  -7.6629687283076878E-017
   1.6079998618311693E-015  -4.8767068681006829E-017
   1.0962160767708604E-015  -3.0862594106179455E-017
   7.4507026576833548E-016  -1.9410651156291827E-017
   5.0469502132386135E-016  -1.2123438817172000E-017
   3.4056601457496880E-016  -7.5128366976166630E-018
   2.2881607222181570E-016  -4.6143553999521873E-018
   1.5297148685058298E-016  -2.8053343203963050E-018
   1.0168119286070383E-016  -1.6855229815285869E-018
   6.7138457606287087E-017  -9.9886061225089718E-019
   4.3985146014249417E-017  -5.8239692466159001E-019
   2.8551926507466766E-017  -3.3304674903605582E-019
   1.8332086444400479E-017  -1.8603003794943339E-019
   1.1617598376993445E-017  -1.0094537780196315E-019
   7.2477181820354941E-018  -5.2814026135896261E-020
   4.4354941463617147E-018  -2.6349017154039361E-020
   2.6480642550239908E-018  -1.2308740252345641E-020
   1.5241040727958904E-018  -5.1975710436112264E-021
   8.1657634120726537E-019  -1.8228743592851142E-021
   3.5108464359564464E-019  -3.8226584371890268E-022
   0.0000000000000000        0.0000000000000000     
