 Initial conditions outputted from a previous simulation. Time =    29.000000000000000     
   40.000000000000000        0.0000000000000000              500           1   29.000000000000000     
  -3.7244207824055693E-002  -2.0500194323033806E-013
  -3.6964703540673868E-002  -1.6379230639201166E-002
  -3.6477733044286871E-002  -3.2656599050566011E-002
  -3.5697463997862541E-002  -4.8711965029253179E-002
  -3.4638227862181244E-002  -6.4454801324019553E-002
  -3.3216379403085000E-002  -7.9715462419013339E-002
  -3.1412631903570534E-002  -9.4379287169766096E-002
  -2.9181226630622604E-002 -0.10828894398499533     
  -2.6470738281778317E-002 -0.12127329460569054     
  -2.3229832978124060E-002 -0.13314275182892174     
  -1.9404486899466670E-002 -0.14368287968125887     
  -1.4943003076180676E-002 -0.15265425903908383     
  -9.8023083551319976E-003 -0.15979127296488402     
  -3.9554222480254154E-003 -0.16480189067111714     
   2.5977590647541030E-003 -0.16737034204225590     
   9.8164462580344596E-003 -0.16716360952884213     
   1.7602053551321439E-002 -0.16384414990903762     
   2.5779291089924460E-002 -0.15709248773397719     
   3.4078095476410677E-002 -0.14664392048974581     
   4.2121911353798287E-002 -0.13234284357160558     
   4.9432407524611845E-002 -0.11421489258720546     
   5.5466791327685727E-002  -9.2549418005467551E-002
   5.9699374977630060E-002  -6.7970177119023839E-002
   6.1730473251771237E-002  -4.1454884780349435E-002
   6.1373730538940227E-002  -1.4262885634771122E-002
   5.8682177740626937E-002   1.2236853215253288E-002
   5.3919240911261261E-002   3.6787348610224896E-002
   4.7503967725628794E-002   5.8425644823801984E-002
   3.9942522893523506E-002   7.6557878351414949E-002
   3.1748956382386527E-002   9.0928995784286620E-002
   2.3375043154833589E-002  0.10154008448960626     
   1.5172842373774123E-002  0.10856229186334276     
   7.3912155941557702E-003  0.11226637220938997     
   1.9020461358727864E-004  0.11296989615605212     
  -6.3399641830815326E-003  0.11100120467545593     
  -1.2160450689476245E-002  0.10667763066685348     
  -1.7268185993510085E-002  0.10029423031445678     
  -2.1684612676916661E-002   9.2119841503865277E-002
  -2.5448944503592984E-002   8.2397587239309455E-002
  -2.8613673006432319E-002   7.1347326178848466E-002
  -3.1238875550014238E-002   5.9169239729823374E-002
  -3.3384791585998566E-002   4.6047745158970185E-002
  -3.5105495650813882E-002   3.2153659006930298E-002
  -3.6445608728857319E-002   1.7644302827365472E-002
  -3.7439487765336898E-002   2.6627687481474865E-003
  -3.8112082183894398E-002  -1.2662292903905206E-002
  -3.8480872482740604E-002  -2.8215051207482557E-002
  -3.8557773327586996E-002  -4.3888415134026096E-002
  -3.8349907479390009E-002  -5.9578142707866232E-002
  -3.7858942416430279E-002  -7.5176566723557728E-002
  -3.7079395794367115E-002  -9.0567363817885604E-002
  -3.5996723818596393E-002 -0.10562226499868493     
  -3.4586093932210647E-002 -0.12019971684579213     
  -3.2812435123882537E-002 -0.13414465224508684     
  -3.0631858872910925E-002 -0.14728824203198645     
  -2.7994143432704562E-002 -0.15944685432306174     
  -2.4845814648306031E-002 -0.17042005551951120     
  -2.1133517291260451E-002 -0.17998796638393527     
  -1.6807766815262144E-002 -0.18790860733136233     
  -1.1827498105022259E-002 -0.19391616351696023     
  -6.1660376456878227E-003 -0.19772133894804073     
   1.8044959609513200E-004 -0.19901510403944808     
   7.1805982379233276E-003 -0.19747732366453621     
   1.4750691677470684E-002 -0.19279192400285411     
   2.2733671189489754E-002 -0.18467034785846367     
   3.0878155438060145E-002 -0.17288586250053828     
   3.8825579419810741E-002 -0.15732291016591637     
   4.6117063659613489E-002 -0.13804424003812910     
   5.2230158712027380E-002 -0.11536865407161866     
   5.6647396460668131E-002  -8.9934433389089560E-002
   5.8948025740574006E-002  -6.2708969040990173E-002
   5.8898370172037036E-002  -3.4911740040669374E-002
   5.6506751233449386E-002  -7.8539234761627608E-003
   5.2018579472596777E-002   1.7257173849961133E-002
   4.5850171836824917E-002   3.9479473913409641E-002
   3.8501521747773500E-002   5.8212440209645604E-002
   3.0477992072058608E-002   7.3184364820518280E-002
   2.2227525991996112E-002   8.4382722860872603E-002
   1.4108246175744465E-002   9.1967561217252594E-002
   6.3804111383658543E-003   9.6198966937450031E-002
  -7.9103619377514855E-004   9.7388720151739688E-002
  -7.3128334296582945E-003   9.5867116611982259E-002
  -1.3143856003963424E-002   9.1960577626520504E-002
  -1.8284143230629244E-002   8.5980868322914406E-002
  -2.2756816386904313E-002   7.8219355648331185E-002
  -2.6601432005232097E-002   6.8941934443755890E-002
  -2.9865587226868322E-002   5.8386067826810550E-002
  -3.2596233883453736E-002   4.6761016735836741E-002
  -3.4841642044190053E-002   3.4250251855465041E-002
  -3.6649173521836019E-002   2.1017426465380622E-002
  -3.8065057419090199E-002   7.2127067491175546E-003
  -3.9128201073521850E-002  -7.0264241892612498E-003
  -3.9869779025054279E-002  -2.1573607936120443E-002
  -4.0317662930893221E-002  -3.6307720205837814E-002
  -4.0486212788853754E-002  -5.1111688210069152E-002
  -4.0370549021195558E-002  -6.5873657039358810E-002
  -3.9958318905041923E-002  -8.0482271350927573E-002
  -3.9231780923557169E-002  -9.4821713654475878E-002
  -3.8164728478547703E-002 -0.10877038167288661     
  -3.6721800205982251E-002 -0.12219670614807301     
  -3.4865104600691248E-002 -0.13494960480201540     
  -3.2556896289834526E-002 -0.14685391302813047     
  -2.9753519651742669E-002 -0.15771286816660071     
  -2.6424736834354205E-002 -0.16730821123051287     
  -2.2561010762385907E-002 -0.17540342290867880     
  -1.8163565586155301E-002 -0.18175532898086563     
  -1.3222241694786930E-002 -0.18612558694896170     
  -7.7527366602652137E-003 -0.18828203307949959     
  -1.7683556823278137E-003 -0.18800189961263411     
   4.6843841117702664E-003 -0.18506762370655297     
   1.1510365047871309E-002 -0.17926877182334131     
   1.8564792736972913E-002 -0.17041101359107882     
   2.5717220850378447E-002 -0.15833900093252321     
   3.2818585986212873E-002 -0.14295657834778616     
   3.9611639665031853E-002 -0.12425568339040363     
   4.5692285955191279E-002 -0.10238427046253323     
   5.0470614514680594E-002  -7.7727859667666446E-002
   5.3388024354619548E-002  -5.0976649704826404E-002
   5.4091478893098809E-002  -2.3117446999737938E-002
   5.2518475884211858E-002   4.6668690924584217E-003
   4.8840340218792827E-002   3.1167684625162638E-002
   4.3394053251311543E-002   5.5327071297192491E-002
   3.6580444759267410E-002   7.6366291160268190E-002
   2.8870062803773199E-002   9.3821552056492924E-002
   2.0657522078378100E-002  0.10751895161317303     
   1.2292536751701831E-002  0.11749756267725263     
   4.0922581104730982E-003  0.12393288759121190     
  -3.6723902207688492E-003  0.12708319073173749     
  -1.0754896963598154E-002  0.12725495760183692     
  -1.6982243100427414E-002  0.12479070101697169     
  -2.2284358742790118E-002  0.12005709555042181     
  -2.6697640132943550E-002  0.11342570939272979     
  -3.0332510538683521E-002  0.10524816110204779     
  -3.3296896819772645E-002   9.5831199264472380E-002
  -3.5693825446439190E-002   8.5427925552741119E-002
  -3.7614752733311267E-002   7.4241109479791803E-002
  -3.9119808412115230E-002   6.2434516015829514E-002
  -4.0248741598678674E-002   5.0148028889375459E-002
  -4.1029755096075281E-002   3.7509291398475593E-002
  -4.1487191749648634E-002   2.4641050793891752E-002
  -4.1646908907964138E-002   1.1663945612437155E-002
  -4.1521036393497038E-002  -1.3036358608452443E-003
  -4.1125825830723606E-002  -1.4144570613674596E-002
  -4.0480862428055348E-002  -2.6743620488187785E-002
  -3.9593528571568407E-002  -3.8989242629180444E-002
  -3.8473499812180630E-002  -5.0775656859273710E-002
  -3.7147762123430898E-002  -6.2005142593538239E-002
  -3.5608357232270821E-002  -7.2591396985922707E-002
  -3.3808590114072480E-002  -8.2455606398453993E-002
  -3.1696747036689600E-002  -9.1514788007089953E-002
  -2.9218030720743967E-002  -9.9668171007244996E-002
  -2.6292459861562364E-002 -0.10678578378122412     
  -2.2839018023100288E-002 -0.11269729315233701     
  -1.8806301914339293E-002 -0.11718647514488775     
  -1.4127449947739366E-002 -0.11999542046896781     
  -8.7583571954348589E-003 -0.12082931618118721     
  -2.7264166793770747E-003 -0.11936975480370991     
   3.8844027833280729E-003 -0.11529441799442323     
   1.1001028806790665E-002 -0.10830152746315813     
   1.8502364942276573E-002  -9.8127140538505048E-002
   2.6214248065242408E-002  -8.4566839057457169E-002
   3.3839623720748072E-002  -6.7509965907615807E-002
   4.0933826150806117E-002  -4.6997040599554618E-002
   4.6887397116025319E-002  -2.3292696044047850E-002
   5.1072296844232326E-002   3.0379111133561993E-003
   5.2931652827716863E-002   3.1098745886521912E-002
   5.2170131696602201E-002   5.9700311335584490E-002
   4.8835993234541082E-002   8.7483898434504798E-002
   4.3318697067933148E-002  0.11311629535413223     
   3.6221357937129064E-002  0.13550344949647430     
   2.8236353786013156E-002  0.15394938477061992     
   1.9970446206215679E-002  0.16821695499262770     
   1.1883972530418918E-002  0.17846422677655854     
   4.2733630173665185E-003  0.18509950568005074     
  -2.6709458888329088E-003  0.18861793479966760     
  -8.8659817757905032E-003  0.18948260970604630     
  -1.4310716829983845E-002  0.18806916462593690     
  -1.9037329438312815E-002  0.18466682942857895     
  -2.3106325672284385E-002  0.17950748492971103     
  -2.6576488099402280E-002  0.17279670649734363     
  -2.9499075351387349E-002  0.16473275332982878     
  -3.1931425906932383E-002  0.15551053864898332     
  -3.3927987995068985E-002  0.14531668474337631     
  -3.5538572805982306E-002  0.13432141388165875     
  -3.6816388462119619E-002  0.12267405635046016     
  -3.7802981200375611E-002  0.11050169811301173     
  -3.8525469583652855E-002   9.7912047325915255E-002
  -3.9002851406475032E-002   8.4999446281820490E-002
  -3.9247851452675730E-002   7.1852382832521183E-002
  -3.9257738126142146E-002   5.8560661561764260E-002
  -3.9019416346650238E-002   4.5222754990503163E-002
  -3.8514896118187418E-002   3.1950485234554016E-002
  -3.7723443822113699E-002   1.8869689744130294E-002
  -3.6623642278573058E-002   6.1175662351674650E-003
  -3.5188858606086400E-002  -6.1628962902172514E-003
  -3.3390327066870000E-002  -1.7826768998368957E-002
  -3.1184080626582955E-002  -2.8728186685567793E-002
  -2.8515288545482010E-002  -3.8715972784144952E-002
  -2.5335621527984836E-002  -4.7624058445813515E-002
  -2.1601165165116044E-002  -5.5263354175114715E-002
  -1.7283668828062430E-002  -6.1417459428684582E-002
  -1.2373121120617283E-002  -6.5843367200338981E-002
  -6.8521519163726426E-003  -6.8279429165617231E-002
  -7.3833225959796429E-004  -6.8450516160250996E-002
   5.9217171916455709E-003  -6.6078035105065283E-002
   1.3042156132994162E-002  -6.0892716729270803E-002
   2.0463080823387370E-002  -5.2650023759000457E-002
   2.7999459164715402E-002  -4.1162679132643813E-002
   3.5348719342404439E-002  -2.6337864234108672E-002
   4.2089266699195875E-002  -8.2315717615915312E-003
   4.7778460122352130E-002   1.2889404021236731E-002
   5.1939287679386707E-002   3.6510279107062567E-002
   5.4145704816233584E-002   6.1856888954063452E-002
   5.4137400825339341E-002   8.7930236228899228E-002
   5.1842480094412842E-002  0.11359568979297430     
   4.7514613195142025E-002  0.13770152202296260     
   4.1520546339074815E-002  0.15923511109478924     
   3.4312509910817204E-002  0.17744203904915287     
   2.6428436062219729E-002  0.19188907677105715     
   1.8356588563263023E-002  0.20246838157126892     
   1.0503208303854950E-002  0.20933334804054682     
   3.1746312046426286E-003  0.21280834886404168     
  -3.5075017874736719E-003  0.21329988207012046     
  -9.4859453836302343E-003  0.21121396808138360     
  -1.4823479623373504E-002  0.20691931472949576     
  -1.9515908330687868E-002  0.20072271712696169     
  -2.3508399073590612E-002  0.19287866624252029     
  -2.6834441868193254E-002  0.18361385956006740     
  -2.9558293512997911E-002  0.17313395344872343     
  -3.1727413856442517E-002  0.16162843075706157     
  -3.3392246571153167E-002  0.14927399571803310     
  -3.4588795358815094E-002  0.13623574846456055     
  -3.5408891769777365E-002  0.12267446740470013     
  -3.5931813917946677E-002  0.10874077599430465     
  -3.6212328876243371E-002   9.4570746554228660E-002
  -3.6288790718005573E-002   8.0282988692523191E-002
  -3.6150987950951140E-002   6.5978128591276178E-002
  -3.5786786720872592E-002   5.1749313737909849E-002
  -3.5203285735579286E-002   3.7691961013777663E-002
  -3.4401645137199774E-002   2.3908856873499067E-002
  -3.3358661838497207E-002   1.0510743405974457E-002
  -3.2042793989388696E-002  -2.3861958077416525E-003
  -3.0415257024128995E-002  -1.4664462332174515E-002
  -2.8445023206101875E-002  -2.6205605747935432E-002
  -2.6071858702338302E-002  -3.6888039860755062E-002
  -2.3217302099558274E-002  -4.6575225278190711E-002
  -1.9802784523409403E-002  -5.5100882514051035E-002
  -1.5751247052782479E-002  -6.2257383649305914E-002
  -1.1007237907564119E-002  -6.7788618347806071E-002
  -5.5501940690926245E-003  -7.1394452677259038E-002
   6.1319806022855372E-004  -7.2742171777082837E-002
   7.4301737115039061E-003  -7.1482772290082569E-002
   1.4801872326119986E-002  -6.7275849074670463E-002
   2.2549591784126528E-002  -5.9818382199676189E-002
   3.0387335707241753E-002  -4.8887509777303571E-002
   3.7931375766204839E-002  -3.4396909257003720E-002
   4.4724954090198353E-002  -1.6459602799047540E-002
   5.0250986834539969E-002   4.5543452089557915E-003
   5.4034845676258221E-002   2.7980261548422293E-002
   5.5710364110783360E-002   5.2876315086433319E-002
   5.5104050846039691E-002   7.8097054521561696E-002
   5.2313344183263957E-002  0.10243190985522749     
   4.7642479329622275E-002  0.12477475574169594     
   4.1552819640880562E-002  0.14426700714314547     
   3.4561457422408751E-002  0.16038654793862900     
   2.7132333452425158E-002  0.17294484610173524     
   1.9655141978987743E-002  0.18201910011738154     
   1.2444818831189973E-002  0.18785074125119752     
   5.6731743832287686E-003  0.19074853105996517     
  -5.3564399109899067E-004  0.19102105491043161     
  -6.1429692997369695E-003  0.18895422981881471     
  -1.1159372261117986E-002  0.18480941370616316     
  -1.5598579130871230E-002  0.17883472585664045     
  -1.9498930463370964E-002  0.17126402349556583     
  -2.2903014548572694E-002  0.16230978906223670     
  -2.5844115998924114E-002  0.15216184193381141     
  -2.8368206510035777E-002  0.14098604352735716     
  -3.0504740838828436E-002  0.12893235236252845     
  -3.2269912238592817E-002  0.11613926621785707     
  -3.3671445835593831E-002  0.10273895962018505     
  -3.4705962559407395E-002   8.8861187297798072E-002
  -3.5372748268967101E-002   7.4636311029693300E-002
  -3.5671449744615377E-002   6.0196065964844517E-002
  -3.5608426555251517E-002   4.5674739838004762E-002
  -3.5198877867866220E-002   3.1207963241854229E-002
  -3.4452892293522691E-002   1.6930162725096738E-002
  -3.3384538506323461E-002   2.9733316060434898E-003
  -3.1993349125308511E-002  -1.0537506067252660E-002
  -3.0268309165979904E-002  -2.3481725246544509E-002
  -2.8204188840177793E-002  -3.5735472242132790E-002
  -2.5792962442652067E-002  -4.7170980824562919E-002
  -2.3020609800523770E-002  -5.7656986158648678E-002
  -1.9863465579264408E-002  -6.7056677119666799E-002
  -1.6276903046467329E-002  -7.5224042129583668E-002
  -1.2193478049188970E-002  -8.1990033476737195E-002
  -7.5372692393827698E-003  -8.7140660772212580E-002
  -2.2476452568077039E-003  -9.0406373234674167E-002
   3.6953557796685814E-003  -9.1472420806727295E-002
   1.0250991350716660E-002  -9.0001332496761066E-002
   1.7303952025508006E-002  -8.5658980653495365E-002
   2.4651022887161412E-002  -7.8148262038444494E-002
   3.1991246997403681E-002  -6.7259915650244473E-002
   3.8936592795250795E-002  -5.2939066521618908E-002
   4.5051101343126732E-002  -3.5346698327670276E-002
   4.9897497203263926E-002  -1.4893671690922639E-002
   5.3067365185407681E-002   7.7487123640072814E-003
   5.4214889889022386E-002   3.1646546468665715E-002
   5.3140038962675967E-002   5.5639357600180829E-002
   4.9903877123596042E-002   7.8481598064811434E-002
   4.4871468594624826E-002   9.9083606435296401E-002
   3.8610270539282308E-002  0.11671974544756855     
   3.1710147129105914E-002  0.13107572451130503     
   2.4651531629955446E-002  0.14215247915695184     
   1.7764575188793943E-002  0.15013417995335024     
   1.1238760189711807E-002  0.15528337099836492     
   5.1532205870492035E-003  0.15786824940136868     
  -4.7531476923992735E-004  0.15812491246496874     
  -5.6451717171404495E-003  0.15625715877141810     
  -1.0348648908687117E-002  0.15245576380103748     
  -1.4577391015869204E-002  0.14691288908204056     
  -1.8335185033552366E-002  0.13982246019197450     
  -2.1644497483693872E-002  0.13137118313546958     
  -2.4544269726466696E-002  0.12172793212536276     
  -2.7081843782261299E-002  0.11103679134449562     
  -2.9302971107941278E-002   9.9415681539462231E-002
  -3.1242440112171393E-002   8.6960330490568866E-002
  -3.2916272382521539E-002   7.3752963584237025E-002
  -3.4316892839054744E-002   5.9874908284514979E-002
  -3.5413618926048419E-002   4.5420839939045402E-002
  -3.6159650712799793E-002   3.0510648355750958E-002
  -3.6503751423168036E-002   1.5294933032877519E-002
  -3.6402328994482543E-002  -4.7529947856941297E-005
  -3.5827455825007126E-002  -1.5318769661574028E-002
  -3.4768436794321636E-002  -3.0313216141142522E-002
  -3.3227384318357769E-002  -4.4827725998046720E-002
  -3.1211366687036852E-002  -5.8667107678125066E-002
  -2.8724364552840630E-002  -7.1644175804258151E-002
  -2.5761640618197405E-002  -8.3575116501754462E-002
  -2.2308030887131361E-002  -9.4271953844649259E-002
  -1.8341034508017186E-002 -0.10353435510440399     
  -1.3839313016562091E-002 -0.11114345015922938     
  -8.7962829829648804E-003 -0.11686081540716720     
  -3.2363666567082317E-003 -0.12043584321211505     
   2.7713532061112837E-003 -0.12162337211738929     
   9.1091251908013045E-003 -0.12020974667593368     
   1.5621126897899101E-002 -0.11604002216918057     
   2.2135876869997084E-002 -0.10903513638441349     
   2.8487306156113484E-002  -9.9190823050365820E-002
   3.4516954086158354E-002  -8.6562429818671252E-002
   4.0049374765129910E-002  -7.1255438587422115E-002
   4.4854371077185200E-002  -5.3446362971546653E-002
   4.8628386960415111E-002  -3.3442139379904326E-002
   5.1025591485317434E-002  -1.1752852016110508E-002
   5.1740911679779365E-002   1.0874765845190832E-002
   5.0607829610614753E-002   3.3508295584347286E-002
   4.7655241680318712E-002   5.5160546941836863E-002
   4.3092626428620918E-002   7.4939908314982387E-002
   3.7243278179035548E-002   9.2151429491875131E-002
   3.0473548115968002E-002  0.10632634413425635     
   2.3149030651052765E-002  0.11720594642270450     
   1.5614875755572086E-002  0.12471285366159000     
   8.1839172534128451E-003  0.12892263987177172     
   1.1244055562535872E-003  0.13003476176097628     
  -5.3512325511779618E-003  0.12834117259621367     
  -1.1092905235300711E-002  0.12419418033199120     
  -1.6012544170467036E-002  0.11797653411284767     
  -2.0077237983397989E-002  0.11007646910529338     
  -2.3298042505224510E-002  0.10086911466060920     
  -2.5717273634543639E-002   9.0704217459718975E-002
  -2.7396528948453017E-002   7.9899310773411669E-002
  -2.8406913203029904E-002   6.8737115102316573E-002
  -2.8822186290301140E-002   5.7465782275531355E-002
  -2.8714784009280733E-002   4.6300616993421771E-002
  -2.8154068605489774E-002   3.5426162765926444E-002
  -2.7205852892409586E-002   2.4997966271489359E-002
  -2.5932194012768382E-002   1.5143858216737671E-002
  -2.4390659380987938E-002   5.9650953835377373E-003
  -2.2632676740417419E-002  -2.4619387470420375E-003
  -2.0701096630153008E-002  -1.0082677898098372E-002
  -1.8627624243049101E-002  -1.6859365420651761E-002
  -1.6431222021126794E-002  -2.2764003397547240E-002
  -1.4118848877918623E-002  -2.7769933825858750E-002
  -1.1689890731507621E-002  -3.1843680444003174E-002
  -9.1451824076649053E-003  -3.4939685614466261E-002
  -6.5003225205460128E-003  -3.7001346424858535E-002
  -3.8007625785059728E-003  -3.7971683687849908E-002
  -1.1331863618843096E-003  -3.7815102868029006E-002
   1.3744471640131939E-003  -3.6547181304767300E-002
   3.5702860253954594E-003  -3.4262913527960528E-002
   5.3122207238452271E-003  -3.1149126732270511E-002
   6.5061114226138824E-003  -2.7469598843118937E-002
   7.1310863034431474E-003  -2.3523800503798719E-002
   7.2400299780454409E-003  -1.9595004162509796E-002
   6.9376509265216980E-003  -1.5908722805679537E-002
   6.3497384926815090E-003  -1.2613839954489827E-002
   5.5971812807617495E-003  -9.7850824492697313E-003
   4.7805383685408263E-003  -7.4377923385767538E-003
   3.9741963977075927E-003  -5.5463569732571725E-003
   3.2269518896338072E-003  -4.0611805926248842E-003
   2.5660950385235633E-003  -2.9219546006764539E-003
   2.0027033132646570E-003  -2.0667882272573019E-003
   1.5366851353868056E-003  -1.4378042266236515E-003
   1.1609798603096297E-003  -9.8411805253194339E-004
   8.6479520444082887E-004  -6.6300163751731029E-004
   6.3591299000011344E-004  -4.3986847544688244E-004
   4.6219272366985472E-004  -2.8758327176806519E-004
   3.3246691559446766E-004  -1.8544906256724584E-004
   2.3700319097137793E-004  -1.1809054059280726E-004
   1.6766466705589437E-004  -7.4368404710484977E-005
   1.1787476222660202E-004  -4.6404926337399106E-005
   8.2469761486502746E-005  -2.8757663898182177E-005
   5.7496604699354757E-005  -1.7749569156042539E-005
   3.9994729157499892E-005  -1.0947901621514552E-005
   2.7788302711194384E-005  -6.7743593888721953E-006
   1.9303742153841428E-005  -4.2232711134268313E-006
   1.3418172959745488E-005  -2.6641391507431100E-006
   9.3389437264562036E-006  -1.7072801375838674E-006
   6.5112269477867920E-006  -1.1147792348438589E-006
   4.5491357257505179E-006  -7.4280330636330507E-007
   3.1854775988850775E-006  -5.0499379463323121E-007
   2.2357543611356640E-006  -3.4967544382739124E-007
   1.5727377545088186E-006  -2.4589759979481762E-007
   1.1087010706941710E-006  -1.7500496533505971E-007
   7.8309702303812365E-007  -1.2561250347847872E-007
   5.5406296388045531E-007  -9.0641140748155459E-008
   3.9258623471712032E-007  -6.5581111050591401E-008
   2.7850337631787710E-007  -4.7477912456212946E-008
   1.9775819145873435E-007  -3.4339390248402562E-008
   1.4052131632573584E-007  -2.4785962944651257E-008
   9.9898111819943938E-008  -1.7840674386679894E-008
   7.1038422081710740E-008  -1.2799940080098633E-008
   5.0521296667208158E-008  -9.1513010883417880E-009
   3.5928215744430313E-008  -6.5190827079651796E-009
   2.5545933821892858E-008  -4.6271519509948504E-009
   1.8158805340865204E-008  -3.2725760026162472E-009
   1.2903127660259663E-008  -2.3065312966961318E-009
   9.1646381688189389E-009  -1.6202415514918728E-009
   6.5061658751308261E-009  -1.1345274067077844E-009
   4.6164360394882862E-009  -7.9201261794381111E-010
   3.2737645795819291E-009  -5.5131343871034959E-010
   2.3202665358642353E-009  -3.8271942507862488E-010
   1.6435090227449482E-009  -2.6499724531794930E-010
   1.1634468164081666E-009  -1.8303799533513231E-010
   8.2311317737625575E-010  -1.2613524152533990E-010
   5.8198383959119001E-010  -8.6731947164046446E-011
   4.1124576705020195E-010  -5.9513728178226910E-011
   2.9042403746723420E-010  -4.0756261288430781E-011
   2.0497745860519534E-010  -2.7858014789580389E-011
   1.4458525886227786E-010  -1.9007283880111072E-011
   1.0192674031704387E-010  -1.2945995507837473E-011
   7.1812494945878498E-011  -8.8028615822680851E-012
   5.0566252974784719E-011  -5.9759792413778422E-012
   3.5585326097981191E-011  -4.0505234460931250E-012
   2.5028244936933105E-011  -2.7412368904907535E-012
   1.7592929690996413E-011  -1.8523723721723900E-012
   1.2359258793458441E-011  -1.2498728228154538E-012
   8.6774148517497680E-012  -8.4210299416767383E-013
   6.0887493651820571E-012  -5.6653804327256301E-013
   4.2697320244215412E-012  -3.8058932432476219E-013
   2.9922762258868536E-012  -2.5529568343486023E-013
   2.0956740222047564E-012  -1.7099437310278105E-013
   1.4667557461172963E-012  -1.1435630656970765E-013
   1.0258725591506005E-012  -7.6359497606086439E-014
   7.1699887906041509E-013  -5.0906281928086722E-014
   5.0074790171044508E-013  -3.3881422713096835E-014
   3.4944565575203006E-013  -2.2511581046269531E-014
   2.4365884252081035E-013  -1.4930415413390296E-014
   1.6974877134786295E-013  -9.8837481604107647E-015
   1.1814910664629054E-013  -6.5299847830885880E-015
   8.2153906948534670E-014  -4.3052084395376177E-015
   5.7065223682545388E-014  -2.8321213399796960E-015
   3.9593912933807711E-014  -1.8586685300623068E-015
   2.7438671106241206E-014  -1.2167264208362924E-015
   1.8990446034536004E-014  -7.9433554559277002E-016
   1.3124998899212689E-014  -5.1706326146808214E-016
   9.0574112182669597E-015  -3.3551226586082828E-016
   6.2400981816873184E-015  -2.1696043018619888E-016
   4.2913614215578702E-015  -1.3977390347465807E-016
   2.9453671504029566E-015  -8.9679232203229566E-017
   2.0171470495580200E-015  -5.7279853929847682E-017
   1.3781264857516776E-015  -3.6404316984393526E-017
   9.3902543238656242E-016  -2.3009576182716247E-017
   6.3791958956662437E-016  -1.4454154044947882E-017
   4.3191083240919264E-016  -9.0173535670661807E-018
   2.9132052743795419E-016  -5.5818762010323313E-018
   1.9564505617933220E-016  -3.4247637051391555E-018
   1.3074131798965249E-016  -2.0800130263061642E-018
   8.6870058043097511E-017  -1.2485181620833529E-018
   5.7336972028171607E-017  -7.3919544218135608E-019
   3.7550002738639336E-017  -4.3060781284017054E-019
   2.4366125884655120E-017  -2.4603096378911409E-019
   1.5639283969285606E-017  -1.3730997569540586E-019
   9.9079201497191258E-018  -7.4447902427302497E-020
   6.1792649676077204E-018  -3.8920222145418666E-020
   3.7805641680541390E-018  -1.9402805313713506E-020
   2.2564919991556249E-018  -9.0573935704131450E-021
   1.2984460371149600E-018  -3.8220724435281305E-021
   6.9554190513037294E-019  -1.3396377587153691E-021
   2.9899220367865246E-019  -2.8075214216829639E-022
   0.0000000000000000        0.0000000000000000     
