 Initial conditions outputted from a previous simulation. Time =    66.200000000000003     
   40.000000000000000        0.0000000000000000              500           1   66.200000000000003     
   4.0184711835815401E-002 -0.11224084890428697     
   4.7706910239844372E-002  -9.5005641192847046E-002
   5.4229578277395094E-002  -7.4183801355118553E-002
   5.9130292411106400E-002  -5.0306824468293786E-002
   6.1980349588274926E-002  -2.4341738417898509E-002
   6.2431844114130559E-002   2.5698951306769094E-003
   6.0447949897915181E-002   2.9047789986661989E-002
   5.6239994792265144E-002   5.3813802920499289E-002
   5.0223469080238121E-002   7.5833892776942316E-002
   4.2924035084921708E-002   9.4413233531781229E-002
   3.4875697539129273E-002  0.10920253151537722     
   2.6551045878704327E-002  0.12013396245194181     
   1.8326314009759707E-002  0.12733712393410451     
   1.0473586172231507E-002  0.13106284179805913     
   3.1695343354152484E-003  0.13162486530896902     
  -3.4889665222900459E-003  0.12936098088847126     
  -9.4685224321934911E-003  0.12461067643067121     
  -1.4784839902879269E-002  0.11770596635262641     
  -1.9488695991762735E-002  0.10897258786449139     
  -2.3647059391219749E-002   9.8736031683400532E-002
  -2.7316907524162201E-002   8.7321416064156748E-002
  -3.0520168292819727E-002   7.5036792040582834E-002
  -3.3236445276874763E-002   6.2142442145705037E-002
  -3.5422229096744230E-002   4.8824555186661109E-002
  -3.7045078214177386E-002   3.5192504588013464E-002
  -3.8109492144194471E-002   2.1302090615351946E-002
  -3.8660117306549967E-002   7.1897090921692018E-003
  -3.8766387192906260E-002  -7.0998475930874640E-003
  -3.8502160738602874E-002  -2.1499036448689685E-002
  -3.7930362628793811E-002  -3.5914205429112771E-002
  -3.7095329524845892E-002  -5.0228764501117136E-002
  -3.6021337210933271E-002  -6.4310409503314334E-002
  -3.4714137085533552E-002  -7.8020374116268984E-002
  -3.3162438396738152E-002  -9.1221138811750355E-002
  -3.1338450329941356E-002 -0.10377893125719700     
  -2.9198469739873199E-002 -0.11556001847366854     
  -2.6684534425445508E-002 -0.12642247319611111     
  -2.3728970394084756E-002 -0.13620640686398067     
  -2.0263726410112131E-002 -0.14472688473552939     
  -1.6230560480010002E-002 -0.15177235455726185     
  -1.1584285086066064E-002 -0.15710596572548763     
  -6.2905382310704363E-003 -0.16046673778138612     
  -3.2870161264999696E-004 -0.16157202320704531     
   6.2954542503129872E-003 -0.16012140323876725     
   1.3532001437092808E-002 -0.15580317188810849     
   2.1268031177876477E-002 -0.14830700963732907     
   2.9308856483554965E-002 -0.13734696409247385     
   3.7361810622578533E-002 -0.12270086864627525     
   4.5029634260621676E-002 -0.10427423218889664     
   5.1825330343404238E-002  -8.2189364227181219E-002
   5.7221085715074387E-002  -5.6879278331167495E-002
   6.0733068031582758E-002  -2.9140635045027053E-002
   6.2022135584170461E-002  -9.5432328891449208E-005
   6.0972684024907187E-002   2.8952571538114057E-002
   5.7715923583114372E-002   5.6719933725771825E-002
   5.2590627934721787E-002   8.2123399882634146E-002
   4.6063272095820541E-002  0.10438087268464513     
   3.8640002700361699E-002  0.12302955371123082     
   3.0795014706716316E-002  0.13788964876365004     
   2.2926243751780977E-002  0.14900315915888754     
   1.5337498388327162E-002  0.15656740508435099     
   8.2389261857545477E-003  0.16087463083281014     
   1.7572786882996910E-003  0.16226278432148075     
  -4.0489192714503576E-003  0.16107876150487099     
  -9.1722927008034121E-003  0.15765396419811478     
  -1.3640530163116381E-002  0.15229097966942126     
  -1.7502760430210880E-002  0.14525903180536107     
  -2.0818204550082479E-002  0.13679520803184864     
  -2.3647149169582847E-002  0.12710854509643990     
  -2.6044775427342175E-002  0.11638482007862051     
  -2.8057879979313648E-002  0.10479080930894910     
  -2.9723449088375476E-002   9.2477302352909255E-002
  -3.1069181926155643E-002   7.9580736046348008E-002
  -3.2116079184242800E-002   6.6224149176510691E-002
  -3.2881118768061178E-002   5.2518804091444181E-002
  -3.3378625664869890E-002   3.8567435714243488E-002
  -3.3619785361767761E-002   2.4468549503956480E-002
  -3.3610561065805226E-002   1.0320796675638269E-002
  -3.3349022599047894E-002  -3.7729748886336633E-003
  -3.2822166256682127E-002  -1.7702881122895541E-002
  -3.2005190922051736E-002  -3.1350530314363190E-002
  -3.0862158718213937E-002  -4.4586458050551392E-002
  -2.9346747218075182E-002  -5.7265520461519476E-002
  -2.7406852469606009E-002  -6.9225063174718632E-002
  -2.4989239454993862E-002  -8.0288031486749720E-002
  -2.2038037012425026E-002  -9.0260482096167161E-002
  -1.8496381192086585E-002  -9.8920136638823181E-002
  -1.4328104352377033E-002 -0.10601456050132456     
  -9.4989056928533912E-003 -0.11127518170431377     
  -3.9737674448369021E-003 -0.11441567317458430     
   2.2327393926159355E-003 -0.11512432414246852     
   9.0765391082959727E-003 -0.11308387687508141     
   1.6470001315632640E-002 -0.10799225328281047     
   2.4252434521206935E-002  -9.9575445727466391E-002
   3.2176592715332152E-002  -8.7619935652104422E-002
   3.9925793888825140E-002  -7.2026238796219999E-002
   4.7102231984870825E-002  -5.2865099532042305E-002
   5.3290792001039283E-002  -3.0433879315818892E-002
   5.8080887415485172E-002  -5.2865407390355959E-003
   6.1099203080337817E-002   2.1778740729585366E-002
   6.2130160064110450E-002   4.9775223072575113E-002
   6.1107707110039385E-002   7.7628256553042022E-002
   5.8110994149816936E-002  0.10428555496216278     
   5.3355750490253664E-002  0.12881899250329548     
   4.7185326950399759E-002  0.15049712079364869     
   4.0022239569734525E-002  0.16882419828331585     
   3.2324818323780147E-002  0.18354582622695392     
   2.4466367046689017E-002  0.19462597289452876     
   1.6764583532648383E-002  0.20218635417986508     
   9.4362481557733434E-003  0.20645406028708957     
   2.6094876830016658E-003  0.20770818792176807     
  -3.6295313470604217E-003  0.20623988094839071     
  -9.2608660684730757E-003  0.20233550155910149     
  -1.4280461311544049E-002  0.19626395470070057     
  -1.8686155962618065E-002  0.18827468810263887     
  -2.2506668646654026E-002  0.17860584879430005     
  -2.5777627005832714E-002  0.16748553250557580     
  -2.8523302342189149E-002  0.15513415000075392     
  -3.0763919933231357E-002  0.14176939833747931     
  -3.2504134735458212E-002  0.12760896653909554     
  -3.3748299464218527E-002  0.11287308527511172     
  -3.4517643423763837E-002   9.7781634361306380E-002
  -3.4866988530630277E-002   8.2547234450017895E-002
  -3.4872699423400717E-002   6.7362285265492816E-002
  -3.4603361093647568E-002   5.2387808269263855E-002
  -3.4107277060659212E-002   3.7751402815473435E-002
  -3.3384090930042257E-002   2.3553159309636411E-002
  -3.2396648720820313E-002   9.8818503094209326E-003
  -3.1101762356370202E-002  -3.1669052618531462E-003
  -2.9456913706643668E-002  -1.5476853637885649E-002
  -2.7416524352760385E-002  -2.6904741911248649E-002
  -2.4942805162685561E-002  -3.7281079604088371E-002
  -2.2013512868586622E-002  -4.6414838717575166E-002
  -1.8590588335047693E-002  -5.4102507097988077E-002
  -1.4647269438174255E-002  -6.0133882195062709E-002
  -1.0173426040736466E-002  -6.4295425189517613E-002
  -5.1626867006773639E-003  -6.6373214917733264E-002
   3.8138723796161202E-004  -6.6150545526968765E-002
   6.4477307541287391E-003  -6.3403680762706430E-002
   1.3054609918365436E-002  -5.7902967812338925E-002
   2.0157621782579384E-002  -4.9410683713154581E-002
   2.7654253742180335E-002  -3.7697492802499129E-002
   3.5372362884533826E-002  -2.2578412117226623E-002
   4.2986240741285472E-002  -3.9664224163656206E-003
   4.9982784999600717E-002   1.8054082752113256E-002
   5.5817609493286485E-002   4.3146721290984964E-002
   5.9950571718316137E-002   7.0677868616511583E-002
   6.1899917672089966E-002   9.9718936226979263E-002
   6.1369000277662893E-002  0.12910906974665620     
   5.8406824211078380E-002  0.15757598690516733     
   5.3316117473232366E-002  0.18390512618492083     
   4.6558568839296655E-002  0.20710446939110261     
   3.8708878440089925E-002  0.22651708594667277     
   3.0302186552379613E-002  0.24185913165030881     
   2.1722168931582461E-002  0.25317561665572769     
   1.3320864990406224E-002  0.26073480120436454     
   5.4304394479129502E-003  0.26491954608707652     
  -1.6910236082057955E-003  0.26614769092581797     
  -7.9008058785302680E-003  0.26482711628221306     
  -1.3197776465736543E-002  0.26133611471496432     
  -1.7674109163023866E-002  0.25601373218479423     
  -2.1446369382637311E-002  0.24915217067252374     
  -2.4603519213501526E-002  0.24099295649984173     
  -2.7205228487821660E-002  0.23173311709718716     
  -2.9291806830377309E-002  0.22153710172424024     
  -3.0911372052414166E-002  0.21055186972181375     
  -3.2136852324400937E-002  0.19891886307670764     
  -3.3034746334073439E-002  0.18677722297096400     
  -3.3648093914004397E-002  0.17426343390709165     
  -3.4018109139580123E-002  0.16150994612009170     
  -3.4160864869906729E-002  0.14864156939804998     
  -3.4063265036798421E-002  0.13577637727049463     
  -3.3710206330971403E-002  0.12303046798246520     
  -3.3083987842018610E-002  0.11052329224686469     
  -3.2167534863515201E-002   9.8381441668755107E-002
  -3.0943157169762040E-002   8.6737536999411516E-002
  -2.9417396632182891E-002   7.5727410555921762E-002
  -2.7567776100447288E-002   6.5482242363754259E-002
  -2.5346082978506108E-002   5.6128386838600601E-002
  -2.2685859307101420E-002   4.7794103904885192E-002
  -1.9529564104451620E-002   4.0620955201078571E-002
  -1.5847975238895536E-002   3.4777181260072419E-002
  -1.1594206844934772E-002   3.0464441306740909E-002
  -6.6894094270932881E-003   2.7919157997369819E-002
  -1.1202797884932176E-003   2.7413464278122062E-002
   5.0974994098862440E-003   2.9237492745884705E-002
   1.1898525708642756E-002   3.3676766295580973E-002
   1.9126295459830852E-002   4.0988979881405728E-002
   2.6652008760820228E-002   5.1371030118229688E-002
   3.4312096854912835E-002   6.4937356914953046E-002
   4.1771051924684305E-002   8.1695071911333045E-002
   4.8548402294322911E-002  0.10149644397797705     
   5.4081270279179791E-002  0.12398441773416101     
   5.7771054305970647E-002  0.14854897808397552     
   5.9153516030363562E-002  0.17431709079146071     
   5.8063057060599131E-002  0.20020398603328238     
   5.4637718935312669E-002  0.22503067221230319     
   4.9173840919832061E-002  0.24768532345014813     
   4.2183814082284998E-002  0.26727116350999558     
   3.4306008311272382E-002  0.28321455516075256     
   2.6081434636401495E-002  0.29530432609777402     
   1.7939562229001508E-002  0.30364366442658391     
   1.0220826512311952E-002  0.30854570660718622     
   3.1043266831638988E-003  0.31042045939063734     
  -3.3288197135385987E-003  0.30967943041954427     
  -9.0285836054357135E-003  0.30668248311099516     
  -1.3973385554122284E-002  0.30172891436942345     
  -1.8192797650508446E-002  0.29507438084662940     
  -2.1757100593187351E-002  0.28694886348980236     
  -2.4749710057751961E-002  0.27756922814919532     
  -2.7224355563854632E-002  0.26714035904852085     
  -2.9212381787191488E-002  0.25585301617478795     
  -3.0780478969367135E-002  0.24388631014432016     
  -3.1995592327650250E-002  0.23140407700353732     
  -3.2896989940875025E-002  0.21855441620629118     
  -3.3520240265568116E-002  0.20547422443421329     
  -3.3853883108143003E-002  0.19229015700894569     
  -3.3892795883840317E-002  0.17912374040621104     
  -3.3679748492866528E-002  0.16608930069814379     
  -3.3284823654855820E-002  0.15328442926307928     
  -3.2724959576128997E-002  0.14077918242895340     
  -3.1944833643296269E-002  0.12861482439265715     
  -3.0877947292827303E-002  0.11681872825190495     
  -2.9464157435778345E-002  0.10542117114619254     
  -2.7656896896890475E-002   9.4468597674804061E-002
  -2.5481204201476888E-002   8.4031826096212930E-002
  -2.2935132911559110E-002   7.4197827980988770E-002
  -1.9991099905100472E-002   6.5069110309862691E-002
  -1.6569905790722955E-002   5.6767187247389987E-002
  -1.2592809115599070E-002   4.9443166646487818E-002
  -8.0557031547127712E-003   4.3290487427088797E-002
  -2.9786315797221585E-003   3.8542765888842145E-002
   2.6749162278479773E-003   3.5464437322662710E-002
   8.8763880109135294E-003   3.4348246115365973E-002
   1.5561694291381139E-002   3.5498134764162671E-002
   2.2561499419002404E-002   3.9215793802831814E-002
   2.9691561040536590E-002   4.5771027577460238E-002
   3.6717379802009405E-002   5.5373592313817728E-002
   4.3351028852701312E-002   6.8140435183172240E-002
   4.9254215036588347E-002   8.4052147050875992E-002
   5.3985379247942493E-002  0.10290298453607163     
   5.6968467880180375E-002  0.12424236407208153     
   5.7693755663220887E-002  0.14731284042264811     
   5.5762793913432328E-002  0.17104171721871717     
   5.1148029900378443E-002  0.19410180811296485     
   4.4308299789760773E-002  0.21507642529047663     
   3.6054744646748065E-002  0.23270751090702529     
   2.7321137376366003E-002  0.24614084904976050     
   1.8860633188819607E-002  0.25507473799570624     
   1.1046842694530323E-002  0.25974113626784795     
   3.9715582484149388E-003  0.26072655145069140     
  -2.3826220020499987E-003  0.25873446647119591     
  -7.9740404401655689E-003  0.25439637032390994     
  -1.2747210587310766E-002  0.24819554956059450     
  -1.6737217590974660E-002  0.24048050021848241     
  -2.0015995869160575E-002  0.23151105884450796     
  -2.2690226924124330E-002  0.22150234491375015     
  -2.4882305758330097E-002  0.21064254759165701     
  -2.6705622452034845E-002  0.19909029618638260     
  -2.8265166977740966E-002  0.18696497460914308     
  -2.9645631292809282E-002  0.17434103797664746     
  -3.0895341321329206E-002  0.16125319504115262     
  -3.2030484223988222E-002  0.14771251191517432     
  -3.3032098835618778E-002  0.13372780244639376     
  -3.3856790091443191E-002  0.11932647144324210     
  -3.4448565542738688E-002  0.10456954108079537     
  -3.4746453563906210E-002   8.9558129164879388E-002
  -3.4685007518793769E-002   7.4431570704944522E-002
  -3.4214268058949282E-002   5.9363184374245107E-002
  -3.3276999619098829E-002   4.4550008572053337E-002
  -3.1830159806483078E-002   3.0208208436432932E-002
  -2.9838393876390045E-002   1.6568174404096588E-002
  -2.7266821200722366E-002   3.8711845739147536E-003
  -2.4108867806448546E-002  -7.6311739291167555E-003
  -2.0360747993801033E-002  -1.7681227353330550E-002
  -1.6032083714253881E-002  -2.6024581543577160E-002
  -1.1141082811772647E-002  -3.2416567588172726E-002
  -5.7404237739765293E-003  -3.6620740529678966E-002
   1.2134997262613148E-004  -3.8432026778439585E-002
   6.3443162850995750E-003  -3.7667071619340353E-002
   1.2817217246489482E-002  -3.4174747691982026E-002
   1.9385897898752526E-002  -2.7852242563900374E-002
   2.5874830123533681E-002  -1.8659514504712132E-002
   3.2065218719668977E-002  -6.6322308489671963E-003
   3.7723913819310430E-002   8.0824193007806647E-003
   4.2585515344188460E-002   2.5220109652214388E-002
   4.6394444030340459E-002   4.4390149889519580E-002
   4.8890367053377057E-002   6.5094216344874070E-002
   4.9874880713479230E-002   8.6705974753375006E-002
   4.9309826588662550E-002  0.10845457464213884     
   4.7233866745978660E-002  0.12952292232199011     
   4.3725700692208790E-002  0.14916871701138767     
   3.8944019888166530E-002  0.16674696198798103     
   3.3130699757887586E-002  0.18171314837412245     
   2.6586011874338882E-002  0.19367589372354713     
   1.9637385235740143E-002  0.20243710582690391     
   1.2597684312798920E-002  0.20797149177575303     
   5.7334235381369921E-003  0.21038416703277504     
  -7.4465698620125706E-004  0.20987985508766949     
  -6.6865641646686189E-003  0.20673174781184256     
  -1.2007479048109688E-002  0.20124361746771166     
  -1.6677818837329030E-002  0.19371986920938872     
  -2.0701465163537477E-002  0.18445118871917687     
  -2.4098150127999145E-002  0.17371096249498003     
  -2.6895495513457882E-002  0.16175659946607043     
  -2.9126660709183662E-002  0.14883149928373601     
  -3.0830164242831352E-002  0.13516483903985119     
  -3.2049917055768644E-002  0.12096944376353448     
  -3.2834522553010261E-002  0.10643935680437235     
  -3.3236424469866716E-002   9.1747376688295482E-002
  -3.3310863863584846E-002   7.7042076740642798E-002
  -3.3112938828849442E-002   6.2444940488700182E-002
  -3.2691625562814568E-002   4.8049659436041718E-002
  -3.2082003385044897E-002   3.3925797941888138E-002
  -3.1298663836393632E-002   2.0127531075634246E-002
  -3.0333116234257052E-002   6.7057924672708213E-003
  -2.9156099527339528E-002  -6.2794857994280398E-003
  -2.7723330873162255E-002  -1.8750133663317216E-002
  -2.5982008688963696E-002  -3.0604797660695380E-002
  -2.3875893720958156E-002  -4.1717612690195902E-002
  -2.1348119504175839E-002  -5.1938781039878194E-002
  -1.8341978830768550E-002  -6.1095292543243668E-002
  -1.4800633165681098E-002  -6.8990397534848327E-002
  -1.0667413417513731E-002  -7.5400991127583653E-002
  -5.8892436903679153E-003  -8.0073008341440738E-002
  -4.2620886304183057E-004  -8.2716537669163190E-002
   5.7303745933700700E-003  -8.3004503898665691E-002
   1.2531282767568711E-002  -8.0580899103005990E-002
   1.9837730775528094E-002  -7.5085951104102405E-002
   2.7393093402178305E-002  -6.6205349031001337E-002
   3.4811154357174037E-002  -5.3746652455077419E-002
   4.1596265305979124E-002  -3.7735103070237710E-002
   4.7205117308909646E-002  -1.8502850729334205E-002
   5.1142348246089125E-002   3.2700899335835528E-003
   5.3059804972720871E-002   2.6598818471524611E-002
   5.2821031779573022E-002   5.0320116284408870E-002
   5.0510906268736930E-002   7.3259548673901345E-002
   4.6400489138538552E-002   9.4383377601510762E-002
   4.0890429266592726E-002  0.11290189605015412     
   3.4447179322569257E-002  0.12831720924306034     
   2.7536975418511470E-002  0.14041884508454477     
   2.0566369226680706E-002  0.14923568749477736     
   1.3842786998229419E-002  0.15496244419689903     
   7.5619424546423059E-003  0.15788368957662482     
   1.8178870502452741E-003  0.15831165181145604     
  -3.3732366178403240E-003  0.15654354019459729     
  -8.0437969747106427E-003  0.15283827685822049     
  -1.2246315442030089E-002  0.14741005590477699     
  -1.6031635365966166E-002  0.14043436628012779     
  -1.9436780642480039E-002  0.13206075073898382     
  -2.2482438074789019E-002  0.12242639617068241     
  -2.5177081602843487E-002  0.11166607647836092     
  -2.7523339819579010E-002   9.9916644209505176E-002
  -2.9522799671901714E-002   8.7316989616206209E-002
  -3.1177398790421782E-002   7.4005958785213100E-002
  -3.2487646320707393E-002   6.0120811660031886E-002
  -3.3449251825734931E-002   4.5797844801825638E-002
  -3.4050109065600014E-002   3.1175471386431581E-002
  -3.4269163485565315E-002   1.6398897305145512E-002
  -3.4077838851027595E-002   1.6248906382819702E-003
  -3.3443778894717696E-002  -1.2974891693597963E-002
  -3.2335973782367113E-002  -2.7213093345808334E-002
  -3.0730045594443207E-002  -4.0888719990194014E-002
  -2.8612549327900003E-002  -5.3791713351210135E-002
  -2.5983490416243402E-002  -6.5709136635940191E-002
  -2.2856754188772060E-002  -7.6431768934111938E-002
  -1.9258727582545567E-002  -8.5759861854430422E-002
  -1.5226026627812127E-002  -9.3507058269890780E-002
  -1.0803820324178089E-002  -9.9502080252029890E-002
  -6.0465363877982526E-003 -0.10358879970714112     
  -1.0224314330521385E-003 -0.10562658702227132     
   4.1776186841274076E-003 -0.10549400072026389     
   9.4285623195438355E-003 -0.10309934491664018     
   1.4560185654964001E-002  -9.8400888503057699E-002
   1.9351351052221341E-002  -9.1437500888143231E-002
   2.3534925628626042E-002  -8.2367108969194289E-002
   2.6819504312425253E-002  -7.1505052438040673E-002
   2.8932806448615508E-002  -5.9346550511378708E-002
   2.9683991833009304E-002  -4.6550852190785641E-002
   2.9026676859372925E-002  -3.3870002515926076E-002
   2.7091541921637860E-002  -2.2030674975916324E-002
   2.4164614752247331E-002  -1.1610668796326978E-002
   2.0617115302955395E-002  -2.9616641944518549E-003
   1.6821396013156867E-002   3.7977801556498053E-003
   1.3088945062538155E-002   8.7355441850168920E-003
   9.6437126634280074E-003   1.2040383956755349E-002
   6.6226198796264530E-003   1.3963040844030645E-002
   4.0896958368427036E-003   1.4773035904369581E-002
   2.0545228228803268E-003   1.4730736623566734E-002
   4.8995738442806302E-004   1.4071385556324312E-002
  -6.5329881226095323E-004   1.2997376660517430E-002
  -1.4357497891002346E-003   1.1675729286405123E-002
  -1.9212436900000111E-003   1.0238776378298835E-002
  -2.1715949038115627E-003   8.7868576084996503E-003
  -2.2432148077639498E-003   7.3921835405447766E-003
  -2.1853147114772632E-003   6.1032384734328229E-003
  -2.0392842152893369E-003   4.9492331298574598E-003
  -1.8388755451675561E-003   3.9442444223498673E-003
  -1.6108296614694084E-003   3.0908326437047323E-003
  -1.3756400146511039E-003   2.3830980101678906E-003
  -1.1482856061046346E-003   1.8092612349078177E-003
  -9.3890979421375588E-004   1.3538783763358735E-003
  -7.5350434421510011E-004   9.9974602878172194E-004
  -5.9465666949060298E-004   7.2947980800685196E-004
  -4.6236062186247410E-004   5.2671324301462800E-004
  -3.5483151464311920E-004   3.7688386950720593E-004
  -2.6924354472289273E-004   2.6762696549353465E-004
  -2.0232581675572306E-004   1.8884890440638743E-004
  -1.5079064404145047E-004   1.3257830680408700E-004
  -1.1160241467056414E-004   9.2691788583736435E-005
  -8.2116367732278992E-005   6.4592186142468404E-005
  -6.0123908021580384E-005   4.4892206259136340E-005
  -4.3838846740391008E-005   3.1133343990676460E-005
  -3.1851863876877880E-005   2.1552355570098768E-005
  -2.3072194799783392E-005   1.4896289194617271E-005
  -1.6668263519607689E-005   1.0281052895485801E-005
  -1.2013562792344598E-005   7.0861019984395047E-006
  -8.6404747182630974E-006   4.8775699297861865E-006
  -6.2025551945685484E-006   3.3529837551416654E-006
  -4.4446568526299559E-006   2.3019303279961564E-006
  -3.1797764175216126E-006   1.5782874424485367E-006
  -2.2714023853096918E-006   1.0807263083020708E-006
  -1.6202190927237502E-006   7.3907252500957699E-007
  -1.1541836436189794E-006   5.0478936043954654E-007
  -8.2117229618504266E-007   3.4434930398201087E-007
  -5.8356142968523469E-007   2.3462361012319225E-007
  -4.1425222890125351E-007   1.5967913120503130E-007
  -2.9376542983218044E-007   1.0855531668321838E-007
  -2.0812497081730928E-007   7.3723234082154089E-008
  -1.4732076678563613E-007   5.0018704772796000E-008
  -1.0419504602115226E-007   3.3904682845471637E-008
  -7.3637477448390492E-008   2.2962011538599675E-008
  -5.2004771630326805E-008   1.5538388395025330E-008
  -3.6703032500437281E-008   1.0506770510766291E-008
  -2.5887817283974427E-008   7.0993660090588813E-009
  -1.8249130998726445E-008   4.7937451715726516E-009
  -1.2857574108158103E-008   3.2348299752783637E-009
  -9.0544303052226805E-009   2.1815400655521047E-009
  -6.3732653446908575E-009   1.4703549859100093E-009
  -4.4840826578471296E-009   9.9046353689292760E-010
  -3.1535986219273660E-009   6.6683760338167327E-010
  -2.2170191426959480E-009   4.4871749913051376E-010
  -1.5580103347775027E-009   3.0178759439477763E-010
  -1.0944991501753509E-009   2.0286515900476608E-010
  -7.6861670196575147E-010   1.3629869652703640E-010
  -5.3958193514040527E-010   9.1527751911763753E-011
  -3.7867003905130585E-010   6.1431023868442983E-011
  -2.6565752398199521E-010   4.1208987459121192E-011
  -1.8631231163309317E-010   2.7628615965569093E-011
  -1.3062275979012122E-010   1.8513200644594346E-011
  -9.1548797763645936E-011   1.2397945635284897E-011
  -6.4141716685550030E-011   8.2976077887628420E-012
  -4.4924096968173216E-011   5.5498163307345267E-012
  -3.1453191954015704E-011   3.7094786560519988E-012
  -2.2013620933816768E-011   2.4776510766419392E-012
  -1.5401161085813046E-011   1.6536486329851789E-012
  -1.0770689627329158E-011   1.1028165662266134E-012
  -7.5292802239452568E-012   7.3485160622075238E-013
  -5.2610701456027987E-012   4.8922634846930393E-013
  -3.6744731759599722E-012   3.2539387666403390E-013
  -2.5651037686048637E-012   2.1620794842818914E-013
  -1.7897440792465392E-012   1.4350524804013993E-013
  -1.2480701830616775E-012   9.5140707611773867E-014
  -8.6982855771762098E-013   6.2998953862659918E-014
  -6.0583985285532538E-013   4.1661181769283988E-014
  -4.2168948234681463E-013   2.7511910385151540E-014
  -2.9330387842610115E-013   1.8140815538392722E-014
  -2.0384976574365185E-013   1.1942401735199626E-014
  -1.4156143291073315E-013   7.8482479861046940E-015
  -9.8218739191225907E-014   5.1480430449660129E-015
  -6.8081302094506475E-014   3.3700510821439025E-015
  -4.7142385075656054E-014   2.2013319323152964E-015
  -3.2606769731178525E-014   1.4345367625844756E-015
  -2.2525504691084554E-014   9.3245670013136365E-016
  -1.5540494174696916E-014   6.0442205334455852E-016
  -1.0705966722838533E-014   3.9060590803590038E-016
  -7.3637358739100340E-015   2.5159553985056411E-016
  -5.0560844258913757E-015   1.6147138461228893E-016
  -3.4649534787903277E-015   1.0321927133188575E-016
  -2.3695151054049834E-015   6.5693177318538297E-017
  -1.6165872190112995E-015   4.1607222373081193E-017
  -1.1000154453260744E-015   2.6210071005013549E-017
  -7.4631309652876868E-016   1.6411215495993057E-017
  -5.0466641541979532E-016   1.0206082339402902E-017
  -3.3998306839620520E-016   6.2984586036325603E-018
  -2.2806097482212604E-016   3.8530081688474848E-018
  -1.5223350370570627E-016   2.3334084343170690E-018
  -1.0104194304908440E-016   1.3967357820828603E-018
  -6.6622227745079329E-017   8.2473032513426959E-019
  -4.3587890269043348E-017   4.7918812829765654E-019
  -2.8257454469003825E-017   2.7310116875997895E-019
  -1.8120685734284410E-017   1.5204931012005840E-019
  -1.1470294365980105E-017   8.2247786957872074E-020
  -7.1480996133038707E-018   4.2902329897515136E-020
  -4.3702472215066782E-018   2.1342928763442341E-020
  -2.6068785871999939E-018   9.9433680988953235E-021
  -1.4993315610329484E-018   4.1883239898584637E-021
  -8.0284541134744228E-019   1.4656163034115543E-021
  -3.4500012369931303E-019   3.0664695389073321E-022
  -0.0000000000000000        0.0000000000000000     
