 Initial conditions outputted from a previous simulation. Time =    30.000000000000000     
   40.000000000000000        0.0000000000000000              500           1   30.000000000000000     
   6.2755792175944305E-002   2.9153244255102277E-013
   6.1325618305788365E-002   2.6779238174400106E-002
   5.7699827005703322E-002   5.2216761492895114E-002
   5.2120792407319927E-002   7.5214864216561039E-002
   4.5160233457033912E-002   9.4890137440338154E-002
   3.7274657776291673E-002  0.11090065218260116     
   2.8989910708914032E-002  0.12304418425132913     
   2.0709358716655347E-002  0.13140796336346738     
   1.2734503151900708E-002  0.13621370643138925     
   5.2725898223017105E-003  0.13775622825614167     
  -1.5532743478139136E-003  0.13636751946975029     
  -7.6840709130954520E-003  0.13238395690795879     
  -1.3107210651444783E-002  0.12612900047420733     
  -1.7842119033364440E-002  0.11790509465145908     
  -2.1928624938389662E-002  0.10798939029429835     
  -2.5418560965053572E-002   9.6632741752549128E-002
  -2.8370265235404150E-002   8.4061317395243126E-002
  -3.0845405423058265E-002   7.0480317850006566E-002
  -3.2906942541071148E-002   5.6079950126672905E-002
  -3.4615915553662932E-002   4.1043069966367932E-002
  -3.6024625178707470E-002   2.5551743166729542E-002
  -3.7166357028248422E-002   9.7882397065352008E-003
  -3.8046205245125954E-002  -6.0725621671941857E-003
  -3.8639848288893330E-002  -2.1877003002134136E-002
  -3.8903759539623398E-002  -3.7504728389811219E-002
  -3.8792926662080236E-002  -5.2870492363276810E-002
  -3.8276833904667906E-002  -6.7912808448416240E-002
  -3.7345766939113005E-002  -8.2574135889863315E-002
  -3.6005839625728134E-002  -9.6781189633089848E-002
  -3.4267079259485363E-002 -0.11043232019262932     
  -3.2130891093737644E-002 -0.12339405888025255     
  -2.9581707931829369E-002 -0.13550446223379123     
  -2.6584766016409994E-002 -0.14657882596254093     
  -2.3089521087108784E-002 -0.15641369784596856     
  -1.9037115662038924E-002 -0.16478713685801677     
  -1.4370126120140079E-002 -0.17145571811603103     
  -9.0430377613159984E-003 -0.17615040360723561     
  -3.0331988985516437E-003 -0.17857385832226283     
   3.6465218715080721E-003 -0.17840240034294602     
   1.0933486841968178E-002 -0.17529610832233167     
   1.8701717741200323E-002 -0.16891954243398688     
   2.6749633289761352E-002 -0.15897580498217964     
   3.4788409717757811E-002 -0.14525680062557109     
   4.2434972076842048E-002 -0.12770772659244795     
   4.9220617739461445E-002 -0.10649956707169983     
   5.4628418998222836E-002  -8.2097187617810707E-002
   5.8166690658843050E-002  -5.5298110046383062E-002
   5.9468548878103905E-002  -2.7207138728144842E-002
   5.8383648876447425E-002   8.7616083449480221E-004
   5.5018752679046920E-002   2.7639842053319836E-002
   4.9706149839953202E-002   5.1951020901617746E-002
   4.2918821316413537E-002   7.2988135526273673E-002
   3.5173871487902034E-002   9.0282147908877147E-002
   2.6956759742792116E-002  0.10368076829314241     
   1.8676517831449562E-002  0.11327154676097059     
   1.0647819401290559E-002  0.11929634944257586     
   3.0917173388107081E-003  0.12207764440711043     
  -3.8533250656754264E-003  0.12196559970879053     
  -1.0116603613591936E-002  0.11930631901141754     
  -1.5679576616888038E-002  0.11442658824402210     
  -2.0560307815286442E-002  0.10762895695659207     
  -2.4798877649539548E-002   9.9191524807547532E-002
  -2.8445291300334470E-002   8.9368743138923720E-002
  -3.1550987900689262E-002   7.8391993138703472E-002
  -3.4163941094014619E-002   6.6470130742547498E-002
  -3.6326443101770675E-002   5.3790149064995831E-002
  -3.8074568896859499E-002   4.0517885164098690E-002
  -3.9438921128587462E-002   2.6799221809554255E-002
  -4.0446289986496117E-002   1.2762655569141341E-002
  -4.1120678559609894E-002  -1.4764944114886646E-003
  -4.1482274986063557E-002  -1.5811009067206054E-002
  -4.1544988017052524E-002  -3.0137062903771761E-002
  -4.1314443800181969E-002  -4.4350899763270023E-002
  -4.0787100120042850E-002  -5.8346818156901084E-002
  -3.9949706568616336E-002  -7.2014925050350953E-002
  -3.8780413601119057E-002  -8.5238808464875415E-002
  -3.7250496600060301E-002  -9.7893400421294810E-002
  -3.5325733266265640E-002 -0.10984164096157988     
  -3.2966388556235481E-002 -0.12092953218875546     
  -3.0127657164962900E-002 -0.13098270040661039     
  -2.6763239720305140E-002 -0.13980568454528777     
  -2.2826257737491563E-002 -0.14718036808509435     
  -1.8274622933109747E-002 -0.15286310411710211     
  -1.3066831794821156E-002 -0.15658316854849516     
  -7.1766343528176331E-003 -0.15804252720903161     
  -6.2195895955935530E-004 -0.15692782545842923     
   6.5456439759022413E-003 -0.15292935814038619     
   1.4210641640514200E-002 -0.14574719515901377     
   2.2166534290211991E-002 -0.13511032550254434     
   3.0115446095582213E-002 -0.12082519168428137     
   3.7672580945952924E-002 -0.10283300047346888     
   4.4359416639773733E-002  -8.1275342225868019E-002
   4.9707203815605235E-002  -5.6574674077008447E-002
   5.3306069083366707E-002  -2.9481720329974655E-002
   5.4836153700820262E-002  -1.0241881006720071E-003
   5.4164929765440524E-002   2.7608001137575718E-002
   5.1318993708858548E-002   5.5213901535705268E-002
   4.6496877384852267E-002   8.0724034136666400E-002
   4.0100080096252197E-002  0.10329614055287845     
   3.2604226257816858E-002  0.12238642151816355     
   2.4466764113014038E-002  0.13775637652557182     
   1.6139839324135773E-002  0.14939421465093736     
   7.9740339859558571E-003  0.15744663878980128     
   2.3412753850966288E-004  0.16216739767811467     
  -6.9026164216936751E-003  0.16386722856785554     
  -1.3368190115290498E-002  0.16288279741107164     
  -1.9134640052353959E-002  0.15954662952087093     
  -2.4204550697586286E-002  0.15417063689038660     
  -2.8599883115430869E-002  0.14704089810577506     
  -3.2351704375037961E-002  0.13841657971055887     
  -3.5505098556297118E-002  0.12851106468751483     
  -3.8106120886306848E-002  0.11745577472778308     
  -4.0193871627240432E-002  0.10527399665963466     
  -4.1818657022087993E-002   9.1855478810102489E-002
  -4.3033443824163811E-002   7.6943955177475279E-002
  -4.3884911973742849E-002   6.0165394531425241E-002
  -4.4398192001423815E-002   4.1084653288920157E-002
  -4.4587349860520910E-002   1.9289646731155009E-002
  -4.4476615170378389E-002  -5.5191175671285668E-003
  -4.4102127518438720E-002  -3.3460767671898643E-002
  -4.3506968925023419E-002  -6.4432926850530536E-002
  -4.2706880807894580E-002  -9.8097489711578209E-002
  -4.1686807804529900E-002 -0.13388821709818685     
  -4.0408429041366836E-002 -0.17102807974156017     
  -3.8816018867404559E-002 -0.20855417377594274     
  -3.6843682631220571E-002 -0.24536592791808726     
  -3.4424953382462924E-002 -0.28031347153690744     
  -3.1509521500410170E-002 -0.31231968554253287     
  -2.8059292986185185E-002 -0.34049611334597157     
  -2.4032770922372909E-002 -0.36421702693828278     
  -1.9391461777343202E-002 -0.38314480957729879     
  -1.4098974160985687E-002 -0.39716799367652350     
  -8.1539712569339857E-003 -0.40630384385375679     
  -1.5968276156560308E-003 -0.41061423980908340     
   5.4650771394170591E-003 -0.41011214859576695     
   1.2884565456779814E-002 -0.40474561319751945     
   2.0512717720428088E-002 -0.39444328704132769     
   2.8144628972439398E-002 -0.37917202201792061     
   3.5397307119948700E-002 -0.35904929827275051     
   4.1792901592633824E-002 -0.33442400615926265     
   4.6775480146210573E-002 -0.30592272594280762     
   4.9763640512905410E-002 -0.27450583371559961     
   5.0332745277481793E-002 -0.24146012200656811     
   4.8392169901000238E-002 -0.20842317843836655     
   4.4136787427586095E-002 -0.17724406679124818     
   3.7975953124411307E-002 -0.14967600281505661     
   3.0467749877241195E-002 -0.12708425531448497     
   2.2245086614826319E-002 -0.11021081520561682     
   1.3796382783883027E-002  -9.9132364261604877E-002
   5.4890168850962309E-003  -9.3435352417096065E-002
  -2.3625247506405666E-003  -9.2420712548152498E-002
  -9.5455628539759113E-003  -9.5316841215032533E-002
  -1.5940940434961082E-002 -0.10139035547170586     
  -2.1476313103808858E-002 -0.11000287812333331     
  -2.6171008445862207E-002 -0.12064979267891891     
  -3.0102171087135317E-002 -0.13290729101495924     
  -3.3375397869351515E-002 -0.14640212613213460     
  -3.6066111721276675E-002 -0.16081654513949548     
  -3.8223678274361073E-002 -0.17587587521197187     
  -3.9902445622395123E-002 -0.19137089060950532     
  -4.1167471415392023E-002 -0.20715844618199619     
  -4.2104179177703580E-002 -0.22314361829598769     
  -4.2775470686215490E-002 -0.23926421786820731     
  -4.3203810575811179E-002 -0.25547441867598270     
  -4.3413165599774928E-002 -0.27173330793340683     
  -4.3417806646161405E-002 -0.28799604316402733     
  -4.3211805998806363E-002 -0.30420214554336183     
  -4.2777409824323175E-002 -0.32026681348103953     
  -4.2082278409959407E-002 -0.33608073021032642     
  -4.1084730168453404E-002 -0.35152542697199685     
  -3.9766083070956776E-002 -0.36649555457127259     
  -3.8132300635480620E-002 -0.38091691224118163     
  -3.6175347403678532E-002 -0.39475166358677605     
  -3.3853914617434346E-002 -0.40797778342884516     
  -3.1103585915393882E-002 -0.42055243697431272     
  -2.7864380185319351E-002 -0.43236471538591370     
  -2.4090570416538767E-002 -0.44319812547943460     
  -1.9742098506299214E-002 -0.45273049750378391     
  -1.4766481439873032E-002 -0.46053259054550999     
  -9.1127002645261801E-003 -0.46608669984572187     
  -2.7569992812766643E-003 -0.46879709258687896     
   4.2378625944368741E-003 -0.46799526773396760     
   1.1757669307222322E-002 -0.46297063357218743     
   1.9623611022246700E-002 -0.45306781273081403     
   2.7602133365626589E-002 -0.43782232347422040     
   3.5336455703993630E-002 -0.41706205748711861     
   4.2352284496169568E-002 -0.39099069898068389     
   4.8046490732007001E-002 -0.36023351439988571     
   5.1808906969027228E-002 -0.32584353415610728     
   5.3148908310822619E-002 -0.28930899108469166     
   5.1909427497226872E-002 -0.25244566452140238     
   4.8245425343237523E-002 -0.21719068249844484     
   4.2586467819649781E-002 -0.18532157534423707     
   3.5498576839310882E-002 -0.15817416773083440     
   2.7601119696360879E-002 -0.13651253697140181     
   1.9403323363731038E-002 -0.12048933883676902     
   1.1326548108528551E-002 -0.10975776527549787     
   3.6692634797533472E-003 -0.10370486519122939     
  -3.3701164835742608E-003 -0.10163891959434902     
  -9.7269935824138062E-003 -0.10294507258541319     
  -1.5394624065709591E-002 -0.10712280430469677     
  -2.0395160470261298E-002 -0.11374744422089256     
  -2.4754769677673157E-002 -0.12245078377894482     
  -2.8520661295172958E-002 -0.13285347107264669     
  -3.1712580010844552E-002 -0.14456835272510749     
  -3.4363724712864759E-002 -0.15722339846052094     
  -3.6517736681111149E-002 -0.17046226889733754     
  -3.8238546571823837E-002 -0.18400524591112413     
  -3.9568472136646861E-002 -0.19767471952961899     
  -4.0539170875674040E-002 -0.21139803079056263     
  -4.1196943478418797E-002 -0.22518985091506444     
  -4.1562044570271447E-002 -0.23910182550098422     
  -4.1615718420746982E-002 -0.25320880637339205     
  -4.1368502638576950E-002 -0.26760123218953824     
  -4.0838376588982955E-002 -0.28236870569978922     
  -4.0040500902318844E-002 -0.29758799635270466     
  -3.8986236414116519E-002 -0.31327972092627021     
  -3.7690568875063703E-002 -0.32937242454684312     
  -3.6123838140076844E-002 -0.34569928185417881     
  -3.4220450365753427E-002 -0.36199565791853106     
  -3.1933970719313858E-002 -0.37792381109249662     
  -2.9230696677377599E-002 -0.39309100408041497     
  -2.6055879303902078E-002 -0.40706214416168468     
  -2.2372684625151521E-002 -0.41936672394627905     
  -1.8158313642838493E-002 -0.42949218482241958     
  -1.3370851888120731E-002 -0.43688526650701714     
  -7.9908061149712682E-003 -0.44097492447087178     
  -2.0134896271980281E-003 -0.44119387329507936     
   4.6018332021756413E-003 -0.43700508078351785     
   1.1858429520686187E-002 -0.42792752745144608     
   1.9528176085276298E-002 -0.41350887991704866     
   2.7245458193730150E-002 -0.39335412864804364     
   3.4667739359286485E-002 -0.36724308417969104     
   4.1463245520688363E-002 -0.33520396011233750     
   4.7222438661736026E-002 -0.29767004298152128     
   5.1578260560192261E-002 -0.25560309405204940     
   5.4209591524452413E-002 -0.21054152701413215     
   5.4800020971504208E-002 -0.16456667264458461     
   5.3143842354052902E-002 -0.12008995303868632     
   4.9321252090562102E-002  -7.9531652759059476E-002
   4.3609006353330280E-002  -4.4945264987632585E-002
   3.6413649771684563E-002  -1.7604039031798177E-002
   2.8324409878139497E-002   2.1692179995080212E-003
   2.0023599312830095E-002   1.4947525170377750E-002
   1.2061391771671471E-002   2.1924357695664528E-002
   4.7738398310759982E-003   2.4472210288283325E-002
  -1.6939160897778793E-003   2.3818840792612463E-002
  -7.3241218893589444E-003   2.0869798991127921E-002
  -1.2155997608205410E-002   1.6197399960643566E-002
  -1.6270668207927077E-002   1.0132697143182247E-002
  -1.9761722205790401E-002   2.8570769574063166E-003
  -2.2742828551208818E-002  -5.5069058500295739E-003
  -2.5309656362105349E-002  -1.4856707160990398E-002
  -2.7520218836069438E-002  -2.5093576220485379E-002
  -2.9410107766500587E-002  -3.6115782465214546E-002
  -3.1001028504107506E-002  -4.7823592075885331E-002
  -3.2306461782960448E-002  -6.0115228795788671E-002
  -3.3347150919511230E-002  -7.2889016999173342E-002
  -3.4141933008820131E-002  -8.6044828867201953E-002
  -3.4698932777553454E-002  -9.9482629116603077E-002
  -3.5006331498602924E-002 -0.11310904615106622     
  -3.5027341837647441E-002 -0.12682602219075048     
  -3.4712582445087833E-002 -0.14052554217800323     
  -3.4016679494505660E-002 -0.15408508347443395     
  -3.2884026882127992E-002 -0.16735231780584506     
  -3.1276644844983909E-002 -0.18015175049643031     
  -2.9160112246598036E-002 -0.19228452822108488     
  -2.6508138929423157E-002 -0.20353391065218415     
  -2.3331731881028391E-002 -0.21367971391853377     
  -1.9615855137470127E-002 -0.22249955112806463     
  -1.5369326382250267E-002 -0.22976099686581775     
  -1.0583285476284510E-002 -0.23523692475150162     
  -5.2693319421445320E-003 -0.23868855990853516     
   5.2706759919560740E-004 -0.23988007540868458     
   6.7618976371725831E-003 -0.23859089132911615     
   1.3336490146366061E-002 -0.23461253167385795     
   2.0131121467484778E-002 -0.22777486729198138     
   2.7032126508269496E-002 -0.21796065881365892     
   3.3798089633572372E-002 -0.20511348449188879     
   4.0162490986366275E-002 -0.18925093702103696     
   4.5864300961354597E-002 -0.17052676342799489     
   5.0545359016215881E-002 -0.14925196606713836     
   5.3890026565783795E-002 -0.12593469895709949     
   5.5630954297532030E-002 -0.10128917896221194     
   5.5545071560574089E-002  -7.6193061393050557E-002
   5.3563020225423592E-002  -5.1592218417116947E-002
   4.9786109626369951E-002  -2.8443786254919497E-002
   4.4448385850148625E-002  -7.5860812459455336E-003
   3.7930303234129513E-002   1.0373889500360006E-002
   3.0712744934607093E-002   2.5083816068014339E-002
   2.3193511535148825E-002   3.6410613438737312E-002
   1.5671735670225152E-002   4.4389380279186957E-002
   8.4072191341814321E-003   4.9179091410674745E-002
   1.6104909577751335E-003   5.1023721191797863E-002
  -4.5898112612384858E-003   5.0216829399639409E-002
  -1.0133770148980169E-002   4.7066973952660671E-002
  -1.4997901292359511E-002   4.1874940082992751E-002
  -1.9177115606327299E-002   3.4930085652904522E-002
  -2.2680273263818902E-002   2.6516030849031522E-002
  -2.5534278301270429E-002   1.6910461197652726E-002
  -2.7791127454766442E-002   6.3742594510660042E-003
  -2.9526795801021754E-002  -4.8638144776405766E-003
  -3.0828075647216163E-002  -1.6617329207685171E-002
  -3.1776702391367942E-002  -2.8742083842012930E-002
  -3.2441034849807038E-002  -4.1128634520151947E-002
  -3.2875288938538430E-002  -5.3694331837940305E-002
  -3.3119480734885319E-002  -6.6377837080977053E-002
  -3.3195422960824846E-002  -7.9133293169672630E-002
  -3.3100735947776683E-002  -9.1919868464161961E-002
  -3.2807563219991079E-002 -0.10468678491567698     
  -3.2270709263859776E-002 -0.11735987989207400     
  -3.1442135020602946E-002 -0.12983700683712643     
  -3.0282389572481104E-002 -0.14199418873901232     
  -2.8760826064508530E-002 -0.15369673755172827     
  -2.6844250384421762E-002 -0.16480582339586650     
  -2.4481623626392546E-002 -0.17517385524732215     
  -2.1595052333183692E-002 -0.18462904551621553     
  -1.8083640978059558E-002 -0.19295573926968365     
  -1.3840381739523131E-002 -0.19987890152244803     
  -8.7778936772848048E-003 -0.20505879468779825     
  -2.8583293498975633E-003 -0.20809871563994123     
   3.8764954661549287E-003 -0.20856766024568441     
   1.1280581773150639E-002 -0.20604030356785633     
   1.9095042728404805E-002 -0.20015469025487881     
   2.6966208245976019E-002 -0.19067991795100489     
   3.4491556805237890E-002 -0.17757464437893317     
   4.1275901432325818E-002 -0.16101434580246024     
   4.6970131250014195E-002 -0.14138160105571826     
   5.1280622343772155E-002 -0.11923888666623733     
   5.3969554557968084E-002  -9.5307145754865666E-002
   5.4877852023587109E-002  -7.0444206116541980E-002
   5.3973430528942642E-002  -4.5589752239123461E-002
   5.1388428611368088E-002  -2.1660081703466578E-002
   4.7406058478770677E-002   5.7550908081798174E-004
   4.2393013328388469E-002   2.0578569562590864E-002
   3.6709138205172180E-002   3.8049649798340225E-002
   3.0635934570849625E-002   5.2869183291866580E-002
   2.4352370490377532E-002   6.5010694925065837E-002
   1.7960658727785558E-002   7.4471293671504707E-002
   1.1537329709757368E-002   8.1246052934278959E-002
   5.1743747648635621E-003   8.5342432322881356E-002
  -1.0096274265827539E-003   8.6809453699901132E-002
  -6.8837650376332854E-003   8.5757386109279465E-002
  -1.2327696277271405E-002   8.2358974511784103E-002
  -1.7250161385861412E-002   7.6835976249690838E-002
  -2.1598173441340060E-002   6.9438580317845125E-002
  -2.5356711603969850E-002   6.0424107420952423E-002
  -2.8540449917731261E-002   5.0039591326317495E-002
  -3.1180122310661005E-002   3.8511454163958285E-002
  -3.3307362357956415E-002   2.6043904677916726E-002
  -3.4942615356653786E-002   1.2825398338970487E-002
  -3.6089972126700058E-002  -9.6011472844820440E-004
  -3.6740268714885421E-002  -1.5122138575409779E-002
  -3.6880563166860315E-002  -2.9457505258053764E-002
  -3.6505756192928132E-002  -4.3751733612103751E-002
  -3.5627690728747864E-002  -5.7787469297042961E-002
  -3.4278405260185656E-002  -7.1357144053782989E-002
  -3.2506432845467087E-002  -8.4275741695250789E-002
  -3.0367278686936068E-002  -9.6389571133833993E-002
  -2.7910982582552677E-002 -0.10757805381333926     
  -2.5170627903193254E-002 -0.11774753521816081     
  -2.2155453162308124E-002 -0.12681858969683718     
  -1.8850775914623953E-002 -0.13471038983109351     
  -1.5224712861565565E-002 -0.14132657935555135     
  -1.1239557799983636E-002 -0.14654634819960585     
  -6.8644796002079855E-003 -0.15022245318386421     
  -2.0862737531382324E-003 -0.15218560935282388     
   3.0838003833626310E-003 -0.15225278590888988     
   8.6066188297278697E-003 -0.15023611134317646     
   1.4411385863679040E-002 -0.14595015160171634     
   2.0384481431071893E-002 -0.13921934220083140     
   2.6344179578943121E-002 -0.12989475019445268     
   3.2002607691986512E-002 -0.11789771662224639     
   3.6935872503666443E-002 -0.10330825061827714     
   4.0606327333008806E-002  -8.6491755758646427E-002
   4.2478507129001017E-002  -6.8202395241265049E-002
   4.2212165872582134E-002  -4.9556260205327635E-002
   3.9828541137321920E-002  -3.1813905175567980E-002
   3.5726531299044573E-002  -1.6058848090155096E-002
   3.0530062762227739E-002  -2.9622463162431939E-003
   2.4879843155651612E-002   7.2519812070370579E-003
   1.9295334835627131E-002   1.4694726078082533E-002
   1.4134843015259595E-002   1.9670796770491931E-002
   9.6092577466211811E-003   2.2571886187810405E-002
   5.8121328884704684E-003   2.3807100741085795E-002
   2.7537914000545882E-003   2.3762607497578494E-002
   3.9190612115330887E-004   2.2782541798365991E-002
  -1.3464644563460232E-003   2.1161780034815839E-002
  -2.5496695512415898E-003   1.9144250488389646E-002
  -3.3103541214115164E-003   1.6924691755530540E-002
  -3.7179123601788020E-003   1.4652729138835863E-002
  -3.8538382637219740E-003   1.2438189172671320E-002
  -3.7889522478499944E-003   1.0357154694684541E-002
  -3.5822263308661144E-003   8.4584268268710627E-003
  -3.2811524970504792E-003   6.7697895946224581E-003
  -2.9232311618255301E-003   5.3034213758217912E-003
  -2.5379743910098939E-003   4.0600428294832137E-003
  -2.1488042055550194E-003   3.0317480337592596E-003
  -1.7743325582398259E-003   2.2038460110600307E-003
  -1.4288574588245410E-003   1.5562870117195972E-003
  -1.1223313634314168E-003   1.0651914130157848E-003
  -8.6027105504497673E-004   7.0468358708059204E-004
  -6.4400107278913643E-004   4.4888037415045684E-004
  -4.7136313132972621E-004   2.7369119930573279E-004
  -3.3776086995388648E-004   1.5811565198215133E-004
  -2.3728172073738044E-004   8.4900988085403960E-005
  -1.6366615257620265E-004   4.0613900719500666E-005
  -1.1100321293134643E-004   1.5295331425736852E-005
  -7.4136611782001059E-005   1.8909123615707730E-006
  -4.8829999105486050E-005  -4.3835708539598373E-006
  -3.1764478436005253E-005  -6.6359831906696819E-006
  -2.0439253023849284E-005  -6.7964841052279183E-006
  -1.3030624869515364E-005  -6.0049158766084046E-006
  -8.2454520505211544E-006  -4.8939437341184782E-006
  -5.1888710339229811E-006  -3.7855613848728991E-006
  -3.2547050110844941E-006  -2.8211685408227934E-006
  -2.0399896630605136E-006  -2.0438089887908253E-006
  -1.2812853085845082E-006  -1.4477482284852077E-006
  -8.0889662937591941E-007  -1.0067889061888579E-006
  -5.1492417644300317E-007  -6.8935896922347074E-007
  -3.3152705850191739E-007  -4.6576217405242537E-007
  -2.1645286131784325E-007  -3.1104391144241829E-007
  -1.4358416567291001E-007  -2.0557988761959177E-007
  -9.6863514837202492E-008  -1.3460998652579071E-007
  -6.6446812463726629E-008  -8.7386780525569871E-008
  -4.6299055404624453E-008  -5.6277273769932249E-008
  -3.2708008729152881E-008  -3.5967364255909906E-008
  -2.3373894841975483E-008  -2.2817547681698721E-008
  -1.6856093315940704E-008  -1.4369387647437985E-008
  -1.2238602620331395E-008  -8.9818241667737388E-009
  -8.9282752174583903E-009  -5.5707223847065934E-009
  -6.5330707457906556E-009  -3.4264468443528687E-009
  -4.7882871230677563E-009  -2.0883556260219236E-009
  -3.5114746395079579E-009  -1.2597253965263116E-009
  -2.5745105002561288E-009  -7.5079742623580694E-010
  -1.8859917274870481E-009  -4.4105635858180948E-010
  -1.3798898175524947E-009  -2.5448183686913902E-010
  -1.0080598018246666E-009  -1.4344745505192804E-010
  -7.3516910854056815E-010  -7.8325059311606149E-011
  -5.3518239517996216E-010  -4.0820022557930875E-011
  -3.8887362495440057E-010  -1.9726998451794484E-011
  -2.8203494135929886E-010  -8.2445175838917084E-012
  -2.0417041467887186E-010  -2.2867412182294478E-012
  -1.4753467232495732E-010   5.7099493327641145E-013
  -1.0642117895787418E-010   1.7463171492152323E-012
  -7.6633607915191782E-011   2.0526716483689898E-012
  -5.5092691147569567E-011   1.9454561261909400E-012
  -3.9543861042495156E-011   1.6710491606460588E-012
  -2.8340085973319180E-011   1.3561104574362463E-012
  -2.0280847099167993E-011   1.0604312898474054E-012
  -1.4493005344533223E-011   8.0774047794602892E-013
  -1.0342876099597700E-011   6.0331692870056740E-013
  -7.3715029355173708E-012   4.4380415772764872E-013
  -5.2471331126401452E-012   3.2248621707840820E-013
  -3.7304131476300272E-012   2.3197350050363043E-013
  -2.6489639591497347E-012   1.6544861022165318E-013
  -1.8788529680302120E-012   1.1714071737459322E-013
  -1.3311236843014303E-012   8.2409187734720839E-014
  -9.4202403630960932E-013   5.7647654033047988E-014
  -6.6593282511018091E-013   4.0121302475722168E-014
  -4.7024958515912784E-013   2.7794182052509118E-014
  -3.3170989321606062E-013   1.9172384865517658E-014
  -2.3373329372829367E-013   1.3172470342892214E-014
  -1.6451771564019907E-013   9.0162520380823676E-015
  -1.1567247953382002E-013   6.1493489994393082E-015
  -8.1239175946587427E-014   4.1795929641679703E-015
  -5.6991384352656426E-014   2.8312704214745387E-015
  -3.9934519192627464E-014   1.9116001568886791E-015
  -2.7949084425012571E-014   1.2864510240202119E-015
  -1.9536540271543000E-014   8.6291747735952072E-016
  -1.3638487891450333E-014   5.7691528345617246E-016
  -9.5081704770293470E-015   3.8441149330990411E-016
  -6.6192571946063812E-015   2.5526111024597563E-016
  -4.6011638327283221E-015   1.6889879435624563E-016
  -3.1932391561967142E-015   1.1134176801376741E-016
  -2.2123481994560268E-015   7.3114025923998469E-017
  -1.5299585560898819E-015   4.7814476073545388E-017
  -1.0559603313814426E-015   3.1133003887300576E-017
  -7.2725247971569244E-016   2.0176761033763584E-017
  -4.9969954915591360E-016   1.3010447995721369E-017
  -3.4246930592706332E-016   8.3436557727181843E-018
  -2.3405054913255990E-016   5.3189096322287504E-018
  -1.5945545788360978E-016   3.3684368882695564E-018
  -1.0825620015646150E-016   2.1176816476223142E-018
  -7.3208519281398344E-017   1.3205157755848989E-018
  -4.9287891878870102E-017   8.1587338403752268E-019
  -3.3015371519419400E-017   4.9882010967171741E-019
  -2.1986618660803725E-017   3.0131767047257027E-019
  -1.4543290160997593E-017   1.7947957444561828E-019
  -9.5440576938555477E-018   1.0515858458229537E-019
  -6.2052672508611162E-018   6.0415184926317687E-020
  -3.9902161313599590E-018   3.3895476281546146E-020
  -2.5323230302685274E-018   1.8469953837177924E-020
  -1.5818890228852453E-018   9.7017380974646880E-021
  -9.6924692554601988E-019   4.8582433536834121E-021
  -5.7926087010379228E-019   2.2773419895021378E-021
  -3.3368759318626422E-019   9.6467128554011097E-022
  -1.7890830135139582E-019   3.3927084669165977E-022
  -7.6971449664556208E-020   7.1347055630298304E-023
  -0.0000000000000000        0.0000000000000000     
