 Initial conditions outputted from a previous simulation. Time =    40.600000000000001     
   40.000000000000000        0.0000000000000000              500           1   40.600000000000001     
  -2.1987977952662364E-002 -0.12530773864863942     
  -1.7841693074068160E-002 -0.13528187382368112     
  -1.3097278511402530E-002 -0.14358662294600574     
  -7.6672203474625125E-003 -0.14994535892557814     
  -1.5574040953994037E-003 -0.15406316697064906     
   5.2562909609606429E-003 -0.15560374035467878     
   1.2705080752374731E-002 -0.15423720692213233     
   2.0669556204499180E-002 -0.14962816715035329     
   2.8948264247521144E-002 -0.14147398997928623     
   3.7239704588244521E-002 -0.12954819041050922     
   4.5139421211601978E-002 -0.11376333784483406     
   5.2152685025476597E-002  -9.4252148410349679E-002
   5.7737784349551499E-002  -7.1449025629514551E-002
   6.1384675457721381E-002  -4.6140013724426401E-002
   6.2715780225537060E-002  -1.9439259440810690E-002
   6.1575424806433229E-002   7.3328708451820086E-003
   5.8066871196540457E-002   3.2847206394097425E-002
   5.2516188033557759E-002   5.5970409690537827E-002
   4.5381015758635013E-002   7.5907276997166873E-002
   3.7152457961634862E-002   9.2253378737735744E-002
   2.8296845985990027E-002  0.10496943999043055     
   1.9248006004200346E-002  0.11429478847603475     
   1.0417231609775469E-002  0.12061609439536528     
   2.1790435514213473E-003  0.12432738984252259     
  -5.1747393220012254E-003  0.12573422572674853     
  -1.1481112700802073E-002  0.12503318946228703     
  -1.6717301160819556E-002  0.12235147132895938     
  -2.0970837098998756E-002  0.11780327857589851     
  -2.4388286365380849E-002  0.11152767923385988     
  -2.7127574189168082E-002  0.10369752431913434     
  -2.9328179579668240E-002   9.4508231135847234E-002
  -3.1100493666644472E-002   8.4160561206520726E-002
  -3.2527188928033579E-002   7.2847625311016226E-002
  -3.3668107776063501E-002   6.0749586826773443E-002
  -3.4564612410339389E-002   4.8033475626618131E-002
  -3.5242477994450565E-002   3.4853322433907985E-002
  -3.5712253624071662E-002   2.1349531683778230E-002
  -3.5969601175035261E-002   7.6504193510072626E-003
  -3.6001923286512395E-002  -6.1242262070133916E-003
  -3.5798753054907664E-002  -1.9861033562644029E-002
  -3.5353608461636363E-002  -3.3450909383456795E-002
  -3.4655723212794198E-002  -4.6784302079322243E-002
  -3.3683218086573478E-002  -5.9746257873853945E-002
  -3.2402369239618610E-002  -7.2210742685336324E-002
  -3.0768879549929323E-002  -8.4034758666833506E-002
  -2.8730659772984120E-002  -9.5055210673999579E-002
  -2.6233574233279204E-002 -0.10508924809345653     
  -2.3227824357109194E-002 -0.11393668049316820     
  -1.9671848923066511E-002 -0.12138285430506364     
  -1.5533301130720325E-002 -0.12720017943128675     
  -1.0788481150105651E-002 -0.13114726869192106     
  -5.4224464657100123E-003 -0.13296680209913914     
   5.6735899910723532E-004 -0.13238465018632600     
   7.1615933121181585E-003 -0.12911255266757202     
   1.4302849996867630E-002 -0.12285578908578060     
   2.1873608908272245E-002 -0.11332722973345039     
   2.9670560847966463E-002 -0.10027156469340948     
   3.7381389168935082E-002  -8.3508473550869419E-002
   4.4577946976793889E-002  -6.3005053180050619E-002
   5.0745875009916529E-002  -3.8974634587172340E-002
   5.5362082642879409E-002  -1.1968153316965300E-002
   5.8003449732943420E-002   1.7102433943387903E-002
   5.8441430465177427E-002   4.7053598788389099E-002
   5.6678391312448159E-002   7.6612225058920652E-002
   5.2918476560682957E-002  0.10460874519676150     
   4.7504358846933006E-002  0.13010561085124386     
   4.0854569869959646E-002  0.15244469763440691     
   3.3412313609203832E-002  0.17124068549924742     
   2.5602076929136859E-002  0.18634710049400974     
   1.7794318350243594E-002  0.19780928109708296     
   1.0283861583682930E-002  0.20581478098604292     
   3.2829528688021730E-003  0.21064756421117609     
  -3.0764665670166133E-003  0.21264584634272976     
  -8.7334742019731185E-003  0.21216316805658569     
  -1.3682577675801865E-002  0.20953647921792251     
  -1.7957316384425413E-002  0.20506597433224460     
  -2.1614028984212948E-002  0.19900738303580739     
  -2.4716321160739688E-002  0.19157456739342205     
  -2.7325997033210689E-002  0.18294951352072353     
  -2.9497328132841491E-002  0.17329531978937207     
  -3.1275486583191084E-002  0.16276732420300993     
  -3.2697542705738526E-002  0.15151869631045065     
  -3.3794147186385202E-002  0.13970068143731024     
  -3.4592042894854208E-002  0.12745984689563181     
  -3.5115184692857140E-002  0.11493422945145423     
  -3.5384542087227938E-002  0.10225087721898672     
  -3.5418553670691147E-002   8.9527359007942536E-002
  -3.5232919436058559E-002   7.6875248634478574E-002
  -3.4835924329597319E-002   6.4403242868842872E-002
  -3.4223663969719605E-002   5.2221149580796433E-002
  -3.3376762634057026E-002   4.0444251591867063E-002
  -3.2256228689149999E-002   2.9194024564117637E-002
  -3.0808900755730458E-002   1.8600192070342352E-002
  -2.8976973723442614E-002   8.8091241621421849E-003
  -2.6704212598711266E-002  -1.5587124997996696E-005
  -2.3934833160836336E-002  -7.6996969022986783E-003
  -2.0606681884415418E-002  -1.4054104844636057E-002
  -1.6693618128207341E-002  -1.8864822985386318E-002
  -1.2170416240275577E-002  -2.1896398460441821E-002
  -7.0269525505706251E-003  -2.2891137358861530E-002
  -1.3079664606512880E-003  -2.1574742647958021E-002
   4.9368572487411494E-003  -1.7683456735150215E-002
   1.1631523360127571E-002  -1.0988592267365883E-002
   1.8609298708024805E-002  -1.3105797387415494E-003
   2.5660304376720750E-002   1.1456889322995229E-002
   3.2555480569472182E-002   2.7324931047201323E-002
   3.9009543826985307E-002   4.6250466282571137E-002
   4.4756110173455182E-002   6.8155007846951457E-002
   4.9526334184226889E-002   9.2956030580741492E-002
   5.3088945768850516E-002  0.12055883996765396     
   5.5300419607474408E-002  0.15067471233061891     
   5.6007658725949080E-002  0.18259294207254795     
   5.5057050649788018E-002  0.21501540441018724     
   5.2347145777465104E-002  0.24579844291835026     
   4.7954072995573381E-002  0.27214192592329162     
   4.2171244748695914E-002  0.29111122961144498     
   3.5370115861642251E-002  0.30033447558695070     
   2.7915855943430937E-002  0.29860120532337636     
   2.0212270308705899E-002  0.28605092707331092     
   1.2603107140151745E-002  0.26384687925024791     
   5.3791777000896674E-003  0.23370421636558408     
  -1.2603212009786404E-003  0.19734038279463306     
  -7.2385218481893195E-003  0.15618626328249671     
  -1.2531220084863145E-002  0.11131322931083765     
  -1.7167512019016569E-002   6.3534103533688588E-002
  -2.1197858230717639E-002   1.3600405924086385E-002
  -2.4667893070950686E-002  -3.7656268436923573E-002
  -2.7617181321621134E-002  -8.9267770518838135E-002
  -3.0071933366800894E-002 -0.14017252977012751     
  -3.2053987384535021E-002 -0.18933152588928173     
  -3.3592380199788462E-002 -0.23587127295752819     
  -3.4726786864672267E-002 -0.27918247963080628     
  -3.5496647354923819E-002 -0.31896094112422380     
  -3.5934048343263393E-002 -0.35519801352448993     
  -3.6073961228402007E-002 -0.38812670427260809     
  -3.5953412644185639E-002 -0.41813812620228091     
  -3.5594527042267003E-002 -0.44569826221730774     
  -3.5018871545706133E-002 -0.47127179914804751     
  -3.4246415119094223E-002 -0.49526882721359700     
  -3.3276255726447386E-002 -0.51801691963536856     
  -3.2092457686474847E-002 -0.53975300995836117     
  -3.0687457594400228E-002 -0.56063145157526806     
  -2.9055453263846832E-002 -0.58074220751642691     
  -2.7166722472157203E-002 -0.60013081830696902     
  -2.4985285766466692E-002 -0.61881098810759017     
  -2.2468177971546682E-002 -0.63676308857106068     
  -1.9550554317761152E-002 -0.65392623387743543     
  -1.6160679851160466E-002 -0.67018236229431916     
  -1.2254780862308164E-002 -0.68533601748833395     
  -7.8163407098662142E-003 -0.69911823954378516     
  -2.8149062583796920E-003 -0.71118638595962924     
   2.7903567225101801E-003 -0.72111936229164819     
   8.9965974405242129E-003 -0.72841231826962294     
   1.5766152490743330E-002 -0.73247011378110494     
   2.2987165716373572E-002 -0.73264884693224808     
   3.0464860636600179E-002 -0.72831241040355132     
   3.7949137711850281E-002 -0.71893385475474192     
   4.5032542798304653E-002 -0.70427200363779519     
   5.1146252170150577E-002 -0.68453463755823107     
   5.5748536747868609E-002 -0.66049572709059634     
   5.8363582954245853E-002 -0.63342500693984871     
   5.8625583131102728E-002 -0.60486899812059192     
   5.6494739540717993E-002 -0.57643374305268102     
   5.2234886672238537E-002 -0.54963976682892635     
   4.6261810680032524E-002 -0.52588007268621428     
   3.9008533459904508E-002 -0.50637800913832287     
   3.0957221044313789E-002 -0.49201649412679382     
   2.2607125992408265E-002 -0.48323816300551320     
   1.4371717396021120E-002 -0.48000169299689510     
   6.5965028738339364E-003 -0.48188894408208388     
  -4.3309194537832828E-004 -0.48831439792700321     
  -6.6556858687308058E-003 -0.49864829362516155     
  -1.2123576599172398E-002 -0.51226999614797197     
  -1.6926908029986979E-002 -0.52858944972345190     
  -2.1122954479557837E-002 -0.54703115878865771     
  -2.4727834465243421E-002 -0.56704373038440070     
  -2.7780397004167394E-002 -0.58810035548948003     
  -3.0330111019031200E-002 -0.60971398455496728     
  -3.2404559049558107E-002 -0.63146892964015844     
  -3.4057867094844138E-002 -0.65303543245888918     
  -3.5338784237586920E-002 -0.67418998133297992     
  -3.6294277217353253E-002 -0.69481316504061796     
  -3.6948224193731137E-002 -0.71486643646408243     
  -3.7313634980292783E-002 -0.73436136957695464     
  -3.7428876421681433E-002 -0.75331501589184036     
  -3.7341968743793363E-002 -0.77171072359366832     
  -3.7070922895879911E-002 -0.78950030017935813     
  -3.6577363405348479E-002 -0.80662610153402547     
  -3.5812504847264996E-002 -0.82305681189117197     
  -3.4748458622229375E-002 -0.83882055951828682     
  -3.3376547366174222E-002 -0.85399550833745019     
  -3.1693476464081508E-002 -0.86867712591678214     
  -2.9673151596676342E-002 -0.88292411479314581     
  -2.7241460815393293E-002 -0.89670127947778366     
  -2.4297817182049368E-002 -0.90985793376763313     
  -2.0749522156692311E-002 -0.92210156987569147     
  -1.6523922589808431E-002 -0.93297445955458180     
  -1.1561714260593990E-002 -0.94184807430320827     
  -5.8406809673842621E-003 -0.94794253214773749     
   6.1269625138276750E-004 -0.95039721535344679     
   7.7380748855558510E-003 -0.94836868872178004     
   1.5420258400407080E-002 -0.94109689751653691     
   2.3517044179215772E-002 -0.92793941956379977     
   3.1834607185196796E-002 -0.90837555016146854     
   4.0037334443223209E-002 -0.88210460806748714     
   4.7588738350906615E-002 -0.84928058348518676     
   5.3768203146843614E-002 -0.81070685391848440     
   5.7766855222799993E-002 -0.76787787081520864     
   5.8948691239208935E-002 -0.72282477255651179     
   5.7095012439322315E-002 -0.67776811989784858     
   5.2484546268102235E-002 -0.63491935467706051     
   4.5734406268008503E-002 -0.59633333661820154     
   3.7594809966456907E-002 -0.56372403878745947     
   2.8797736016861291E-002 -0.53825588988086981     
   1.9913516951332481E-002 -0.52030159112196783     
   1.1347197263339236E-002 -0.50942855764738404     
   3.3947565001204842E-003 -0.50470091467245648     
  -3.7848213400527219E-003 -0.50502070470696014     
  -1.0157678554148857E-002 -0.50945730743041073     
  -1.5752272280093974E-002 -0.51731830194443762     
  -2.0630230160226682E-002 -0.52804735378776724     
  -2.4856364069627410E-002 -0.54116384437782683     
  -2.8510184891972112E-002 -0.55614467719806870     
  -3.1646085310056318E-002 -0.57236931250069978     
  -3.4304457916376915E-002 -0.58907927207250588     
  -3.6513149393334790E-002 -0.60538403072720126     
  -3.8309783307878306E-002 -0.62039420834376713     
  -3.9743743483426047E-002 -0.63334691041363111     
  -4.0850806420168861E-002 -0.64371371104416619     
  -4.1638951287001444E-002 -0.65123318123170260     
  -4.2108819361296568E-002 -0.65582118618703411     
  -4.2243128547998617E-002 -0.65751129769843641     
  -4.2027793980885748E-002 -0.65640659192254469     
  -4.1469899541557650E-002 -0.65267845106618361     
  -4.0587439320632510E-002 -0.64660312866119862     
  -3.9335669099179453E-002 -0.63857173895219232     
  -3.7618005206848826E-002 -0.62906646604390393     
  -3.5339434045919216E-002 -0.61858396452733710     
  -3.2414309419960784E-002 -0.60753843138663877     
  -2.8759970971754079E-002 -0.59621982537017559     
  -2.4329085523256525E-002 -0.58479998123615806     
  -1.9170166087601845E-002 -0.57339972856002452     
  -1.3354604237549630E-002 -0.56214620589985198     
  -6.8922768764325508E-003 -0.55115560516303996     
   2.5961372653297144E-004 -0.54043284901304534     
   8.1431683269461205E-003 -0.52973532063849316     
   1.6862273126044949E-002 -0.51850811599632440     
   2.6392174361730431E-002 -0.50590288682380191     
   3.6434893335729884E-002 -0.49090089369957407     
   4.6354517614405150E-002 -0.47255021617196397     
   5.5275896984669420E-002 -0.45022761865665245     
   6.2289765185843310E-002 -0.42387449419145445     
   6.6690377163343556E-002 -0.39411910491849217     
   6.8144780350434669E-002 -0.36219374520317693     
   6.6772405711548660E-002 -0.32972433254807709     
   6.2926171792000066E-002 -0.29841248161909489     
   5.7143921502978673E-002 -0.26972568222660553     
   5.0045201690360162E-002 -0.24468771377671736     
   4.2212652166964112E-002 -0.22378725234355348     
   3.4138483266014950E-002 -0.20702996850022942     
   2.6171519436943860E-002 -0.19410832369158962     
   1.8510774139032096E-002 -0.18458251227501740     
   1.1334355270946637E-002 -0.17803992792086765     
   4.7418862220016114E-003 -0.17414750940354543     
  -1.2026184631782637E-003 -0.17263437185488922     
  -6.4966475906519080E-003 -0.17326081083552081     
  -1.1193760395725486E-002 -0.17578785737153990     
  -1.5352334633662899E-002 -0.17998220068233017     
  -1.9043452606694388E-002 -0.18563438181402425     
  -2.2322212094870515E-002 -0.19257386792508124     
  -2.5221165536475947E-002 -0.20066721031765319     
  -2.7764557359795890E-002 -0.20980517504676252     
  -2.9947787902133087E-002 -0.21988094144502301     
  -3.1753806686359132E-002 -0.23077172919339087     
  -3.3161094406458300E-002 -0.24233194240580480     
  -3.4143313892771060E-002 -0.25439237181442087     
  -3.4688389335907774E-002 -0.26676695942856432     
  -3.4793377882804025E-002 -0.27926518407582601     
  -3.4462731261761193E-002 -0.29169474737379164     
  -3.3704398926084254E-002 -0.30386773456337579     
  -3.2525415946553636E-002 -0.31560185435766758     
  -3.0936039847621277E-002 -0.32672230287511611     
  -2.8937772978404476E-002 -0.33706660603673833     
  -2.6531963633241357E-002 -0.34648153587542962     
  -2.3718119787747308E-002 -0.35482193042904892     
  -2.0481383725354182E-002 -0.36194792710611234     
  -1.6806365667013545E-002 -0.36771852682532186     
  -1.2679352927636960E-002 -0.37199437431702476     
  -8.0958564869919609E-003 -0.37462500637849144     
  -3.0652939552131974E-003 -0.37542989087925982     
   2.4160635920312994E-003 -0.37420965861288519     
   8.3571540561961800E-003 -0.37076297232339939     
   1.4748063496193646E-002 -0.36488069969398901     
   2.1529649213473060E-002 -0.35633338690960409     
   2.8579144794839556E-002 -0.34488673473074422     
   3.5698459534395058E-002 -0.33034405140833456     
   4.2608129576176067E-002 -0.31259610775654612     
   4.8946471354348681E-002 -0.29167160237695078     
   5.4275501904674894E-002 -0.26779814780660116     
   5.8113478055216709E-002 -0.24147560837370172     
   6.0014306764578904E-002 -0.21352568195377872     
   5.9678852991242114E-002 -0.18505731276772147     
   5.7043326862130830E-002 -0.15732534640757978     
   5.2297531589358875E-002 -0.13153363044418331     
   4.5837235776438827E-002 -0.10866299420103602     
   3.8186103162212368E-002  -8.9369090147658689E-002
   2.9908399168460151E-002  -7.3955636837042010E-002
   2.1522059442092765E-002  -6.2416332323065225E-002
   1.3435246102610949E-002  -5.4524186342690774E-002
   5.9270427939211359E-003  -4.9927908650103325E-002
  -8.3782564035376984E-004  -4.8223719615843444E-002
  -6.7856278353640625E-003  -4.8999988980945111E-002
  -1.1912177628524862E-002  -5.1865418481142983E-002
  -1.6261244062209090E-002  -5.6466223995915922E-002
  -1.9903675550659295E-002  -6.2493578581942578E-002
  -2.2921115290804199E-002  -6.9683775217912136E-002
  -2.5395675160845836E-002  -7.7814355328526569E-002
  -2.7404841305904797E-002  -8.6698958570145174E-002
  -2.9020001564917606E-002  -9.6182942876774091E-002
  -3.0306064739572914E-002 -0.10614047785964666     
  -3.1320079585782520E-002 -0.11647224336494583     
  -3.2108475183804407E-002 -0.12710225560232341     
  -3.2703731927127125E-002 -0.13797282527251864     
  -3.3121484182632270E-002 -0.14903748416297838     
  -3.3358840944786722E-002 -0.16025238410197909     
  -3.3394400063526286E-002 -0.17156708899193421     
  -3.3190085677539262E-002 -0.18291587772567575     
  -3.2694566080499678E-002 -0.19421064270825261     
  -3.1847604546348454E-002 -0.20533615227069618     
  -3.0584412734717761E-002 -0.21614785022071970     
  -2.8839179290608741E-002 -0.22647167956991901     
  -2.6547514960366055E-002 -0.23610496930057823     
  -2.3648333403897871E-002 -0.24481746658442266     
  -2.0086232657515420E-002 -0.25235210208303205     
  -1.5815510227434625E-002 -0.25842574765124537     
  -1.0806669696862682E-002 -0.26273080597741671     
  -5.0558089518180117E-003 -0.26493894053919131     
   1.4034229531331448E-003 -0.26470862618018487     
   8.4863234973138572E-003 -0.26169847066026763     
   1.6043548934267928E-002 -0.25558862946446137     
   2.3849748805750224E-002 -0.24611290528475338     
   3.1598654014193997E-002 -0.23310310896447800     
   3.8910940589369752E-002 -0.21654407993106717     
   4.5361622489956031E-002 -0.19663107405538954     
   5.0530158608872854E-002 -0.17381139411156821     
   5.4066631714797517E-002 -0.14878554024188462     
   5.5754072043053660E-002 -0.12245066530008190     
   5.5541570494692792E-002  -9.5794359641219989E-002
   5.3535490312733754E-002  -6.9774111401964697E-002
   4.9959803415748849E-002  -4.5222320149952477E-002
   4.5109400223253333E-002  -2.2794277963685723E-002
   3.9311247698957753E-002  -2.9517805107721804E-003
   3.2892428086576830E-002   1.4030201251387316E-002
   2.6151072736348872E-002   2.8039150486267143E-002
   1.9334231929882997E-002   3.9086851320551216E-002
   1.2629966164358599E-002   4.7267122955490661E-002
   6.1743283563791239E-003   5.2721050984499647E-002
   6.6389419384953405E-005   5.5615790276743543E-002
  -5.6168251077208485E-003   5.6135910799525617E-002
  -1.0810356926786497E-002   5.4482501452562282E-002
  -1.5457480311636100E-002   5.0874855397579528E-002
  -1.9510694145695714E-002   4.5550921617053756E-002
  -2.2934987867847405E-002   3.8764712541485773E-002
  -2.5710819188324435E-002   3.0780739290713802E-002
  -2.7835155396525080E-002   2.1866750190325329E-002
  -2.9320165034282253E-002   1.2286404970511906E-002
  -3.0190161491057979E-002   2.2931954991699845E-003
  -3.0477900000067004E-002  -7.8737516813694591E-003
  -3.0221274497533691E-002  -1.7992048101998157E-002
  -2.9461027199690699E-002  -2.7857106085809002E-002
  -2.8239562436046625E-002  -3.7282530730809164E-002
  -2.6600609122404400E-002  -4.6100342335838630E-002
  -2.4589403555408774E-002  -5.4161314484115555E-002
  -2.2253135916897159E-002  -6.1335590880148040E-002
  -1.9641348803041341E-002  -6.7513713685514176E-002
  -1.6805661804916484E-002  -7.2608021671442188E-002
  -1.3797915627785576E-002  -7.6553781789997999E-002
  -1.0666264966931628E-002  -7.9308506066670933E-002
  -7.4504340662381163E-003  -8.0847476681313396E-002
  -4.1798524561932806E-003  -8.1154784693525661E-002
  -8.7989029099691941E-004  -8.0212801096364070E-002
   2.4106139153139711E-003  -7.7997694474896379E-002
   5.6141938184624584E-003  -7.4490937858956024E-002
   8.5950456187725097E-003  -6.9712480976522578E-002
   1.1163086115096438E-002  -6.3768601887730911E-002
   1.3112908703061144E-002  -5.6891226589980727E-002
   1.4287710429297563E-002  -4.9438780345286690E-002
   1.4636439873812345E-002  -4.1844292979390449E-002
   1.4231084082103216E-002  -3.4529536961688201E-002
   1.3236547519813029E-002  -2.7827087786213161E-002
   1.1856186321753968E-002  -2.1942794415184159E-002
   1.0283802738089407E-002  -1.6960524751707801E-002
   8.6767359268348082E-003  -1.2870111715112740E-002
   7.1472486075828357E-003  -9.6001081603621259E-003
   5.7647225234916440E-003  -7.0463731308123834E-003
   4.5634633675285703E-003  -5.0935105127251391E-003
   3.5523685324993282E-003  -3.6287863022537075E-003
   2.7236746240584982E-003  -2.5499213808226348E-003
   2.0598031408352816E-003  -1.7687652830147467E-003
   1.5384777882420267E-003  -1.2123204280954155E-003
   1.1363057199166356E-003  -8.2206308648159450E-004
   8.3098770410681142E-004  -5.5233880417158065E-004
   6.0251828488101040E-004  -3.6841119307993086E-004
   4.3373697746123668E-004  -2.4447444370165550E-004
   3.1044460669477276E-004  -1.6178825772027581E-004
   2.2123641344237721E-004  -1.0703668344124156E-004
   1.5718636456585401E-004  -7.0955333730685232E-005
   1.1147054090430122E-004  -4.7223590153210553E-005
   7.8978323874849670E-005  -3.1601471162195357E-005
   5.5947272220942543E-005  -2.1283533541387692E-005
   3.9646013666187932E-005  -1.4432649884095381E-005
   2.8113487855040054E-005  -9.8534725925815138E-006
   1.9952838191414661E-005  -6.7700137517761549E-006
   1.4174223738250590E-005  -4.6779289844833702E-006
   1.0078421726698276E-005  -3.2480976416787306E-006
   7.1722553363752886E-006  -2.2643424819748849E-006
   5.1079459333768885E-006  -1.5835145128357414E-006
   3.6400967586974592E-006  -1.1099902628468748E-006
   2.5953775263359999E-006  -7.7932081211823489E-007
   1.8512007533004674E-006  -5.4768715088333216E-007
   1.3207396399963761E-006  -3.8505635642488041E-007
   9.4240839913968468E-007  -2.7069802784541585E-007
   6.7246610792777668E-007  -1.9021461555002806E-007
   4.7980661479998821E-007  -1.3355539116814935E-007
   3.4228374781056665E-007  -9.3675726740002403E-008
   2.4411525833624624E-007  -6.5622939782192094E-008
   1.7404496090227419E-007  -4.5907525906903367E-008
   1.2403944651611657E-007  -3.2067609402449352E-008
   8.8362585106065438E-008  -2.2365264609399816E-008
   6.2917262272426791E-008  -1.5573603454836503E-008
   4.4776526876975025E-008  -1.0826912263971665E-008
   3.1849299426005707E-008  -7.5148655734832497E-009
   2.2641797457274681E-008  -5.2076961326890695E-009
   1.6087131965606471E-008  -3.6032057017092528E-009
   1.1423529841472443E-008  -2.4892344197424386E-009
   8.1072764098550412E-009  -1.7170869733758881E-009
   5.7504652342396000E-009  -1.1827316490813622E-009
   4.0764843288044424E-009  -8.1351537688448274E-010
   2.8881889906099807E-009  -5.5879062094966979E-010
   2.0451505019944332E-009  -3.8331336221213782E-010
   1.4473978152902147E-009  -2.6260151306479315E-010
   1.0238040115183266E-009  -1.7967793005650230E-010
   7.2379456681149794E-010  -1.2278945064937233E-010
   5.1143042625848788E-010  -8.3812601739651670E-011
   3.6118814245852477E-010  -5.7141433169580520E-011
   2.5495214639202764E-010  -3.8913155268168520E-011
   1.7987229949544607E-010  -2.6469976840866050E-011
   1.2683876039677221E-010  -1.7985769409853923E-011
   8.9396986714454663E-011  -1.2207524506512260E-011
   6.2976344079750067E-011  -8.2766061533913064E-012
   4.4342022806613978E-011  -5.6053692099864436E-012
   3.1205859681172192E-011  -3.7921254711301007E-012
   2.1950162614282759E-011  -2.5626253532095917E-012
   1.5431843742025286E-011  -1.7298440997775813E-012
   1.0843589671209753E-011  -1.1663845319615879E-012
   7.6155157941807406E-012  -7.8556292007520373E-013
   5.3455380759034856E-012  -5.2846234971698144E-013
   3.7501035540523756E-012  -3.5508165374050490E-013
   2.6293454107332687E-012  -2.3829148700448386E-013
   1.8424523875389432E-012  -1.5971200992362197E-013
   1.2902672175319932E-012  -1.0690438725902843E-013
   9.0299852276554197E-013  -7.1459486848474553E-014
   6.3154784565915369E-013  -4.7698568654427622E-014
   4.4139121394095675E-013  -3.1790951541673778E-014
   3.0826489333859895E-013  -2.1155475013195600E-014
   2.1512475729228452E-013  -1.4054903697331279E-014
   1.5000429823750253E-013  -9.3213678432376081E-015
   1.0450640284714539E-013  -6.1707025603326029E-015
   7.2741876828643556E-014  -4.0770354900000155E-015
   5.0582742910618641E-014  -2.6881633206019155E-015
   3.5137220137636719E-014  -1.7685138037196641E-015
   2.4380751128229952E-014  -1.1607441059544786E-015
   1.6896824692913631E-014  -7.5991608813458194E-016
   1.1695014056213543E-014  -4.9615000809776851E-016
   8.0832924581750957E-015  -3.2298738275132283E-016
   5.5784836040726270E-015  -2.0959386971238991E-016
   3.8434920947912028E-015  -1.3554193895489760E-016
   2.6433304173406113E-015  -8.7324587536048744E-017
   1.8143321515443033E-015  -5.6029124818859249E-017
   1.2426106357470753E-015  -3.5787368381422575E-017
   8.4899643782558621E-016  -2.2744764125880561E-017
   5.7851225768179477E-016  -1.4375838791044633E-017
   3.9302370350818504E-016  -9.0304478498951053E-018
   2.6611154780838640E-016  -5.6335805743055513E-018
   1.7949684944466436E-016  -3.4871608336423568E-018
   1.2055080917238646E-016  -2.1394745829128027E-018
   8.0561793873360682E-017  -1.2993509992383225E-018
   5.3530470048490879E-017  -7.7990039031866940E-019
   3.5332977074348349E-017  -4.6172995691148454E-019
   2.3140360075117574E-017  -2.6896546461234470E-019
   1.5016260916951884E-017  -1.5367111614825116E-019
   9.6384781322547447E-018  -8.5762051180558764E-020
   6.1064995163938647E-018  -4.6498576405854288E-020
   3.8086237377813383E-018  -2.4308665850413148E-020
   2.3303126716712618E-018  -1.2118661120633971E-020
   1.3909921405563913E-018  -5.6572400057698744E-021
   8.0049142892657459E-019  -2.3873678038737328E-021
   4.2885053927691953E-019  -8.3682142840722432E-022
   1.8437212299145641E-019  -1.7538700086934441E-022
   0.0000000000000000        0.0000000000000000     
