 Initial conditions outputted from a previous simulation. Time =    63.200000000000003     
   40.000000000000000        0.0000000000000000              500           1   63.200000000000003     
  -3.3887864056525746E-002   6.9036395926750635E-002
  -3.5083121555393879E-002   5.3630148509640894E-002
  -3.6012802937705611E-002   3.7793162189801104E-002
  -3.6636522597084921E-002   2.1655960183711728E-002
  -3.7001447789717007E-002   5.3118256826651927E-003
  -3.7065218219023172E-002  -1.1090812988970827E-002
  -3.6844095252665965E-002  -2.7464279368347312E-002
  -3.6328105579358734E-002  -4.3695364552622087E-002
  -3.5500555182615107E-002  -5.9670495105377787E-002
  -3.4341769265619819E-002  -7.5271018102037776E-002
  -3.2824790797980868E-002  -9.0366512220085987E-002
  -3.0917556082201616E-002 -0.10481298916913176     
  -2.8585304592171609E-002 -0.11844888367449123     
  -2.5793181376654505E-002 -0.13108976361692307     
  -2.2511071012805028E-002 -0.14252201398331119     
  -1.8720681607022931E-002 -0.15249406649266359     
  -1.4424716339372451E-002 -0.16070435101427122     
  -9.6578487501451666E-003 -0.16678579223408074     
  -4.4982797727183372E-003 -0.17028764736299609     
   9.2373488809321816E-004 -0.17065878791776912     
   6.4289719309514786E-003 -0.16724398726369025     
   1.1814792518083993E-002 -0.15931369948199331     
   1.6905676522414002E-002 -0.14615038500128988     
   2.1618636685522649E-002 -0.12720226387782535     
   2.6021378739372665E-002 -0.10228089585537078     
   3.0329025425759170E-002  -7.1729834779578616E-002
   3.4760775123268153E-002  -3.6471817336214019E-002
   3.9276747873117829E-002   2.1103347721597634E-003
   4.3410789101286644E-002   4.2419020870099321E-002
   4.6414344836882393E-002   8.2909543921477508E-002
   4.7620955777813126E-002  0.12227219216892218     
   4.6715143178056834E-002  0.15949443646094424     
   4.3748164353680792E-002  0.19385827333197128     
   3.9015630380214682E-002  0.22492944746096818     
   3.2944650041576866E-002  0.25253609373303615     
   2.6017472398443899E-002  0.27671942673939243     
   1.8710988458281036E-002  0.29766800363344514     
   1.1445335139291897E-002  0.31565514162958447     
   4.5322624524642792E-003  0.33098095251047938     
  -1.8634956856772153E-003  0.34392069535759923     
  -7.7033252538597349E-003  0.35470388758367760     
  -1.3000848943893532E-002  0.36352811771929816     
  -1.7768880311943076E-002  0.37057361459353672     
  -2.2017413680633771E-002  0.37601322999956688     
  -2.5765319862401957E-002  0.38002277332475171     
  -2.9041909842059260E-002  0.38278315915075550     
  -3.1884683629441912E-002  0.38447484450730507     
  -3.4335249353320822E-002  0.38527490773811862     
  -3.6431303982915532E-002  0.38535835415473713     
  -3.8200444969229183E-002  0.38489841605147335     
  -3.9660676854237555E-002  0.38406329394856231     
  -4.0824923959910678E-002  0.38300900299790580     
  -4.1704904672081690E-002  0.38186931705248472     
  -4.2311621190748362E-002  0.38074692211687017     
  -4.2651824947474548E-002  0.37971098239497225     
  -4.2722822642831407E-002  0.37880330063757206     
  -4.2509850548087709E-002  0.37805096730132920     
  -4.1988416978313445E-002  0.37748063674179438     
  -4.1130405489317554E-002  0.37712958490873777     
  -3.9910656229334429E-002  0.37705145748328300     
  -3.8311137654443030E-002  0.37731807323453370     
  -3.6321684192151350E-002  0.37802019246431628     
  -3.3938122071748011E-002  0.37926914931834443     
  -3.1159299528991942E-002  0.38119907303825928     
  -2.7983816371240235E-002  0.38396790373327416     
  -2.4406010804104268E-002  0.38775560316819779     
  -2.0410868302879616E-002  0.39275987248626126     
  -1.5969064261027399E-002  0.39919208688429497     
  -1.1034944628513649E-002  0.40727698184470429     
  -5.5511922615425749E-003  0.41725713282861948     
   5.3529952121676543E-004  0.42939846918296615     
   7.2470362899954097E-003  0.44398963734993402     
   1.4542441939063094E-002  0.46132808748080162     
   2.2284771106644022E-002  0.48169052802393381     
   3.0221064559997766E-002  0.50528907539231105     
   3.7974150077018043E-002  0.53221548793880813     
   4.5057687984004245E-002  0.56237821604057725     
   5.0931824845742456E-002  0.59544563564540998     
   5.5082099823728581E-002  0.63081669718106903     
   5.7102660275370414E-002  0.66764260234075756     
   5.6773865607389250E-002  0.70490702325142829     
   5.4082480676412657E-002  0.74154084419201971     
   4.9228096113833837E-002  0.77652367939737099     
   4.2620701094991539E-002  0.80897620036867712     
   3.4795962990670136E-002  0.83826149688383034     
   2.6327367902344422E-002  0.86402955841472273     
   1.7747605831150266E-002  0.88618715538450843     
   9.4683623846838292E-003  0.90484062481499050     
   1.7597699106871273E-003  0.92023076017928895     
  -5.2374069394308352E-003  0.93266905105984277     
  -1.1493375388053570E-002  0.94249355772700927     
  -1.7024850537160748E-002  0.95003755083811248     
  -2.1879041127252231E-002  0.95562027763177482     
  -2.6130494648020794E-002  0.95954223473957700     
  -2.9842910355567898E-002  0.96207402055977720     
  -3.3063189321615116E-002  0.96345269839086689     
  -3.5823767960192314E-002  0.96388776981409685     
  -3.8139350822536923E-002  0.96356988657844633     
  -4.0008416567761391E-002  0.96267739309382427     
  -4.1419055689087624E-002  0.96137497990910736     
  -4.2358334232322305E-002  0.95979977635852165     
  -4.2830191019553404E-002  0.95802659589523964     
  -4.2885141957222886E-002  0.95600943074154088     
  -4.2651054068100450E-002  0.95353193294889071     
  -4.2322961377977524E-002  0.95023754448098630     
  -4.2077617091650421E-002  0.94581111457581690     
  -4.1938133364857001E-002  0.94032709012118731     
  -4.1725377951559200E-002  0.93464565513647335     
  -4.1004284681196879E-002  0.93061100007689790     
  -3.9197019962132054E-002  0.93081161819798819     
  -3.5918968191627099E-002  0.93773270205482195     
  -3.1250826617503710E-002  0.95226854664140514     
  -2.5710195548281540E-002  0.97189131891392644     
  -2.0181108157822331E-002  0.98949353903972581     
  -1.5545751680809310E-002  0.99446905362610594     
  -1.2264640443932936E-002  0.97687707668364754     
  -1.0160639084809606E-002  0.93247909841100562     
  -8.5518109879802132E-003  0.86454548004120801     
  -6.5920167862635569E-003  0.78124572532392189     
  -3.6707352254861337E-003  0.69156947081923359     
   4.6126494279813857E-004  0.60268832779869397     
   5.7657947356810017E-003  0.51929657072817992     
   1.2032082371403085E-002  0.44404396446169697     
   1.8895547455566014E-002  0.37826604183768858     
   2.5917305018237084E-002  0.32247270198613892     
   3.2554912464727671E-002  0.27647682558495018     
   3.8293596371115811E-002  0.23939957353611016     
   4.2721104409122058E-002  0.20970162685476137     
   4.5492100996637502E-002  0.18543755220231972     
   4.6315690484664419E-002  0.16466544237966049     
   4.5047690592091211E-002  0.14582472337198424     
   4.1720065401326965E-002  0.12793315990749465     
   3.6644199610870877E-002  0.11050668214116201     
   3.0258361709289312E-002   9.3316206029761317E-002
   2.3081103809474337E-002   7.6248304316216861E-002
   1.5539122226102516E-002   5.9225537167504609E-002
   7.8951765048665221E-003   4.2174545740894867E-002
   3.6499986438707409E-004   2.4959655035758446E-002
  -6.8107526404670308E-003   7.3374527628538898E-003
  -1.3428107891509524E-002  -1.1038890969364409E-002
  -1.9295704014108225E-002  -3.0598482951119315E-002
  -2.4319391735549829E-002  -5.1774673045848291E-002
  -2.8483234101815465E-002  -7.4946943206074521E-002
  -3.1853256832885229E-002 -0.10046141888197248     
  -3.4552380414913597E-002 -0.12863994604817516     
  -3.6681745174680362E-002 -0.15978593516540032     
  -3.8309772808840882E-002 -0.19416982262565985     
  -3.9496709553200775E-002 -0.23198038576725871     
  -4.0304248100958180E-002 -0.27326598484142056     
  -4.0804822280818769E-002 -0.31788841943869267     
  -4.1072188347300677E-002 -0.36550401871113730     
  -4.1169140494406432E-002 -0.41556906236539587     
  -4.1129444681623176E-002 -0.46736933180557427     
  -4.0935815032225487E-002 -0.52006140949808122     
  -4.0549236355350335E-002 -0.57271824968850094     
  -3.9953517683483368E-002 -0.62438145551785473     
  -3.9169473627459588E-002 -0.67412847734604497     
  -3.8239858106427514E-002 -0.72114774994261321     
  -3.7210188207903616E-002 -0.76481353278923370     
  -3.6101699462919579E-002 -0.80474118460699817     
  -3.4904423200949060E-002 -0.84080335942509221     
  -3.3573344439281984E-002 -0.87311411467643774     
  -3.2033474492599197E-002 -0.90197388949621626     
  -3.0205324926086560E-002 -0.92780118887659413     
  -2.8003453383355355E-002 -0.95107575862929727     
  -2.5342967511646296E-002 -0.97229021178806874     
  -2.2167591758852686E-002 -0.99194515594046506     
  -1.8464561351891957E-002  -1.0105214380326997     
  -1.4179859601010007E-002  -1.0284457397340303     
  -9.2624605586323037E-003  -1.0460430521864772     
  -3.7161667844883245E-003  -1.0634203044622703     
   2.4227171359080140E-003  -1.0804424580637526     
   9.1016181250530501E-003  -1.0966905596155947     
   1.6131872005856071E-002  -1.1114705104393705     
   2.3170886176077026E-002  -1.1239311192462424     
   2.9836242941691724E-002  -1.1331216300680529     
   3.5725062912094423E-002  -1.1381831282941164     
   4.0375495059380331E-002  -1.1385821711414907     
   4.3341717027341312E-002  -1.1342495845670344     
   4.4296277042767652E-002  -1.1258030573242754     
   4.3053781802274579E-002  -1.1144867641982124     
   3.9626546471616182E-002  -1.1020149353415492     
   3.4318186128028998E-002  -1.0903156443118425     
   2.7670866149249951E-002  -1.0810702482951546     
   2.0274521057499058E-002  -1.0754776026029138     
   1.2683553666207333E-002  -1.0741626942815783     
   5.3283409068510083E-003  -1.0772229906682753     
  -1.4977679121050498E-003  -1.0845271505417995     
  -7.6179059595841737E-003  -1.0958717046454265     
  -1.2968482755962279E-002  -1.1111031951686714     
  -1.7555089335732882E-002  -1.1301318555710413     
  -2.1438992304771004E-002  -1.1528169593820212     
  -2.4709089818473355E-002  -1.1789642997862957     
  -2.7450774601276432E-002  -1.2082958177302670     
  -2.9768119358004393E-002  -1.2404603348793259     
  -3.1731198738182656E-002  -1.2750944335031436     
  -3.3369541614838620E-002  -1.3117979182356041     
  -3.4769396424012174E-002  -1.3501425857931053     
  -3.6013505230649417E-002  -1.3896729532295993     
  -3.7145473092848574E-002  -1.4298736212315379     
  -3.8154341650742211E-002  -1.4701450411121262     
  -3.9017773573832328E-002  -1.5097642917233087     
  -3.9728695904695674E-002  -1.5478871707743456     
  -4.0283435483325157E-002  -1.5836426368232763     
  -4.0704235560986513E-002  -1.6162749111978774     
  -4.1038547148068621E-002  -1.6453023903046908     
  -4.1245727188557624E-002  -1.6706285149729012     
  -4.1194195224938349E-002  -1.6925270846242562     
  -4.0774565942779152E-002  -1.7115678998980890     
  -3.9954394888690230E-002  -1.7285020544918199     
  -3.8746606318040111E-002  -1.7441517289857029     
  -3.7194728051253956E-002  -1.7593384420892220     
  -3.5360116666922764E-002  -1.7747700057017599     
  -3.3234052012868116E-002  -1.7909624251973737     
  -3.0733353514677691E-002  -1.8081861344710732     
  -2.7777135341546029E-002  -1.8264274134298490     
  -2.4301858540588469E-002  -1.8454790299592410     
  -2.0253261357082167E-002  -1.8649726620095695     
  -1.5549751672939531E-002  -1.8843870922330170     
  -1.0116340483587390E-002  -1.9030495142445081     
  -3.9955807416291282E-003  -1.9200208461196664     
   2.6241375503227968E-003  -1.9341412751659202     
   9.5121666974427813E-003  -1.9440570417364083     
   1.6462505084501890E-002  -1.9483180211414064     
   2.3275871865891057E-002  -1.9455993957419941     
   2.9666662004434949E-002  -1.9347694490507670     
   3.5189177632740640E-002  -1.9151373184655915     
   3.9370412410692945E-002  -1.8866725945146057     
   4.1776471477324564E-002  -1.8500230312690886     
   4.2094266496422089E-002  -1.8066100930990636     
   4.0327528074393174E-002  -1.7584056342037990     
   3.6769957539758834E-002  -1.7076037559090140     
   3.1779728248566889E-002  -1.6562900554561295     
   2.5792354186979814E-002  -1.6060528809697627     
   1.9329972286703703E-002  -1.5579613011399236     
   1.2909890618181159E-002  -1.5126886875450321     
   6.8481511160527319E-003  -1.4706997563969952     
   1.3672401637032810E-003  -1.4325564882226440     
  -3.3612579380035697E-003  -1.3989131885988801     
  -7.3670399114312782E-003  -1.3704022249316923     
  -1.0807625858652510E-002  -1.3474893679398205     
  -1.3787077879143527E-002  -1.3302949799283386     
  -1.6411144734164815E-002  -1.3185368863270333     
  -1.8769471174585151E-002  -1.3115483415702585     
  -2.0948793627462069E-002  -1.3084159700014131     
  -2.2999647563568905E-002  -1.3081645834174145     
  -2.4927756737184899E-002  -1.3098912952991817     
  -2.6689889980500169E-002  -1.3128726316416865     
  -2.8212567834516297E-002  -1.3165871344845870     
  -2.9422682233686825E-002  -1.3206821423154673     
  -3.0263822215785018E-002  -1.3249300143641161     
  -3.0713572349441096E-002  -1.3291798888041171     
  -3.0791435605601290E-002  -1.3333216974223534     
  -3.0550979216668328E-002  -1.3372704494025840     
  -3.0092336712251592E-002  -1.3409645187202968     
  -2.9538519095034584E-002  -1.3443757786045800     
  -2.8990695703473134E-002  -1.3475178103541536     
  -2.8481129206141289E-002  -1.3504397058953537     
  -2.7964731237880194E-002  -1.3532007273561226     
  -2.7326415449352954E-002  -1.3558329191613996     
  -2.6418428666600012E-002  -1.3583023154149714     
  -2.5088513167419804E-002  -1.3604866328736842     
  -2.3202144360927390E-002  -1.3621728712833452     
  -2.0686883501379309E-002  -1.3630721505281636     
  -1.7487388759669081E-002  -1.3628556212096310     
  -1.3591709267770636E-002  -1.3611804250047876     
  -9.0010889953315385E-003  -1.3577190448078695     
  -3.7117554338587590E-003  -1.3521761553164309     
   2.2222221367078372E-003  -1.3442837462095276     
   8.7414070369903844E-003  -1.3338066629994059     
   1.5732190730316814E-002  -1.3205329330546833     
   2.3018739288594842E-002  -1.3042613646844043     
   3.0369344923345937E-002  -1.2848322972877821     
   3.7507486696664316E-002  -1.2621607772909069     
   4.4072587408102611E-002  -1.2362666222389005     
   4.9738762586984370E-002  -1.2073866647402458     
   5.4144191969814577E-002  -1.1759791362672711     
   5.6946971176973747E-002  -1.1427188313991574     
   5.7955965813421315E-002  -1.1085060262937041     
   5.7095976094536822E-002  -1.0743474577568513     
   5.4450527549185349E-002  -1.0411996097974991     
   5.0264548507146588E-002  -1.0099089518358790     
   4.4878690983165187E-002 -0.98105311360788849     
   3.8704052664404354E-002 -0.95495653382122736     
   3.2186764980886171E-002 -0.93176659834194409     
   2.5612406421484893E-002 -0.91144597958503892     
   1.9200894937182206E-002 -0.89383339695146102     
   1.3057336783233385E-002 -0.87876480449025751     
   7.1890824328605376E-003 -0.86608119894757241     
   1.6121702831672275E-003 -0.85565026322411308     
  -3.6371465231132306E-003 -0.84735195348796633     
  -8.5112906215867191E-003 -0.84105008993831210     
  -1.2963670718883231E-002 -0.83658030192805288     
  -1.6959814984213430E-002 -0.83376033865212040     
  -2.0487409844300468E-002 -0.83240070932249910     
  -2.3550288926388965E-002 -0.83231211566829399     
  -2.6156092865955823E-002 -0.83330931238880379     
  -2.8312434077017591E-002 -0.83521064444094006     
  -3.0034054193362292E-002 -0.83783575249888254     
  -3.1352912623507034E-002 -0.84101010501787499     
  -3.2321175062842239E-002 -0.84458023445815078     
  -3.3000431624121404E-002 -0.84842866395320204     
  -3.3439233491272063E-002 -0.85247503971883198     
  -3.3652612700133422E-002 -0.85665949931354168     
  -3.3617814688532179E-002 -0.86091638856224728     
  -3.3288696595803462E-002 -0.86515242798938474     
  -3.2618878610250014E-002 -0.86923999640293848     
  -3.1579741243060962E-002 -0.87302632566266136     
  -3.0164698096383634E-002 -0.87635023825595593     
  -2.8380915645842764E-002 -0.87905566324343343     
  -2.6237171928788102E-002 -0.88099580456967153     
  -2.3737300799391448E-002 -0.88202945245488895     
  -2.0882469588597841E-002 -0.88201637818131773     
  -1.7676741796384510E-002 -0.88081811731526694     
  -1.4125927299528225E-002 -0.87830357793836478     
  -1.0224659930391481E-002 -0.87435093695699817     
  -5.9389465837801341E-003 -0.86883585724345835     
  -1.2013949336281751E-003 -0.86160490540959722     
   4.0665239933067674E-003 -0.85244714592477366     
   9.9076986919872760E-003 -0.84108491595813339     
   1.6280049841390875E-002 -0.82719862666077992     
   2.3032637940231016E-002 -0.81048260832763386     
   2.9920417874951880E-002 -0.79071094256083807     
   3.6644267452436562E-002 -0.76778726143724840     
   4.2886853584053738E-002 -0.74176733346348089     
   4.8327748173122520E-002 -0.71286673762991981     
   5.2651914140897788E-002 -0.68147097762797337     
   5.5574558048134354E-002 -0.64814240089527686     
   5.6875343958659313E-002 -0.61360164856127142     
   5.6411797590125677E-002 -0.57868476431584570     
   5.4114275961898460E-002 -0.54430474745574176     
   5.0009818953704668E-002 -0.51141676994901852     
   4.4289812679646712E-002 -0.48093536212906346     
   3.7349375424198299E-002 -0.45358463159881574     
   2.9719377442961728E-002 -0.42976419008650951     
   2.1920126776697038E-002 -0.40953370471845080     
   1.4346700909587630E-002 -0.39271296129659861     
   7.2459388577206362E-003 -0.37900515110230304     
   7.5083186031120398E-004 -0.36807715305901140     
  -5.0819690311922376E-003 -0.35959795579531006     
  -1.0247773339029369E-002 -0.35325802636350095     
  -1.4775172406084565E-002 -0.34877996892633217     
  -1.8707940563935394E-002 -0.34592175762298288     
  -2.2088145653553111E-002 -0.34447227467700259     
  -2.4944385893811972E-002 -0.34423978912848691     
  -2.7290141340040694E-002 -0.34503772930523829     
  -2.9132871303569476E-002 -0.34667511444422144     
  -3.0487872175614668E-002 -0.34895688864956381     
  -3.1388597121879594E-002 -0.35169373719872127     
  -3.1888111195574671E-002 -0.35471623872794966     
  -3.2051418507710726E-002 -0.35788675002935028     
  -3.1942572848587113E-002 -0.36110410168631724     
  -3.1612003398870547E-002 -0.36429968589028955     
  -3.1088077960500261E-002 -0.36742692756209827     
  -3.0374009204232801E-002 -0.37044775655760243     
  -2.9448942567687326E-002 -0.37331920249116601     
  -2.8271725778685055E-002 -0.37598180957707789     
  -2.6786874304541054E-002 -0.37835075797090245     
  -2.4932847589301147E-002 -0.38031079392929512     
  -2.2651825682843123E-002 -0.38171633895380325     
  -1.9898394191148659E-002 -0.38239727922346295     
  -1.6643664508060371E-002 -0.38216880199383629     
  -1.2872659527259859E-002 -0.38084133742324883     
  -8.5761312973916190E-003 -0.37822572535336840     
  -3.7417881407189840E-003 -0.37413024246290183     
   1.6480480055665952E-003 -0.36835000809826030     
   7.6066823849093761E-003 -0.36065397398626486     
   1.4119840496022521E-002 -0.35077790923080565     
   2.1112494551935753E-002 -0.33843234326696420     
   2.8412473984268487E-002 -0.32333336391275697     
   3.5720581019407130E-002 -0.30526276618595449     
   4.2602644109933800E-002 -0.28415940327500216     
   4.8524633058652650E-002 -0.26022788330171687     
   5.2944433982407349E-002 -0.23402244379100745     
   5.5442587320413045E-002 -0.20644479029557578     
   5.5836298370838894E-002 -0.17862120377310134     
   5.4217902994781769E-002 -0.15169642244623327     
   5.0906122868172143E-002 -0.12663681753599568     
   4.6351465361734158E-002 -0.10411593830369463     
   4.1043762069806498E-002  -8.4490886707653479E-002
   3.5440658164716289E-002  -6.7839433836926824E-002
   2.9918142962677797E-002  -5.4028920893671152E-002
   2.4746589199032092E-002  -4.2794798837349123E-002
   2.0093020072851398E-002  -3.3809018641575699E-002
   1.6039398584221484E-002  -2.6727874243927092E-002
   1.2604525377186067E-002  -2.1221052813100452E-002
   9.7639622458321317E-003  -1.6987802891148145E-002
   7.4667933382682608E-003  -1.3764500179992423E-002
   5.6484853733088872E-003  -1.1326572065672041E-002
   4.2397770948687527E-003  -9.4871714983602324E-003
   3.1724140988601437E-003  -8.0941832208791704E-003
   2.3826161405637427E-003  -7.0264835057292190E-003
   1.8130530533010546E-003  -6.1899699084494234E-003
   1.4139762345130890E-003  -5.5135044997524831E-003
   1.1437053954600456E-003  -4.9447534105249661E-003
   9.6829152510739857E-004  -4.4461212802849896E-003
   8.6032557836080857E-004  -3.9912767024531427E-003
   7.9735188619238463E-004  -3.5627203927597801E-003
   7.6064105287269889E-004  -3.1503837683738750E-003
   7.3483742781936469E-004  -2.7507070039928007E-003
   7.0836357020021034E-004  -2.3654814913850685E-003
   6.7394586073704318E-004  -2.0000897448147620E-003
   6.2861445803988911E-004  -1.6613417506545266E-003
   5.7295614902586316E-004  -1.3554563593774578E-003
   5.0986558213276959E-004  -1.0866793152299365E-003
   4.4323235543272530E-004  -8.5671297492636244E-004
   3.7690155052127360E-004  -6.6482720342319463E-004
   3.1403485919687932E-004  -5.0838063073188806E-004
   2.5683897780974779E-004  -3.8349261859224848E-004
   2.0655885367354022E-004  -2.8568484692796577E-004
   1.6362499224794653E-004  -2.1039533959617341E-004
   1.2786331057576406E-004  -1.5333354151395969E-004
   9.8705741445403905E-005  -1.1068744310647379E-004
   7.5368954445918622E-005  -7.9213892019296470E-005
   5.6989727510921940E-005  -5.6247306039584427E-005
   4.2717552091090690E-005  -3.9657914970117829E-005
   3.1770886477157023E-005  -2.7783821571610275E-005
   2.3465665017440465E-005  -1.9354002787617913E-005
   1.7224539983071633E-005  -1.3413021177457615E-005
   1.2573926252979244E-005  -9.2533355779632050E-006
   9.1341824499760470E-006  -6.3577646557772998E-006
   6.6066810034253143E-006  -4.3525537777273421E-006
   4.7602095264514616E-006  -2.9702853501641852E-006
   3.4181348057168955E-006  -2.0212967195121238E-006
   2.4470525113850972E-006  -1.3721046437238011E-006
   1.7471902946690797E-006  -9.2939846727599096E-007
   1.2445570242884997E-006  -6.2833679894108500E-007
   8.8468087148493223E-007  -4.2409601825191644E-007
   6.2771364223077569E-007  -2.8583173405259450E-007
   4.4466517014820411E-007  -1.9240380390141038E-007
   3.1454570006914445E-007  -1.2937375852412975E-007
   2.2222151272856633E-007  -8.6910306006432435E-008
   1.5682090793164556E-007  -5.8336955801724371E-008
   1.1055879519154041E-007  -3.9130095590829827E-008
   7.7875895061526122E-008  -2.6230894437606835E-008
   5.4812037470213311E-008  -1.7574560944305187E-008
   3.8552198778832174E-008  -1.1769379532955095E-008
   2.7099101963075113E-008  -7.8785040019068114E-009
   1.9037986339463988E-008  -5.2719813777153066E-009
   1.3368152418037960E-008  -3.5266189902475824E-009
   9.3826696890007636E-009  -2.3583522845296634E-009
   6.5826897785156310E-009  -1.5766372590509656E-009
   4.6165412860744213E-009  -1.0537371618802908E-009
   3.2365204872961437E-009  -7.0406355454074711E-010
   2.2682867147444121E-009  -4.7029418346423442E-010
   1.5892165517800602E-009  -3.1405255754256815E-010
   1.1131135437679985E-009  -2.0965476063199737E-010
   7.7941922212184599E-010  -1.3991668563420130E-010
   5.4560763382466760E-010  -9.3344249011004825E-011
   3.8182855628027933E-010  -6.2251248544431023E-011
   2.6713734704191476E-010  -4.1499086455115756E-011
   1.8684322504079677E-010  -2.7653169898516174E-011
   1.3064528063957274E-010  -1.8418388267129374E-011
   9.1322885824587885E-011  -1.2261441017169175E-011
   6.3816035042819752E-011  -8.1582296234482438E-012
   4.4579781409873970E-011  -5.4249361196097118E-012
   3.1131245604560113E-011  -3.6050872595805104E-012
   2.1731860250953282E-011  -2.3940645487425253E-012
   1.5164545809631293E-011  -1.5886548396403471E-012
   1.0577501380326181E-011  -1.0533426562845759E-012
   7.3747247467813463E-012  -6.9779362601039554E-013
   5.1393022832272489E-012  -4.6181720700500703E-013
   3.5796729989685990E-012  -3.0532699168057405E-013
   2.4919949896307395E-012  -2.0163960268890755E-013
   1.7337951770583790E-012  -1.3300338601602162E-013
   1.2055236280383519E-012  -8.7615971541190561E-014
   8.3764421878291947E-013  -5.7635692926421246E-014
   5.8160207853940401E-013  -3.7856231042407300E-014
   4.0350511532103170E-013  -2.4823690514826628E-014
   2.7970521309962854E-013  -1.6248711050737973E-014
   1.9370876881084933E-013  -1.0615240795921512E-014
   1.3401725063255959E-013  -6.9203400729956685E-015
   9.2618253508991136E-014  -4.5012438147023074E-015
   6.3931426590098913E-014  -2.9205018075840824E-015
   4.4072394200541518E-014  -1.8897515945512495E-015
   3.0338918950165119E-014  -1.2191727483626645E-015
   2.0852341454160084E-014  -7.8400101361933686E-016
   1.4307474843114402E-014  -5.0236644608756897E-016
   9.7982252887838186E-015  -3.2064191797979927E-016
   6.6960673685490154E-015  -2.0376817007450583E-016
   4.5653964849680324E-015  -1.2887319037592097E-016
   3.1045998671780339E-015  -8.1070004068274810E-017
   2.1050560500509394E-015  -5.0693288083040245E-017
   1.4226263107374150E-015  -3.1485118932884408E-017
   9.5784555848029909E-016  -1.9405966132435840E-017
   6.4216816691055403E-016  -1.1856955156736508E-017
   4.2842558154380804E-016  -7.1722140600432776E-018
   2.8421169031318658E-016  -4.2882732441243776E-018
   1.8730194698041405E-016  -2.5293092941988818E-018
   1.2248413593354343E-016  -1.4680255038492942E-018
   7.9368135077466768E-017  -8.3580385004066875E-019
   5.0873990123381455E-017  -4.6487304449323361E-019
   3.2189457190382379E-017  -2.5122313348263531E-019
   2.0052062505158943E-017  -1.3092400544732560E-019
   1.2255118798576754E-017  -6.5075074944147300E-020
   7.3078869629690846E-018  -3.0292680469887770E-020
   4.2019128070113893E-018  -1.2750117381976565E-020
   2.2494599496953829E-018  -4.4585694520293165E-021
   9.6642801106905752E-019  -9.3220185405263900E-022
   0.0000000000000000        0.0000000000000000     
