 Initial conditions outputted from a previous simulation. Time =    89.400000000000006     
   40.000000000000000        0.0000000000000000              500           1   89.400000000000006     
  -2.1987977952838342E-002  0.12530773864820113     
  -2.5373742773536920E-002  0.11392884347735513     
  -2.8262254094952175E-002  0.10134997949780221     
  -3.0664294974778669E-002   8.7772995944661023E-002
  -3.2650338643107638E-002   7.3366818732616468E-002
  -3.4227364981469312E-002   5.8311712564016530E-002
  -3.5444374038763410E-002   4.2739368633064649E-002
  -3.6328541755440653E-002   2.6782476610811005E-002
  -3.6900824036686736E-002   1.0561605275290969E-002
  -3.7178028566080434E-002  -5.8106249097725441E-003
  -3.7169852690568876E-002  -2.2224365957928517E-002
  -3.6880698691705606E-002  -3.8570091940342006E-002
  -3.6311589796589147E-002  -5.4734608519669957E-002
  -3.5462398237320503E-002  -7.0595717642010405E-002
  -3.4336012426888746E-002  -8.6015010003971715E-002
  -3.2944529223199404E-002 -0.10082671469347027     
  -3.1316985798512838E-002 -0.11482013332143810     
  -2.9506931881993440E-002 -0.12771352281886580     
  -2.7595122617194427E-002 -0.13912009828955513     
  -2.5679649675617294E-002 -0.14851338396803784     
  -2.3847696031655079E-002 -0.15520905545267852     
  -2.2130339220860672E-002 -0.15838890611060899     
  -2.0449989401427216E-002 -0.15718614986369078     
  -1.8579895926367569E-002 -0.15082305344926447     
  -1.6137049458867892E-002 -0.13876612088748314     
  -1.2607379651295702E-002 -0.12086752232065227     
  -7.4081626602037313E-003  -9.7467738798928671E-002
  -7.1894487279734493E-005  -6.9401292087437477E-002
   9.3983497878450499E-003  -3.7813499324367214E-002
   2.0247476392462552E-002  -3.7815613636104396E-003
   3.1148164201611137E-002   3.2040276264925199E-002
   4.0789348722373109E-002   6.9440886147152339E-002
   4.8324450033312503E-002  0.10832147269190950     
   5.3353952084517237E-002  0.14835337429946591     
   5.5716824932526096E-002  0.18890151693117385     
   5.5448198277113211E-002  0.22916785212836666     
   5.2859216673077261E-002  0.26838156759074000     
   4.8504561454464482E-002  0.30594567415197932     
   4.2986803836383730E-002  0.34149793758175789     
   3.6749095548580697E-002  0.37485601302230048     
   3.0018211637198918E-002  0.40590129828723948     
   2.2908584998790261E-002  0.43449958824372653     
   1.5553277607443369E-002  0.46049104766676541     
   8.1527073136573557E-003  0.48374368804135010     
   9.4870296244272117E-004  0.50423107569956016     
  -5.8271940846725042E-003  0.52207078159684872     
  -1.2001669470981963E-002  0.53749947701786849     
  -1.7483499444775737E-002  0.55081887997280410     
  -2.2254518910689913E-002  0.56235085921911632     
  -2.6343143762610145E-002  0.57241067407783675     
  -2.9801861148999804E-002  0.58129305701531619     
  -3.2695173951630178E-002  0.58926529657144122     
  -3.5094055352873986E-002  0.59656098473847607     
  -3.7072153525746318E-002  0.60337099503314351     
  -3.8699724095131033E-002  0.60983444102193107     
  -4.0033839776200369E-002  0.61603516132876579     
  -4.1108111946730870E-002  0.62200774938452108     
  -4.1927155497281508E-002  0.62775377905499108     
  -4.2469024160317670E-002  0.63326475373123536     
  -4.2695689222826946E-002  0.63854519589413272     
  -4.2568950601361649E-002  0.64362929256674917     
  -4.2067260983825974E-002  0.64858728365803386     
  -4.1198438578276798E-002  0.65352135636729736     
  -4.0004253470112348E-002  0.65855372226982112     
  -3.8554794336507055E-002  0.66381110363325058     
  -3.6932988430224849E-002  0.66940997944753899     
  -3.5212741387571397E-002  0.67544617157997122     
  -3.3437587101561021E-002  0.68199113238122655     
  -3.1607698517874837E-002  0.68909561783887074     
  -2.9678930501634775E-002  0.69679937902058575     
  -2.7572316742958985E-002  0.70514358658105092     
  -2.5189127367680843E-002  0.71418194727496620     
  -2.2425715246064879E-002  0.72398889482206352     
  -1.9183877862689477E-002  0.73466892703631592     
  -1.5380145106483351E-002  0.74637139364597127     
  -1.0954711499654534E-002  0.75930653549444083     
  -5.8815997717095144E-003  0.77375610901108383     
  -1.8671697892651097E-004  0.79007285509643232     
   6.0422689981231110E-003  0.80866191444929247     
   1.2657337019621248E-002  0.82994326123649165     
   1.9453570499646983E-002  0.85429966390067469     
   2.6200064089358901E-002  0.88202185911564734     
   3.2673769882841631E-002  0.91326615787464283     
   3.8647496414654044E-002  0.94802701796783395     
   4.3849309637205923E-002  0.98611068025496451     
   4.7960412692219886E-002   1.0270980870213506     
   5.0620129270966714E-002   1.0703326599098537     
   5.1487571473075429E-002   1.1149420062838293     
   5.0327547985998228E-002   1.1598520537303327     
   4.7087293539613238E-002   1.2039025151553173     
   4.1956018898216575E-002   1.2460518588303469     
   3.5310722070014310E-002   1.2855337554952966     
   2.7642845989731286E-002   1.3218935333031503     
   1.9526032102648853E-002   1.3549400268370153     
   1.1465198114827638E-002   1.3846980104942017     
   3.7812170687592851E-003   1.4113643724440450     
  -3.3313530507315739E-003   1.4352213519186792     
  -9.7679601213536745E-003   1.4565855998299015     
  -1.5466503171574541E-002   1.4758252322282761     
  -2.0355143294092846E-002   1.4933357371167157     
  -2.4401811628403013E-002   1.5094419340815501     
  -2.7687183892404908E-002   1.5242159626049583     
  -3.0465526822252908E-002   1.5373110423623213     
  -3.3116876160570054E-002   1.5480158294205240     
  -3.5971081160855345E-002   1.5557555918433137     
  -3.9087174813259976E-002   1.5609721308360855     
  -4.2044539968358843E-002   1.5659911781385465     
  -4.3828568050173766E-002   1.5753442644272198     
  -4.3216845897610295E-002   1.5948831046587257     
  -3.9422470892961185E-002   1.6291953007683575     
  -3.2898682422503080E-002   1.6772471524330852     
  -2.5867292563742317E-002   1.7269436664811177     
  -2.1666865991610051E-002   1.7536599025850386     
  -2.2591865804251151E-002   1.7329041315895590     
  -2.8016768164732243E-002   1.6598774460659393     
  -3.5056073115887529E-002   1.5520580360272156     
  -4.0954034443212724E-002   1.4331749386466601     
  -4.4453256285440716E-002   1.3200665043636157     
  -4.5578302518531656E-002   1.2204176867594170     
  -4.4995296388603320E-002   1.1353833176018113     
  -4.3404431907388873E-002   1.0626719085261107     
  -4.1283525855105620E-002  0.99874150696452901     
  -3.8903416257224960E-002  0.93997022452380086     
  -3.6383411756773655E-002  0.88324544813881689     
  -3.3719008634133574E-002  0.82618057433234460     
  -3.0859408855125562E-002  0.76714523916881916     
  -2.7771167915798887E-002  0.70522257433558599     
  -2.4447770714231598E-002  0.64011805063756788     
  -2.0883876629149430E-002  0.57208494827937750     
  -1.7047436167476813E-002  0.50187429263174621     
  -1.2903826145715168E-002  0.43065746937338578     
  -8.4304940536236907E-003  0.35992693014363364     
  -3.6454775089938530E-003  0.29136074212301455     
   1.4170969932785678E-003  0.22662257206001699     
   6.7330549975122200E-003  0.16723786777823757     
   1.2285118747552913E-002  0.11448959728211144     
   1.7927254900494960E-002   6.9361153428119479E-002
   2.3357756835904089E-002   3.2469410033184029E-002
   2.8059559933838844E-002   3.9570047274174692E-003
   3.1494293459136423E-002  -1.6612556173270808E-002
   3.3277985672458113E-002  -3.0335985102565396E-002
   3.3305793977618056E-002  -3.8949558433744598E-002
   3.1709728237873352E-002  -4.4617709728626199E-002
   2.8764587988562622E-002  -4.9683442849611535E-002
   2.4753654165467483E-002  -5.6358384284547244E-002
   1.9965848775302830E-002  -6.6518656580124472E-002
   1.4552411308972089E-002  -8.1637052160225751E-002
   8.6915259179190327E-003 -0.10281489498126506     
   2.5886886104963805E-003 -0.13085529401368781     
  -3.5784208008542038E-003 -0.16624199266584128     
  -9.6161409705645823E-003 -0.20907185024979444     
  -1.5317688334132102E-002 -0.25903071741319683     
  -2.0555699089428503E-002 -0.31538512779357936     
  -2.5279735477520753E-002 -0.37706976731780339     
  -2.9496313258920801E-002 -0.44280838388972615     
  -3.3167047587362539E-002 -0.51121034569755885     
  -3.6286706387933410E-002 -0.58085448911126203     
  -3.8874306432387803E-002 -0.65034063346723536     
  -4.0953247541748172E-002 -0.71837343514414087     
  -4.2617551655071605E-002 -0.78383575782032833     
  -4.3963058399934099E-002 -0.84586645693203177     
  -4.5027739294984381E-002 -0.90393411315558214     
  -4.5840817732136614E-002 -0.95785467370332877     
  -4.6458109956398853E-002  -1.0077885489912006     
  -4.6952966186826671E-002  -1.0542003602097514     
  -4.7373059703152580E-002  -1.0977930088217600     
  -4.7719075563721992E-002  -1.1394329243489365     
  -4.7949674340753055E-002  -1.1800574701280306     
  -4.7989049646103010E-002  -1.2205859908963153     
  -4.7772037041501951E-002  -1.2618359595644875     
  -4.7296850290420481E-002  -1.3044563962485758     
  -4.6621836206949457E-002  -1.3489049183478414     
  -4.5788287976906518E-002  -1.3954603569454760     
  -4.4798850926971563E-002  -1.4442473572606374     
  -4.3624885941844778E-002  -1.4952542099955510     
  -4.2218981871600850E-002  -1.5483137012656227     
  -4.0534210245682642E-002  -1.6030622000019146     
  -3.8550179460492884E-002  -1.6589023040335802     
  -3.6270736797227310E-002  -1.7150030233066269     
  -3.3690261242285045E-002  -1.7703698432377963     
  -3.0766594011787132E-002  -1.8239595178853105     
  -2.7416068039553453E-002  -1.8748030345555471     
  -2.3528669557167533E-002  -1.9221049022044792     
  -1.9025975703664898E-002  -1.9653067723692681     
  -1.3882337283752492E-002  -2.0040970366346800     
  -8.0849228667042479E-003  -2.0383703426107251     
  -1.7193382813279244E-003  -2.0680991860681424     
   5.1547126747830156E-003  -2.0932273576010600     
   1.2510539104251995E-002  -2.1136200340251099     
   2.0255497616457591E-002  -2.1291096858967902     
   2.8074797719579232E-002  -2.1396916877896830     
   3.5332375785846387E-002  -2.1457782774678513     
   4.1312101402993837E-002  -2.1483430478326886     
   4.5367046757345937E-002  -2.1488268590429884     
   4.6973846767361167E-002  -2.1488355660162006     
   4.5987917455545473E-002  -2.1498637477673452     
   4.2589312689936189E-002  -2.1531709786630069     
   3.7026080964281713E-002  -2.1597724706689210     
   2.9663364684154338E-002  -2.1704581765947935     
   2.1025769490231917E-002  -2.1857244473706463     
   1.1812492191328856E-002  -2.2056508618951027     
   2.6211376733182769E-003  -2.2298271134377496     
  -6.0637535701898830E-003  -2.2574626309112569     
  -1.3902690679778285E-002  -2.2875903722533328     
  -2.0792445713023511E-002  -2.3192559094575751     
  -2.6778946221428675E-002  -2.3516296008899102     
  -3.1853649920556192E-002  -2.3840865223523191     
  -3.6060003910121985E-002  -2.4162368953401305     
  -3.9463580207486214E-002  -2.4479256784796419     
  -4.2157103312623324E-002  -2.4791998211762611     
  -4.4198357973186685E-002  -2.5102739980956046     
  -4.5614727327085096E-002  -2.5414494338260121     
  -4.6400239081017890E-002  -2.5730676299574289     
  -4.6595030695556004E-002  -2.6054719664661294     
  -4.6314858603281196E-002  -2.6389691507523243     
  -4.5741061657991341E-002  -2.6738117035356810     
  -4.5090034609684547E-002  -2.7101914975361057     
  -4.4519040262216522E-002  -2.7482504712383786     
  -4.4057720098225166E-002  -2.7880868409764652     
  -4.3612321908043664E-002  -2.8297318786868995     
  -4.3064979457258630E-002  -2.8731000309636707     
  -4.2385544737414148E-002  -2.9179024584799920     
  -4.1647077899879363E-002  -2.9635685802810223     
  -4.0908778342564692E-002  -3.0092245682146284     
  -4.0146493517146761E-002  -3.0537391143288235     
  -3.9305475437668651E-002  -3.0958060999482986     
  -3.8389609725131099E-002  -3.1340609403646678     
  -3.7454578657690800E-002  -3.1671624861108270     
  -3.6532120362148826E-002  -3.1938334448682237     
  -3.5582602428659502E-002  -3.2129138695648565     
  -3.4459544412635837E-002  -3.2234270399986640     
  -3.2991527367176934E-002  -3.2246742508529107     
  -3.1092275202935771E-002  -3.2163572382799730     
  -2.8703308751481749E-002  -3.1986548864711368     
  -2.5712690345279270E-002  -3.1722467041561306     
  -2.1978371220038522E-002  -3.1382168650290510     
  -1.7424936659119171E-002  -3.0978736999356475     
  -1.2030519645570201E-002  -3.0525726595865126     
  -5.8040283091927705E-003  -3.0035179806822412     
   1.3301930169876376E-003  -2.9516576603019997     
   9.4783749251435394E-003  -2.8976807986803315     
   1.8656460969727017E-002  -2.8420324451070966     
   2.8702022260110524E-002  -2.7850240550411560     
   3.9237906631099974E-002  -2.7269224515199393     
   4.9504088335994796E-002  -2.6680337997249022     
   5.8357516372909535E-002  -2.6088968302885212     
   6.4444994227074004E-002  -2.5504289435574847     
   6.6717511225889647E-002  -2.4939984661906887     
   6.4809904656898593E-002  -2.4412561853068260     
   5.9265562709454683E-002  -2.3936671143088466     
   5.1324258215162781E-002  -2.3520370388556278     
   4.2347822605235987E-002  -2.3162689049742591     
   3.3381152464294940E-002  -2.2855159857415850     
   2.5071483517290098E-002  -2.2586461257630694     
   1.7670180641685945E-002  -2.2346709455257687     
   1.1198429346865473E-002  -2.2129854538816529     
   5.5250981002250826E-003  -2.1933418418148483     
   4.9353797806617357E-004  -2.1756794092980014     
  -3.9922795018930398E-003  -2.1599737590808932     
  -7.9764150416761406E-003  -2.1461266598064910     
  -1.1454973874791649E-002  -2.1339430095985206     
  -1.4419559371704572E-002  -2.1231617298303846     
  -1.6877683225073645E-002  -2.1134993370964734     
  -1.8853491951981747E-002  -2.1046998283487879     
  -2.0403254570769899E-002  -2.0965528465495309     
  -2.1610368965039446E-002  -2.0889006787021294     
  -2.2577544768113141E-002  -2.0816315647779238     
  -2.3415641454561254E-002  -2.0746733610592014     
  -2.4213250317446998E-002  -2.0679941405314177     
  -2.5031622764782359E-002  -2.0615965259216473     
  -2.5893091530717498E-002  -2.0555064827094101     
  -2.6783815664639554E-002  -2.0497534489143709     
  -2.7655048291417093E-002  -2.0443489931320897     
  -2.8436430378582542E-002  -2.0392707552340141     
  -2.9038363002929054E-002  -2.0344551021955555     
  -2.9371238002142381E-002  -2.0297972699108362     
  -2.9356815858038308E-002  -2.0251587245482909     
  -2.8936869149315977E-002  -2.0203779949085052     
  -2.8084264082420304E-002  -2.0152810897912290     
  -2.6781960161520429E-002  -2.0096916610400215     
  -2.5028782524624718E-002  -2.0034359731201263     
  -2.2821876858747300E-002  -1.9963422782835549     
  -2.0159880512077229E-002  -1.9882415369438737     
  -1.7036820032698814E-002  -1.9789582670475989     
  -1.3455608226321298E-002  -1.9683099209972770     
  -9.3949957446691490E-003  -1.9561103051028881     
  -4.8322034061616505E-003  -1.9421674848305985     
   2.7109410224075258E-004  -1.9262846156959728     
   5.9380917912513721E-003  -1.9082616675905040     
   1.2163489734574498E-002  -1.8878856070287480     
   1.8886750817917144E-002  -1.8649241622692196     
   2.5995959790404331E-002  -1.8391201657572496     
   3.3296214697404625E-002  -1.8102148080363270     
   4.0463845031066634E-002  -1.7780310279391303     
   4.7035315834450399E-002  -1.7425990722359752     
   5.2484514056055802E-002  -1.7042579545746250     
   5.6367925764110920E-002  -1.6636736211403285     
   5.8443467317236604E-002  -1.6217521300832365     
   5.8697325437529035E-002  -1.5794767462209334     
   5.7290473818664027E-002  -1.5377432866785379     
   5.4470768278631204E-002  -1.4972675664179556     
   5.0495154943360453E-002  -1.4585827780253200     
   4.5594819193712638E-002  -1.4220821535861514     
   3.9983954002642937E-002  -1.3880518034546780     
   3.3874637695070042E-002  -1.3566786756426716     
   2.7468146466931374E-002  -1.3280555480537291     
   2.0938487756451511E-002  -1.3022000611500486     
   1.4437963444371545E-002  -1.2790755877833504     
   8.1191451005698540E-003  -1.2585930800735992     
   2.1411063225657188E-003  -1.2405966982934808     
  -3.3537379031385404E-003  -1.2248579857542892     
  -8.2733216072020735E-003  -1.2110955650499662     
  -1.2593906058599886E-002  -1.1990136098652695     
  -1.6352680543537196E-002  -1.1883403322610098     
  -1.9622610875152571E-002  -1.1788524615247877     
  -2.2482899572654296E-002  -1.1703812624624104     
  -2.4995904050986874E-002  -1.1628026153623712     
  -2.7196502888546276E-002  -1.1560180793298809     
  -2.9094460904323834E-002  -1.1499357621061137     
  -3.0685031836309804E-002  -1.1444580400872117     
  -3.1960307440974035E-002  -1.1394782939990540     
  -3.2915488284558550E-002  -1.1348837805512082     
  -3.3548926505308573E-002  -1.1305595254364937     
  -3.3859134376889692E-002  -1.1263895317851134     
  -3.3843415639925670E-002  -1.1222551388288762     
  -3.3500863314448175E-002  -1.1180335039184015     
  -3.2838581879236106E-002  -1.1135998864370404     
  -3.1876643639966423E-002  -1.1088351864346158     
  -3.0646742723480884E-002  -1.1036363150080517     
  -2.9182372801962821E-002  -1.0979238006757805     
  -2.7503148199943081E-002  -1.0916406832360301     
  -2.5599928251969408E-002  -1.0847399350913132     
  -2.3428210684892477E-002  -1.0771631394085510     
  -2.0913850873028311E-002  -1.0688179534156603     
  -1.7969201764872468E-002  -1.0595627998779777     
  -1.4513161013191606E-002  -1.0492035752823419     
  -1.0488107340539995E-002  -1.0375017368119692     
  -5.8693881360856338E-003  -1.0241893010903771     
  -6.6705452212748961E-004  -1.0089852883377799     
   5.0759152689118549E-003 -0.99161011537976984     
   1.1282900025121313E-002 -0.97179826679516290     
   1.7838551803639097E-002 -0.94931207499548609     
   2.4583851110356804E-002 -0.92396013208207139     
   3.1317909595024528E-002 -0.89562103272171267     
   3.7808696095288273E-002 -0.86426712536732475     
   4.3806147231470235E-002 -0.82998082771163484     
   4.9045369417390211E-002 -0.79296438473584308     
   5.3235585837408943E-002 -0.75355762812002258     
   5.6053810900734337E-002 -0.71227855813688201     
   5.7180199341857675E-002 -0.66987240036936813     
   5.6392870085863432E-002 -0.62731243715309382     
   5.3682101479985866E-002 -0.58569395674762315     
   4.9300752294083448E-002 -0.54603467639680270     
   4.3700305209826935E-002 -0.50908448306389120     
   3.7391545868783203E-002 -0.47525016829862904     
   3.0821522067313468E-002 -0.44464631928804554     
   2.4322604411736518E-002 -0.41719970466060019     
   1.8120851088956374E-002 -0.39273764283579526     
   1.2364001748023344E-002 -0.37104023859897689     
   7.1452555049451106E-003 -0.35186667305123959     
   2.5182477168384865E-003 -0.33496881152567476     
  -1.4936707151649844E-003 -0.32010017156868126     
  -4.8892414043815681E-003 -0.30702272252871132     
  -7.6799228194237819E-003 -0.29551022995565918     
  -9.8812200407328351E-003 -0.28534703675200884     
  -1.1508097095117329E-002 -0.27632375564088546     
  -1.2575909942700957E-002 -0.26823315813395504     
  -1.3105514195165847E-002 -0.26086939675789522     
  -1.3129351876122908E-002 -0.25403201863615793     
  -1.2695052441378120E-002 -0.24753394604088433     
  -1.1864422329656548E-002 -0.24121079633670553     
  -1.0707829318646663E-002 -0.23492832067945105     
  -9.2958522311145843E-003 -0.22858542342402335     
  -7.6910232011288288E-003 -0.22211180981465745     
  -5.9422694461247509E-003 -0.21546119762561503     
  -4.0833467212708172E-003 -0.20860243843255694     
  -2.1347739961392535E-003 -0.20151114910718551     
  -1.0753207175790231E-004 -0.19416348013605927     
   1.9931705591255356E-003 -0.18653217174465778     
   4.1645571080902079E-003 -0.17858416654393847     
   6.4025654773625720E-003 -0.17027937944573260     
   8.6968337658898786E-003 -0.16157130256356009     
   1.1024720548375742E-002 -0.15241067410087300     
   1.3345880120430266E-002 -0.14275269217318295     
   1.5598330297830806E-002 -0.13256712484079280     
   1.7695252479469809E-002 -0.12185102276527304     
   1.9522445887704937E-002 -0.11064547034295756     
   2.0941418253337528E-002  -9.9057037841825291E-002
   2.1807573098817645E-002  -8.7277465191067105E-002
   2.2007427441509516E-002  -7.5585546591072375E-002
   2.1502015943683350E-002  -6.4315855623106891E-002
   2.0350563108168716E-002  -5.3797382530813405E-002
   1.8696746934881325E-002  -4.4288503566352326E-002
   1.6725661215985569E-002  -3.5939012781329181E-002
   1.4617737979062378E-002  -2.8789755441822745E-002
   1.2520078288871783E-002  -2.2797121313631586E-002
   1.0537421849456108E-002  -1.7863648823751997E-002
   8.7346742422302927E-003  -1.3864125558567000E-002
   7.1441304733784730E-003  -1.0664694783780401E-002
   5.7741330019238845E-003  -8.1353764327233482E-003
   4.6171903013453464E-003  -6.1571313259152112E-003
   3.6563577042942005E-003  -4.6250916033375019E-003
   2.8698094538062769E-003  -3.4494745714196205E-003
   2.2340236037388292E-003  -2.5551362110760624E-003
   1.7258758797410855E-003  -1.8803357438767355E-003
   1.3238725284839029E-003  -1.3751317127072222E-003
   1.0087904619266366E-003  -9.9968900816991982E-004
   7.6393730921599538E-004  -7.2263832799110970E-004
   5.7515675721347189E-004  -5.1956259135890292E-004
   4.3067143831888025E-004  -3.7165770338511638E-004
   3.2084029981488101E-004  -2.6458608799332631E-004
   2.3788157877261985E-004  -1.8751774136236866E-004
   1.7559161176723817E-004  -1.3234373688707712E-004
   1.2907902585754366E-004  -9.3042939868647639E-005
   9.4525661752968375E-005  -6.5179809527590016E-005
   6.8978511236183123E-005  -4.5511228448959936E-005
   5.0172975373840763E-005  -3.1682521499512931E-005
   3.6385876130706556E-005  -2.1995252004893700E-005
   2.6315418174802845E-005  -1.5231765702481584E-005
   1.8984625611993220E-005  -1.0523958701828930E-005
   1.3664704484071498E-005  -7.2560845014656948E-006
   9.8149784918833995E-006  -4.9934202125908321E-006
   7.0363346054602192E-006  -3.4303370012229457E-006
   5.0354914364056197E-006  -2.3527793474256458E-006
   3.5978184508823486E-006  -1.6113405435233526E-006
   2.5668259183728952E-006  -1.1020593375160345E-006
   1.8287978711842127E-006  -7.5279778976350008E-007
   1.3013510866011274E-006  -5.1362551303247096E-007
   9.2496555610415840E-007  -3.5006157184184893E-007
   6.5674637387715924E-007  -2.3834311014869958E-007
   4.6584975131731850E-007  -1.6212434373976671E-007
   3.3014275053456761E-007  -1.1018063921707804E-007
   2.3377279469286689E-007  -7.4816068153127127E-008
   1.6540487106283589E-007  -5.0761629223266661E-008
   1.1694671529012163E-007  -3.4414662768621095E-008
   8.2629311814334413E-008  -2.3314863418098259E-008
   5.8345244248633924E-008  -1.5783953153175982E-008
   4.1173605414716495E-008  -1.0678311978957144E-008
   2.9039526257078349E-008  -7.2194154010901770E-009
   2.0470608690414219E-008  -4.8777684463667520E-009
   1.4422961082776995E-008  -3.2935607142884257E-009
   1.0157128221783061E-008  -2.2224894313918480E-009
   7.1497239277366729E-009  -1.4988082672831994E-009
   5.0305694693947795E-009  -1.0101509095577491E-009
   3.5380261566166145E-009  -6.8039384317955924E-010
   2.4872888850474304E-009  -4.5800186580014711E-010
   1.7479011931281041E-009  -3.0810900125017253E-010
   1.2278238205017651E-009  -2.0714191566816348E-010
   8.6215581803338496E-010  -1.3917233797640520E-010
   6.0515548900365224E-010  -9.3444277979922831E-011
   4.2459967034660402E-010  -6.2698839737856618E-011
   2.9779866403457062E-010  -4.2040128355318806E-011
   2.0878255698307503E-010  -2.8167972056643736E-011
   1.4631572863012650E-010  -1.8859141603543809E-011
   1.0249651706786291E-010  -1.2616801144298773E-011
   7.1770079882781769E-011  -8.4337777856104436E-012
   5.0232856505520347E-011  -5.6327885199305911E-012
   3.5142711583488010E-011  -3.7586695842304934E-012
   2.4574083045199508E-011  -2.5057246475993747E-012
   1.7175310102420130E-011  -1.6687760194632809E-012
   1.1997931978465732E-011  -1.1102047280745426E-012
   8.3766579738294926E-012  -7.3776973796798879E-013
   5.8449985185283717E-012  -4.8968995050013779E-013
   4.0759836395129810E-012  -3.2461693790343335E-013
   2.8405237586374638E-012  -2.1489918417638583E-013
   1.9781726778953726E-012  -1.4206024616636119E-013
   1.3766059512646608E-012  -9.3765147469865520E-014
   9.5722168625520667E-013  -6.1786577625695477E-014
   6.6504078142594330E-013  -4.0642347280630203E-014
   4.6162538104215338E-013  -2.6683224483292740E-014
   3.2011540136626182E-013  -1.7482753032755630E-014
   2.2175092723710181E-013  -1.1429409606798685E-014
   1.5343661233108629E-013  -7.4542363608550859E-015
   1.0603655012907801E-013  -4.8491115867068640E-015
   7.3181036160832229E-014  -3.1456119116503612E-015
   5.0431912909977796E-014  -2.0343456950762257E-015
   3.4699006089322356E-014  -1.3112943982290395E-015
   2.3832312233102403E-014  -8.4216035410859053E-016
   1.6337151441030156E-014  -5.3870747445027833E-016
   1.1175315182615109E-014  -3.4308117375812347E-016
   7.6263263822098440E-015  -2.1743103754105489E-016
   5.1906986314897764E-015  -1.3705325339868781E-016
   3.5225240872465764E-015  -8.5866295179506339E-017
   2.3825308484808936E-015  -5.3431170703267893E-017
   1.6054183558451359E-015  -3.2992611241333154E-017
   1.0771459287304930E-015  -2.0194010739244143E-017
   7.1915499373200968E-016  -1.2236223834799430E-017
   4.7741813541190896E-016  -7.3282274770525113E-018
   3.1484573627072511E-016  -4.3293129107413904E-018
   2.0602627248820419E-016  -2.5166911069059430E-018
   1.3358714053452208E-016  -1.4350233372057684E-018
   8.5679696412973609E-017  -7.9933009379886060E-019
   5.4243318942613377E-017  -4.3258049220373341E-019
   3.3808596437840170E-017  -2.2574544283742060E-019
   2.0672992238062153E-017  -1.1235214636593111E-019
   1.2333154013786046E-017  -5.2365259569122991E-020
   7.0941694102732680E-018  -2.2065988317676986E-020
   3.7991007180774193E-018  -7.7244092142359044E-021
   1.6327199317914433E-018  -1.6167754589802262E-021
   0.0000000000000000        0.0000000000000000     
