 Initial conditions outputted from a previous simulation. Time =    76.200000000000003     
   40.000000000000000        0.0000000000000000              500           1   76.200000000000003     
   4.0184711835843975E-002 -0.11224084890410180     
   4.7710631811435998E-002  -9.5006138114498706E-002
   5.4234273509736662E-002  -7.4184305911023499E-002
   5.9135926776007111E-002  -5.0307408914657854E-002
   6.1985390038210575E-002  -2.4341139430879944E-002
   6.2436223111435096E-002   2.5708681648756847E-003
   6.0450985423258205E-002   2.9049255540355777E-002
   5.6240661411246624E-002   5.3815652106610337E-002
   5.0220168856705848E-002   7.5835893491363340E-002
   4.2914122744183214E-002   9.4415188498940775E-002
   3.4854805915553289E-002  0.10920432025729304     
   2.6511892790697086E-002  0.12013579844272436     
   1.8256604987475271E-002  0.12734019652584477     
   1.0352288751633560E-002  0.13107079354366685     
   2.9603012738203846E-003  0.13164727535501608     
  -3.8491556014351226E-003  0.12942139109282957     
  -1.0088012128629106E-002  0.12476445524373202     
  -1.5843558932784274E-002  0.11807757631744986     
  -2.1263372482761014E-002  0.10982330391222730     
  -2.6513595383643715E-002  0.10056196022651698     
  -3.1704632499336582E-002   9.0954142597804502E-002
  -3.6811806294105687E-002   8.1693844865128054E-002
  -4.1643728677055167E-002   7.3383177038163744E-002
  -4.5893892423550464E-002   6.6414944230520218E-002
  -4.9252149367563398E-002   6.0932408313299997E-002
  -5.1502581938875379E-002   5.6874954337687605E-002
  -5.2552574508419166E-002   5.4054754045100378E-002
  -5.2413527637299444E-002   5.2209218213579225E-002
  -5.1193116810665684E-002   5.1029861107222310E-002
  -4.9110025971761319E-002   5.0205989182012419E-002
  -4.6481974839300007E-002   4.9494759177180644E-002
  -4.3657841738802661E-002   4.8780151065625645E-002
  -4.0928872659221092E-002   4.8082001732124423E-002
  -3.8470845690857403E-002   4.7520794451553466E-002
  -3.6332512281997027E-002   4.7272251531002729E-002
  -3.4451183990124472E-002   4.7532583252711147E-002
  -3.2672685696700239E-002   4.8496774132099817E-002
  -3.0776806764249008E-002   5.0349072629344974E-002
  -2.8527401998379730E-002   5.3257695036513522E-002
  -2.5734254352513575E-002   5.7364649979950555E-002
  -2.2277282453109653E-002   6.2784414894850288E-002
  -1.8086837524915814E-002   6.9619497843624339E-002
  -1.3130190368634378E-002   7.7973781974111672E-002
  -7.4251061695374421E-003   8.7966276732336507E-002
  -1.0526615772243335E-003   9.9748758489394629E-002
   5.8464222820868630E-003  0.11351539916406138     
   1.3085012143838712E-002  0.12950074985726023     
   2.0450002290574681E-002  0.14797325656491059     
   2.7727019071879317E-002  0.16922330438069400     
   3.4712687282911880E-002  0.19353252531642509     
   4.1201626125070070E-002  0.22111043508945988     
   4.6959641164667207E-002  0.25199736209858042     
   5.1708382172558534E-002  0.28595535392123789     
   5.5136321961948634E-002  0.32238950075375533     
   5.6934941606682797E-002  0.36034433688720408     
   5.6854856941965896E-002  0.39859889422477429     
   5.4775641442577974E-002  0.43585064516782540     
   5.0768270142224653E-002  0.47094332746317275     
   4.5110211159102333E-002  0.50306243866963296     
   3.8225906569175121E-002  0.53181784426820744     
   3.0577871182232336E-002  0.55718413885307871     
   2.2574246765532158E-002  0.57935241058289744     
   1.4536990901359030E-002  0.59858687098527097     
   6.7172468667003916E-003  0.61514397850058533     
  -6.8265581635600461E-004  0.62925099913282900     
  -7.5025204777697972E-003  0.64111298374797909     
  -1.3629100475081535E-002  0.65092412509845277     
  -1.9001357573292278E-002  0.65887490984823838     
  -2.3609693473432867E-002  0.66515560130543716     
  -2.7487862653923324E-002  0.66995870947467484     
  -3.0700351788964238E-002  0.67348128919649686     
  -3.3329328293023805E-002  0.67592554091723611     
  -3.5463760554958743E-002  0.67749558480937133     
  -3.7191230157717525E-002  0.67838946440323455     
  -3.8591284563547365E-002  0.67878792433074675     
  -3.9729848696697531E-002  0.67884427111111667     
  -4.0653681740665852E-002  0.67867962554551242     
  -4.1384990632015409E-002  0.67838468231732829     
  -4.1919226745724736E-002  0.67802605866330845     
  -4.2229281025215254E-002  0.67765434118675072     
  -4.2276345034842649E-002  0.67731119289336283     
  -4.2021857714394678E-002  0.67703391268131619     
  -4.1439528095710866E-002  0.67685752345064365     
  -4.0522041328373982E-002  0.67681563279921075     
  -3.9275610019304380E-002  0.67694334049699745     
  -3.7714525157780877E-002  0.67728390975155206     
  -3.5854462003507552E-002  0.67789410740473721     
  -3.3703082592605689E-002  0.67884717900012592     
  -3.1254189821775420E-002  0.68023940253931647     
  -2.8491219272458193E-002  0.68219713227391665     
  -2.5385143227931718E-002  0.68487881795579397     
  -2.1877523025482241E-002  0.68848074387773983     
  -1.7913770998409701E-002  0.69324566095256701     
  -1.3425025948752856E-002  0.69945938248042028     
  -8.3518070241027954E-003  0.70745072156238509     
  -2.6955263155887081E-003  0.71758340683211708     
   3.5089296789085774E-003  0.73021523305540814     
   1.0194663811259769E-002  0.74566563240479089     
   1.7228690727575054E-002  0.76420763942442183     
   2.4433391357267464E-002  0.78605853044776919     
   3.1574361872436701E-002  0.81133160813567295     
   3.8283687956323288E-002  0.83995456786750256     
   4.4141718323264197E-002  0.87155758272359796     
   4.8627308267660915E-002  0.90545554613613877     
   5.1199834494334628E-002  0.94085290730104221     
   5.1591008079648282E-002  0.97716672595179099     
   4.9907581231478142E-002   1.0144799242767752     
   4.6604211722985123E-002   1.0536690550122436     
   4.2360175638419990E-002   1.0959830947264657     
   3.7734179198725668E-002   1.1418187722078432     
   3.2879365984333019E-002   1.1890121356178154     
   2.7478283872233941E-002   1.2317447221256712     
   2.0950458504296176E-002   1.2614037955395356     
   1.3045100394208713E-002   1.2698047371561496     
   4.0881012311009901E-003   1.2534046811326711     
  -5.1503345912677070E-003   1.2150268263419317     
  -1.3817969395518022E-002   1.1617246654927693     
  -2.1303495943240856E-002   1.1011369775103084     
  -2.7321378531175153E-002   1.0389047261653050     
  -3.1917765445021902E-002  0.97791135213107439     
  -3.5384012643147403E-002  0.91871777961439871     
  -3.8075844524962411E-002  0.86042389948234610     
  -4.0278003361020928E-002  0.80146446069782074     
  -4.2142452474182863E-002  0.74021815449023998     
  -4.3711826580227299E-002  0.67540849220469490     
  -4.4994803374922697E-002  0.60634637802595293     
  -4.5977929242837612E-002  0.53299896022900273     
  -4.6662302623956944E-002  0.45592964318114487     
  -4.7047143181553501E-002  0.37614049888533962     
  -4.7123281301585156E-002  0.29487135540735870     
  -4.6908307975256365E-002  0.21339760043636216     
  -4.6438189263690623E-002  0.13289718605367989     
  -4.5752070798878691E-002   5.4389249463619393E-002
  -4.4861989997159242E-002  -2.1281810522419904E-002
  -4.3748980842046710E-002  -9.3420958607936269E-002
  -4.2395128623622748E-002 -0.16143670349122580     
  -4.0791200708949892E-002 -0.22482314571773804     
  -3.8958681144810846E-002 -0.28317473040596963     
  -3.6960907055484202E-002 -0.33624232454748965     
  -3.4842648248527369E-002 -0.38400614707984132     
  -3.2562799993381610E-002 -0.42673462005859469     
  -3.0027175788830039E-002 -0.46499551491799612     
  -2.7159442234413814E-002 -0.49961512408393899     
  -2.3922574397991451E-002 -0.53160050542124959     
  -2.0309203613624101E-002 -0.56201795522818354     
  -1.6319950165059955E-002 -0.59185817355307957     
  -1.1958796883336179E-002 -0.62189826272318693     
  -7.2354349416888465E-003 -0.65258400053396348     
  -2.2075645374779484E-003 -0.68398066317309725     
   3.0155784606537336E-003 -0.71579906826201212     
   8.3429850974554680E-003 -0.74746525430746458     
   1.3754011697808344E-002 -0.77822286430197274     
   1.9221975033716858E-002 -0.80720746297359647     
   2.4638705677342845E-002 -0.83354460080244863     
   2.9731042794652034E-002 -0.85651839378752415     
   3.4090575300821054E-002 -0.87572209872226581     
   3.7234857723983314E-002 -0.89111019368862276     
   3.8744430441929337E-002 -0.90295802110583079     
   3.8344216276213976E-002 -0.91174726036887332     
   3.5965036704692928E-002 -0.91810259703239039     
   3.1754135847993394E-002 -0.92282278671864693     
   2.6098002125139082E-002 -0.92690511884058724     
   1.9449339988343372E-002 -0.93147329483083496     
   1.2252572876662000E-002 -0.93759394735318569     
   4.9117312341471929E-003 -0.94610551146020083     
  -2.1875837960656772E-003 -0.95758933251856704     
  -8.7282483006130493E-003 -0.97246748216885726     
  -1.4472491836838432E-002 -0.99111834516938990     
  -1.9354856457465649E-002  -1.0139392743954501     
  -2.3463486155858779E-002  -1.0413296358487545     
  -2.6967483674271590E-002  -1.0736073028479687     
  -2.9970129152676009E-002  -1.1109113432283333     
  -3.2517167844992936E-002  -1.1531409708190086     
  -3.4636131142944122E-002  -1.1999248093885737     
  -3.6388046359131600E-002  -1.2506336213233895     
  -3.7829477423455722E-002  -1.3044514708289565     
  -3.8993295170842532E-002  -1.3604524520975825     
  -3.9894481248674063E-002  -1.4176566035899905     
  -4.0597900072783223E-002  -1.4750786182200897     
  -4.1179600322951933E-002  -1.5317760127188589     
  -4.1681072066509429E-002  -1.5868858745387657     
  -4.2096481686515405E-002  -1.6396570114455389     
  -4.2388740231497538E-002  -1.6894819558798766     
  -4.2518358657980385E-002  -1.7359273896014360     
  -4.2504343525383910E-002  -1.7787724860044445     
  -4.2393402902788049E-002  -1.8180575646627526     
  -4.2182084183197695E-002  -1.8541165802685866     
  -4.1828836823882054E-002  -1.8875716047631355     
  -4.1308827369252704E-002  -1.9192602138810744     
  -4.0618152476084413E-002  -1.9501044961903267     
  -3.9751404907510779E-002  -1.9809568710047480     
  -3.8687037718225611E-002  -2.0124522576012760     
  -3.7400596475162327E-002  -2.0449381976313563     
  -3.5819567339465397E-002  -2.0784821202924104     
  -3.3806581240527198E-002  -2.1129232915311316     
  -3.1218901611750689E-002  -2.1479412995954021     
  -2.7939880251764991E-002  -2.1830949339151684     
  -2.3909846457757889E-002  -2.2178293086238448     
  -1.9138727284066487E-002  -2.2514592805474942     
  -1.3706787105498122E-002  -2.2831484643575881     
  -7.7095316139998409E-003  -2.3119193391366673     
  -1.1981027406004672E-003  -2.3366524617958846     
   5.8476385377579264E-003  -2.3561551963258784     
   1.3330192660456871E-002  -2.3692592021290562     
   2.1054901474986534E-002  -2.3749851969035070     
   2.8709533037339415E-002  -2.3728100083289618     
   3.5731043587084649E-002  -2.3628485412721036     
   4.1494112661681258E-002  -2.3459837549946716     
   4.5410205478384202E-002  -2.3238149686438336     
   4.7008087672916685E-002  -2.2985206933309503     
   4.6177163564149137E-002  -2.2727118621936930     
   4.3145204278374601E-002  -2.2491586436998148     
   3.8270741461589750E-002  -2.2304532988793437     
   3.1910123623801710E-002  -2.2186626298993817     
   2.4422282122812656E-002  -2.2150036540274765     
   1.6373020168394387E-002  -2.2198167403387177     
   8.3200030988867593E-003  -2.2327324522839209     
   7.9351114963705156E-004  -2.2529777795418813     
  -5.8525804908206676E-003  -2.2795877649288321     
  -1.1645335892375921E-002  -2.3114469992978983     
  -1.6798929806486465E-002  -2.3473125096187415     
  -2.1429817104553401E-002  -2.3857758490533900     
  -2.5609581915403939E-002  -2.4252431489607926     
  -2.9344357675112131E-002  -2.4640101073718235     
  -3.2693676304994201E-002  -2.5003251653829874     
  -3.5680573913167028E-002  -2.5325316542146834     
  -3.8290473383297732E-002  -2.5592318223595742     
  -4.0485846720653446E-002  -2.5794324081704967     
  -4.2224896020844206E-002  -2.5926296831927167     
  -4.3513413222843196E-002  -2.5987848852025048     
  -4.4404478271599164E-002  -2.5982239685002835     
  -4.4939978292109072E-002  -2.5915206465938296     
  -4.5160620125558520E-002  -2.5794128154913252     
  -4.5116034495600345E-002  -2.5627607649088704     
  -4.4870073421233732E-002  -2.5425229043717312     
  -4.4461451141776763E-002  -2.5197251766473241     
  -4.3888406378523884E-002  -2.4953902916589930     
  -4.3093467264225992E-002  -2.4704569819495150     
  -4.1962451347358418E-002  -2.4457134145749615     
  -4.0358389635347720E-002  -2.4217719304945788     
  -3.8182679629536427E-002  -2.3990877536678106     
  -3.5405500903048108E-002  -2.3779990470954062     
  -3.2067411702499771E-002  -2.3587615128150432     
  -2.8287683942793362E-002  -2.3415377157523038     
  -2.4245133376872532E-002  -2.3263568155402696     
  -2.0107766129196770E-002  -2.3130822948533609     
  -1.6011820018945380E-002  -2.3014055320538938     
  -1.1993966930412155E-002  -2.2908778815220532     
  -7.9839430271078666E-003  -2.2809526288315576     
  -3.8500036042286826E-003  -2.2710242035279760     
   5.8830010146447456E-004  -2.2604559266540636     
   5.5485723501831801E-003  -2.2486015712282428     
   1.1239257611239381E-002  -2.2348284850649391     
   1.7768387646373170E-002  -2.2185320615760120     
   2.5033086214234047E-002  -2.1991700804842127     
   3.2725940965927527E-002  -2.1763042665097410     
   4.0388644760772648E-002  -2.1496677777527027     
   4.7492846803583892E-002  -2.1192189545701847     
   5.3574272278709124E-002  -2.0851844629052967     
   5.8226457232978097E-002  -2.0480812653961471     
   6.1114774512705854E-002  -2.0087004128536585     
   6.2058763624333019E-002  -1.9681245171956641     
   6.1003879681440401E-002  -1.9276044077912922     
   5.8093146867753451E-002  -1.8883896586050402     
   5.3618829253478884E-002  -1.8514918393758102     
   4.7955988257114772E-002  -1.8174875972672055     
   4.1534236755903779E-002  -1.7865716667333515     
   3.4740415738946415E-002  -1.7587200637001024     
   2.7856079553352123E-002  -1.7338266068179888     
   2.1130218371057104E-002  -1.7118185079502324     
   1.4732336754074305E-002  -1.6925789871981494     
   8.8155186676639446E-003  -1.6759125226967322     
   3.5055533283381755E-003  -1.6615663108250360     
  -1.1610344886639752E-003  -1.6492012923059651     
  -5.1711683800881054E-003  -1.6384827273749849     
  -8.5734263210854086E-003  -1.6291031168722923     
  -1.1458212549764580E-002  -1.6207976412972145     
  -1.3912126981013417E-002  -1.6133891087698466     
  -1.6035741120761601E-002  -1.6067570463315550     
  -1.7921437672737850E-002  -1.6008277954729968     
  -1.9621010779336572E-002  -1.5955695310343116     
  -2.1168213409468818E-002  -1.5909627464085614     
  -2.2579422758827614E-002  -1.5869900439314590     
  -2.3862444633960419E-002  -1.5836208389101125     
  -2.5008448292961342E-002  -1.5808072417092469     
  -2.5997657986808202E-002  -1.5784841255605517     
  -2.6803872032285337E-002  -1.5765689453147662     
  -2.7393388019459692E-002  -1.5749665460659446     
  -2.7737748064928999E-002  -1.5735716283581436     
  -2.7831760574312161E-002  -1.5722710015225316     
  -2.7686282846291019E-002  -1.5709517932333223     
  -2.7314352612962254E-002  -1.5695075452252356     
  -2.6721770587184179E-002  -1.5678375244936660     
  -2.5904617148892403E-002  -1.5658446665654877     
  -2.4857919628847265E-002  -1.5634344642853999     
  -2.3583676168368380E-002  -1.5605158211341195     
  -2.2083173481809038E-002  -1.5570053659204994     
  -2.0336412805144803E-002  -1.5528278704097882     
  -1.8284756374527224E-002  -1.5479009650377167     
  -1.5830695844776282E-002  -1.5421060552986776     
  -1.2858379424950763E-002  -1.5352628303533433     
  -9.2667294100635973E-003  -1.5271230172610668     
  -5.0003185782166648E-003  -1.5173858648492531     
  -6.6474324240890784E-005  -1.5057281608287010     
   5.4645675732329915E-003  -1.4918391223224841     
   1.1473409128680634E-002  -1.4754510514982209     
   1.7811704929866678E-002  -1.4563584948267809     
   2.4317567053577179E-002  -1.4344240291804531     
   3.0817337188838622E-002  -1.4095779228665273     
   3.7118332235211826E-002  -1.3818242458513486     
   4.3010534207997615E-002  -1.3512571107872362     
   4.8286854783571774E-002  -1.3180719857140470     
   5.2760776148045772E-002  -1.2825550128936949     
   5.6246702600763303E-002  -1.2450656462512937     
   5.8511586143892125E-002  -1.2060593677425226     
   5.9271443407425475E-002  -1.1661628749931117     
   5.8294524768920615E-002  -1.1262220119798716     
   5.5556298203664263E-002  -1.0872133976544804     
   5.1300020884472379E-002  -1.0500294992974424     
   4.5931779778416885E-002  -1.0152939962840395     
   3.9849701412475527E-002 -0.98333863489951734     
   3.3356012549143270E-002 -0.95430053138019044     
   2.6676715858112328E-002 -0.92821111549265645     
   2.0001935608189147E-002 -0.90502576680358571     
   1.3488847552789724E-002 -0.88463345677662997     
   7.2486184760127623E-003 -0.86688006929364569     
   1.3522941120136368E-003 -0.85159545556467309     
  -4.1450422768031132E-003 -0.83860410680392117     
  -9.1834152141083529E-003 -0.82771648668357101     
  -1.3696296715666818E-002 -0.81871358853815102     
  -1.7628553563271442E-002 -0.81134101980556250     
  -2.0960605501508731E-002 -0.80532144413158069     
  -2.3721806848654253E-002 -0.80038149422378480     
  -2.5984588016198951E-002 -0.79628080492360320     
  -2.7842836263620923E-002 -0.79283084519118796     
  -2.9385261228321070E-002 -0.78989704509873260     
  -3.0675432391778081E-002 -0.78738560923097778     
  -3.1745190728307983E-002 -0.78522299720040323     
  -3.2599961561671012E-002 -0.78333770792337820     
  -3.3229074041329396E-002 -0.78165025895915918     
  -3.3614263497502690E-002 -0.78007123644959575     
  -3.3733001103547877E-002 -0.77850241812271270     
  -3.3558050635439353E-002 -0.77683621060262709     
  -3.3058125977692407E-002 -0.77495292457489973     
  -3.2203342475301350E-002 -0.77271914834237743     
  -3.0974027041594326E-002 -0.76999121042848839     
  -2.9367047374961448E-002 -0.76662512261321747     
  -2.7393566877242780E-002 -0.76248966269611340     
  -2.5066226373902659E-002 -0.75747535386922416     
  -2.2380164737229199E-002 -0.75149211274633931     
  -1.9297387314761421E-002 -0.74445315974596404     
  -1.5743964099295110E-002 -0.73625017888368549     
  -1.1623427435764822E-002 -0.72673013946644538     
  -6.8411430425117485E-003 -0.71568370067435116     
  -1.3292917947149503E-003 -0.70284885527013863     
   4.9359305958087242E-003 -0.68792596829086794     
   1.1925708867475470E-002 -0.67059692036555507     
   1.9551889364640907E-002 -0.65054408077135939     
   2.7654659059657197E-002 -0.62747261995243819     
   3.5986410456699619E-002 -0.60114612445462257     
   4.4206923284626019E-002 -0.57144166820746201     
   5.1906068657836514E-002 -0.53841347994225963     
   5.8648332690441569E-002 -0.50233947207921348     
   6.4008627059793696E-002 -0.46373736665056203     
   6.7583231230701785E-002 -0.42337052537022291     
   6.9014207960846702E-002 -0.38226178686597478     
   6.8083498606566428E-002 -0.34166841256970448     
   6.4852247137410862E-002 -0.30293083484593786     
   5.9722626497094887E-002 -0.26720117660305270     
   5.3334307360611746E-002 -0.23520641431426381     
   4.6362228368078268E-002 -0.20719748473678612     
   3.9362341490732394E-002 -0.18306636051275849     
   3.2727192302941958E-002 -0.16250010287073971     
   2.6703618497842318E-002 -0.14509084544302758     
   2.1419613608459537E-002 -0.13040420592965796     
   1.6912765248069540E-002 -0.11802304061333936     
   1.3162757844512027E-002 -0.10756968343440272     
   1.0119426812006950E-002  -9.8711188592091256E-002
   7.7205256290095968E-003  -9.1155997458918350E-002
   5.9005490588252985E-003  -8.4647856143346564E-002
   4.5928689871269782E-003  -7.8960615121099115E-002
   3.7281156085815265E-003  -7.3896377722695722E-002
   3.2329618315742586E-003  -6.9286909405596592E-002
   3.0316869346790677E-003  -6.4996080216433549E-002
   3.0501545965377842E-003  -6.0921008003360283E-002
   3.2208268812712981E-003  -5.6990552506895498E-002
   3.4874950115136171E-003  -5.3160768268041614E-002
   3.8085237618052411E-003  -4.9407671725267714E-002
   4.1574455637922586E-003  -4.5718403600642693E-002
   4.5198831549192013E-003  -4.2082735451777459E-002
   4.8866087564386736E-003  -3.8487657805782297E-002
   5.2444597346974790E-003  -3.4917660124218181E-002
   5.5689785340923186E-003  -3.1361443238565323E-002
   5.8231786196362703E-003  -2.7822499800729289E-002
   5.9644743252389477E-003  -2.4328070876070564E-002
   5.9573351945921369E-003  -2.0930748176764692E-002
   5.7855063550836840E-003  -1.7700373509700839E-002
   5.4576170654157853E-003  -1.4709127325097002E-002
   5.0039646972746049E-003  -1.2016218269812671E-002
   4.4672039879221775E-003  -9.6579756419996575E-003
   3.8919723630917199E-003  -7.6454011188618132E-003
   3.3172481737306380E-003  -5.9675621485613915E-003
   2.7725412830915223E-003  -4.5977934494899350E-003
   2.2771664754022611E-003  -3.5002315636004371E-003
   1.8413777018230486E-003  -2.6353387381326194E-003
   1.4683456825684575E-003  -1.9639334634900217E-003
   1.1562767893515985E-003  -1.4497494188563263E-003
   9.0027471403434159E-004  -1.0607983363880792E-003
   6.9379978547242033E-004  -7.6987762522268339E-004
   5.2972560815167441E-004  -5.5451919240666304E-004
   4.0104511024226339E-004  -3.9660643770477664E-004
   3.0129546898389727E-004  -2.8182579275676212E-004
   2.2477608533165311E-004  -1.9906616990664818E-004
   1.6662507467814379E-004  -1.3983548823089830E-004
   1.2280479432346403E-004  -9.7732307261930626E-005
   9.0034072697160221E-005  -6.7990353594942434E-005
   6.5694428426205873E-005  -4.7100147308938024E-005
   4.7728381123117191E-005  -3.2503511277557479E-005
   3.4540780536438798E-005  -2.2352607951474606E-005
   2.4909259232333789E-005  -1.5323650315955138E-005
   1.7906658553693631E-005  -1.0475334957412625E-005
   1.2836067419909374E-005  -7.1428304450581309E-006
   9.1778163137912065E-006  -4.8594181808421463E-006
   6.5471341837407748E-006  -3.2992440161155358E-006
   4.6609162488011850E-006  -2.2359184976458263E-006
   3.3120213820618140E-006  -1.5128467254685301E-006
   2.3496384572720407E-006  -1.0221362087722452E-006
   1.6644499782772961E-006  -6.8971059165884120E-007
   1.1775249469995474E-006  -4.6486969854955473E-007
   8.3207001018611029E-007  -3.1300900974147753E-007
   5.8734626012472906E-007  -2.1056798553728627E-007
   4.1421078947766994E-007  -1.4154044272575953E-007
   2.9186658791645824E-007  -9.5073376303998716E-008
   2.0550442982703400E-007  -6.3820470391735079E-008
   1.4459906578765849E-007  -4.2816570908822969E-008
   1.0168267415915808E-007  -2.8710355661180645E-008
   7.1464718683045722E-008  -1.9242449746984488E-008
   5.0202171026710655E-008  -1.2891223403818775E-008
   3.5250011040814019E-008  -8.6328396067133834E-009
   2.4741108111988397E-008  -5.7789628731515352E-009
   1.7358688444712930E-008  -3.8671511139812360E-009
   1.2174890171225248E-008  -2.5869217034448525E-009
   8.5363860713257809E-009  -1.7299358228415653E-009
   5.9834614135149305E-009  -1.1564659518602541E-009
   4.1928300589555969E-009  -7.7284340029666206E-010
   2.9372682757901200E-009  -5.1630194251449581E-010
   2.0571470558442188E-009  -3.4479876195870914E-010
   1.4403724899413628E-009  -2.3018220008527889E-010
   1.0082613668439471E-009  -1.5360830330496646E-010
   7.0560247136539629E-010  -1.0246742407930458E-010
   4.9366729535354088E-010  -6.8324243516363352E-011
   3.4529748315244056E-010  -4.5537576572141664E-011
   2.4145357809190092E-010  -3.0335957392377254E-011
   1.6879141449216168E-010  -2.0198693254321746E-011
   1.1796081323951237E-010  -1.3441572331696957E-011
   8.2411727105626542E-011  -8.9396370062376276E-012
   5.7556742169684838E-011  -5.9417275944297066E-012
   4.0183735645199755E-011  -3.9464519203139446E-012
   2.8044079764276051E-011  -2.6192584312554074E-012
   1.9563996128575970E-011  -1.7370066558652725E-012
   1.3642279096388101E-011  -1.1509278960181422E-012
   9.5085765004491060E-012  -7.6188205633212954E-013
   6.6241196052369996E-012  -5.0383374443431124E-013
   4.6122021752461191E-012  -3.3282096715014191E-013
   3.2095036774706735E-012  -2.1959324245369318E-013
   2.2320141723468843E-012  -1.4470038132755497E-013
   1.5511858679143780E-012  -9.5217459414331716E-014
   1.0772457390823342E-012  -6.2561818411533413E-014
   7.4752156701349781E-013  -4.1038646704531238E-014
   5.1827713181028294E-013  -2.6872462219580744E-014
   3.5900313331236677E-013  -1.7562515122922990E-014
   2.4842627688010606E-013  -1.1454028642733256E-014
   1.7172021415773580E-013  -7.4531887719077238E-015
   1.1855698228884694E-013  -4.8378200281145114E-015
   8.1746086043365845E-014  -3.1317174733428695E-015
   5.6284327476136574E-014  -2.0213001651413464E-015
   3.8692656467500390E-014  -1.3003825053822903E-015
   2.6553524013270471E-014  -8.3361294757248124E-016
   1.8188254112466670E-014  -5.3229588774888428E-016
   1.2432161634944636E-014  -3.3842085814311454E-016
   8.4778801898487521E-015  -2.1412614767620697E-016
   5.7662695352357043E-015  -1.3475706348418595E-016
   3.9104972592808559E-015  -8.4299204052338342E-017
   2.6432398396727998E-015  -5.2378990579051949E-017
   1.7799874823553466E-015  -3.2297035902659520E-017
   1.1935598010981838E-015  -1.9741166899215907E-017
   7.9642136738441056E-016  -1.1945975534342166E-017
   5.2842043379166511E-016  -7.1452257014722635E-018
   3.4829566792640836E-016  -4.2159638830398117E-018
   2.2779887168466643E-016  -2.4478581284202356E-018
   1.4763233877913243E-016  -1.3941545217853699E-018
   9.4643789361158022E-017  -7.7569487772089560E-019
   5.9891884703057672E-017  -4.1933602879587591E-019
   3.7313658113186780E-017  -2.1860675778803643E-019
   2.2807432736027973E-017  -1.0869165154357594E-019
   1.3601771979363449E-017  -5.0611782761195529E-020
   7.8214873165794552E-018  -2.1308579817115000E-020
   4.1874834035270443E-018  -7.4533972002779690E-021
   1.7991799458006981E-018  -1.5588011763270365E-021
   0.0000000000000000        0.0000000000000000     
