 Initial conditions outputted from a previous simulation. Time =    28.800000000000001     
   40.000000000000000        0.0000000000000000              500           1   28.800000000000001     
  -3.3887864056476043E-002  -6.9036395927218067E-002
  -3.2060623631061463E-002  -8.3895469125457034E-002
  -2.9907172118465934E-002  -9.8053078370760258E-002
  -2.7304071591893873E-002 -0.11133771327985247     
  -2.4237144890332244E-002 -0.12358922671494907     
  -2.0595144105790858E-002 -0.13456195257772105     
  -1.6341203801756146E-002 -0.14404498951864575     
  -1.1424578374964561E-002 -0.15177621184261522     
  -5.8076165872197934E-003 -0.15747061723364802     
   5.1994109356340063E-004 -0.16082015988154136     
   7.5336838729586648E-003 -0.16149562356686734     
   1.5157739193254079E-002 -0.15915907513901362     
   2.3246224927168324E-002 -0.15348339074042319     
   3.1565775258555459E-002 -0.14418465707655190     
   3.9781996345598328E-002 -0.13107262343864226     
   4.7457921320387050E-002 -0.11412049754506016     
   5.4075276363969027E-002  -9.3547994811283036E-002
   5.9088239509491609E-002  -6.9896704845749030E-002
   6.2009971689233723E-002  -4.4059665142850785E-002
   6.2513879486399651E-002  -1.7224040245598406E-002
   6.0516393974798167E-002   9.2849194615544171E-003
   5.6209291936648281E-002   3.4214290642224129E-002
   5.0025406013932107E-002   5.6562379309328850E-002
   4.2543337775982827E-002   7.5657628089744869E-002
   3.4361651313921521E-002   9.1136961308999773E-002
   2.5990899678896281E-002  0.10287844213064697     
   1.7802126692615848E-002  0.11093954689538482     
   1.0033634928400422E-002  0.11551230262736015     
   2.8262302798857226E-003  0.11688235035574236     
  -3.7437262964776391E-003  0.11538574974158226     
  -9.6444953132257347E-003  0.11137077227686359     
  -1.4877856618997759E-002  0.10517264134268522     
  -1.9469896694477649E-002   9.7101431251162593E-002
  -2.3461331920268374E-002   8.7438316311209019E-002
  -2.6898730709467984E-002   7.6435685455078672E-002
  -2.9828238800458259E-002   6.4318696259041824E-002
  -3.2291695132471536E-002   5.1287261048562571E-002
  -3.4324585920948017E-002   3.7518076176860343E-002
  -3.5956174999530376E-002   2.3166325338801509E-002
  -3.7211339393785466E-002   8.3672008436989232E-003
  -3.8112066764690575E-002  -6.7612624495322704E-003
  -3.8677725370462858E-002  -2.2113145075819653E-002
  -3.8924849855290496E-002  -3.7588678592019649E-002
  -3.8866288657775042E-002  -5.3088542456961603E-002
  -3.8508817301700714E-002  -6.8509342532556236E-002
  -3.7849869898714229E-002  -8.3741019068216682E-002
  -3.6875104843334283E-002  -9.8665946345157643E-002
  -3.5557909560764885E-002 -0.11315862220686376     
  -3.3861033691357213E-002 -0.12708473515298899     
  -3.1739834158632706E-002 -0.14029877559397760     
  -2.9146071250094045E-002 -0.15264004136887149     
  -2.6031222329148309E-002 -0.16392762301968403     
  -2.2348953454907984E-002 -0.17395543179486742     
  -1.8057229775222873E-002 -0.18248853031826862     
  -1.3121151698731197E-002 -0.18926193241883002     
  -7.5178443352340724E-003 -0.19398252916126274     
  -1.2445976807317102E-003 -0.19633411927853936     
   5.6690258140936062E-003 -0.19598538567349383     
   1.3145209548429109E-002 -0.19260157875685674     
   2.1039218340538839E-002 -0.18586251598442727     
   2.9120819073046641E-002 -0.17549174160566847     
   3.7061239615582227E-002 -0.16130322032553043     
   4.4434836841777674E-002 -0.14327001224280378     
   5.0746574656337230E-002 -0.12160978447413807     
   5.5491450999000609E-002  -9.6863678591661756E-002
   5.8238377972279501E-002  -6.9927128023979865E-002
   5.8715879107947982E-002  -4.1992421516818715E-002
   5.6871640182251056E-002  -1.4395938674912722E-002
   5.2885123159913734E-002   1.1585634969738225E-002
   4.7127545396872028E-002   3.4913868529475020E-002
   4.0083643340416392E-002   5.4882433936680929E-002
   3.2262662169225770E-002   7.1118969191208622E-002
   2.4126417416909508E-002   8.3527733854121156E-002
   1.6051096962325859E-002   9.2210758198032247E-002
   8.3155230920458918E-003   9.7393675520040607E-002
   1.1033590638341772E-003   9.9369965473491098E-002
  -5.4834427880299007E-003   9.8464746874545372E-002
  -1.1402090827676719E-002   9.5012063145306233E-002
  -1.6648133281522606E-002   8.9338894682224959E-002
  -2.1240435745577713E-002   8.1753558931526568E-002
  -2.5216518652484358E-002   7.2539413040151227E-002
  -2.8623777724456873E-002   6.1952405502283849E-002
  -3.1509123624037121E-002   5.0221442108023491E-002
  -3.3918098276299061E-002   3.7551014245649328E-002
  -3.5897797403482173E-002   2.4125241557601637E-002
  -3.7492680426384997E-002   1.0110787544341913E-002
  -3.8732938978554836E-002  -4.3417096071087999E-003
  -3.9639396895822507E-002  -1.9091193858771147E-002
  -4.0238393313651824E-002  -3.4010644805744179E-002
  -4.0549243050455964E-002  -4.8988563598422040E-002
  -4.0567935252864215E-002  -6.3916273137454169E-002
  -4.0279329257778364E-002  -7.8684675541280516E-002
  -3.9669086785345073E-002  -9.3186551658303252E-002
  -3.8722445536186721E-002 -0.10730791960575210     
  -3.7418111910660738E-002 -0.12092648366964076     
  -3.5729002616715418E-002 -0.13390568357957702     
  -3.3620672330332953E-002 -0.14608815263903072     
  -3.1039899799036378E-002 -0.15729885437133820     
  -2.7937951232224183E-002 -0.16733897932415162     
  -2.4274087117582856E-002 -0.17598453712273734     
  -2.0009967401304545E-002 -0.18299506802687976     
  -1.5107477447266128E-002 -0.18811926715197985     
  -9.5862609051869437E-003 -0.19109840736133168     
  -3.4759838215067526E-003 -0.19168105022707799     
   3.1521136848260980E-003 -0.18962367455022058     
   1.0173522917687340E-002 -0.18469844061371618     
   1.7427165846322475E-002 -0.17668963684916211     
   2.4737567553473269E-002 -0.16542241263024435     
   3.1861691873502358E-002 -0.15078188282666413     
   3.8572384727247826E-002 -0.13273147299199953     
   4.4610623075815953E-002 -0.11140680555201835     
   4.9573665496328322E-002  -8.7190039671764419E-002
   5.2992012580236017E-002  -6.0780762714043778E-002
   5.4361613551253879E-002  -3.3371478423818053E-002
   5.3386476564475933E-002  -6.5724780309443431E-003
   5.0047815024214820E-002   1.7680653824370344E-002
   4.4647607960045244E-002   3.7486345309744248E-002
   3.7677360430925726E-002   5.1412075073171949E-002
   2.9681114858175921E-002   5.8701398659997801E-002
   2.1132991379938331E-002   5.9257947047596161E-002
   1.2519652258188213E-002   5.3559677397505848E-002
   4.1853351765685385E-003   4.2343242418742211E-002
  -3.6357006370863862E-003   2.6446259009622327E-002
  -1.0787964540389321E-002   6.6782430897878485E-003
  -1.7188851328746337E-002  -1.6207206745734733E-002
  -2.2788568269373866E-002  -4.1471602376948316E-002
  -2.7567547043642095E-002  -6.8375182151462405E-002
  -3.1551776369212178E-002  -9.6162687794040552E-002
  -3.4810614247259557E-002 -0.12409828786250159     
  -3.7435062346654460E-002 -0.15152273036780001     
  -3.9505620954272763E-002 -0.17791806162494303     
  -4.1093724685148984E-002 -0.20294938941855650     
  -4.2276875232096618E-002 -0.22646575649652789     
  -4.3112844237581473E-002 -0.24847574066240641     
  -4.3643216112915717E-002 -0.26909913827560844     
  -4.3908018771518668E-002 -0.28850975128398088     
  -4.3917405109197866E-002 -0.30688909061622444     
  -4.3671590169304532E-002 -0.32439077027857577     
  -4.3186269868499397E-002 -0.34112419609497874     
  -4.2470349908596099E-002 -0.35715436162388209     
  -4.1499126446975350E-002 -0.37251568024444387     
  -4.0249252155465300E-002 -0.38722257902795587     
  -3.8704026954172029E-002 -0.40127616922483389     
  -3.6854254008859881E-002 -0.41466921845804611     
  -3.4696099831139360E-002 -0.42736978236274231     
  -3.2223005515529091E-002 -0.43930266554221531     
  -2.9383584388463734E-002 -0.45033154259028041     
  -2.6088627605962124E-002 -0.46024270278009438     
  -2.2260002332562485E-002 -0.46874200668820842     
  -1.7827218480383780E-002 -0.47545201579515356     
  -1.2743276282271974E-002 -0.47994271393985355     
  -7.0046359676660041E-003 -0.48175998009910143     
  -5.8525790186490291E-004 -0.48043633492095333     
   6.4424408088625731E-003 -0.47552911436880574     
   1.3929220999991609E-002 -0.46661718218616038     
   2.1615579584715491E-002 -0.45330182786015044     
   2.9176418126057924E-002 -0.43528658196706516     
   3.6171791149742331E-002 -0.41248612315964189     
   4.2142167183930102E-002 -0.38517046059256554     
   4.6565662677041389E-002 -0.35406983704743733     
   4.8964348440573319E-002 -0.32036315745821214     
   4.8934928753889148E-002 -0.28551875809145583     
   4.6446452502894031E-002 -0.25112560305692688     
   4.1699524965971450E-002 -0.21874759104958827     
   3.5173898709517697E-002 -0.18982909463949382     
   2.7471935649046531E-002 -0.16557669398775252     
   1.9233681444698798E-002 -0.14677487175370521     
   1.0945914718531772E-002 -0.13363889457107006     
   3.0271731992956357E-003 -0.12584319969693475     
  -4.2555121992592032E-003 -0.12266991317646074     
  -1.0740461010605560E-002 -0.12329821305981628     
  -1.6427544884178306E-002 -0.12703254310293935     
  -2.1332470614010411E-002 -0.13336573306151359     
  -2.5559127629653670E-002 -0.14195577983701047     
  -2.9202128332683978E-002 -0.15254753241062435     
  -3.2328079477987624E-002 -0.16489473950909622     
  -3.4976970612736531E-002 -0.17873293640931856     
  -3.7186783471668511E-002 -0.19378085602264353     
  -3.8983053055909787E-002 -0.20977113619929813     
  -4.0397901196924352E-002 -0.22644984644675389     
  -4.1478024849104074E-002 -0.24356930671401691     
  -4.2268859833562357E-002 -0.26087709925051272     
  -4.2803656761394908E-002 -0.27811504203185189     
  -4.3118381489195716E-002 -0.29504387678768706     
  -4.3236032579638969E-002 -0.31146732941087157     
  -4.3147390625541453E-002 -0.32724945715871939     
  -4.2836745242023605E-002 -0.34230690313850604     
  -4.2282059416894190E-002 -0.35658187623133974     
  -4.1436819168135797E-002 -0.37002370527288658     
  -4.0245361210158426E-002 -0.38257597621768369     
  -3.8664842333462408E-002 -0.39418504102289409     
  -3.6663731251593855E-002 -0.40481181878675265     
  -3.4218204054992651E-002 -0.41442174660620462     
  -3.1310768850440339E-002 -0.42296740290611673     
  -2.7912589028648186E-002 -0.43035670997208419     
  -2.3978583624584764E-002 -0.43641752599564509     
  -1.9452732809186711E-002 -0.44091086954164505     
  -1.4291456690671701E-002 -0.44353598251349552     
  -8.4721768228684345E-003 -0.44392787679411783     
  -2.0226570392666526E-003 -0.44165156784010723     
   4.9895923567041213E-003 -0.43617934490353427     
   1.2429859209588490E-002 -0.42695703649526062     
   2.0137328321087541E-002 -0.41353182873280536     
   2.7833010611986543E-002 -0.39565168699405584     
   3.5133435553777077E-002 -0.37339814435851498     
   4.1548611368335618E-002 -0.34711630748169503     
   4.6585107902630762E-002 -0.31733990355278019     
   4.9803694894113487E-002 -0.28479300203078406     
   5.0905593432325223E-002 -0.25046090692424622     
   4.9737842178814301E-002 -0.21566347045811285     
   4.6403833706227214E-002 -0.18199061099305758     
   4.1160322785527337E-002 -0.15105378874144054     
   3.4455790712924081E-002 -0.12425009839205754     
   2.6848337906779301E-002 -0.10251689020374682     
   1.8880159335898081E-002  -8.6273124063396517E-002
   1.0957327663853338E-002  -7.5474425375674711E-002
   3.3784587928474903E-003  -6.9705561466676974E-002
  -3.6707537132843540E-003  -6.8364366237505164E-002
  -1.0071748083843764E-002  -7.0814965645243755E-002
  -1.5795433941360269E-002  -7.6464704145260576E-002
  -2.0819521886069885E-002  -8.4811164555832666E-002
  -2.5160660027085044E-002  -9.5423520069206305E-002
  -2.8882322881566110E-002 -0.10788660358499083     
  -3.2032388618673052E-002 -0.12176911257023192     
  -3.4658828717582107E-002 -0.13661278883379502     
  -3.6812662148782031E-002 -0.15194401433068722     
  -3.8516514772263991E-002 -0.16731878725052671     
  -3.9792207675572629E-002 -0.18235217530355893     
  -4.0659849139754976E-002 -0.19672532969143852     
  -4.1146404773390349E-002 -0.21016680185530950     
  -4.1307194220695870E-002 -0.22240989286684440     
  -4.1224976993537006E-002 -0.23320071139120324     
  -4.0969037798603482E-002 -0.24233302293637671     
  -4.0538675967328366E-002 -0.24969711946853437     
  -3.9877232284977554E-002 -0.25532635938189902     
  -3.8936220232589393E-002 -0.25938939851066822     
  -3.7669595853595077E-002 -0.26214773047840478     
  -3.6023809477320395E-002 -0.26388618874328729     
  -3.3929917447395118E-002 -0.26484389292353111     
  -3.1306775013906177E-002 -0.26518093106091117     
  -2.8044742327265653E-002 -0.26498359708519342     
  -2.4081912266581375E-002 -0.26428846708306042     
  -1.9433637421150510E-002 -0.26310117972083263     
  -1.4159679368582097E-002 -0.26138668653613190     
  -8.2838120383214274E-003 -0.25904302651401573     
  -1.8128980805782761E-003 -0.25585585310733777     
   5.2656068310753769E-003 -0.25147153313187043     
   1.2932796607296824E-002 -0.24539372168931509     
   2.1118286170446969E-002 -0.23702126878777982     
   2.9598426874158125E-002 -0.22573423930730424     
   3.7944265764804204E-002 -0.21101458811121698     
   4.5593075117658755E-002 -0.19260729202757926     
   5.1971987188060738E-002 -0.17065089362246236     
   5.6612161855484143E-002 -0.14572657644597137     
   5.9215867963932599E-002 -0.11880200235878093     
   5.9614021640990222E-002  -9.1066728738297104E-002
   5.7808943947178892E-002  -6.3760501531682959E-002
   5.3950108661519759E-002  -3.8028389347610776E-002
   4.8364695674777983E-002  -1.4823151234734004E-002
   4.1553643090664324E-002   5.1495250469784414E-003
   3.4045407772392830E-002   2.1477701041417923E-002
   2.6282710680459481E-002   3.4061523575663298E-002
   1.8620304349651950E-002   4.3049299903380848E-002
   1.1287220659232019E-002   4.8744994680763168E-002
   4.4553215628633756E-003   5.1499304357549999E-002
  -1.7744835705150431E-003   5.1647481798439393E-002
  -7.3729504232930921E-003   4.9491888886419498E-002
  -1.2315678436642911E-002   4.5309932467674716E-002
  -1.6633163170839009E-002   3.9364512289673685E-002
  -2.0367529194713022E-002   3.1897332826728457E-002
  -2.3567213185545367E-002   2.3133891993691650E-002
  -2.6299860547533256E-002   1.3263032795269280E-002
  -2.8622415290716154E-002   2.4456920712919846E-003
  -3.0570386789814653E-002  -9.1818088056838266E-003
  -3.2171717755522251E-002  -2.1503007976399043E-002
  -3.3430775298726532E-002  -3.4395839789171115E-002
  -3.4347499037654064E-002  -4.7719543450230648E-002
  -3.4921317118138465E-002  -6.1328303092083494E-002
  -3.5149027114819820E-002  -7.5065735912244344E-002
  -3.5026460705277707E-002  -8.8781427373975527E-002
  -3.4552011308911591E-002 -0.10233240375146919     
  -3.3728210449483396E-002 -0.11557913193588898     
  -3.2555250129110584E-002 -0.12839226642831916     
  -3.1034715194162753E-002 -0.14064795564390292     
  -2.9164571553806230E-002 -0.15222705682101256     
  -2.6935548924997093E-002 -0.16301881700234006     
  -2.4349438335987530E-002 -0.17291393486187426     
  -2.1392620397973752E-002 -0.18179527349633987     
  -1.8038867027407333E-002 -0.18952441353083810     
  -1.4263460022252294E-002 -0.19593819689246292     
  -1.0028684124966786E-002 -0.20086490708442784     
  -5.2906138521967632E-003 -0.20413185825164087     
  -5.2827355712710597E-006 -0.20554226128075190     
   5.8766960963328946E-003 -0.20484826341345561     
   1.2383680497512452E-002 -0.20174419791750170     
   1.9468718223138632E-002 -0.19588366267047227     
   2.6972397475830759E-002 -0.18692082056491963     
   3.4617144469068037E-002 -0.17456955047528752     
   4.2012425906286961E-002 -0.15867205151126607     
   4.8662335626406698E-002 -0.13928193987946524     
   5.4004605213119353E-002 -0.11676026893021366     
   5.7511666359621981E-002  -9.1838219177416427E-002
   5.8819052445090364E-002  -6.5576491492764052E-002
   5.7794527473559738E-002  -3.9216508504405209E-002
   5.4520836704938250E-002  -1.4008686176243734E-002
   4.9265712711643685E-002   8.9185714003335043E-003
   4.2486832299946153E-002   2.8679587004424474E-002
   3.4801160452728644E-002   4.4758019063371846E-002
   2.6852862470840413E-002   5.7055348418225432E-002
   1.9154334795531806E-002   6.5798487801723454E-002
   1.2019250786947284E-002   7.1377982871532950E-002
   5.5914457386800872E-003   7.4224177166498664E-002
  -1.0565344253228509E-004   7.4742446100075050E-002
  -5.1305356622380676E-003   7.3276940857318618E-002
  -9.5817958430935140E-003   7.0093223658601309E-002
  -1.3554984675082154E-002   6.5385518315666052E-002
  -1.7117232786501058E-002   5.9301925897380744E-002
  -2.0306020904773899E-002   5.1971424809938938E-002
  -2.3143071372404570E-002   4.3520096747474993E-002
  -2.5650134636064109E-002   3.4073044003356562E-002
  -2.7856393401165469E-002   2.3747100177376770E-002
  -2.9795159363333358E-002   1.2643196142310069E-002
  -3.1495025972303248E-002   8.4438629198924260E-004
  -3.2971505797258716E-002  -1.1579786188506594E-002
  -3.4221533980098522E-002  -2.4564725111539995E-002
  -3.5220675682118632E-002  -3.8039973776708640E-002
  -3.5923051949635812E-002  -5.1917392419904299E-002
  -3.6265048386736345E-002  -6.6079921830730373E-002
  -3.6173689027740159E-002  -8.0373600526047279E-002
  -3.5578575930673706E-002  -9.4605753524614547E-002
  -3.4423907534926301E-002 -0.10855072887504855     
  -3.2676319728403638E-002 -0.12196181102672998     
  -3.0325840135729979E-002 -0.13458557958584422     
  -2.7380105406910101E-002 -0.14617419535967005     
  -2.3854659264661439E-002 -0.15649203641661419     
  -1.9763610895126179E-002 -0.16531526435797816     
  -1.5114746116812494E-002 -0.17242548201009086     
  -9.9115708576074883E-003 -0.17760068642300617     
  -4.1628814396708616E-003 -0.18060764786003844     
   2.1006782678867782E-003 -0.18120016483966164     
   8.8050133521086205E-003 -0.17912811386718261     
   1.5811602471664077E-002 -0.17416197822854029     
   2.2908281114970255E-002 -0.16613408635070520     
   2.9824671659481914E-002 -0.15498821041295216     
   3.6275428796521493E-002 -0.14081621337931916     
   4.2012611294920475E-002 -0.12385748256091252     
   4.6851179387894785E-002 -0.10445802312756447     
   5.0643872742813976E-002  -8.3022638161805065E-002
   5.3225275964221178E-002  -6.0008763982980488E-002
   5.4382086847508823E-002  -3.5976193509815894E-002
   5.3894288789046965E-002  -1.1645854857237859E-002
   5.1632931726709110E-002   1.2106593718730921E-002
   4.7647496167764376E-002   3.4354481125867593E-002
   4.2180105302803389E-002   5.4274617413154279E-002
   3.5601170086544495E-002   7.1266273131495014E-002
   2.8315788357880654E-002   8.4984162011574479E-002
   2.0694697443917168E-002   9.5301537162651995E-002
   1.3047645793694333E-002  0.10225056389103769     
   5.6252801338710764E-003  0.10597274626591370     
  -1.3702563599037345E-003  0.10668718829753590     
  -7.7775112898894440E-003  0.10467146542448151     
  -1.3473710207922372E-002  0.10024746348779824     
  -1.8376165803336314E-002   9.3767057193414022E-002
  -2.2442984013843304E-002   8.5596499107800636E-002
  -2.5670573781068545E-002   7.6100912076275465E-002
  -2.8087801086252532E-002   6.5630637186953042E-002
  -2.9747832068311119E-002   5.4510669911923541E-002
  -3.0719116466816694E-002   4.3033816468943997E-002
  -3.1076998838303841E-002   3.1457573978103053E-002
  -3.0897107207541307E-002   2.0004153277992428E-002
  -3.0251102051835749E-002   8.8626422827722557E-003
  -2.9204739426043694E-002  -1.8078717536164088E-003
  -2.7817612196358490E-002  -1.1875260883726143E-002
  -2.6143555186225059E-002  -2.1231972233584823E-002
  -2.4230670364445043E-002  -2.9793232739658886E-002
  -2.2120246896245935E-002  -3.7495157492063565E-002
  -1.9844453839259025E-002  -4.4291689800837600E-002
  -1.7423470662580296E-002  -5.0149328603899215E-002
  -1.4863510070598218E-002  -5.5039162925181476E-002
  -1.2157732162277706E-002  -5.8926824995054174E-002
  -9.2921255662813396E-003  -6.1762432383124059E-002
  -6.2578505698445957E-003  -6.3474150721548842E-002
  -3.0699879431108443E-003  -6.3970307373624372E-002
   2.1041136022141132E-004  -6.3155326810042212E-002
   3.4587524348839082E-003  -6.0962685139245028E-002
   6.4859535314822471E-003  -5.7401576363723651E-002
   9.0653001524834530E-003  -5.2602852507085428E-002
   1.0986781475921564E-002  -4.6839894582668677E-002
   1.2119520273708486E-002  -4.0503200656390397E-002
   1.2451131956968189E-002  -3.4029923789868723E-002
   1.2083239719547043E-002  -2.7817984638729459E-002
   1.1189832043252725E-002  -2.2163111292252662E-002
   9.9652651372212162E-003  -1.7237867319036527E-002
   8.5853395611760353E-003  -1.3104987081757724E-002
   7.1880149046143404E-003  -9.7461790139934529E-003
   5.8689208077961266E-003  -7.0922758058203387E-003
   4.6854043283873987E-003  -5.0483208815384362E-003
   3.6645766682936172E-003  -3.5116132441937206E-003
   2.8120293701783660E-003  -2.3830916453451215E-003
   2.1193589653312321E-003  -1.5736705801677401E-003
   1.5700794344465450E-003  -1.0071555889531732E-003
   1.1440078600690644E-003  -6.2089116812786920E-004
   8.2024081240570040E-004  -3.6501180436821233E-004
   5.7897943169484944E-004  -2.0097828850485411E-004
   4.0254377065677938E-004  -9.9836323528254111E-005
   2.7583280116959030E-004  -4.0441993987282451E-005
   1.8640648654900352E-004  -7.8032372123134361E-006
   1.2433547205675750E-004   8.3788029629000637E-006
   8.1923419004971597E-005   1.4938379576204217E-005
   5.3366817534376320E-005   1.6240772264271178E-005
   3.4399618099236663E-005   1.4955457063385295E-005
   2.1958914841086443E-005   1.2630987538730423E-005
   1.3892701242712257E-005   1.0105099516980355E-005
   8.7181294961109442E-006   7.7851839612258937E-006
   5.4309812450614758E-006   5.8318477902914858E-006
   3.3616459666535048E-006   4.2738859928063896E-006
   2.0697990425384053E-006   3.0770351793560695E-006
   1.2694705130387600E-006   2.1828550103927124E-006
   7.7702774909949281E-007   1.5291536178125184E-006
   4.7579071175574242E-007   1.0595747839981630E-006
   2.9234922451197232E-007   7.2715271171443130E-007
   1.8094439249025280E-007   4.9473896243270730E-007
   1.1330705459268200E-007   3.3399428622848579E-007
   7.2121652834950589E-008   2.2387404743873612E-007
   4.6866191372243527E-008   1.4907591416440212E-007
   3.1193085335089672E-008   9.8660868567866912E-008
   2.1296877536047887E-008   6.4919454165234813E-008
   1.4906602974658304E-008   4.2483952307959299E-008
   1.0669947248344920E-008   2.7656344465910423E-008
   7.7806326492452091E-009   1.7912565957522671E-008
   5.7550552357508928E-009   1.1544148226066908E-008
   4.2996056429140554E-009   7.4033716657942300E-009
   3.2325521175104754E-009   4.7245105814248963E-009
   2.4383778862464880E-009   2.9999315153394292E-009
   1.8412200635962163E-009   1.8950876809731237E-009
   1.3894490541266379E-009   1.1907236530941197E-009
   1.0466842589454110E-009   7.4389923727619269E-010
   7.8649953034089302E-010   4.6189669011739308E-010
   5.8923692597736278E-010   2.8486869468308906E-010
   4.4002695872973728E-010   1.7437004873720641E-010
   3.2750562937683729E-010   1.0582142674911152E-010
   2.4294273269164437E-010   6.3583564116508729E-011
   1.7962174693482448E-010   3.7754063835361544E-011
   1.3238120645598000E-010   2.2094607569053405E-011
   9.7265709369098576E-011   1.2696011132210197E-011
   7.1255550936920465E-011   7.1224825163911400E-012
   5.2055315833201979E-011   3.8656134101602260E-012
   3.7928077920934569E-011   1.9976285989946365E-012
   2.7565525565923749E-011   9.5223227609569238E-013
   1.9986608467393772E-011   3.8678878201097513E-013
   1.4458848975262817E-011   9.6107941381567986E-014
   1.0437605171115377E-011  -4.1183631161194326E-014
   7.5194731268250293E-012  -9.5796419325117120E-014
   5.4067502837206190E-012  -1.0813431509316329E-013
   3.8804902616600364E-012  -1.0069698333389994E-013
   2.7801834269907014E-012  -8.5569098543392275E-014
   1.9885123261614586E-012  -6.8895522623389997E-014
   1.4199690304087441E-012  -5.3521777777255269E-014
   1.0123936656344357E-012  -4.0527698649484175E-014
   7.2071024047463690E-013  -3.0100422488473930E-014
   5.1230677571093662E-013  -2.2018060948634688E-014
   3.6364009198902644E-013  -1.5907589213920167E-014
   2.5774874202794261E-013  -1.1374461804527466E-014
   1.8243668146970572E-013  -8.0613440287362876E-015
   1.2895050915187928E-013  -5.6691908638063659E-015
   9.1018670902117375E-014  -3.9595165508315130E-015
   6.4155279252521267E-014  -2.7482404453438335E-015
   4.5156820383666223E-014  -1.8966045495587878E-015
   3.1739083913468863E-014  -1.3018907374881271E-015
   2.2275774660104882E-014  -8.8914447085472909E-016
   1.5610686259652969E-014  -6.0431002283784196E-016
   1.0922976770233416E-014  -4.0878678822122719E-016
   7.6306983015549445E-015  -2.7524358024897565E-016
   5.3218311785265851E-015  -1.8447207548716065E-016
   3.7050577296060601E-015  -1.2306211772905600E-016
   2.5746784479419287E-015  -8.1707818702470747E-017
   1.7856437348993489E-015  -5.3987247245421162E-017
   1.2358096250069121E-015  -3.5491684706459172E-017
   8.5334469593284530E-016  -2.3209420742016285E-017
   5.8780478330314819E-016  -1.5092833612697974E-017
   4.0381561305087712E-016  -9.7562060966302785E-018
   2.7660720166099070E-016  -6.2660377508033455E-018
   1.8886135528164329E-016  -3.9963318233020673E-018
   1.2848906900158674E-016  -2.5292322532149118E-018
   8.7065598922727955E-017  -1.5871293019115748E-018
   5.8730072510726814E-017  -9.8648396766990804E-019
   3.9412795102317211E-017  -6.0656649551063024E-019
   2.6293420321091304E-017  -3.6838713231770143E-019
   1.7421551253506991E-017  -2.2056002194092389E-019
   1.1451470568328244E-017  -1.2986198432806121E-019
   7.4569498063309695E-018  -7.4956322346772030E-020
   4.8021647514412531E-018  -4.2240794743761154E-020
   3.0518586591499568E-018  -2.3114765630907632E-020
   1.9089124561324088E-018  -1.2190199121940649E-020
   1.1710131117990016E-018  -6.1274287455568011E-021
   7.0058728002598924E-019  -2.8824371975425745E-021
   4.0394667442552278E-019  -1.2249581134040315E-021
   2.1674385110486513E-019  -4.3207506775558915E-022
   9.3316172785985813E-020  -9.1132096119498486E-023
   0.0000000000000000        0.0000000000000000     
