 Initial conditions outputted from a previous simulation. Time =    38.600000000000001     
   40.000000000000000        0.0000000000000000              500           1   38.600000000000001     
  -2.1987977952665404E-002 -0.12530773864863251     
  -1.7839126099699069E-002 -0.13528233204614148     
  -1.3093971262509581E-002 -0.14358751301809511     
  -7.6633511653860014E-003 -0.14994659450942938     
  -1.5540221016149436E-003 -0.15406498336990707     
   5.2593603435876230E-003 -0.15560593801013295     
   1.2707618099108385E-002 -0.15423982356457613     
   2.0671376588969621E-002 -0.14963118220613139     
   2.8949192448854470E-002 -0.14147738362114662     
   3.7239453460141951E-002 -0.12955195041075282     
   4.5137565123772379E-002 -0.11376744361661238     
   5.2148569780437866E-002  -9.4256571134930758E-002
   5.7730358916447545E-002  -7.1453705119179547E-002
   6.1372192997512065E-002  -4.6144789713422701E-002
   6.2695239479244491E-002  -1.9443681500902629E-002
   6.1541633342202737E-002   7.3300482671636467E-003
   5.8010892731286831E-002   3.2849208069110084E-002
   5.2422980203567948E-002   5.5985169902405540E-002
   4.5227670586135076E-002   7.5953245897477692E-002
   3.6911056210127371E-002   9.2368503420419232E-002
   2.7944618684140637E-002  0.10521846094362566     
   1.8780325836524392E-002  0.11476689656343994     
   9.8539775269803360E-003  0.12141069421078306     
   1.5596834931309942E-003  0.12553565902715699     
  -5.8032010491587483E-003  0.12742675008105539     
  -1.2076397321935028E-002  0.12725791429509056     
  -1.7249957389940195E-002  0.12513991319456141     
  -2.1425970165723864E-002  0.12118003470849044     
  -2.4760943477739331E-002  0.11551718991532192     
  -2.7415718430259042E-002  0.10832395692865045     
  -2.9528516923777972E-002   9.9789978844416136E-002
  -3.1208422552804035E-002   9.0105068584476394E-002
  -3.2537750371879802E-002   7.9450625045199952E-002
  -3.3575328749207718E-002   6.7998369114239204E-002
  -3.4360202706813080E-002   5.5911662691455172E-002
  -3.4916144307009490E-002   4.3345164817453319E-002
  -3.5253715350735390E-002   3.0442809014811879E-002
  -3.5370577503056673E-002   1.7337815558435454E-002
  -3.5257500556758567E-002   4.1547870921471025E-003
  -3.4908840171536885E-002  -8.9899717368786825E-003
  -3.4324280660086873E-002  -2.1988151741646322E-002
  -3.3499862127379064E-002  -3.4735927150050645E-002
  -3.2420837736960147E-002  -4.7129435116945534E-002
  -3.1060439309671312E-002  -5.9057927508764971E-002
  -2.9379194001567754E-002  -7.0395050652511754E-002
  -2.7325328690439424E-002  -8.0992142302505080E-002
  -2.4839950394712554E-002  -9.0675341555272099E-002
  -2.1865606119861991E-002  -9.9246340257497553E-002
  -1.8354193428802845E-002 -0.10648628871877949     
  -1.4271658554244815E-002 -0.11216101955547703     
  -9.5986190434834088E-003 -0.11602498451047763     
  -4.3281515388912386E-003 -0.11782264245355344     
   1.5355617906301371E-003 -0.11728788748892442     
   7.9732917929076809E-003 -0.11414345201647264     
   1.4938586269746734E-002 -0.10810341042638974     
   2.2337002090599700E-002  -9.8882943008061941E-002
   2.9999232984584342E-002  -8.6220536608102111E-002
   3.7654339377178429E-002  -6.9919333632499470E-002
   4.4915560077581948E-002  -4.9914322651951226E-002
   5.1298145531084201E-002  -2.6363231930135352E-002
   5.6285527711584155E-002   2.6452990590415470E-004
   5.9435521222837170E-002   2.9152616186301411E-002
   6.0482990936978447E-002   5.9203141416287672E-002
   5.9386320528791739E-002   8.9196024110530292E-002
   5.6302873712273285E-002  0.11797251782681677     
   5.1528324095802401E-002  0.14456645115346928     
   4.5441601086116022E-002  0.16826023398213680     
   3.8462902153818500E-002  0.18859065169053282     
   3.1011320705732492E-002  0.20533084568288892     
   2.3461917693282687E-002  0.21845709763865756     
   1.6116511699523085E-002  0.22810453309267140     
   9.1949801132545604E-003  0.23451945575432037     
   2.8398232101468409E-003  0.23801464424864502     
  -2.8730682174592380E-003  0.23893056386968550     
  -7.9196395162460728E-003  0.23760466047927406     
  -1.2313911721877950E-002  0.23435047593932737     
  -1.6096714329151367E-002  0.22944628238718934     
  -1.9323915189844644E-002  0.22313222187965012     
  -2.2057669502555177E-002  0.21561406047364079     
  -2.4358880767155179E-002  0.20707040227988224     
  -2.6281912053684818E-002  0.19766070650499074     
  -2.7872609126682636E-002  0.18753179534244849     
  -2.9167980656170565E-002  0.17682165053939164     
  -3.0195738444420729E-002  0.16565920726478681     
  -3.0975679567381460E-002  0.15416294241771647     
  -3.1522387737779052E-002  0.14244064749433438     
  -3.1846195883251778E-002  0.13059104529853077     
  -3.1956975586166406E-002  0.11870850644390561     
  -3.1861707260360562E-002  0.10688999608640495     
  -3.1553315394697072E-002   9.5239163517137557E-002
  -3.1009365281354024E-002   8.3866079528063575E-002
  -3.0191002296111297E-002   7.2885560479855033E-002
  -2.9051527960381105E-002   6.2416539202863379E-002
  -2.7545794813393695E-002   5.2589792040874411E-002
  -2.5625166899637810E-002   4.3554085893061534E-002
  -2.3233213447937093E-002   3.5473611646730012E-002
  -2.0313508310048151E-002   2.8528023758572336E-002
  -1.6831777039038983E-002   2.2918070879814449E-002
  -1.2744726486462698E-002   1.8867164492136559E-002
  -8.0210284976648654E-003   1.6628759552200580E-002
  -2.6847158592264281E-003   1.6482206978900807E-002
   3.2374922934230495E-003   1.8704973258533094E-002
   9.7000802788965255E-003   2.3553065248511588E-002
   1.6599809688345266E-002   3.1255061236616553E-002
   2.3783110307830237E-002   4.2004204196850699E-002
   3.1034634429545408E-002   5.5939026548707360E-002
   3.8052655506754837E-002   7.3149605190671457E-002
   4.4554096650806833E-002   9.3654160180070445E-002
   5.0264983548901028E-002  0.11740238876567098     
   5.4963881810653190E-002  0.14427080542373993     
   5.8457440923452723E-002  0.17393495110817664     
   6.0538715499296528E-002  0.20571726323214362     
   6.0928759238573056E-002  0.23843313794909485     
   5.9391140538020713E-002  0.27018848217785046     
   5.5894005502388280E-002  0.29849195787683397     
   5.0663064342413258E-002  0.32056439884701582     
   4.4089449694034936E-002  0.33395709531349371     
   3.6565648217858016E-002  0.33723069674751932     
   2.8501236482752771E-002  0.33019458163319609     
   2.0281009650149454E-002  0.31368924661323883     
   1.2259994665737937E-002  0.28917799234030606     
   4.7048316531832059E-003  0.25822231653366934     
  -2.2141823473265194E-003  0.22219547486920579     
  -8.4284243447671093E-003  0.18218201753382385     
  -1.3908815261382223E-002  0.13903831758448990     
  -1.8677397252447922E-002   9.3559322175407952E-002
  -2.2766597854514382E-002   4.6595601490961459E-002
  -2.6224140543629777E-002  -8.9278093820914289E-004
  -2.9097589391867042E-002  -4.7879896835736950E-002
  -3.1426427753491797E-002  -9.3380184785290435E-002
  -3.3261250122218228E-002 -0.13657738356970375     
  -3.4639547492610355E-002 -0.17691476804456294     
  -3.5602823309945526E-002 -0.21412313714800810     
  -3.6197880259596159E-002 -0.24820490631493422     
  -3.6471567237774803E-002 -0.27937817415221877     
  -3.6461161381160630E-002 -0.30799540629935335     
  -3.6185519614241143E-002 -0.33446485550735888     
  -3.5660064396856560E-002 -0.35918081637788085     
  -3.4900033760234740E-002 -0.38247675471865344     
  -3.3894977974695671E-002 -0.40460541223120544     
  -3.2603829512008312E-002 -0.42573774919824364     
  -3.0998317731516688E-002 -0.44597361963421717     
  -2.9067426993003426E-002 -0.46536158103327652     
  -2.6784699008143946E-002 -0.48391301774892825     
  -2.4118582181747322E-002 -0.50160832546843748     
  -2.1024304917867380E-002 -0.51838599995927015     
  -1.7424351279366947E-002 -0.53412677782533147     
  -1.3240985622643711E-002 -0.54862396274184388     
  -8.4479775275813837E-003 -0.56156405550803323     
  -3.0583824622383449E-003 -0.57254621378209691     
   2.9445645007607551E-003 -0.58110396419558374     
   9.5721905861372858E-003 -0.58672012232319926     
   1.6792701088043954E-002 -0.58884306107202633     
   2.4464206104678005E-002 -0.58686852700439784     
   3.2376338301966082E-002 -0.58018649035148917     
   4.0119892072101870E-002 -0.56831736595378468     
   4.7153131101143123E-002 -0.55110411322017083     
   5.2882153614261587E-002 -0.52887851467244806     
   5.6783709890594218E-002 -0.50249180152278328     
   5.8406450698359556E-002 -0.47325608289023846     
   5.7555355932137724E-002 -0.44282002526217823     
   5.4294396760353351E-002 -0.41297732536284287     
   4.8970200128188500E-002 -0.38548153162423615     
   4.1994999407503085E-002 -0.36187381361743276     
   3.3919914002816166E-002 -0.34327344070624966     
   2.5321541367932951E-002 -0.33028179649316836     
   1.6677082374514634E-002 -0.32299153873258235     
   8.3779292840246242E-003 -0.32109901373815436     
   7.7316024158727195E-004 -0.32404589523307015     
  -5.9912317559337441E-003 -0.33116774271457927     
  -1.1905802941266688E-002 -0.34182744016994326     
  -1.7039303146115774E-002 -0.35548605625895618     
  -2.1465808052750151E-002 -0.37170954349771496     
  -2.5269142138921223E-002 -0.39015858975654455     
  -2.8521998837570239E-002 -0.41052240615443270     
  -3.1259970199334838E-002 -0.43245094269556639     
  -3.3542489124509786E-002 -0.45553709141509607     
  -3.5414698693960418E-002 -0.47931589444906114     
  -3.6879342438989181E-002 -0.50330450962284168     
  -3.7948593350075034E-002 -0.52705359521861117     
  -3.8648025201795895E-002 -0.55017982231877460     
  -3.8976672197255743E-002 -0.57239664006068791     
  -3.8971163874860874E-002 -0.59351337482809152     
  -3.8689165320050595E-002 -0.61341880302918439     
  -3.8167937064885880E-002 -0.63207703114303626     
  -3.7434005887315824E-002 -0.64951639935021865     
  -3.6497990318181045E-002 -0.66582744262152693     
  -3.5344375443140168E-002 -0.68114595077441498     
  -3.3923725272997682E-002 -0.69561735911493139     
  -3.2188249899238103E-002 -0.70934849028581248     
  -3.0098593233555435E-002 -0.72236780143751333     
  -2.7587129831013520E-002 -0.73461715770822777     
  -2.4563491647469994E-002 -0.74596218964571503     
  -2.0958802799842476E-002 -0.75616771931796245     
  -1.6730134342179983E-002 -0.76487479616936349     
  -1.1843851754577996E-002 -0.77159699671877624     
  -6.2762769755246453E-003 -0.77575328685194622     
  -1.4001545768212291E-006 -0.77671291961893851     
   6.9370005304429296E-003 -0.77384751714797806     
   1.4439877565033206E-002 -0.76651281871585752     
   2.2355652484373482E-002 -0.75403525723800935     
   3.0400932484814600E-002 -0.73581125239603173     
   3.8143898286839492E-002 -0.71148805386616876     
   4.5044581099397969E-002 -0.68115936193280768     
   5.0421149734472766E-002 -0.64551243177829776     
   5.3626152420392474E-002 -0.60581318972110609     
   5.4186536057023504E-002 -0.56386897614584230     
   5.1986120999714704E-002 -0.52189394173293147     
   4.7326490659357054E-002 -0.48219698167913405     
   4.0781939191787853E-002 -0.44679178657606899     
   3.3044865034634475E-002 -0.41705336732509424     
   2.4767730316478626E-002 -0.39358087256721652     
   1.6431867908683628E-002 -0.37631425725549866     
   8.4237197983573295E-003 -0.36481834293581022     
   9.8748281583784328E-004 -0.35854628382721720     
  -5.7451947604692409E-003 -0.35693443270901853     
  -1.1724069162814245E-002 -0.35948064356600246     
  -1.6990718863999794E-002 -0.36575661506675478     
  -2.1605126800451895E-002 -0.37534960864587191     
  -2.5635792012998430E-002 -0.38785850528925631     
  -2.9147384984890012E-002 -0.40286272187728706     
  -3.2171333043133764E-002 -0.41985863333729262     
  -3.4757346513238030E-002 -0.43825702801643734     
  -3.6919022032333354E-002 -0.45739726361520966     
  -3.8644784094846507E-002 -0.47661718389959301     
  -3.9964570572082102E-002 -0.49529819358001242     
  -4.0947813257035233E-002 -0.51288430743629188     
  -4.1670191646966989E-002 -0.52887656254634252     
  -4.2160279533847933E-002 -0.54279201869164406     
  -4.2397322334627105E-002 -0.55416371292336730     
  -4.2329987893447649E-002 -0.56258077726029510     
  -4.1900767354606905E-002 -0.56773403499469521     
  -4.1117099570224233E-002 -0.56948055119222629     
  -4.0024953911673600E-002 -0.56787913193486661     
  -3.8604583058925730E-002 -0.56321053741764626     
  -3.6773011343574247E-002 -0.55595700091040789     
  -3.4419470805517390E-002 -0.54670706162044125     
  -3.1411210753145638E-002 -0.53604021339776620     
  -2.7653998599506201E-002 -0.52442749529249433     
  -2.3160124606220214E-002 -0.51219993254566609     
  -1.7968031370390641E-002 -0.49959957028019752     
  -1.2112350725460770E-002 -0.48682702958817659     
  -5.6297851456533592E-003 -0.47403777372902983     
   1.5008682508126073E-003 -0.46127725354660420     
   9.3745230422126336E-003 -0.44839339757655144     
   1.8006333887331420E-002 -0.43496685767211568     
   2.7301929568186167E-002 -0.42032591713453915     
   3.6914981440342040E-002 -0.40365004106643748     
   4.6183235507466017E-002 -0.38414137247231106     
   5.4237537084585272E-002 -0.36127497381116036     
   6.0251670937662795E-002 -0.33502302946620716     
   6.3642271286310892E-002 -0.30598341400687479     
   6.4188353287611744E-002 -0.27536291128888152     
   6.2046879234078797E-002 -0.24474395302873383     
   5.7704979222223014E-002 -0.21574937854976589     
   5.1719348588233439E-002 -0.18970253028467884     
   4.4658703055810642E-002 -0.16740153093896373     
   3.7053508208777813E-002 -0.14911580666591753     
   2.9276475898228325E-002 -0.13471858766377773     
   2.1581200552803995E-002 -0.12388239448973115     
   1.4169667740210131E-002 -0.11626315636065537     
   7.1724046303492973E-003 -0.11155595433681920     
   7.2483527228120492E-004 -0.10950058752671224     
  -5.0901669027825286E-003 -0.10984583973561345     
  -1.0232320383058085E-002 -0.11231499490773934     
  -1.4712140822671260E-002 -0.11661502352945935     
  -1.8597257791006377E-002 -0.12246468506126963     
  -2.1966970532081159E-002 -0.12962065342714224     
  -2.4901549949330734E-002 -0.13789675039916591     
  -2.7469768924629535E-002 -0.14716046672681110     
  -2.9698888801798568E-002 -0.15731017323942112     
  -3.1601182346783378E-002 -0.16825404098294830     
  -3.3168667794188735E-002 -0.17989132221631404     
  -3.4378791625191085E-002 -0.19209865716276339     
  -3.5207433559301955E-002 -0.20473235376611071     
  -3.5630831068521884E-002 -0.21763243805061894     
  -3.5637199577809371E-002 -0.23062692007300334     
  -3.5225835304850184E-002 -0.24354227058773317     
  -3.4405338739754716E-002 -0.25620050130624683     
  -3.3181901012809406E-002 -0.26842196659218515     
  -3.1560952026719435E-002 -0.28003302648246281     
  -2.9548169226754396E-002 -0.29086185760013888     
  -2.7145361231939179E-002 -0.30075183018726098     
  -2.4356912500187376E-002 -0.30956195921119356     
  -2.1180490306414244E-002 -0.31715065364022643     
  -1.7595059794248340E-002 -0.32337449382156730     
  -1.3591146461717803E-002 -0.32809693083549890     
  -9.1498464820114079E-003 -0.33118407571386110     
  -4.2606957330319998E-003 -0.33249023466508909     
   1.0644961385155643E-003 -0.33183532229747792     
   6.8188598996499457E-003 -0.32901646456935052     
   1.3005452053500129E-002 -0.32382870488093418     
   1.9601564920605583E-002 -0.31605591802909699     
   2.6521623689849432E-002 -0.30546217121840885     
   3.3590058162064389E-002 -0.29181835799451472     
   4.0526362398601981E-002 -0.27496321989297523     
   4.6944306000591372E-002 -0.25488172137534992     
   5.2372940904117350E-002 -0.23178591520977401     
   5.6306597017075535E-002 -0.20618496473242037     
   5.8291884258108016E-002 -0.17891920137431719     
   5.8034977175503148E-002 -0.15111443519197171     
   5.5484226994742238E-002 -0.12403542069846978     
   5.0845126963556697E-002  -9.8883435525451688E-002
   4.4525875374474354E-002  -7.6622244043501916E-002
   3.7050053969813194E-002  -5.7884869218068742E-002
   2.8969149910043158E-002  -4.2959910714977054E-002
   2.0785387644176621E-002  -3.1837315992527669E-002
   1.2894992430954245E-002  -2.4292876029034908E-002
   5.5673789315762523E-003  -1.9981205139030466E-002
  -1.0417006550353007E-003  -1.8507959888357736E-002
  -6.8641689117364011E-003  -1.9473907604247886E-002
  -1.1896112891397054E-002  -2.2500211584010336E-002
  -1.6177558661463341E-002  -2.7243003280554446E-002
  -1.9774108829350216E-002  -3.3399906738059044E-002
  -2.2762449692674335E-002  -4.0710521360106500E-002
  -2.5221078908099596E-002  -4.8953540136175970E-002
  -2.7225453311179454E-002  -5.7942842641286539E-002
  -2.8845857845825097E-002  -6.7524087897359947E-002
  -3.0145921323262988E-002  -7.7572080210124725E-002
  -3.1180313651275608E-002  -8.7987930936109029E-002
  -3.1991813250316165E-002  -9.8694833409363344E-002
  -3.2608949075161410E-002 -0.10963215433871558     
  -3.3045023060556705E-002 -0.12074851907527560     
  -3.3298390838346639E-002 -0.13199484321870836     
  -3.3353372389945936E-002 -0.14331788185951305     
  -3.3181303365720165E-002 -0.15465436787311496     
  -3.2741686122836809E-002 -0.16592563470708943     
  -3.1983665255796566E-002 -0.17703277158673925     
  -3.0847970815085789E-002 -0.18785253322614706     
  -2.9269296514871722E-002 -0.19823420797509644     
  -2.7179075550400097E-002 -0.20799750568213130     
  -2.4508768197484213E-002 -0.21693143955335839     
  -2.1193888387624951E-002 -0.22479421663020632     
  -1.7178941680739343E-002 -0.23131422797348083     
  -1.2423369280662887E-002 -0.23619221250464939     
  -6.9088540749031790E-003 -0.23910465413914286     
  -6.4899800141526832E-004 -0.23970888700407400     
   6.2971904714621448E-003 -0.23765164133993102     
   1.3807235368383906E-002 -0.23258487995868152     
   2.1674462272784117E-002 -0.22419509802451046     
   2.9591826748942202E-002 -0.21225251167155162     
   3.7153554665319076E-002 -0.19668076616105168     
   4.3888337250376636E-002 -0.17763423458378858     
   4.9326816346112343E-002 -0.15555358734887101     
   5.3086231904952833E-002 -0.13116502615371503     
   5.4940328777636618E-002 -0.10540744451333235     
   5.4847627635232654E-002  -7.9307645166363294E-002
   5.2934194661155384E-002  -5.3848602708762246E-002
   4.9448458316840770E-002  -2.9870013756665197E-002
   4.4709437473883805E-002  -8.0152510531864354E-003
   3.9060257548020769E-002   1.1281037805524573E-002
   3.2830118777579312E-002   2.7776210240743032E-002
   2.6305801156693533E-002   4.1384305459183264E-002
   1.9715016676720171E-002   5.2131805169172901E-002
   1.3223947668697857E-002   6.0114348757325450E-002
   6.9478807874482065E-003   6.5463313927715192E-002
   9.6864718534149909E-004   6.8326919380617399E-002
  -4.6492937865486401E-003   6.8864225230562209E-002
  -9.8487831421945702E-003   6.7246483023065171E-002
  -1.4575779055126538E-002   6.3660700299766296E-002
  -1.8779080134823024E-002   5.8312637948462871E-002
  -2.2412555100454059E-002   5.1428027432727064E-002
  -2.5439121486261883E-002   4.3251250154992205E-002
  -2.7835551455217829E-002   3.4040932270239799E-002
  -2.9596644412704643E-002   2.4062446955168550E-002
  -3.0737060063227753E-002   1.3578211542421972E-002
  -3.1289597769360397E-002   2.8375638367004775E-003
  -3.1299863256897126E-002  -7.9315581451686601E-003
  -3.0818588898750880E-002  -1.8527182197861279E-002
  -2.9893865532310132E-002  -2.8773149699064717E-002
  -2.8565824889169370E-002  -3.8514773398198900E-002
  -2.6865632975386092E-002  -4.7612370036470245E-002
  -2.4819072949911678E-002  -5.5935652707038451E-002
  -2.2453016999166301E-002  -6.3361707884694599E-002
  -1.9801535380890641E-002  -6.9777710465083839E-002
  -1.6908109348994876E-002  -7.5087087192123286E-002
  -1.3821940807290793E-002  -7.9215484561837399E-002
  -1.0589566216565927E-002  -8.2111936932142027E-002
  -7.2467512010728112E-003  -8.3742274085969612E-002
  -3.8178360269636499E-003  -8.4076297286939036E-002
  -3.2810458431578663E-004  -8.3076006209149234E-002
   3.1713939822991264E-003  -8.0695949110576981E-002
   6.5760680135234289E-003  -7.6905205168838725E-002
   9.7139934974242257E-003  -7.1731728643457643E-002
   1.2363017158356492E-002  -6.5315013284189039E-002
   1.4303103739760615E-002  -5.7939085389516129E-002
   1.5385811334813513E-002  -5.0017570840436329E-002
   1.5585719255048151E-002  -4.2025067999048683E-002
   1.5005343178602512E-002  -3.4402993598376980E-002
   1.3834641474904796E-002  -2.7484196122249182E-002
   1.2292947865408764E-002  -2.1463378783252156E-002
   1.0582258050852909E-002  -1.6408847045164338E-002
   8.8626350086064599E-003  -1.2294552695160841E-002
   7.2454961600178103E-003  -9.0349676780358892E-003
   5.7974987855019585E-003  -6.5145236774807828E-003
   4.5496126875454838E-003  -4.6089611038751177E-003
   3.5073481000897316E-003  -3.1988073986977533E-003
   2.6596957128259403E-003  -2.1768197343464686E-003
   1.9861556234418987E-003  -1.4513727590893749E-003
   1.4619776518116584E-003  -9.4716940449552874E-004
   1.0617343640804472E-003  -6.0427894501679667E-004
   7.6148564028890708E-004  -3.7632074691436594E-004
   5.3994681610598338E-004  -2.2833890964379171E-004
   3.7899255648506222E-004  -1.3466313444739526E-004
   2.6371333288494812E-004  -7.6927852337184193E-005
   1.8220273956035191E-004  -4.2346371413205588E-005
   1.2520900785903874E-004  -2.2268179842763800E-005
   8.5726028232429617E-005  -1.1012149461075514E-005
   5.8572009282990183E-005  -4.9583861145326347E-006
   3.9994658450048070E-005  -1.8706737346255814E-006
   2.7326957829686956E-005  -4.1080287798770914E-007
   1.8702616717600868E-005   1.9613399332173888E-007
   1.2831580951981930E-005   3.8318750478915516E-007
   8.8302994132610524E-006   3.8255959519638678E-007
   6.0975728813717942E-006   3.1241623188527858E-007
   4.2259510504464160E-006   2.2857921719407724E-007
   2.9397984372981746E-006   1.5425229680946234E-007
   2.0527004959572578E-006   9.6547985972449857E-008
   1.4384576838486211E-006   5.5346190284101540E-008
   1.0114561759884041E-006   2.7812789584701845E-008
   7.1344980569064023E-007   1.0546279246357968E-008
   5.0467819196957171E-007   4.8652459577972297E-010
   3.5789567960228372E-007  -4.7915518421437424E-009
   2.5435410406876468E-007  -7.0674703736794156E-009
   1.8109657618876314E-007  -7.5749185344588377E-009
   1.2912911184937422E-007  -7.1279581619972408E-009
   9.2181082265086772E-008  -6.2379139903496768E-009
   6.5862012878067190E-008  -5.2083330862782636E-009
   4.7085587741479089E-008  -4.2062937139326926E-009
   3.3674275369362507E-008  -3.3131326571185093E-009
   2.4086652915702948E-008  -2.5590097062964233E-009
   1.7228442777800454E-008  -1.9455208594174293E-009
   1.2320899659215452E-008  -1.4598914642105105E-009
   8.8087039303933599E-009  -1.0834817243534330E-009
   6.2952200263567670E-009  -7.9658540594041434E-010
   4.4968024200482081E-009  -5.8090080935836501E-010
   3.2104267798817311E-009  -4.2060403195325631E-010
   2.2906891916334960E-009  -3.0262823550101230E-010
   1.6334191431513660E-009  -2.1652642484749509E-010
   1.1639791784136248E-009  -1.5414518402785429E-010
   8.2889680052772191E-010  -1.0923950973735413E-010
   5.8987208797214104E-010  -7.7097749087517748E-011
   4.1948271643304443E-010  -5.4208974576938568E-011
   2.9810385235560496E-010  -3.7984100658253364E-011
   2.1169867479277388E-010  -2.6530717691664781E-011
   1.5023336183843741E-010  -1.8476190088738112E-011
   1.0654021962401389E-010  -1.2831533044766581E-011
   7.5502500505674966E-011  -8.8883724700541557E-012
   5.3470139720015900E-011  -6.1419786334558474E-012
   3.7841220930170914E-011  -4.2344071144579885E-012
   2.6762343679808488E-011  -2.9128839182636510E-012
   1.8914256586205850E-011  -1.9995899084081939E-012
   1.3358600612959729E-011  -1.3698733816138101E-012
   9.4284219654442959E-012  -9.3663494614200140E-013
   6.6500128518999542E-012  -6.3919601960164259E-013
   4.6871585418792908E-012  -4.3540145209993629E-013
   3.3013976989076930E-012  -2.9604069901294858E-013
   2.3237181987055196E-012  -2.0092217222517476E-013
   1.6344129543121456E-012  -1.3612066629645173E-013
   1.1487539303915337E-012  -9.2053585366315590E-014
   8.0681138633401821E-013  -6.2140445570303107E-014
   5.6622416494384894E-013  -4.1871402604240773E-014
   3.9706928145605797E-013  -2.8161676288997985E-014
   2.7822379027816446E-013  -1.8905209442231674E-014
   1.9478665377158602E-013  -1.2666781989664234E-014
   1.3625301553846597E-013  -8.4700933711978834E-015
   9.5222164025228503E-014  -5.6522024508801370E-015
   6.6483786999229584E-014  -3.7637454406038009E-015
   4.6372183566857322E-014  -2.5006661515481438E-015
   3.2310152969776745E-014  -1.6575936023648030E-015
   2.2487059208452004E-014  -1.0960607713838752E-015
   1.5631748330781529E-014  -7.2287879439886200E-016
   1.0852476147445337E-014  -4.7544741537723549E-016
   7.5241461113788883E-015  -3.1179439149128034E-016
   5.2089272114801749E-015  -2.0383325754019668E-016
   3.6004081784308996E-015  -1.3280756000914761E-016
   2.4843364437199145E-015  -8.6217942503788405E-017
   1.7110358430875993E-015  -5.5753149726407612E-017
   1.1760428964329106E-015  -3.5899520965385612E-017
   8.0652279676672453E-016  -2.3008229518490675E-017
   5.5174720081650028E-016  -1.4670792019638059E-017
   3.7642453483651724E-016  -9.3018051900902315E-018
   2.5603212289013348E-016  -5.8607266538373183E-018
   1.7355210421935739E-016  -3.6667711878448298E-018
   1.1719101215039014E-016  -2.2760405398936893E-018
   7.8788075306546758E-017  -1.4001606776161929E-018
   5.2705336163572972E-017  -8.5254284480257784E-019
   3.5054547410038677E-017  -5.1298673927431751E-019
   2.3159252107074862E-017  -3.0443347362252946E-019
   1.5180941938690818E-017  -1.7774597154143080E-019
   9.8595674792641139E-018  -1.0177871274205376E-019
   6.3336549710409363E-018  -5.6922538125885021E-020
   4.0157717269845626E-018  -3.0925410975852270E-020
   2.5064189053373727E-018  -1.6198845570165676E-020
   1.5345555488775377E-018  -8.0906150857789222E-021
   9.1652554988139294E-019  -3.7834497519455428E-021
   5.2770594648744913E-019  -1.5991945189406873E-021
   2.8282718512999329E-019  -5.6136519153989139E-022
   1.2164054584452236E-019  -1.1782836877461421E-022
   0.0000000000000000        0.0000000000000000     
