 Initial conditions outputted from a previous simulation. Time =    47.800000000000004     
   40.000000000000000        0.0000000000000000              500           1   47.800000000000004     
   4.0184711835485776E-002  0.11224084890484047     
   3.1840013784374496E-002  0.12559401599406750     
   2.3447757378858514E-002  0.13512835667144960     
   1.5286726865226148E-002  0.14102566012364434     
   7.6256801578397770E-003  0.14355302133192627     
   5.6285859115647345E-004  0.14305676883382890     
  -5.8065959216362512E-003  0.13986263485928313     
  -1.1462034172026948E-002  0.13430169610345052     
  -1.6416491137409332E-002  0.12668432347524930     
  -2.0703895375067793E-002  0.11729542417703741     
  -2.4372772428046884E-002  0.10639433391734528     
  -2.7477982356736996E-002   9.4214217833338373E-002
  -3.0076039701380394E-002   8.0963650103908311E-002
  -3.2222914713099834E-002   6.6829510339952242E-002
  -3.3973378259712889E-002   5.1980800162273806E-002
  -3.5382223715006572E-002   3.6574206483887803E-002
  -3.6507111651852317E-002   2.0762654200948565E-002
  -3.7411220977466228E-002   4.7082977380648108E-003
  -3.8160875252314014E-002  -1.1400411652332151E-002
  -3.8811634978011433E-002  -2.7333826149465789E-002
  -3.9382114514926750E-002  -4.2821117789353651E-002
  -3.9827939182114705E-002  -5.7575320621718995E-002
  -4.0036356782811290E-002  -7.1337278195202969E-002
  -3.9851907751894025E-002  -8.3915070302752026E-002
  -3.9120585003084331E-002  -9.5196144367479793E-002
  -3.7726618178465350E-002 -0.10512934769434734     
  -3.5606210115162892E-002 -0.11369317390266458     
  -3.2743211201531695E-002 -0.12086728091863155     
  -2.9159384610364266E-002 -0.12661184280378740     
  -2.4903187301399669E-002 -0.13085129292828143     
  -2.0034040880932528E-002 -0.13346198809313445     
  -1.4604683107401187E-002 -0.13426796053962925     
  -8.6513630818382658E-003 -0.13304660487145278     
  -2.1983122754714521E-003 -0.12953996053892461     
   4.7257641949497381E-003 -0.12346580510975105     
   1.2065922992528715E-002 -0.11452855872804700     
   1.9719831922712795E-002 -0.10243628118348026     
   2.7517117322751306E-002  -8.6931565481887532E-002
   3.5195164409469369E-002  -6.7844279610842884E-002
   4.2382840091090654E-002  -4.5169129396639425E-002
   4.8623832349035424E-002  -1.9150813705538106E-002
   5.3451885855793885E-002   9.6586597584574548E-003
   5.6484098895461299E-002   4.0404719178739196E-002
   5.7487507306838159E-002   7.2013673097364422E-002
   5.6406081087741554E-002  0.10332858250270834     
   5.3358960468519526E-002  0.13324621311662907     
   4.8616660742685155E-002  0.16082335521542757     
   4.2554214681225437E-002  0.18534687956042090     
   3.5589148563793048E-002  0.20636465447907135     
   2.8125673361926992E-002  0.22367603385377322     
   2.0520905475212906E-002  0.23729447261817771     
   1.3068828729254713E-002  0.24739877347749029     
   5.9905966958254267E-003  0.25427893567403170     
  -5.6934495073394183E-004  0.25827977247879835     
  -6.5357559249306510E-003  0.25975251884615103     
  -1.1885585727180731E-002  0.25902430740288473     
  -1.6629440877006484E-002  0.25638631250120297     
  -2.0796632000037198E-002  0.25209482543660755     
  -2.4424394178646908E-002  0.24637851812176578     
  -2.7550762931821904E-002  0.23944646928460744     
  -3.0210869652446525E-002  0.23149391055242416     
  -3.2436408294293145E-002  0.22270524873534825     
  -3.4257665412099167E-002  0.21325516589105245     
  -3.5706741318286141E-002  0.20330841979973149     
  -3.6819932847445384E-002  0.19301866678083737     
  -3.7637457350358193E-002  0.18252690052442502     
  -3.8199634408391789E-002  0.17196047133485629     
  -3.8539888301857610E-002  0.16143350573185544     
  -3.8676748471018277E-002  0.15104902100020398     
  -3.8608395656814766E-002  0.14090254059240950     
  -3.8312374665730557E-002  0.13108682136791691     
  -3.7750007330967561E-002  0.12169720764510090     
  -3.6873634385049439E-002  0.11283665500307499     
  -3.5634345320003577E-002  0.10461902609322571     
  -3.3986300804758715E-002   9.7170386097302844E-002
  -3.1887747488791855E-002   9.0629669797534090E-002
  -2.9299159943102969E-002   8.5148289618554959E-002
  -2.6179219146570808E-002   8.0888139903341996E-002
  -2.2478270211469038E-002   7.8023082288938034E-002
  -1.8140633203291498E-002   7.6746192556204976E-002
  -1.3115982137169453E-002   7.7274235211949469E-002
  -7.3604557881879456E-003   7.9850394614695827E-002
  -8.6867730336272295E-004   8.4755966493146595E-002
   6.3076199024988504E-003   9.2310913548191556E-002
   1.4055638753654757E-002  0.10284834412347155     
   2.2174269228897880E-002  0.11667786237127017     
   3.0358832356365710E-002  0.13403638650592431     
   3.8216813939103145E-002  0.15501880191334161     
   4.5283930485225221E-002  0.17949747894548251     
   5.1065730607037979E-002  0.20705734331749948     
   5.5118512435633885E-002  0.23697267523154461     
   5.7095924542592540E-002  0.26825624663796732     
   5.6833011815463949E-002  0.29974755603948156     
   5.4403615935264112E-002  0.33023560051081519     
   5.0041352806462013E-002  0.35861975678289437     
   4.4115834034679655E-002  0.38405194996111625     
   3.7095011273612782E-002  0.40598890025482665     
   2.9452626924260813E-002  0.42416987245232163     
   2.1611057949065055E-002  0.43857888305365611     
   1.3901974350534294E-002  0.44939601852723016     
   6.5290684829332809E-003  0.45691742704465904     
  -3.5607935450313082E-004  0.46147389407093237     
  -6.6772083373534729E-003  0.46339201123840562     
  -1.2414166250808044E-002  0.46297177901042896     
  -1.7572131979568164E-002  0.46048975228976607     
  -2.2180325786474223E-002  0.45622839577430946     
  -2.6267420130129431E-002  0.45051585601464422     
  -2.9832420158573469E-002  0.44375581110664797     
  -3.2841052553667732E-002  0.43642824647026884     
  -3.5243424513183665E-002  0.42903598797531417     
  -3.7017543212436228E-002  0.42197877415153878     
  -3.8209256166853278E-002  0.41535522692443105     
  -3.8943095550908260E-002  0.40874126436194719     
  -3.9377209031431125E-002  0.40103479962543614     
  -3.9625415738768079E-002  0.39048267953797727     
  -3.9740414809509475E-002  0.37496722126215254     
  -3.9734710951196121E-002  0.35248611904990784     
  -3.9622673740005609E-002  0.32164758785818170     
  -3.9401009766803427E-002  0.28196640500918552     
  -3.9021464729550565E-002  0.23386735366202444     
  -3.8401851163592488E-002  0.17846288030955473     
  -3.7460075742858714E-002  0.11726564780697619     
  -3.6141591951653493E-002   5.1944784162028919E-002
  -3.4405325204484853E-002  -1.5794639696674096E-002
  -3.2201791513052212E-002  -8.4217263239478063E-002
  -2.9477256593717922E-002 -0.15154163633503678     
  -2.6185117291305012E-002 -0.21600108886509781     
  -2.2278778062466191E-002 -0.27598665684914697     
  -1.7706098484144912E-002 -0.33019608948032414     
  -1.2419681472424256E-002 -0.37773910116696852     
  -6.4486684293696243E-003 -0.41815864038558481     
   1.9533727408889063E-004 -0.45132211509394426     
   7.4180457966228647E-003 -0.47728180703783885     
   1.5116961155760385E-002 -0.49613832539825042     
   2.3098530501978045E-002 -0.50795599370958655     
   3.1051226418443875E-002 -0.51279709009463004     
   3.8603028524308705E-002 -0.51080134705884650     
   4.5332350244988530E-002 -0.50237045041195927     
   5.0697055805578511E-002 -0.48830919024533032     
   5.4213281774528901E-002 -0.46988459602099120     
   5.5409946025702282E-002 -0.44881672866529287     
   5.4010854479653134E-002 -0.42709547731848169     
   5.0057364266030316E-002 -0.40677822178988310     
   4.3953586935114287E-002 -0.38977886288847452     
   3.6326061718577753E-002 -0.37763644759815218     
   2.7831393636615732E-002 -0.37140766298581179     
   1.9058430267711569E-002 -0.37156403713442088     
   1.0473231745810715E-002 -0.37800181435541713     
   2.3378791826970955E-003 -0.39021213866400606     
  -5.1561094383049599E-003 -0.40744020710377898     
  -1.1894816597795784E-002 -0.42888831048997073     
  -1.7888902614993801E-002 -0.45381215159940086     
  -2.3142597040556122E-002 -0.48151767245067734     
  -2.7649631211385483E-002 -0.51134819190428238     
  -3.1466817895696081E-002 -0.54262525969683029     
  -3.4684371488289546E-002 -0.57465780491439689     
  -3.7345142025189015E-002 -0.60679166513675897     
  -3.9491884910074909E-002 -0.63844624937566996     
  -4.1181587242133624E-002 -0.66917263469083810     
  -4.2447229646992442E-002 -0.69867499218425955     
  -4.3297816333337180E-002 -0.72681920651712806     
  -4.3788732903922142E-002 -0.75362446680895112     
  -4.3993376814690094E-002 -0.77924401757457173     
  -4.3943777290017701E-002 -0.80394354642782562     
  -4.3655026841421932E-002 -0.82806185124416376     
  -4.3143733551065329E-002 -0.85196190805587524     
  -4.2398935791260015E-002 -0.87598760545993293     
  -4.1385145850671531E-002 -0.90042118487615974     
  -4.0081190779037795E-002 -0.92545659647564826     
  -3.8480060397185135E-002 -0.95118214952490077     
  -3.6552878143630896E-002 -0.97757116534839772     
  -3.4268173674914769E-002  -1.0044758542687369     
  -3.1600441089984353E-002  -1.0316210450877870     
  -2.8516498840972314E-002  -1.0586139248701187     
  -2.4968072877862273E-002  -1.0849613238239246     
  -2.0906972125774474E-002  -1.1100913161638888     
  -1.6305871536295959E-002  -1.1333743039827417     
  -1.1123643025463578E-002  -1.1541389596505183     
  -5.3517044164781381E-003  -1.1717026248596838     
   1.0163875754823557E-003  -1.1853955407411665     
   7.9399005023535855E-003  -1.1945697501871302     
   1.5371617976398536E-002  -1.1986356981553443     
   2.3220239885993248E-002  -1.1970763542800669     
   3.1138307123278575E-002  -1.1895344602243731     
   3.8593433716540851E-002  -1.1759310788508919     
   4.5054715546251255E-002  -1.1566052698625409     
   4.9910288138075791E-002  -1.1324196883826212     
   5.2699075547153001E-002  -1.1047425810218483     
   5.3142217311082214E-002  -1.0754253059601115     
   5.1118987411977089E-002  -1.0466875438086518     
   4.6687987889381097E-002  -1.0207490925323628     
   4.0213717131089816E-002 -0.99947056640411791     
   3.2382335517251636E-002 -0.98407542150263505     
   2.3948888948518460E-002 -0.97502785108282009     
   1.5495554271876606E-002 -0.97213297972622204     
   7.4612757104998376E-003 -0.97474228537926699     
  -2.5607985149343091E-005 -0.98196956065570551     
  -6.9371840944720091E-003 -0.99284667433137952     
  -1.3191227897799118E-002  -1.0064652563185328     
  -1.8730117341595773E-002  -1.0221147825504238     
  -2.3555800831275123E-002  -1.0392593940463108     
  -2.7680616167628260E-002  -1.0574688343796852     
  -3.1163054352811782E-002  -1.0763327978038175     
  -3.4101572072752967E-002  -1.0953862460070791     
  -3.6599680592274461E-002  -1.1141368235450222     
  -3.8682161730147005E-002  -1.1321444658737776     
  -4.0344882640642080E-002  -1.1490944898913082     
  -4.1571111462712286E-002  -1.1648476200147933     
  -4.2323609441235296E-002  -1.1794379456383042     
  -4.2605846093215133E-002  -1.1930548952139968     
  -4.2541674235186268E-002  -1.2060200309010134     
  -4.2292126955324236E-002  -1.2187674766523775     
  -4.1927922521070200E-002  -1.2318181494897014     
  -4.1456735849928539E-002  -1.2457066130211323     
  -4.0851365836263559E-002  -1.2608658182748353     
  -4.0088046309385471E-002  -1.2775291376544973     
  -3.9166055546562210E-002  -1.2956785176627954     
  -3.8083143876727836E-002  -1.3150839784792629     
  -3.6758985647221576E-002  -1.3354144053310559     
  -3.5060181815679145E-002  -1.3562956181027903     
  -3.2891741919647194E-002  -1.3773320572519050     
  -3.0251306734056252E-002  -1.3980445590242592     
  -2.7154400206099810E-002  -1.4177758226626784     
  -2.3619787937564106E-002  -1.4357115880668041     
  -1.9663241029459766E-002  -1.4509015246672192     
  -1.5267434432158191E-002  -1.4623398826524971     
  -1.0372827767860278E-002  -1.4690594542772673     
  -4.9053399307326150E-003  -1.4701136245320616     
   1.1583400651381170E-003  -1.4646399212683365     
   7.7468986495540706E-003  -1.4518825892907339     
   1.4700153274093634E-002  -1.4312290958110405     
   2.1767661711574859E-002  -1.4023506219152713     
   2.8672129371222439E-002  -1.3652084057781095     
   3.5128616432661935E-002  -1.3202090895869294     
   4.0787312707316926E-002  -1.2683722127554522     
   4.5304153746571020E-002  -1.2113107974629944     
   4.8403960306375039E-002  -1.1512146119072884     
   4.9899388587373236E-002  -1.0904985197297694     
   4.9738873358040246E-002  -1.0314632577122804     
   4.7968565290291275E-002 -0.97622527109115231     
   4.4629160414480652E-002 -0.92667516702442221     
   3.9771844745899905E-002 -0.88452014642843813     
   3.3667075100527431E-002 -0.85105366154825046     
   2.6819971921484356E-002 -0.82665909969113338     
   1.9766866886268924E-002 -0.81061876339227068     
   1.2970400907425636E-002 -0.80127721348128789     
   6.7613143261104356E-003 -0.79659269392027798     
   1.2396026817110143E-003 -0.79478180119885622     
  -3.6287626054885692E-003 -0.79462315315656018     
  -7.8903231478242072E-003 -0.79549963542409952     
  -1.1572388142009093E-002 -0.79722329801204261     
  -1.4747901933045086E-002 -0.79980633907709242     
  -1.7495647170918734E-002 -0.80330475549975078     
  -1.9866297975125114E-002 -0.80772508785194019     
  -2.1882815139365863E-002 -0.81300468322565123     
  -2.3545349251541378E-002 -0.81902466932452911     
  -2.4850150256716011E-002 -0.82563047086823127     
  -2.5821224713612312E-002 -0.83265555794821222     
  -2.6509512609414872E-002 -0.83994291388979281     
  -2.6994286507432175E-002 -0.84736552490103623     
  -2.7360473117100336E-002 -0.85484507303472179     
  -2.7671895862676012E-002 -0.86235778936442853     
  -2.7952309766848014E-002 -0.86992586799135607     
  -2.8180450998408376E-002 -0.87759317410190352     
  -2.8292141955459989E-002 -0.88539200858381306     
  -2.8196627087932292E-002 -0.89331362299465122     
  -2.7796477784465357E-002 -0.90128615354080954     
  -2.7004083517364535E-002 -0.90917035733482965     
  -2.5764017997609075E-002 -0.91676877251117328     
  -2.4030042538817360E-002 -0.92384700190269664     
  -2.1782681774545131E-002 -0.93015547233924933     
  -1.9004055811081062E-002 -0.93545021412675522     
  -1.5691789121684504E-002 -0.93949944410931752     
  -1.1873920651102725E-002 -0.94208271216469719     
  -7.5590699227898756E-003 -0.94299402497141116     
  -2.7698123761542128E-003 -0.94202801741205078     
   2.4600633799557116E-003 -0.93898600368037055     
   8.0957545543845454E-003 -0.93367650828807691     
   1.4043766024736757E-002 -0.92591825738606182     
   2.0218087442966867E-002 -0.91555626403914425     
   2.6527131623694383E-002 -0.90247809321205097     
   3.2798324474465332E-002 -0.88661074445961441     
   3.8826508544833840E-002 -0.86797895880097264     
   4.4371137595438127E-002 -0.84670237013305838     
   4.9143081742150194E-002 -0.82301688457420175     
   5.2893923702845527E-002 -0.79730430763677884     
   5.5410018488752918E-002 -0.77007030110944630     
   5.6509284193467554E-002 -0.74190708235185643     
   5.6108084343519778E-002 -0.71350364664417820     
   5.4313317440483379E-002 -0.68559701963132236     
   5.1336610961545355E-002 -0.65884990523798326     
   4.7395881036650211E-002 -0.63373686215026814     
   4.2675011524031942E-002 -0.61057871785438500     
   3.7305314981105377E-002 -0.58965029957849602     
   3.1416767297549754E-002 -0.57119778853765346     
   2.5177910090813251E-002 -0.55539528407612404     
   1.8778840132365408E-002 -0.54232221374803025     
   1.2398505230486872E-002 -0.53197449079469217     
   6.1970679274795945E-003 -0.52427678093037022     
   3.1747006969856407E-004 -0.51908868285992038     
  -5.1236971492900152E-003 -0.51621595038641166     
  -1.0047655148971829E-002 -0.51542871448430450     
  -1.4415201870476449E-002 -0.51648174223438759     
  -1.8219006860512456E-002 -0.51913189879816524     
  -2.1470739363535950E-002 -0.52314811350076751     
  -2.4188167973265246E-002 -0.52831214308632279     
  -2.6388400068924751E-002 -0.53441372496874562     
  -2.8089373981086050E-002 -0.54124607326546748     
  -2.9315816534421269E-002 -0.54860589847903429     
  -3.0104382216989991E-002 -0.55629853111268435     
  -3.0505032492918159E-002 -0.56414586256845045     
  -3.0578503181333729E-002 -0.57199411687462032     
  -3.0391213250116803E-002 -0.57971946221150950     
  -3.0008970648062017E-002 -0.58723062171793816     
  -2.9490160475999446E-002 -0.59446807067468987     
  -2.8878988642500970E-002 -0.60139943274880536     
  -2.8199996164083124E-002 -0.60801110734493169     
  -2.7455408449044132E-002 -0.61429728661388883     
  -2.6625994783234658E-002 -0.62024867397920713     
  -2.5674318738721273E-002 -0.62584323839205480     
  -2.4547970062240004E-002 -0.63103984272237312     
  -2.3180778601013516E-002 -0.63577356653927142     
  -2.1491955207203151E-002 -0.63995056967274078     
  -1.9385137632542522E-002 -0.64344113316870089     
  -1.6749960339253703E-002 -0.64607134294059987     
  -1.3467736706270555E-002 -0.64761529659149986     
  -9.4212091787920990E-003 -0.64778980219885496     
  -4.5075315054091932E-003 -0.64625260879997493     
   1.3457140276668083E-003 -0.64260444989705434     
   8.1603849201385172E-003 -0.63639573246928327     
   1.5882160400540243E-002 -0.62714091375375125     
   2.4350101670906527E-002 -0.61434686326710375     
   3.3266784849749265E-002 -0.59756425618925701     
   4.2181000282431630E-002 -0.57647031592015541     
   5.0500747142960947E-002 -0.55098224132963725     
   5.7553548951148545E-002 -0.52137960444401432     
   6.2697488427373993E-002 -0.48838626108698546     
   6.5459240149338765E-002 -0.45314974402250968     
   6.5647878487705535E-002 -0.41708654235362091     
   6.3390093109074994E-002 -0.38163412283939857     
   5.9068583917915640E-002 -0.34801256457004953     
   5.3199744439148204E-002 -0.31708951466370811     
   4.6313334245027420E-002 -0.28936923444562784     
   3.8875595709580379E-002 -0.26506019335525066     
   3.1257647936700203E-002 -0.24416418146692773     
   2.3731451181058336E-002 -0.22655544635654346     
   1.6479818287122458E-002 -0.21204130647402464     
   9.6146182288088071E-003 -0.20040358595163996     
   3.1982712352890815E-003 -0.19142231138892432     
  -2.7369394921755988E-003 -0.18488563777376171     
  -8.1748244855988673E-003 -0.18059143015700621     
  -1.3106431344871735E-002 -0.17834498573119362     
  -1.7524935056502076E-002 -0.17795549871023336     
  -2.1422922918742229E-002 -0.17923247966687206     
  -2.4791218692721887E-002 -0.18198259923271276     
  -2.7618919117730664E-002 -0.18600717911887776     
  -2.9894555160899297E-002 -0.19110064422218509     
  -3.1608095179065404E-002 -0.19705031135089471     
  -3.2753223521651463E-002 -0.20363769652424088     
  -3.3329270771005198E-002 -0.21064120213353779     
  -3.3342303085723141E-002 -0.21783977072151856     
  -3.2805093378637976E-002 -0.22501690662541152     
  -3.1735960817064611E-002 -0.23196438335075401     
  -3.0156726716489696E-002 -0.23848499607665016     
  -2.8090251081498957E-002 -0.24439388945102841     
  -2.5558172521193155E-002 -0.24951828311304666     
  -2.2579527712773051E-002 -0.25369580365956945     
  -1.9170779949013911E-002 -0.25677203074591437     
  -1.5347381937990748E-002 -0.25859813236766815     
  -1.1126411423364391E-002 -0.25902942644129473     
  -6.5292999568327932E-003 -0.25792523795494571     
  -1.5836275201537599E-003 -0.25514957299622598     
   3.6761949714070709E-003 -0.25057127758678321     
   9.2076507811668859E-003 -0.24406226131613981     
   1.4954163975058441E-002 -0.23549401041430992     
   2.0828845542666570E-002 -0.22473666975324039     
   2.6683919542003748E-002 -0.21167122287840848     
   3.2270129135644719E-002 -0.19623123488899058     
   3.7207933602650109E-002 -0.17848817665186126     
   4.1010937418816076E-002 -0.15876972306863824     
   4.3195415000528495E-002 -0.13775123331122302     
   4.3454636890750492E-002 -0.11642655603020410     
   4.1802408012147713E-002  -9.5912810713208063E-002
   3.8581550287407736E-002  -7.7171656984449749E-002
   3.4328572993806837E-002  -6.0809720759840778E-002
   2.9594956467647954E-002  -4.7049552208338709E-002
   2.4829798841168371E-002  -3.5823714517883014E-002
   2.0345085142946331E-002  -2.6893818950881797E-002
   1.6326617804245398E-002  -1.9942838263158489E-002
   1.2859760186215947E-002  -1.4636041631479279E-002
   9.9588477675549743E-003  -1.0656698122208510E-002
   7.5935324338067267E-003  -7.7232013091983439E-003
   5.7081490395069030E-003  -5.5954422014355487E-003
   4.2354453991651862E-003  -4.0756181543633325E-003
   3.1064953598806590E-003  -3.0054187484455032E-003
   2.2569077014475427E-003  -2.2609810379503855E-003
   1.6297798083744510E-003  -1.7471152696860867E-003
   1.1764773091858555E-003  -1.3918181237209874E-003
   8.5613661913425099E-004  -1.1416314600409443E-003
   6.3469286135228405E-004  -9.5804450714109552E-004
   4.8410688764923357E-004  -8.1470819203415781E-004
   3.8196698061409911E-004  -6.9501055851119988E-004
   3.1122116412471711E-004  -5.8971280130972880E-004
   2.5974658925716942E-004  -4.9463968056545908E-004
   2.1962522087686130E-004  -4.0861004561744055E-004
   1.8618892539513842E-004  -3.3181430261675912E-004
   1.5701586826491530E-004  -2.6473861285470225E-004
   1.3105420677747044E-004  -2.0759422221173552E-004
   1.0796451139885432E-004  -1.6012083531096187E-004
   8.7689525087779593E-005  -1.2161604941078511E-004
   7.0212968553908067E-005  -9.1069222491621798E-005
   5.5452639359682700E-005  -6.7317656550505348E-005
   4.3235289104910261E-005  -4.9180255712751829E-005
   3.3312654526206423E-005  -3.5551748927815189E-005
   2.5392161773712434E-005  -2.5457327403808472E-005
   1.9167635097650534E-005  -1.8075303409853027E-005
   1.4343438119814426E-005  -1.2737487450311432E-005
   1.0650304287559398E-005  -8.9161484421174922E-006
   7.8536239007853312E-006  -6.2044398192360994E-006
   5.7559745149864276E-006  -4.2950063047640648E-006
   4.1958132178954677E-006  -2.9596112672078199E-006
   3.0439524739961826E-006  -2.0312358333255804E-006
   2.1990246795434795E-006  -1.3891829067226949E-006
   1.5827464212039929E-006  -9.4716561532514292E-007
   1.1354678781389459E-006  -6.4406746291622773E-007
   8.1225270425333358E-007  -4.3694509265195495E-007
   5.7957600418941903E-007  -2.9583196453523287E-007
   4.1263344159323609E-007  -1.9994111354612753E-007
   2.9320334979411629E-007  -1.3492708460564345E-007
   2.0798178071831992E-007  -9.0933573177634256E-008
   1.4730662270908661E-007  -6.1214432693450680E-008
   1.0419275026387688E-007  -4.1167439198978288E-008
   7.3610341582347448E-008  -2.7661846990825512E-008
   5.1949996612361759E-008  -1.8573106225437671E-008
   3.6629354395157913E-008  -1.2462510213887060E-008
   2.5805666452829120E-008  -8.3575568242885643E-009
   1.8166954013334683E-008  -5.6019022876706982E-009
   1.2780985082312401E-008  -3.7531731750342709E-009
   8.9865099704603470E-009  -2.5135558323147069E-009
   6.3152067294759024E-009  -1.6827563159302962E-009
   4.4358359441001324E-009  -1.1261828214712186E-009
   3.1143909514028614E-009  -7.5346035855172623E-010
   2.1857272495806972E-009  -5.0394316450017162E-010
   1.5334047182045086E-009  -3.3695766408238071E-010
   1.0753901279433133E-009  -2.2523824635757480E-010
   7.5393167992194904E-010  -1.5051505157439802E-010
   5.2839773634367456E-010  -1.0055054958914049E-010
   3.7021791096125779E-010  -6.7150508145751283E-011
   2.5931299548885352E-010  -4.4829729472879014E-011
   1.8157783771547511E-010  -2.9917453323603403E-011
   1.2710803155447431E-010  -1.9957803153027334E-011
   8.8951502952469461E-011  -1.3308117614504035E-011
   6.2230173018733396E-011  -8.8699421312861127E-012
   4.3522336886159941E-011  -5.9089186923141373E-012
   3.0428585736648986E-011  -3.9342275082823136E-012
   2.1266862755172820E-011  -2.6179096463710867E-012
   1.4858322859419765E-011  -1.7408901680250719E-012
   1.0377012148818694E-011  -1.1568730493313326E-012
   7.2443822018542363E-012  -7.6819578071227372E-013
   5.0552894984300198E-012  -5.0968562269573858E-013
   3.5260972796430106E-012  -3.3786830047724487E-013
   2.4582881810951960E-012  -2.2375630523905628E-013
   1.7129585582171431E-012  -1.4803066903342428E-013
   1.1929448068719113E-012  -9.7822766998077837E-014
   8.3030106069643063E-013  -6.4565482970630578E-014
   5.7752820794870267E-013  -4.2558894674086857E-014
   4.0143194961826695E-013  -2.8013250475454366E-014
   2.7882293472700301E-013  -1.8410675762819501E-014
   1.9350727148759356E-013  -1.2079652379104673E-014
   1.3418073427203826E-013  -7.9114859563608082E-015
   9.2955709327709404E-014  -5.1714863242373078E-015
   6.4331055202955491E-014  -3.3732980549082130E-015
   4.4471923162020121E-014  -2.1953157606893239E-015
   3.0706436067006445E-014  -1.4251304970812599E-015
   2.1174046704909062E-014  -9.2263557536095134E-016
   1.4579955749059371E-014  -5.9554528024833020E-016
   1.0023667415490325E-014  -3.8316523675220502E-016
   6.8793517281545543E-015  -2.4564393021635399E-016
   4.7123959863721594E-015  -1.5686201180564461E-016
   3.2212265242632267E-015  -9.9733752756237255E-017
   2.1967692098623064E-015  -6.3106357724930702E-017
   1.4942165545622349E-015  -3.9716589999216142E-017
   1.0133772351619374E-015  -2.4846204641270719E-017
   6.8500788004633626E-016  -1.5438655829998528E-017
   4.6131250224514127E-016  -9.5198645817841691E-018
   3.0934373452016720E-016  -5.8191146539872402E-018
   2.0642325307281620E-016  -3.5214551622344726E-018
   1.3696629771449250E-016  -2.1063646442327859E-018
   9.0281864643712470E-017  -1.2428888070632264E-018
   5.9050339550672131E-017  -7.2167264334793924E-019
   3.8271095467870035E-017  -4.1104029971615392E-019
   2.4535811464242724E-017  -2.2870985819430018E-019
   1.5527294208579087E-017  -1.2364532748660457E-019
   9.6742220814147107E-018  -6.4461732769613143E-020
   5.9135251956014013E-018  -3.2052285622504179E-020
   3.5268691419332128E-018  -1.4925908317674018E-020
   2.0281937343899835E-018  -6.2845171615948810E-021
   1.0859293174353599E-018  -2.1983712969247044E-021
   4.6660802236256397E-019  -4.5979935595997298E-022
   0.0000000000000000        0.0000000000000000     
