 Initial conditions outputted from a previous simulation. Time =    22.400000000000002     
   40.000000000000000        0.0000000000000000              500           1   22.400000000000002     
   2.9371262635172111E-003 -0.14947051209278517     
   1.0187976587219547E-002 -0.14904656966286345     
   1.8011579677356223E-002 -0.14548627082989882     
   2.6226133075020201E-002 -0.13847192945544232     
   3.4561373805153360E-002 -0.12774500218474039     
   4.2645893727929630E-002 -0.11316650972988980     
   5.0008371377981947E-002  -9.4790186172102595E-002
   5.6116751573883794E-002  -7.2947321498036274E-002
   6.0442424100714688E-002  -4.8310899723961256E-002
   6.2558774032641790E-002  -2.1899875167082389E-002
   6.2240169892254130E-002   5.0110136177765460E-003
   5.9521279431626120E-002   3.1069189726845525E-002
   5.4687568265290754E-002   5.5051470720934394E-002
   4.8201482858171066E-002   7.6022865045564200E-002
   4.0599881624827000E-002   9.3400896555684343E-002
   3.2402111701072087E-002  0.10693214752127847     
   2.4050077890193006E-002  0.11661987687870856     
   1.5881855813366520E-002  0.12264207618762997     
   8.1309690955768971E-003  0.12528312628621102     
   9.4252892312597419E-004  0.12488482327044016     
  -5.6024910908779833E-003  0.12181146680444969     
  -1.1464515853700100E-002  0.11642222669514733     
  -1.6631130092648667E-002  0.10904972246189076     
  -2.1110878901010894E-002   9.9987953348665393E-002
  -2.4929562734386370E-002   8.9490120083815627E-002
  -2.8125591843168339E-002   7.7772309707278511E-002
  -3.0745370639915719E-002   6.5018892995409222E-002
  -3.2840115166862367E-002   5.1388458131935585E-002
  -3.4463298693099526E-002   3.7020364220736443E-002
  -3.5667482610855186E-002   2.2041136642184673E-002
  -3.6500751295248497E-002   6.5695493709349000E-003
  -3.7003755708834046E-002  -9.2800000288071026E-003
  -3.7207853894625283E-002  -2.5395440240447618E-002
  -3.7134218669612501E-002  -4.1665604215274897E-002
  -3.6793643825428254E-002  -5.7978738435097710E-002
  -3.6186736816322215E-002  -7.4220500283695381E-002
  -3.5304173139077182E-002  -9.0271317722126543E-002
  -3.4127077623949696E-002 -0.10600323809032239     
  -3.2627906418294834E-002 -0.12127670262637164     
  -3.0771588377799534E-002 -0.13593771881848588     
  -2.8516148152488655E-002 -0.14981533822374726     
  -2.5812927854210004E-002 -0.16271903947485400     
  -2.2607430851731031E-002 -0.17443599497742257     
  -1.8841459060766286E-002 -0.18472866814165462     
  -1.4457028964700219E-002 -0.19333365370601269     
  -9.4029769224254264E-003 -0.19996248229466734     
  -3.6450201302789154E-003 -0.20430458663374607     
   2.8207503654248947E-003 -0.20603273946460438     
   9.9517382772269253E-003 -0.20481217796159440     
   1.7641448474875233E-002 -0.20031601955345615     
   2.5702706808338222E-002 -0.19225107179096079     
   3.3854143607447401E-002 -0.18039882448611802     
   4.1714448371972405E-002 -0.16467478647555864     
   4.8812117902364942E-002 -0.14520361263179604     
   5.4620957445178163E-002 -0.12239609939237976     
   5.8628563966118728E-002  -9.6998684001202942E-002
   6.0431804726772405E-002  -7.0076686781554112E-002
   5.9832594708244494E-002  -4.2906434843846479E-002
   5.6893591073454611E-002  -1.6794180248717885E-002
   5.1924098311902533E-002   7.1148963098796991E-003
   4.5400907780092946E-002   2.7967559068060300E-002
   3.7861533991295479E-002   4.5242953115104942E-002
   2.9812583657638347E-002   5.8720524522903564E-002
   2.1675616700656354E-002   6.8413118156247094E-002
   1.3769185071903214E-002   7.4494912086218765E-002
   6.3141979655638707E-003   7.7238682717930246E-002
  -5.5053490404145420E-004   7.6966835322082608E-002
  -6.7511392176283751E-003   7.4016403495305555E-002
  -1.2262980021435485E-002   6.8716747843225970E-002
  -1.7096417634931811E-002   6.1377377197275665E-002
  -2.1284237360707788E-002   5.2282278689102873E-002
  -2.4871308074221651E-002   4.1687844935721460E-002
  -2.7907095291387379E-002   2.9823222279230347E-002
  -3.0441151845409919E-002   1.6892036790421342E-002
  -3.2519758474823468E-002   3.0747495483201596E-003
  -3.4183386865572561E-002  -1.1468462311681976E-002
  -3.5465427215681175E-002  -2.6595014579246373E-002
  -3.6392520073178919E-002  -4.2177868840868479E-002
  -3.6986395038189679E-002  -5.8103336808428295E-002
  -3.7264374138326922E-002  -7.4268045252221720E-002
  -3.7238822240089051E-002  -9.0574229171495907E-002
  -3.6917525934684635E-002 -0.10692316832759381     
  -3.6304585063731638E-002 -0.12320843428612159     
  -3.5397851631273847E-002 -0.13931088653407675     
  -3.4183398399675810E-002 -0.15509679361243633     
  -3.2630279281487047E-002 -0.17041598572093378     
  -3.0692213177797561E-002 -0.18510054307474075     
  -2.8322757236599373E-002 -0.19896764406199446     
  -2.5474758371232472E-002 -0.21182085335911455     
  -2.2092549980783294E-002 -0.22344358170368578     
  -1.8118283771733631E-002 -0.23359104760832569     
  -1.3499478753026593E-002 -0.24198383984549063     
  -8.2287102524208761E-003 -0.24830929286378914     
  -2.2999707227627582E-003 -0.25224052869742791     
   4.2667073114703493E-003 -0.25344221548393442     
   1.1371386117323471E-002 -0.25158091637323832     
   1.8864928677646380E-002 -0.24636939855558926     
   2.6570634655132729E-002 -0.23760367949666625     
   3.4215904288041506E-002 -0.22518614364609271     
   4.1431250204966699E-002 -0.20916374249020656     
   4.7826349915803611E-002 -0.18978887697140867     
   5.2997423495608376E-002 -0.16753507692325137     
   5.6624067441345592E-002 -0.14309779869722103     
   5.8457762543039762E-002 -0.11735796801170077     
   5.8294340889590041E-002  -9.1300091179278620E-002
   5.6047218029931734E-002  -6.5955033339369445E-002
   5.1798046114611404E-002  -4.2343278281332768E-002
   4.5787777237010038E-002  -2.1377973862534382E-002
   3.8451131364737559E-002  -3.7655619844620247E-003
   3.0356485894469116E-002   1.0036137074711239E-002
   2.2036355445466928E-002   1.9859104811403933E-002
   1.3891930228193803E-002   2.5781356917128861E-002
   6.1381784029791026E-003   2.8015281913140604E-002
  -1.0554240733058899E-003   2.6789018703169434E-002
  -7.5941130203553281E-003   2.2317288764577434E-002
  -1.3450706150033354E-002   1.4776404090975061E-002
  -1.8632236824593220E-002   4.3207667926009816E-003
  -2.3155987290941628E-002  -8.8858099130479339E-003
  -2.7052943191097779E-002  -2.4652992335338044E-002
  -3.0331042921293447E-002  -4.2747013678607657E-002
  -3.2996449308626760E-002  -6.2883778535269497E-002
  -3.5058167467699929E-002  -8.4731714518429979E-002
  -3.6536820274530431E-002 -0.10791568141024008     
  -3.7481966110439753E-002 -0.13202498893815284     
  -3.7969334056009989E-002 -0.15662693416291690     
  -3.8093064283445020E-002 -0.18127755264624945     
  -3.7931365681943802E-002 -0.20555242710394026     
  -3.7539288804129170E-002 -0.22907971701442589     
  -3.6939548150511002E-002 -0.25157487531754169     
  -3.6123919076429339E-002 -0.27286509466337733     
  -3.5069500067565262E-002 -0.29289042716884445     
  -3.3749152803237162E-002 -0.31167992107671461     
  -3.2138207924129199E-002 -0.32930719511877976     
  -3.0198078007307151E-002 -0.34584103762350993     
  -2.7889200187008828E-002 -0.36129874359275294     
  -2.5178821759855183E-002 -0.37561105934793432     
  -2.2045472801050563E-002 -0.38860605637434753     
  -1.8477480787252070E-002 -0.40001426945176471     
  -1.4440428425034001E-002 -0.40948580848877697     
  -9.8872083070243016E-003 -0.41661911528544199     
  -4.7724247011621266E-003 -0.42099948766976480     
   1.0046967034151163E-003 -0.42222950914539042     
   7.4889816650884631E-003 -0.41995009332580241     
   1.4659186873284970E-002 -0.41385839216867032     
   2.2409794651217951E-002 -0.40371192547689788     
   3.0500163373720707E-002 -0.38934886693292103     
   3.8515479314897925E-002 -0.37072364883597858     
   4.5944976504013683E-002 -0.34802048502551930     
   5.2180199416182196E-002 -0.32173230358918881     
   5.6691967748318348E-002 -0.29271378379405921     
   5.9024926173864602E-002 -0.26212626405142336     
   5.8932913983451789E-002 -0.23124099985268731     
   5.6419584397612986E-002 -0.20128494336334893     
   5.1733795242660488E-002 -0.17338504032179444     
   4.5276387918035184E-002 -0.14855439031328960     
   3.7606622896867149E-002 -0.12769280014505399     
   2.9281090860570423E-002 -0.11142754716542011     
   2.0840098566993599E-002  -9.9958862863420886E-002
   1.2670018236811010E-002  -9.3027362349585141E-002
   5.0766412167350151E-003  -9.0024638177268357E-002
  -1.7544868069004295E-003  -9.0248521970116471E-002
  -7.7893356556776004E-003  -9.3101899483071265E-002
  -1.3071787403575957E-002  -9.8159230670693945E-002
  -1.7649982860579647E-002 -0.10517131479296947     
  -2.1635012277913306E-002 -0.11398652219928422     
  -2.5091734967058792E-002 -0.12450188686847763     
  -2.8066522866583943E-002 -0.13662649672321725     
  -3.0608431837788580E-002 -0.15025690947585138     
  -3.2755397432310047E-002 -0.16527714640919519     
  -3.4525908709977113E-002 -0.18155094326195884     
  -3.5925136612546781E-002 -0.19892119309255968     
  -3.6958251199196449E-002 -0.21720975155730327     
  -3.7627908975203801E-002 -0.23621598855647971     
  -3.7939127510108313E-002 -0.25571996826837806     
  -3.7908216973502142E-002 -0.27549228687482619     
  -3.7553983642320654E-002 -0.29530791005562540     
  -3.6898468060116749E-002 -0.31495903024208688     
  -3.5954270047361514E-002 -0.33426459834551892     
  -3.4713637215723188E-002 -0.35306770337571336     
  -3.3161267488303933E-002 -0.37122451078766966     
  -3.1273873442313166E-002 -0.38858878308781142     
  -2.9010205547648393E-002 -0.40498865880192619     
  -2.6308074688968432E-002 -0.42021198293788120     
  -2.3115016105083777E-002 -0.43399861435916093     
  -1.9371047579990502E-002 -0.44603848759767073     
  -1.5028689395883142E-002 -0.45597708209506516     
  -1.0078981709772237E-002 -0.46342642178146970     
  -4.5267426096637581E-003 -0.46798978156736493     
   1.6477260729752144E-003 -0.46929546731524324     
   8.3832851010966492E-003 -0.46699790134950370     
   1.5603665362975944E-002 -0.46082880373138624     
   2.3117057882998827E-002 -0.45059038373159960     
   3.0691042827977875E-002 -0.43618478991952414     
   3.8006512195785526E-002 -0.41764629419172700     
   4.4698145956866782E-002 -0.39518250483417811     
   5.0213537723068649E-002 -0.36922432526673371     
   5.4107444013790806E-002 -0.34048706845102650     
   5.6047191082449363E-002 -0.30995520522724440     
   5.5888114736083017E-002 -0.27884307981137824     
   5.3577314618543613E-002 -0.24843896039081881     
   4.9362133742353459E-002 -0.21998177364821372     
   4.3543636186774509E-002 -0.19456203496310068     
   3.6521280372862307E-002 -0.17305111950457125     
   2.8733206450400769E-002 -0.15601326615287953     
   2.0695885150201564E-002 -0.14364573365472311     
   1.2717544260269336E-002 -0.13577583293110346     
   5.0636124617303912E-003 -0.13195943072916341     
  -2.0457070993662265E-003 -0.13162125067705466     
  -8.4342800267387889E-003 -0.13419801983739996     
  -1.4053054305703042E-002 -0.13917731879600476     
  -1.8875863041031293E-002 -0.14613655472545406     
  -2.2965353487474881E-002 -0.15474877573663207     
  -2.6396286584519629E-002 -0.16476773208709472     
  -2.9245651155010387E-002 -0.17602304002382269     
  -3.1574114436494986E-002 -0.18840250723970323     
  -3.3449129101759650E-002 -0.20181942370195272     
  -3.4925232876507166E-002 -0.21619600777198339     
  -3.6053034198463028E-002 -0.23144683908383379     
  -3.6886374902048907E-002 -0.24747240191850278     
  -3.7480216802952340E-002 -0.26415582287870087     
  -3.7867118698934062E-002 -0.28136459110678586     
  -3.8045240613211538E-002 -0.29895260958045944     
  -3.7998005616377915E-002 -0.31675622832707939     
  -3.7695814814739624E-002 -0.33458939920959002     
  -3.7095715511638663E-002 -0.35223852538653561     
  -3.6157833411579347E-002 -0.36945977431688604     
  -3.4846168762551227E-002 -0.38597990482268119     
  -3.3113781556449798E-002 -0.40150378791289870     
  -3.0889963045765387E-002 -0.41572056516594957     
  -2.8096988505514082E-002 -0.42829765224093130     
  -2.4690531659402278E-002 -0.43889229726283396     
  -2.0623683180848309E-002 -0.44714670332899875     
  -1.5865681509578133E-002 -0.45269650461513855     
  -1.0450414852683356E-002 -0.45519064451427843     
  -4.4610047696501303E-003 -0.45430586946263235     
   2.0139684499817343E-003 -0.44979654646362377     
   8.8816715709072753E-003 -0.44150200749246826     
   1.6012645220240960E-002 -0.42936904227754896     
   2.3240214096421779E-002 -0.41346276943659716     
   3.0394993519500306E-002 -0.39395555053872799     
   3.7206441589500892E-002 -0.37117133064028973     
   4.3333582212297134E-002 -0.34560126825963328     
   4.8410421052381969E-002 -0.31791018766315532     
   5.2104552078670811E-002 -0.28894893768873370     
   5.4158973312285204E-002 -0.25965311117906209     
   5.4393012866908057E-002 -0.23096339632341725     
   5.2696074145832342E-002 -0.20373229489126071     
   4.9105550659806624E-002 -0.17864991097868688     
   4.3782839791978542E-002 -0.15627065921724062     
   3.7070080284707832E-002 -0.13701966481879907     
   2.9445347814963455E-002 -0.12120198066395062     
   2.1412824778840787E-002 -0.10900534303913295     
   1.3374583276370890E-002 -0.10045246787691842     
   5.5827245027163198E-003  -9.5414688043533508E-002
  -1.7996937823137862E-003  -9.3644158573674877E-002
  -8.6321964311444049E-003  -9.4821328166834556E-002
  -1.4826661149514050E-002  -9.8600591864260373E-002
  -2.0289274483292190E-002 -0.10462926204448707     
  -2.4957316893411265E-002 -0.11255983448679374     
  -2.8824420654417929E-002 -0.12205277406952908     
  -3.1923288850476579E-002 -0.13278297964027183     
  -3.4323882798057564E-002 -0.14444997771742829     
  -3.6113214849295860E-002 -0.15678510690912806     
  -3.7376800809243813E-002 -0.16955281629110025     
  -3.8193807644231026E-002 -0.18255498567761208     
  -3.8628723146444471E-002 -0.19563469449548390     
  -3.8734106390628659E-002 -0.20867170177257113     
  -3.8554825075649057E-002 -0.22158092059312542     
  -3.8118787773134905E-002 -0.23429760966627164     
  -3.7444705518559461E-002 -0.24675414170150239     
  -3.6541607914176093E-002 -0.25887255686010580     
  -3.5409700671055651E-002 -0.27055792188370509     
  -3.4042575057593470E-002 -0.28170564970601802     
  -3.2424593771565861E-002 -0.29221078970252623     
  -3.0526283444411922E-002 -0.30196656197217853     
  -2.8311598957826110E-002 -0.31086402382492662     
  -2.5730874863489541E-002 -0.31878537248431510     
  -2.2748509205068376E-002 -0.32559045121825497     
  -1.9324842565033574E-002 -0.33111965963194645     
  -1.5407914157000470E-002 -0.33519307527802750     
  -1.0973121883764893E-002 -0.33760979710318872     
  -5.9834017013623373E-003 -0.33816010698685417     
  -4.3489078716091789E-004 -0.33660293342315378     
   5.6387556653901393E-003 -0.33268191449148726     
   1.2198283371014966E-002 -0.32614263280680361     
   1.9174184944920427E-002 -0.31671929392204407     
   2.6367268771686863E-002 -0.30413995404044125     
   3.3504348964235348E-002 -0.28818024626349864     
   4.0244344896313969E-002 -0.26871764898028833     
   4.6140139588289338E-002 -0.24584845218989507     
   5.0510761329552241E-002 -0.22003657515823410     
   5.2652416278218046E-002 -0.19224013418912961     
   5.2202377306051088E-002 -0.16384931390133303     
   4.9264638309080705E-002 -0.13636947884181241     
   4.4244659818090927E-002 -0.11106765551294454     
   3.7662418350645856E-002  -8.8827127036984643E-002
   3.0077241367054065E-002  -7.0165700566121106E-002
   2.2031715472848018E-002  -5.5273373820016833E-002
   1.3966323780391492E-002  -4.4077966963926615E-002
   6.1847780455414813E-003  -3.6361284166529360E-002
  -1.1003941524761933E-003  -3.1843705424370490E-002
  -7.7193952026068102E-003  -3.0196209358079245E-002
  -1.3550029410122091E-002  -3.1039214449293636E-002
  -1.8543757929671160E-002  -3.3970433207057948E-002
  -2.2730266960779951E-002  -3.8605149449738342E-002
  -2.6198083587397648E-002  -4.4607757729084659E-002
  -2.9065032094799468E-002  -5.1708474091537088E-002
  -3.1450415905281214E-002  -5.9703999765799758E-002
  -3.3457323987997285E-002  -6.8446659407860003E-002
  -3.5165555674115834E-002  -7.7830100274262529E-002
  -3.6630078047707480E-002  -8.7775620405072363E-002
  -3.7882043109391007E-002  -9.8219409529792800E-002
  -3.8932318955605158E-002 -0.10910137047179981     
  -3.9777212744582784E-002 -0.12035701770185382     
  -4.0404853633486705E-002 -0.13191339510450178     
  -4.0800130688540721E-002 -0.14368873578332123     
  -4.0946471153484661E-002 -0.15559421178693761     
  -4.0824200144779506E-002 -0.16753533740344337     
  -4.0406828605594573E-002 -0.17941108305334663     
  -3.9657280971528153E-002 -0.19111009378794189     
  -3.8525743929885482E-002 -0.20250466332995801     
  -3.6950064563470317E-002 -0.21344384068367606     
  -3.4858890746883787E-002 -0.22374721855810986     
  -3.2177212257485668E-002 -0.23320070837906390     
  -2.8833638579083189E-002 -0.24155515506283398     
  -2.4768577450893829E-002 -0.24852814088425274     
  -1.9942481888270334E-002 -0.25380883382924468     
  -1.4343642556655654E-002 -0.25706535283444698     
  -7.9956704426960897E-003 -0.25795408101326017     
  -9.6563953810097070E-004 -0.25613095523912266     
   6.6256829861846512E-003 -0.25126619152186397     
   1.4590805505290115E-002 -0.24306600796208810     
   2.2661672295828370E-002 -0.23130675808508264     
   3.0481772586896803E-002 -0.21588633048812145     
   3.7615771799537158E-002 -0.19689153247282090     
   4.3588351609539083E-002 -0.17466681894544517     
   4.7954350443363436E-002 -0.14985418259664190     
   5.0384060605564364E-002 -0.12337015963846971     
   5.0732098579183642E-002  -9.6306627844608209E-002
   4.9060559294094280E-002  -6.9780811251806477E-002
   4.5609439468635077E-002  -4.4787796672066851E-002
   4.0732795392940821E-002  -2.2102490263698482E-002
   3.4828745542876974E-002  -2.2462978307076979E-003
   2.8283518833662872E-002   1.4495062270289747E-002
   2.1436605865675543E-002   2.8026784388937111E-002
   1.4565093313028403E-002   3.8393758535057873E-002
   7.8815094452697118E-003   4.5734915415904458E-002
   1.5393137541202492E-003   5.0247518401377811E-002
  -4.3581606013900435E-003   5.2161326778209310E-002
  -9.7477748147618056E-003   5.1720917861101473E-002
  -1.4597090019653683E-002   4.9174158462691520E-002
  -1.8896043295829296E-002   4.4765011372067079E-002
  -2.2650027695637745E-002   3.8729291275481172E-002
  -2.5874375494466455E-002   3.1292397310851608E-002
  -2.8590134369832036E-002   2.2668339735133772E-002
  -3.0820951173465075E-002   1.3059596598255053E-002
  -3.2590867866504621E-002   2.6574930528682110E-003
  -3.3922853833627246E-002  -8.3571115173852063E-003
  -3.4837907449438481E-002  -1.9812980343254405E-002
  -3.5354573281746501E-002  -3.1547599275372797E-002
  -3.5488743774346999E-002  -4.3406278913062646E-002
  -3.5253634839385706E-002  -5.5241286287523124E-002
  -3.4659846656848334E-002  -6.6911006819366181E-002
  -3.3715447492291821E-002  -7.8279116295249015E-002
  -3.2426047621868459E-002  -8.9213726848117667E-002
  -3.0794862916506301E-002  -9.9586460836519022E-002
  -2.8822803682153387E-002 -0.10927140563799738     
  -2.6508665162974860E-002 -0.11814391199450922     
  -2.3849546451212886E-002 -0.12607921878233613     
  -2.0841686639150783E-002 -0.13295092628122038     
  -1.7481977597747337E-002 -0.13862941751287497     
  -1.3770489612199068E-002 -0.14298046585061225     
  -9.7144253203794318E-003 -0.14586449100376092     
  -5.3339692094603501E-003 -0.14713726906418748     
  -6.7044139029313866E-004 -0.14665340724921894     
   4.2031593393502056E-003 -0.14427456470682848     
   9.1699920940609726E-003 -0.13988509895143908     
   1.4058153999430672E-002 -0.13341803805504071     
   1.8635984839104759E-002 -0.12489276998175933     
   2.2622768425664557E-002 -0.11446057706742126     
   2.5723655113676989E-002 -0.10244418609273234     
   2.7689154880596090E-002  -8.9347355668788320E-002
   2.8382598158693251E-002  -7.5811911185259304E-002
   2.7824965859788622E-002  -6.2521805348902726E-002
   2.6191808492785639E-002  -5.0086593681094492E-002
   2.3763187522048184E-002  -3.8951995867898798E-002
   2.0853646737569870E-002  -2.9366895835257412E-002
   1.7753125181099581E-002  -2.1401953292213536E-002
   1.4693503986623896E-002  -1.4994904788349457E-002
   1.1838525383914309E-002  -9.9996751623175287E-003
   9.2884662381306736E-003  -6.2274272656487918E-003
   7.0918406395451498E-003  -3.4761769645866780E-003
   5.2588350555930596E-003  -1.5498968683114584E-003
   3.7735399358062105E-003  -2.6963430390705825E-004
   2.6039353901613610E-003   5.2086618178883890E-004
   1.7095380436635927E-003   9.5318297525263604E-004
   1.0469230444398998E-003   1.1345716405360314E-003
   5.7347817288349375E-004   1.1497296698993655E-003
   2.4978323917463887E-004   1.0633446381299524E-003
   4.0949945418629238E-005   9.2299709990912454E-004
  -8.2796767978479379E-005   7.6211616178500550E-004
  -1.4605295755176691E-004   6.0278830191519059E-004
  -1.6849327055143889E-004   4.5830672397435682E-004
  -1.6531561767197298E-004   3.3541044048800936E-004
  -1.4778551087479011E-004   2.3619932783836494E-004
  -1.2383024257828416E-004   1.5972765536338050E-004
  -9.8653013524462033E-005   1.0328188559807231E-004
  -7.5339757973835666E-005   6.3351099588515261E-005
  -5.5427560790076102E-005   3.6308162061872608E-005
  -3.9403873282440944E-005   1.8835232303215802E-005
  -2.7113919960435826E-005   8.1417670168076242E-006
  -1.8067326369952780E-005   2.0307989616654770E-006
  -1.1648949525612169E-005  -1.1321431483884897E-006
  -7.2488821508678666E-006  -2.5017961064481045E-006
  -4.3311337289765573E-006  -2.8541359444636987E-006
  -2.4603845030576503E-006  -2.6843459709265541E-006
  -1.3032183798173268E-006  -2.2906954489565229E-006
  -6.1608486514482174E-007  -1.8404349353009855E-006
  -2.2816052234323955E-007  -1.4181844501962630E-006
  -2.3939264263050636E-008  -1.0594583534073108E-006
   7.2025005729026980E-008  -7.7266561256401236E-007
   1.0734591500795430E-007  -5.5277556649558470E-007
   1.1100181583636986E-007  -3.8930334214345887E-007
   9.9919158901943579E-008  -2.7063142971554996E-007
   8.3493336956745756E-008  -1.8609661663117283E-007
   6.6581069342713691E-008  -1.2679703992788359E-007
   5.1414122302033981E-008  -8.5722887048248777E-008
   3.8782224037183815E-008  -5.7571202541985425E-008
   2.8738393942598174E-008  -3.8446539488375747E-008
   2.1002517504903199E-008  -2.5551114555335974E-008
   1.5180548750670813E-008  -1.6910901317159069E-008
   1.0875012005067052E-008  -1.1152887719757202E-008
   7.7340092663798905E-009  -7.3332062098470986E-009
   5.4672316179847061E-009  -4.8092529661142127E-009
   3.8455826790955465E-009  -3.1470475280852673E-009
   2.6936994963486070E-009  -2.0554803610523607E-009
   1.8802889790338009E-009  -1.3403893885945777E-009
   1.3086828518156126E-009  -8.7289726413596991E-010
   9.0862475034895180E-010  -5.6780938260007605E-010
   6.2957708992397174E-010  -3.6900296932799094E-010
   4.3548696521921433E-010  -2.3961555057190298E-010
   3.0080801888837817E-010  -1.5549580616201165E-010
   2.0753903446518098E-010  -1.0085406964532738E-010
   1.4305376210558614E-010  -6.5385959885752697E-011
   9.8529879694201360E-011  -4.2377044567103887E-011
   6.7822649704310276E-011  -2.7457739657740207E-011
   4.6663677883617239E-011  -1.7787477001106911E-011
   3.2094555239904338E-011  -1.1521311077105058E-011
   2.2068618547703879E-011  -7.4618298197307898E-012
   1.5172136455974407E-011  -4.8323480433509318E-012
   1.0429810070185155E-011  -3.1293194399105981E-012
   7.1694983295666387E-012  -2.0264030656739507E-012
   4.9283700641091046E-012  -1.3121623904176535E-012
   3.3879321630896171E-012  -8.4963615033708943E-013
   2.3291270161037069E-012  -5.5011842179369324E-013
   1.6013444913975136E-012  -3.5616214907873193E-013
   1.1010617020567542E-012  -2.3056570330441846E-013
   7.5713327435764043E-013  -1.4923836667062126E-013
   5.2066916172312419E-013  -9.6579524279920313E-014
   3.5807338491753308E-013  -6.2486309417973681E-014
   2.4625873501854680E-013  -4.0415955112061108E-014
   1.6935831266158598E-013  -2.6131138832365674E-014
   1.1646616065185350E-013  -1.6887567241171121E-014
   8.0085118227971459E-014  -1.0907899984219785E-014
   5.5060557669166291E-014  -7.0410708463421913E-015
   3.7847876651714453E-014  -4.5416535527009510E-015
   2.6009229966685354E-014  -2.9269614300101356E-015
   1.7867712870685637E-014  -1.8844871719290119E-015
   1.2269695779843203E-014  -1.2119457123876201E-015
   8.4214553183604475E-015  -7.7843476272411542E-016
   5.7768527124012732E-015  -4.9927490767236663E-016
   3.9600925044840088E-015  -3.1971169557811924E-016
   2.7125941443967457E-015  -2.0435908133612061E-016
   1.8564417210523660E-015  -1.3036256231211391E-016
   1.2692342589088832E-015  -8.2972182230631571E-017
   8.6677787931007038E-016  -5.2676712860978135E-017
   5.9117319394026627E-016  -3.3349090586984367E-017
   4.0261540618940499E-016  -2.1046776715220124E-017
   2.7374976256549183E-016  -1.3236162680237087E-017
   1.8578604239290733E-016  -8.2914418989683374E-018
   1.2582406154950864E-016  -5.1710583103637375E-018
   8.5012959877837922E-017  -3.2089859273074397E-018
   5.7284561481284880E-017  -1.9802186024402706E-018
   3.8481980737147251E-017  -1.2141834177057351E-018
   2.5760328542696677E-017  -7.3907574143760847E-019
   1.7174713269007534E-017  -4.4612599109048081E-019
   1.1397134419470822E-017  -2.6669945062162637E-019
   7.5220524379384270E-018  -1.5764790254683001E-019
   4.9329442313881309E-018  -9.1959430086134073E-020
   3.2107820768041539E-018  -5.2804276173003604E-020
   2.0713164343848394E-018  -2.9753423276840811E-020
   1.3221359974339324E-018  -1.6384279908219847E-020
   8.3329634542321070E-019  -8.7698113608500623E-021
   5.1724869948540067E-019  -4.5288531906273997E-021
   3.1513462851327125E-019  -2.2318147844793809E-021
   1.8742829339817894E-019  -1.0307059003511340E-021
   1.0755200381534472E-019  -4.3074084405861853E-022
   5.7495398369276691E-020  -1.4969219326501953E-022
   2.4671637714306973E-020  -3.1102486507474995E-023
   0.0000000000000000        0.0000000000000000     
