 Initial conditions outputted from a previous simulation. Time =    64.600000000000009     
   40.000000000000000        0.0000000000000000              500           1   64.600000000000009     
  -2.1987977952630924E-002 -0.12530773864871622     
  -1.7839663390961089E-002 -0.13528229519995105     
  -1.3095047490798862E-002 -0.14358738974907889     
  -7.6652646487645349E-003 -0.14994632618940140     
  -1.5572261653137704E-003 -0.15406440516077580     
   5.2539787773727333E-003 -0.15560484035916555     
   1.2698720678520270E-002 -0.15423781539677925     
   2.0656924540385077E-002 -0.14962766590745594     
   2.8926149560514314E-002 -0.14147149355867461     
   3.7203363605288399E-002 -0.12954250989503197     
   4.5081871742917924E-002 -0.11375293995858136     
   5.2063452356331127E-002  -9.4235085127131857E-002
   5.7600644781662116E-002  -7.1422630029496476E-002
   6.1173461138188799E-002  -4.6099989488769109E-002
   6.2386661013621211E-002  -1.9377202608885119E-002
   6.1053614020844187E-002   7.4358982641071015E-003
   5.7224372438443694E-002   3.3036094237977688E-002
   5.1137199104612813E-002   5.6351622663758108E-002
   4.3123773346337609E-002   7.6724901317037325E-002
   3.3541486385783997E-002   9.4019191072341440E-002
   2.2786693322694739E-002  0.10861685198844419     
   1.1362037077863017E-002  0.12127353562439534     
  -8.6049297355175248E-005  0.13284874329175386     
  -1.0815829959470988E-002  0.14401917881072893     
  -2.0115488486018854E-002  0.15509666367001568     
  -2.7459960012728997E-002  0.16600353115028446     
  -3.2641528778593998E-002  0.17638371515730980     
  -3.5808901093530993E-002  0.18578972127434279     
  -3.7380897050860361E-002  0.19386802526560157     
  -3.7879688251640627E-002  0.20046840850258113     
  -3.7781206465171253E-002  0.20564637585276219     
  -3.7446294657788731E-002  0.20958933586652587     
  -3.7118370333008542E-002  0.21252501628080708     
  -3.6938611174329838E-002  0.21465538260294800     
  -3.6956124937626601E-002  0.21612967075796430     
  -3.7139340402124958E-002  0.21704659618230551     
  -3.7390900810432406E-002  0.21747042404923153     
  -3.7569923650757064E-002  0.21745385516534441     
  -3.7540089899748975E-002  0.21705714391413519     
  -3.7228537518417294E-002  0.21635082525763080     
  -3.6636524664632839E-002  0.21541519679805754     
  -3.5795797281152592E-002  0.21434701337782480     
  -3.4733683469976025E-002  0.21325706863747523     
  -3.3471324444531880E-002  0.21226740710373312     
  -3.2024243560984725E-002  0.21151489543292429     
  -3.0394937178578541E-002  0.21115000765413017     
  -2.8570319493530259E-002  0.21132862869715097     
  -2.6523575940910538E-002  0.21220444002662378     
  -2.4212872902056367E-002  0.21392535337084903     
  -2.1578389517841787E-002  0.21663580322007686     
  -1.8542955995390579E-002  0.22048698083275187     
  -1.5019554869963397E-002  0.22565139202567366     
  -1.0927177214428796E-002  0.23233314842102223     
  -6.2120486500248425E-003  0.24076783803357860     
  -8.6586495388449856E-004  0.25121210049656745     
   5.0665621168277204E-003  0.26392834168285628     
   1.1490703236692140E-002  0.27917222275345910     
   1.8269685064941397E-002  0.29718731294048278     
   2.5226437224895381E-002  0.31820226431185589     
   3.2137721657558439E-002  0.34241708356635558     
   3.8728432881721050E-002  0.36996623194976552     
   4.4679252874778599E-002  0.40086029139465323     
   4.9650870983223468E-002  0.43492355414501516     
   5.3313748587413938E-002  0.47174603095723272     
   5.5374299441400071E-002  0.51065628923196715     
   5.5607188430262119E-002  0.55072042224102857     
   5.3908805085862356E-002  0.59079332975241072     
   5.0356545839628064E-002  0.62965352788088791     
   4.5224168026607788E-002  0.66620056104201353     
   3.8921207632871747E-002  0.69962466044260863     
   3.1890182136725370E-002  0.72946563590367863     
   2.4526159957966642E-002  0.75556616966826406     
   1.7144764990305515E-002  0.77798730859251486     
   9.9812610847121886E-003  0.79693272611134469     
   3.1999166217778936E-003  0.81268725375121098     
  -3.0910281256027847E-003  0.82556643366421112     
  -8.8181434914028217E-003  0.83588059163608786     
  -1.3928412518111688E-002  0.84391569394707855     
  -1.8384995215134654E-002  0.84992904672664893     
  -2.2169879975602720E-002  0.85415432124714996     
  -2.5291150895904124E-002  0.85680928746552965     
  -2.7783526342284062E-002  0.85809913155521267     
  -2.9704758505402658E-002  0.85821452039622870     
  -3.1135861392073246E-002  0.85732818376887843     
  -3.2173376170121344E-002  0.85559393742575984     
  -3.2920205456335123E-002  0.85315001484983599     
  -3.3477003081573850E-002  0.85012529907887846     
  -3.3926715012963911E-002  0.84664704427551940     
  -3.4322496676882357E-002  0.84285057033184607     
  -3.4684710145000269E-002  0.83888560793024802     
  -3.5007132120632049E-002  0.83491144524357297     
  -3.5261752151885928E-002  0.83108170848752727     
  -3.5396581002121424E-002  0.82753052138310268     
  -3.5340761826222422E-002  0.82436918095827005     
  -3.5022339420645289E-002  0.82168823708596062     
  -3.4386793347321767E-002  0.81955557957912906     
  -3.3376525180801073E-002  0.81801312755129252     
  -3.1929077493133930E-002  0.81709066035478717     
  -2.9994804523101843E-002  0.81683731009664629     
  -2.7539009894016055E-002  0.81735351902787123     
  -2.4534466120668643E-002  0.81880382416255038     
  -2.0940585171806751E-002  0.82140525693179922     
  -1.6793491248632775E-002  0.82539365615971116     
  -1.2193754350680980E-002  0.83094117346438479     
  -7.2930701453370874E-003  0.83809335363868276     
  -2.2835241267067517E-003  0.84685312609546215     
   2.7396485981018895E-003  0.85751893584577810     
   7.9436152658850061E-003  0.87125420916636143     
   1.3821062627730144E-002  0.89064742730657909     
   2.1194338678867140E-002  0.91970507474751095     
   3.0734837835522506E-002  0.96253812805280192     
   4.2203987849602186E-002   1.0204409330003767     
   5.4209979468553431E-002   1.0876939291443151     
   6.3981666663666600E-002   1.1487831939319186     
   6.8657887057082118E-002   1.1824349427374041     
   6.7248281740154500E-002   1.1739375226641593     
   6.0913125180391811E-002   1.1251586843527390     
   5.1932106438507500E-002   1.0515984925978614     
   4.2556786345223523E-002  0.97130376354805981     
   3.3950461104695594E-002  0.89692907232005192     
   2.6353083117922539E-002  0.83382441537704832     
   1.9474004623108446E-002  0.78160499505880066     
   1.2863120876174517E-002  0.73661946349360863     
   6.3895908541587269E-003  0.69408349325839869     
   1.1507586386755436E-004  0.64974474122299430     
  -5.8647177986114055E-003  0.60086363060441639     
  -1.1461027111880654E-002  0.54643517501739680     
  -1.6687868411318328E-002  0.48692318025974801     
  -2.1537832297663803E-002  0.42369982916436366     
  -2.5913442520329351E-002  0.35847966454098706     
  -2.9728049787600373E-002  0.29293576553803707     
  -3.2946178100163336E-002  0.22848733491855383     
  -3.5607852271940001E-002  0.16623638014247544     
  -3.7779725737410542E-002  0.10697752760705367     
  -3.9520167617852243E-002   5.1223965967241311E-002
  -4.0876363391349840E-002  -7.4691855351439584E-004
  -4.1898627749284517E-002  -4.8860238301727497E-002
  -4.2644854684783642E-002  -9.3223932377125257E-002
  -4.3170892657704935E-002 -0.13410986129964594     
  -4.3513017555419968E-002 -0.17193879133946460     
  -4.3668762346147021E-002 -0.20725995664357535     
  -4.3603944083713791E-002 -0.24072022821009201     
  -4.3290333871813969E-002 -0.27302837271190611     
  -4.2705327227765259E-002 -0.30491325968520461     
  -4.1828408496983431E-002 -0.33708481996669604     
  -4.0646717121053201E-002 -0.37019195879746936     
  -3.9149526574742632E-002 -0.40477756551630500     
  -3.7312196022464224E-002 -0.44123267853874037     
  -3.5105811498780337E-002 -0.47974151997745512     
  -3.2510861499362803E-002 -0.52023712376232611     
  -2.9506363105857424E-002 -0.56236588641828689     
  -2.6074665173424574E-002 -0.60548161819999591     
  -2.2195213634807330E-002 -0.64866494176008249     
  -1.7828834748618655E-002 -0.69077830148370256     
  -1.2929757756866474E-002 -0.73057690199755965     
  -7.4716169771697413E-003 -0.76681167755924573     
  -1.4137076616730861E-003 -0.79832967743068284     
   5.2526794760046720E-003 -0.82413773967185311     
   1.2508142898070659E-002 -0.84342901138804283     
   2.0318099573760958E-002 -0.85562013754880428     
   2.8477558673713727E-002 -0.86039787702323955     
   3.6419925711219082E-002 -0.85781838776332608     
   4.3544203233990129E-002 -0.84841504169337945     
   4.9133814230259212E-002 -0.83324019064883781     
   5.2478670755774962E-002 -0.81389224142402317     
   5.3177401932642233E-002 -0.79251269292026616     
   5.1272731929608462E-002 -0.77167965235120195     
   4.7017780605515293E-002 -0.75405800509782728     
   4.0828812159263352E-002 -0.74194334904345749     
   3.3212987345250036E-002 -0.73691708319799298     
   2.4815532954309438E-002 -0.73969529898496356     
   1.6132723143192366E-002 -0.75023508016134277     
   7.6866073390943080E-003 -0.76804172427357997     
  -1.2944114239418674E-004 -0.79235615724763053     
  -7.1931524905645130E-003 -0.82223504654331758     
  -1.3519363517009622E-002 -0.85659783384010069     
  -1.9117676850845880E-002 -0.89428378679965526     
  -2.4019012040020077E-002 -0.93408129880346757     
  -2.8201570714445522E-002 -0.97479034905383000     
  -3.1740149570199799E-002  -1.0153153712435721     
  -3.4731730086313368E-002  -1.0547370864462513     
  -3.7239344121986810E-002  -1.0923828622193015     
  -3.9280521461579967E-002  -1.1278738744505850     
  -4.0876190244905151E-002  -1.1611088054277012     
  -4.2095529056178180E-002  -1.1922171534762582     
  -4.3018632021640774E-002  -1.2214982799107859     
  -4.3699852299611389E-002  -1.2493737731427510     
  -4.4175026225062405E-002  -1.2763523011023021     
  -4.4466659645165267E-002  -1.3030004140090641     
  -4.4579457461610919E-002  -1.3299170983256188     
  -4.4487674398466438E-002  -1.3576947462253133     
  -4.4140313341819899E-002  -1.3868654424350555     
  -4.3495000536323457E-002  -1.4178374739449895     
  -4.2559683478496826E-002  -1.4508322853203666     
  -4.1382018465407670E-002  -1.4858452854006590     
  -4.0037389919253930E-002  -1.5226365340303687     
  -3.8540966997366366E-002  -1.5607609870102679     
  -3.6802831835421788E-002  -1.5996188888156742     
  -3.4666338625326226E-002  -1.6384903226901608     
  -3.2005770656860361E-002  -1.6765500214726663     
  -2.8780471081089401E-002  -1.7128574066763700     
  -2.4991777907391190E-002  -1.7463676602169045     
  -2.0629541214663209E-002  -1.7760096965554308     
  -1.5658732775640269E-002  -1.8007666804167677     
  -1.0009544154250927E-002  -1.8197631492814830     
  -3.6356864747035633E-003  -1.8323558559928543     
   3.3873511282299464E-003  -1.8381746496083295     
   1.0827294586337173E-002  -1.8371743193065730     
   1.8552870699764749E-002  -1.8296545547061751     
   2.6307884382184878E-002  -1.8162144766707515     
   3.3600408005478886E-002  -1.7977554488377352     
   3.9910799613112384E-002  -1.7754451259163562     
   4.4747438558615758E-002  -1.7507027854539055     
   4.7664750525406925E-002  -1.7251463858425775     
   4.8464118420946688E-002  -1.7004311029745156     
   4.7068763320034034E-002  -1.6781941144909793     
   4.3498170922557138E-002  -1.6599398382974979     
   3.7839635191925743E-002  -1.6469144770807020     
   3.0559305404047322E-002  -1.6399949649749748     
   2.2353339649282728E-002  -1.6395038560118733     
   1.3858482421603396E-002  -1.6451028615080563     
   5.6017554611859097E-003  -1.6558366692096629     
  -2.1001764180923243E-003  -1.6702850761163275     
  -9.1611585398286999E-003  -1.6868743237510577     
  -1.5459210639988117E-002  -1.7039908949508233     
  -2.0939608939265841E-002  -1.7201008756476206     
  -2.5630531670438082E-002  -1.7338680534664066     
  -2.9621335362210836E-002  -1.7442100101054863     
  -3.3013526346501260E-002  -1.7503902041504538     
  -3.5917893347895823E-002  -1.7520481803191645     
  -3.8404800355026955E-002  -1.7491486809901911     
  -4.0508425040679655E-002  -1.7419443962707806     
  -4.2275980642617693E-002  -1.7308855076062932     
  -4.3702693857774193E-002  -1.7165749991139869     
  -4.4702833361012759E-002  -1.6997166751825965     
  -4.5206652462944003E-002  -1.6810951203539239     
  -4.5162480628336617E-002  -1.6615882557866475     
  -4.4584851414145789E-002  -1.6421235202176359     
  -4.3517610239017825E-002  -1.6236083659267400     
  -4.2001065876389798E-002  -1.6068313080534731     
  -4.0046563169260710E-002  -1.5923596220060829     
  -3.7672829147190938E-002  -1.5804877106787276     
  -3.4949145685570726E-002  -1.5712410516815885     
  -3.1997125305441382E-002  -1.5644249410146061     
  -2.8961770468727655E-002  -1.5596849305523268     
  -2.5978088475467950E-002  -1.5565626682810028     
  -2.3119573980799776E-002  -1.5545557866589566     
  -2.0381874180879972E-002  -1.5531610252987538     
  -1.7737723695836101E-002  -1.5519004792246451     
  -1.5077484153824509E-002  -1.5503428140324338     
  -1.2215090281317623E-002  -1.5481034140406966     
  -8.9318378176965699E-003  -1.5448268334140738     
  -4.9805927132449065E-003  -1.5401582640667313     
  -1.3628296879047730E-004  -1.5337021461354221     
   5.6859093696144929E-003  -1.5250010416872823     
   1.2424032424898708E-002  -1.5135454928747887     
   1.9853202473555629E-002  -1.4988292945956070     
   2.7655172124510855E-002  -1.4804367863610961     
   3.5493441180664984E-002  -1.4581263018222181     
   4.2946557206483570E-002  -1.4319143502978557     
   4.9510907265404337E-002  -1.4021177986005069     
   5.4703323798441651E-002  -1.3693861219855343     
   5.8067927289737011E-002  -1.3346459376097151     
   5.9374046161714822E-002  -1.2989762630357233     
   5.8609656314386249E-002  -1.2634661159085929     
   5.5923114489869613E-002  -1.2290639066762283     
   5.1623610908779566E-002  -1.1965509747861232     
   4.6074806338362848E-002  -1.1665363948115526     
   3.9632263111927510E-002  -1.1394508347270966     
   3.2674884308243460E-002  -1.1155558618616110     
   2.5515928876564134E-002  -1.0949248043056292     
   1.8464777942428436E-002  -1.0774599871756521     
   1.1807704103112313E-002  -1.0629578557249935     
   5.6965270982242237E-003  -1.0511037792364382     
   2.4164314758383642E-004  -1.0415450193599725     
  -4.5613480687208430E-003  -1.0339368252591004     
  -8.7795345739196430E-003  -1.0279639353560481     
  -1.2484283130069697E-002  -1.0233942131732285     
  -1.5772648024811101E-002  -1.0200682780762111     
  -1.8732229323870614E-002  -1.0178822349461469     
  -2.1400005448721487E-002  -1.0167652621896366     
  -2.3809792774976260E-002  -1.0166518885299056     
  -2.5968824199902971E-002  -1.0174654065450901     
  -2.7869818543300152E-002  -1.0191130936790793     
  -2.9502088792592557E-002  -1.0214875732107029     
  -3.0849343203753245E-002  -1.0244701068149746     
  -3.1904136223723026E-002  -1.0279356499594965     
  -3.2654862434068503E-002  -1.0317623073308089     
  -3.3089331689159500E-002  -1.0358287909440576     
  -3.3212372231227770E-002  -1.0400039307886608     
  -3.3033853090017613E-002  -1.0441509603132892     
  -3.2556923634850514E-002  -1.0481379258708217     
  -3.1780878669802955E-002  -1.0518380647885115     
  -3.0703821621765246E-002  -1.0551281729881661     
  -2.9327211043603238E-002  -1.0578895573660285     
  -2.7652537364652223E-002  -1.0600089091934086     
  -2.5666850150590982E-002  -1.0613767183552680     
  -2.3330409267848309E-002  -1.0618781719890480     
  -2.0579111468141915E-002  -1.0613745549079021     
  -1.7342652281578559E-002  -1.0596856798820653     
  -1.3571266351222517E-002  -1.0565883881248386     
  -9.2579740483988392E-003  -1.0518356085568956     
  -4.4427321562888686E-003  -1.0451864901150889     
   8.0431529750148623E-004  -1.0364316177061064     
   6.4075991187893498E-003  -1.0254007894670381     
   1.2299070677408191E-002  -1.0119528329162795     
   1.8408670120058573E-002 -0.99596109994161974     
   2.4641358108486711E-002 -0.97731253478437918     
   3.0862304699543121E-002 -0.95592558834982733     
   3.6900543728311294E-002 -0.93177361501942801     
   4.2553463851657321E-002 -0.90489948024582811     
   4.7565951771720620E-002 -0.87543323964794206     
   5.1596161528148270E-002 -0.84364730072511085     
   5.4231956749188230E-002 -0.81005243717796616     
   5.5107572044875659E-002 -0.77545864754603644     
   5.4066162240738305E-002 -0.74089665155583051     
   5.1231786691771697E-002 -0.70740221644592904     
   4.6923092212231642E-002 -0.67580994298501151     
   4.1500964470564616E-002 -0.64669104637103103     
   3.5287920549355874E-002 -0.62040775675782822     
   2.8576614122775460E-002 -0.59716879854634630     
   2.1643565935680627E-002 -0.57704545481511993     
   1.4726582669981074E-002 -0.55998990048363406     
   8.0038098191042226E-003 -0.54587655104922250     
   1.6069423776158460E-003 -0.53453884802575446     
  -4.3498685078161136E-003 -0.52577851055231761     
  -9.7575723689343839E-003 -0.51935636829289711     
  -1.4524836570680412E-002 -0.51498717558671314     
  -1.8602085327928779E-002 -0.51235206235751429     
  -2.1997397971964979E-002 -0.51112709895935138     
  -2.4772437320509884E-002 -0.51101569959264215     
  -2.7020588858673641E-002 -0.51177127203709227     
  -2.8839427954258399E-002 -0.51320317188915254     
  -3.0310019055340042E-002 -0.51516780322754774     
  -3.1489013225070389E-002 -0.51755264363703823     
  -3.2411449364286873E-002 -0.52026167881314922     
  -3.3097235802032235E-002 -0.52320659494741728     
  -3.3554974075232842E-002 -0.52630242851741871     
  -3.3781966944553057E-002 -0.52946354778188698     
  -3.3764641724166218E-002 -0.53259794131111204     
  -3.3484183912742403E-002 -0.53560236662624272     
  -3.2927052229909777E-002 -0.53836284110850241     
  -3.2094438807805180E-002 -0.54076286406054930     
  -3.1003706429028055E-002 -0.54269697590808075     
  -2.9678591776570642E-002 -0.54408256792542642     
  -2.8131161422529385E-002 -0.54486189473705959     
  -2.6343905452740981E-002 -0.54499040696042700     
  -2.4261214363597874E-002 -0.54441458968182777     
  -2.1794495589955165E-002 -0.54304803603647867     
  -1.8837723868646898E-002 -0.54075473492284853     
  -1.5285870626709441E-002 -0.53734356686818774     
  -1.1050236757151652E-002 -0.53257200844022157     
  -6.0699832971438323E-003 -0.52615459726820435     
  -3.2319043771910879E-004 -0.51777378243364081     
   6.1598391708550691E-003 -0.50709474449067082     
   1.3283149502705000E-002 -0.49378789944866724     
   2.0878643587885656E-002 -0.47756052281932926     
   2.8712823309329567E-002 -0.45819264289509248     
   3.6503330022291634E-002 -0.43556738172581594     
   4.3929264253032056E-002 -0.40969110791988023     
   5.0620068430069075E-002 -0.38071656366969336     
   5.6133958481042801E-002 -0.34899559082269832     
   5.9972536791773480E-002 -0.31516666256187426     
   6.1678366548832346E-002 -0.28022105078796189     
   6.0999213458404908E-002 -0.24544790380086590     
   5.8021551420660705E-002 -0.21221294931525134     
   5.3170433405058622E-002 -0.18166191563203316     
   4.7069549935629708E-002 -0.15451622750065278     
   4.0357479572676207E-002 -0.13105013842073251     
   3.3560126926537495E-002 -0.11120003695809974     
   2.7047454196551100E-002  -9.4704884783784471E-002
   2.1047952206236151E-002  -8.1216260802309592E-002
   1.5687073132091844E-002  -7.0363806313826091E-002
   1.1025482439290839E-002  -6.1784028046793830E-002
   7.0838921711709087E-003  -5.5128740666996530E-002
   3.8543870641517806E-003  -5.0067809863242219E-002
   1.3054783974409678E-003  -4.6292574474668446E-002
  -6.1390211647047968E-004  -4.3520397336798515E-002
  -1.9698664867858783E-003  -4.1499342422194281E-002
  -2.8382080233307172E-003  -4.0011864559589931E-002
  -3.2986653999423966E-003  -3.8876636910411481E-002
  -3.4295799728831689E-003  -3.7948237143730017E-002
  -3.3033478915393522E-003  -3.7114767019206733E-002
  -2.9829499227499671E-003  -3.6293581851310118E-002
  -2.5200589081716875E-003  -3.5425617156377959E-002
  -1.9550710301134240E-003  -3.4469271303908616E-002
  -1.3187794791355203E-003  -3.3394966667388268E-002
  -6.3482733884961755E-004  -3.2181099759460756E-002
   7.7877891196509561E-005  -3.0811366367537479E-002
   8.0282261296494683E-004  -2.9273098355246944E-002
   1.5229104660925807E-003  -2.7556746698399907E-002
   2.2165782936345519E-003  -2.5657501058898202E-002
   2.8544582485477902E-003  -2.3579958128727083E-002
   3.3994965293363054E-003  -2.1344961858054932E-002
   3.8126268514797348E-003  -1.8995214914421379E-002
   4.0627877671644162E-003  -1.6595331504547159E-002
   4.1366523385192554E-003  -1.4224226853936484E-002
   4.0429782787085563E-003  -1.1962000938264498E-002
   3.8096506316094296E-003  -9.8765704841178130E-003
   3.4756717766256952E-003  -8.0149066268594832E-003
   3.0822888872774111E-003  -6.4006172363234252E-003
   2.6663749738471167E-003  -5.0365478315844920E-003
   2.2569469638701501E-003  -3.9099119651905250E-003
   1.8742452063011277E-003  -2.9979075945369446E-003
   1.5304443798342367E-003  -2.2726545795566742E-003
   1.2311914241678434E-003  -1.7049593980060398E-003
   9.7736593205545084E-004  -1.2668425717753586E-003
   7.6668900749376481E-004  -9.3301480729681883E-004
   5.9502714521794263E-004  -6.8157290717396656E-004
   4.5736983090794109E-004  -4.9416349940031401E-004
   3.4850950073399940E-004  -3.5581175865432923E-004
   2.6347344652912798E-004  -2.5456597169353667E-004
   1.9776766436338031E-004  -1.8106475248440385E-004
   1.4748865981707799E-004  -1.2809427039661513E-004
   1.0934730633360130E-004  -9.0174414840142714E-005
   8.0638236213056218E-005  -6.3194282353317246E-005
   5.9179778165815209E-005  -4.4104584484926092E-005
   4.3241581906879875E-005  -3.0666208231647109E-005
   3.1470591618404916E-005  -2.1249774239406141E-005
   2.2821626589313388E-005  -1.4679209271886498E-005
   1.6495865206414699E-005  -1.0111843168663768E-005
   1.1888450451683610E-005  -6.9478760628191874E-006
   8.5451444579972292E-006  -4.7629124281898103E-006
   6.1272893497056623E-006  -3.2582697792221953E-006
   4.3840182774101918E-006  -2.2247514469674723E-006
   3.1305579308746820E-006  -1.5164695928033293E-006
   2.2315063502023440E-006  -1.0320805521506980E-006
   1.5880894421441785E-006  -7.0142921828035231E-007
   1.1285435088819319E-006  -4.7610259923530839E-007
   8.0091708178118169E-007  -3.2278526976151961E-007
   5.6772239028854833E-007  -2.1860886385083009E-007
   4.0198654007583058E-007  -1.4791155636033982E-007
   2.8435236398519056E-007  -9.9988831062307828E-008
   2.0096032527679439E-007  -6.7537731542011654E-008
   1.4190776750128263E-007  -4.5584136629078674E-008
   1.0013245460791283E-007  -3.0745138631758451E-008
   7.0606311433417594E-008  -2.0723093230670781E-008
   4.9754938441600387E-008  -1.3959346242065506E-008
   3.5040807451260843E-008  -9.3977129588047018E-009
   2.4664705296864922E-008  -6.3232092167622736E-009
   1.7352337737107818E-008  -4.2522669037613479E-009
   1.2202096373578576E-008  -2.8581048564522993E-009
   8.5766458522579947E-009  -1.9200629850221151E-009
   6.0258372912181228E-009  -1.2892451021560045E-009
   4.2319725149745976E-009  -8.6524548342405946E-010
   2.9709874256424789E-009  -5.8039861105872500E-010
   2.0849558162709931E-009  -3.8912950607791208E-010
   1.4626320618488597E-009  -2.6075860964006880E-010
   1.0256951628891140E-009  -1.7464418405493840E-010
   7.1903170230694083E-010  -1.1690504330266371E-010
   5.0387707555642208E-010  -7.8210866361814464E-011
   3.5297759357835962E-010  -5.2293194532329372E-011
   2.4718019122941945E-010  -3.4942613476613359E-011
   1.7302986803400291E-010  -2.3333722596674154E-011
   1.2107798249995287E-010  -1.5570973828322917E-011
   8.4691664071139457E-011  -1.0383256850962746E-011
   5.9216284076680978E-011  -6.9186081734398508E-012
   4.1386539610204240E-011  -4.6062829058637885E-012
   2.8912516921152904E-011  -3.0641266887627897E-012
   2.0188853553544962E-011  -2.0363974305285366E-012
   1.4090464386469046E-011  -1.3520457429095173E-012
   9.8291160037879881E-012  -8.9673522994175272E-013
   6.8527572774855093E-012  -5.9408630774694279E-013
   4.7748828350277825E-012  -3.9310904502485691E-013
   3.3249851884261915E-012  -2.5978700835225952E-013
   2.3138102378735213E-012  -1.7144393601591871E-013
   1.6090008818751270E-012  -1.1297513921824125E-013
   1.1180281347519757E-012  -7.4327816203272996E-014
   7.7623306186390959E-013  -4.8817407398460806E-014
   5.3845191655563715E-013  -3.2003309775625952E-014
   3.7315270812395100E-013  -2.0938623806458980E-014
   2.5833147128698138E-013  -1.3669859901468402E-014
   1.7864113558856093E-013  -8.9035830771932633E-015
   1.2338350713332745E-013  -5.7844744644028606E-015
   8.5105435750319974E-014  -3.7477008672786235E-015
   5.8617773088502328E-014  -2.4208054146777578E-015
   4.0310082486945004E-014  -1.5585737030862549E-015
   2.7672157232334771E-014  -9.9983881853784800E-016
   1.8960096057414559E-014  -6.3886888684564576E-016
   1.2963381403776171E-014  -4.0643778664350049E-016
   8.8424981141561767E-015  -2.5731883107047441E-016
   6.0157949503734426E-015  -1.6203398096747693E-016
   4.0807046953706780E-015  -1.0141906267975884E-016
   2.7589250431841003E-015  -6.3049928606303646E-017
   1.8582998244419478E-015  -3.8896643179868963E-017
   1.2463332053664631E-015  -2.3786776925638046E-017
   8.3180191235826248E-016  -1.4400901434743602E-017
   5.5200084589369898E-016  -8.6175092955468838E-018
   3.6390466444144645E-016  -5.0869017150838313E-018
   2.3804931954986435E-016  -2.9547898954736768E-018
   1.5430116067419896E-016  -1.6835601594029207E-018
   9.8934692026457108E-017  -9.3708628347006414E-019
   6.2616615150312577E-017  -5.0677506172896889E-019
   3.9016701815245394E-017  -2.6428600353404284E-019
   2.3851499555165717E-017  -1.3144884213758029E-019
   1.4226106549479925E-017  -6.1228535755668335E-020
   8.1813552747252790E-018  -2.5786242732374640E-020
   4.3805484442149617E-018  -9.0220822954056399E-021
   1.8822941410106007E-018  -1.8874010095591445E-021
   0.0000000000000000        0.0000000000000000     
