 Initial conditions outputted from a previous simulation. Time =    40.000000000000000     
   40.000000000000000        0.0000000000000000              500           1   40.000000000000000     
   6.2755792175944305E-002   4.0183857857929353E-013
   6.1376807934271513E-002   2.6778930468622068E-002
   5.7771426242534729E-002   5.2218907100742860E-002
   5.2210672210762560E-002   7.5216535987339669E-002
   4.5249914350552790E-002   9.4906075501177578E-002
   3.7366609044387558E-002  0.11091822901368026     
   2.9079422629301910E-002  0.12306491394782905     
   2.0793518111173123E-002  0.13143102258974265     
   1.2811434176607281E-002  0.13623826905859182     
   5.3407277395788686E-003  0.13778281172884052     
  -1.4949633515396298E-003  0.13639697109423321     
  -7.6363882198213712E-003  0.13241743398866140     
  -1.3071100640521494E-002  0.12616809468600318     
  -1.7819178069183352E-002  0.11795181608877583     
  -2.1921937961348652E-002  0.10804643590293711     
  -2.5434052486939834E-002   9.6704279238496754E-002
  -2.8418951368123741E-002   8.4154724005069056E-002
  -3.0946976670753270E-002   7.0609985560380215E-002
  -3.3094264182388734E-002   5.6274962421564413E-002
  -3.4937716519155074E-002   4.1359984704418658E-002
  -3.6541820750059011E-002   2.6090342928214577E-002
  -3.7939943099352141E-002   1.0703716003339457E-002
  -3.9120943833147584E-002  -4.5677119792044505E-003
  -4.0031211979376771E-002  -1.9522595976456530E-002
  -4.0591822490073717E-002  -3.4010075878350116E-002
  -4.0721833760697879E-002  -4.7935488122950017E-002
  -4.0358974950067267E-002  -6.1251658238543019E-002
  -3.9472742329881225E-002  -7.3939234588619049E-002
  -3.8066462777924019E-002  -8.5981669027155150E-002
  -3.6167187851106036E-002  -9.7342943980041993E-002
  -3.3808122218466248E-002 -0.10795524337082070     
  -3.1012287242892018E-002 -0.11771742709546905     
  -2.7783189951579784E-002 -0.12649859728041662     
  -2.4102527959107539E-002 -0.13414021679652294     
  -1.9932698476236754E-002 -0.14045481779053495     
  -1.5222200157514677E-002 -0.14522382305964052     
  -9.9128350645244431E-003 -0.14819700450716633     
  -3.9514273458203363E-003 -0.14909405671926579     
   2.6884093558179134E-003 -0.14760991214603203     
   9.9769735001460358E-003 -0.14342670124933188     
   1.7804654833795092E-002 -0.13623265450664812     
   2.5971643568647874E-002 -0.12575048020693066     
   3.4188494327932140E-002 -0.11178016354850374     
   4.2085904034584648E-002  -9.4250750951319753E-002
   4.9235713433536797E-002  -7.3272779726298712E-002
   5.5180990606706060E-002  -4.9187765979780362E-002
   5.9474216482590353E-002  -2.2608047142945609E-002
   6.1731560819880849E-002   5.5733144380477277E-003
   6.1706813682416144E-002   3.4232797290383005E-002
   5.9363580640035572E-002   6.2142457517283256E-002
   5.4906255933519436E-002   8.8145436748136505E-002
   4.8745541968619771E-002  0.11131844222460524     
   4.1410602507920426E-002  0.13106454653267813     
   3.3443977677344180E-002  0.14712009980319699     
   2.5314906900226444E-002  0.15949637629482330     
   1.7372828081041514E-002  0.16839043138683782     
   9.8445388285977840E-003  0.17409722316001255     
   2.8603816385343143E-003  0.17694387572756612     
  -3.5129467643269471E-003  0.17725168522467333     
  -9.2477558211453322E-003  0.17532043179113790     
  -1.4341136176019188E-002  0.17142668972522537     
  -1.8807393424048080E-002  0.16582884897371669     
  -2.2673554008825276E-002  0.15877296301454435     
  -2.5975789790232951E-002  0.15049562809258654     
  -2.8755988159333251E-002  0.14122258278053371     
  -3.1058935928021270E-002  0.13116355193831555     
  -3.2930695346987636E-002  0.12050527613893072     
  -3.4417637541945788E-002  0.10940569423303183     
  -3.5564574146924439E-002   9.7991878790626610E-002
  -3.6410863251336599E-002   8.6362751377665636E-002
  -3.6985474496231449E-002   7.4596320622272866E-002
  -3.7303357308218203E-002   6.2760244678469121E-002
  -3.7364623661549252E-002   5.0923105319543173E-002
  -3.7156138171261788E-002   3.9163002632036502E-002
  -3.6654584713020293E-002   2.7571445862968988E-002
  -3.5832012962956898E-002   1.6252866861343990E-002
  -3.4661900858018457E-002   5.3216553031321034E-003
  -3.3122816744179474E-002  -5.1007857292596935E-003
  -3.1197163347615998E-002  -1.4886949343661436E-002
  -2.8865844885312471E-002  -2.3900936113249300E-002
  -2.6104361626249451E-002  -3.1993851520707460E-002
  -2.2877698522540707E-002  -3.8999444916998111E-002
  -1.9140465559346211E-002  -4.4730717929599907E-002
  -1.4838064678415839E-002  -4.8976734876787699E-002
  -9.9134175712261800E-003  -5.1501200611205687E-002
  -4.3258169135749610E-003  -5.2044647956201735E-002
   1.9423287290755574E-003  -5.0325869842505706E-002
   8.8484528738722919E-003  -4.6044160330793074E-002
   1.6293963583553978E-002  -3.8900302738558892E-002
   2.4118588990317966E-002  -2.8623800484605395E-002
   3.2058800859608043E-002  -1.4999628193645123E-002
   3.9755466280084986E-002   2.0724907674574576E-003
   4.6820412975435655E-002   2.2501260648734072E-002
   5.2817259778892831E-002   4.5951643382563828E-002
   5.7322405926562868E-002   7.1824200208886024E-002
   6.0063067797150538E-002   9.9327083495967139E-002
   6.0848072604340477E-002  0.12756200117063388     
   5.9581382237220586E-002  0.15554994244705114     
   5.6362311891090824E-002  0.18232392099804579     
   5.1471847002663607E-002  0.20707375198839997     
   4.5314219027892594E-002  0.22918600767241670     
   3.8326979186449610E-002  0.24825931662528949     
   3.0885950987212637E-002  0.26410291740488528     
   2.3326073394419430E-002  0.27669315591806515     
   1.5905085643332775E-002  0.28613302854453981     
   8.7912531731343044E-003  0.29262841716389482     
   2.1473395644007231E-003  0.29647115730674301     
  -3.9167889262659529E-003  0.29804100532019445     
  -9.3187500641996671E-003  0.29777648075217339     
  -1.4028261685239390E-002  0.29611533059465950     
  -1.8078545071500293E-002  0.29338631903936890     
  -2.1529971214079097E-002  0.28967589738002081     
  -2.4450251122439530E-002  0.28471540011554547     
  -2.6932374334384512E-002  0.27782867026489172     
  -2.9075144879403915E-002  0.26799008344168929     
  -3.0966210715755903E-002  0.25399210607241895     
  -3.2640347827075783E-002  0.23468444798576402     
  -3.4083529449290537E-002  0.20922607847201111     
  -3.5244987567556556E-002  0.17725363041059347     
  -3.6071737198944076E-002  0.13891999493296597     
  -3.6554977899388448E-002   9.4812843209383629E-002
  -3.6713672299224669E-002   4.5807518619427980E-002
  -3.6563324473515735E-002  -7.0725393318432847E-003
  -3.6104425307426545E-002  -6.2735812159546822E-002
  -3.5322415628469453E-002 -0.12002651801911488     
  -3.4207645851896722E-002 -0.17769257256929497     
  -3.2754315792780653E-002 -0.23439913182953032     
  -3.0956709226119750E-002 -0.28880267225473388     
  -2.8783131305328172E-002 -0.33967207732080906     
  -2.6193163650970006E-002 -0.38601729291834069     
  -2.3158707239358953E-002 -0.42718472280032088     
  -1.9666784446556767E-002 -0.46287188220751224     
  -1.5726258568333769E-002 -0.49308191566097831     
  -1.1328169937426072E-002 -0.51803210524980026     
  -6.4289362315980425E-003 -0.53804943121052884     
  -1.0305265430770084E-003 -0.55346223005289985     
   4.8673577897492418E-003 -0.56451939797068407     
   1.1263039152864442E-002 -0.57136515468922133     
   1.8094203696018059E-002 -0.57401036801105842     
   2.5284200464664053E-002 -0.57237473592514321     
   3.2676685367023686E-002 -0.56636021514983692     
   4.0044604266270163E-002 -0.55593781059869507     
   4.7025062699509713E-002 -0.54126920039838611     
   5.3142264078940113E-002 -0.52273897403148351     
   5.7922254585731317E-002 -0.50097923180302839     
   6.0897358171589845E-002 -0.47690109880208381     
   6.1626976445334262E-002 -0.45167141578081821     
   5.9927424529489820E-002 -0.42674174407388443     
   5.5834030533191151E-002 -0.40370509434178059     
   4.9705616801194591E-002 -0.38403483393295462     
   4.2106398208406018E-002 -0.36885569705079163     
   3.3640927863831258E-002 -0.35874022956495716     
   2.4844917082409598E-002 -0.35373862318370547     
   1.6122450734090733E-002 -0.35351879165977235     
   7.7517202939225288E-003 -0.35749909265103280     
  -7.5464506203215495E-006 -0.36503442962203392     
  -6.9876772721930904E-003 -0.37548917467010939     
  -1.3082445136373114E-002 -0.38829803577213162     
  -1.8310938874659979E-002 -0.40301366796855642     
  -2.2748355965680235E-002 -0.41927115756242805     
  -2.6454665706231058E-002 -0.43677846038400558     
  -2.9504930527592711E-002 -0.45528122007441546     
  -3.1955242968959269E-002 -0.47454033922043615     
  -3.3851235366635229E-002 -0.49434079882264581     
  -3.5294044737905678E-002 -0.51448541118560565     
  -3.6387998764062623E-002 -0.53483028336266580     
  -3.7200419684143178E-002 -0.55530965916720665     
  -3.7762083403828681E-002 -0.57594620078368519     
  -3.8067283758040561E-002 -0.59684390125173581     
  -3.8090557030449085E-002 -0.61814458272680473     
  -3.7815143986474384E-002 -0.63997026206873053     
  -3.7259009867982182E-002 -0.66237206871193488     
  -3.6437304402606153E-002 -0.68529536476281350     
  -3.5336459603848715E-002 -0.70857105585601599     
  -3.3934181714392372E-002 -0.73192121990553694     
  -3.2192777841056355E-002 -0.75497194797438549     
  -3.0072719690841434E-002 -0.77727954514096542     
  -2.7548170570612273E-002 -0.79835931001755522     
  -2.4603170384923163E-002 -0.81772433875774408     
  -2.1241577968316244E-002 -0.83493523378301870     
  -1.7461838681832546E-002 -0.84963469654401980     
  -1.3202842506500065E-002 -0.86154845108111644     
  -8.3964762395835855E-003 -0.87045176238598920     
  -3.0258624793860363E-003 -0.87612311703422807     
   2.9011289120577329E-003 -0.87830959240927198     
   9.4195163851497603E-003 -0.87670820871118615     
   1.6537310596828485E-002 -0.87097538044536083     
   2.4215107350706228E-002 -0.86073874805836681     
   3.2319861670142072E-002 -0.84563532655693796     
   4.0460971572319579E-002 -0.82543348113482218     
   4.7956328535625772E-002 -0.80022240352384799     
   5.4069004708234829E-002 -0.77058273633308449     
   5.8151736592804988E-002 -0.73761342635696403     
   5.9679871204414210E-002 -0.70277452331366741     
   5.8350933433159204E-002 -0.66765995772496867     
   5.4216891604972985E-002 -0.63385156348759619     
   4.7677604190289595E-002 -0.60286843921057820     
   3.9354374874026460E-002 -0.57609799664349559     
   3.0032246117047839E-002 -0.55460698517496021     
   2.0456765977359771E-002 -0.53887242077788777     
   1.1172148350993092E-002 -0.52869051358626762     
   2.5406911186299408E-003 -0.52329013701750415     
  -5.2014632415127325E-003 -0.52161378986305251     
  -1.1964531159304841E-002 -0.52263143851027793     
  -1.7742158183432846E-002 -0.52553213743878147     
  -2.2605720520715494E-002 -0.52976539887005492     
  -2.6640798712566048E-002 -0.53502945709024485     
  -2.9952757734783089E-002 -0.54119190756655222     
  -3.2625813822824430E-002 -0.54822262511858633     
  -3.4746240937769179E-002 -0.55611042479727424     
  -3.6406679755587971E-002 -0.56485421253768420     
  -3.7689519142588120E-002 -0.57448826490969118     
  -3.8646203527997670E-002 -0.58509837013581401     
  -3.9315290457789753E-002 -0.59682420413062143     
  -3.9715573912796578E-002 -0.60978664432750684     
  -3.9865365570622167E-002 -0.62399737157119062     
  -3.9769999220888898E-002 -0.63933160712724701     
  -3.9419420279934309E-002 -0.65555230118307573     
  -3.8798523898188976E-002 -0.67243153735172034     
  -3.7895714365043923E-002 -0.68982100022388826     
  -3.6702218997613792E-002 -0.70763913335950324     
  -3.5199291734041273E-002 -0.72579093184813692     
  -3.3380489215605165E-002 -0.74401563556261452     
  -3.1232294091273229E-002 -0.76181350675068549     
  -2.8708764338619956E-002 -0.77844843316641288     
  -2.5755827048060977E-002 -0.79300475859620079     
  -2.2333076339031470E-002 -0.80451210237385307     
  -1.8410144608241176E-002 -0.81202092880614629     
  -1.3966375587089666E-002 -0.81467121174999035     
  -8.9424523867563718E-003 -0.81173171218852747     
  -3.2618645254519131E-003 -0.80259941446101291     
   3.1172573574213269E-003 -0.78682587311439256     
   1.0107269398472216E-002 -0.76412006072710426     
   1.7532252451425662E-002 -0.73439201588416003     
   2.5217338977973704E-002 -0.69780124294765489     
   3.2972859938296989E-002 -0.65476086153638247     
   4.0536997710447782E-002 -0.60600496904236800     
   4.7546476807018949E-002 -0.55264155097916501     
   5.3518615185639808E-002 -0.49624170341103330     
   5.7830291243209465E-002 -0.43888262184495958     
   5.9740917921735553E-002 -0.38305378999685374     
   5.8646243945140529E-002 -0.33145991803180347     
   5.4415346025939504E-002 -0.28666580127127023     
   4.7496470779046271E-002 -0.25056589985962519     
   3.8841035265804798E-002 -0.22394018848856315     
   2.9598707220884951E-002 -0.20624889042013531     
   2.0703905309896811E-002 -0.19587056824358826     
   1.2601096267700491E-002 -0.19070936286063214     
   5.3771713742178425E-003 -0.18886013356804146     
  -9.7890433848727386E-004 -0.18901954514351818     
  -6.4958502007060586E-003 -0.19054983095865544     
  -1.1270417845829234E-002 -0.19329981594270035     
  -1.5393582252418573E-002 -0.19733449818247398     
  -1.8933407442248081E-002 -0.20271961893432588     
  -2.1942289271010360E-002 -0.20941578138112177     
  -2.4471201927523979E-002 -0.21726897417489119     
  -2.6576946441288926E-002 -0.22606187166952482     
  -2.8331027809550300E-002 -0.23557681723570864     
  -2.9804914334790007E-002 -0.24563921611932860     
  -3.1060353258797680E-002 -0.25613663205323184     
  -3.2133602415218405E-002 -0.26701117559312121     
  -3.3023461822012504E-002 -0.27823472981887010     
  -3.3694526266669772E-002 -0.28978673023691648     
  -3.4089117215749448E-002 -0.30162347476306489     
  -3.4132936729773113E-002 -0.31366394200330017     
  -3.3762862401499644E-002 -0.32578342092027746     
  -3.2926956782945285E-002 -0.33779914503715841     
  -3.1582405340786983E-002 -0.34949028299008694     
  -2.9710751198206996E-002 -0.36060647242055743     
  -2.7285769175873879E-002 -0.37089081716926947     
  -2.4299265090594973E-002 -0.38010299062566927     
  -2.0750729071184696E-002 -0.38801029301778783     
  -1.6630492596076327E-002 -0.39437720431283513     
  -1.1947342695860050E-002 -0.39896628084352898     
  -6.7192583300886609E-003 -0.40153531538579990     
  -9.7082770551405685E-004 -0.40184283344840416     
   5.2304494325402084E-003 -0.39965821961877779     
   1.1807454453837305E-002 -0.39477557234524724     
   1.8661190155698622E-002 -0.38701858495032349     
   2.5628295060377553E-002 -0.37624779508750017     
   3.2545309763623506E-002 -0.36238611616224425     
   3.9187451064330373E-002 -0.34544187549961453     
   4.5255877541372391E-002 -0.32555109511096070     
   5.0445007141436078E-002 -0.30298355800717508     
   5.4446671925368589E-002 -0.27817038768540475     
   5.6948138985361899E-002 -0.25173487360023061     
   5.7708868717465278E-002 -0.22445132173470692     
   5.6552848444397175E-002 -0.19718399864799679     
   5.3459294525648890E-002 -0.17086878811712511     
   4.8658931384873427E-002 -0.14644964674463051     
   4.2501959129976168E-002 -0.12473039990626981     
   3.5358613982094861E-002 -0.10624595086398267     
   2.7621788873965419E-002  -9.1274503381554253E-002
   1.9688307507367660E-002  -7.9896267079954550E-002
   1.1903974516965538E-002  -7.2017853380898472E-002
   4.5302078362675644E-003  -6.7407196753140677E-002
  -2.2562901538785937E-003  -6.5759283612829622E-002
  -8.3491002800813140E-003  -6.6745646558184268E-002
  -1.3693167514268226E-002  -7.0030539984168194E-002
  -1.8269368238435502E-002  -7.5277875264547350E-002
  -2.2087943536072862E-002  -8.2160608490277495E-002
  -2.5186551719075641E-002  -9.0369340087186945E-002
  -2.7626021516883086E-002  -9.9620481051123880E-002
  -2.9482167187079897E-002 -0.10966391995996334     
  -3.0836441017277557E-002 -0.12028660573404415     
  -3.1768644032729880E-002 -0.13131152657302142     
  -3.2352503527735964E-002 -0.14259487191187545     
  -3.2652580600701801E-002 -0.15402272615053425     
  -3.2721038692045686E-002 -0.16550657997364771     
  -3.2594519548141652E-002 -0.17697697371474883     
  -3.2292500350312461E-002 -0.18837562451182591     
  -3.1818039595371647E-002 -0.19964737051910450     
  -3.1160288360780653E-002 -0.21073357230889445     
  -3.0296883778719991E-002 -0.22156767889028089     
  -2.9194512014851848E-002 -0.23207202068162974     
  -2.7807517682237885E-002 -0.24215399907230506     
  -2.6076130923746308E-002 -0.25170044973247291     
  -2.3926381229418998E-002 -0.26057041730505581     
  -2.1272993932865067E-002 -0.26858773757306093     
  -1.8025447412209815E-002 -0.27553507290586121     
  -1.4096774444551473E-002 -0.28115060749281123     
  -9.4147448508292153E-003 -0.28512811542600958     
  -3.9352794010579419E-003 -0.28712102501867492     
   2.3421698559832785E-003 -0.28675143409187703     
   9.3580066496176326E-003 -0.28362556721162197     
   1.6975894042688018E-002 -0.27735779543397010     
   2.4967935685846227E-002 -0.26760609962667475     
   3.3004638793741173E-002 -0.25412246792058818     
   4.0655789238367337E-002 -0.23682054166807706     
   4.7412880239902991E-002 -0.21585615687768195     
   5.2744713620936343E-002 -0.19170113534362143     
   5.6187317323965022E-002 -0.16517223520193097     
   5.7446245669080569E-002 -0.13737479190305155     
   5.6469069049674935E-002 -0.10955265700342623     
   5.3451400969588454E-002  -8.2890434119431561E-002
   4.8774313697966629E-002  -5.8345617250059247E-002
   4.2906938532844892E-002  -3.6566101564507437E-002
   3.6315965763981432E-002  -1.7895504367943786E-002
   2.9405236795139154E-002  -2.4323412149965130E-003
   2.2487599213354727E-002   9.8937744274258735E-003
   1.5781634834269385E-002   1.9252322098721877E-002
   9.4241546001870222E-003   2.5859035319406646E-002
   3.4899818109543797E-003   2.9941957776444116E-002
  -1.9876182664349223E-003   3.1723456926541771E-002
  -7.0002427789932504E-003   3.1413420792851775E-002
  -1.1553559280668793E-002   2.9208463135938934E-002
  -1.5661898536443834E-002   2.5292651397280128E-002
  -1.9345414786592102E-002   1.9837451655602596E-002
  -2.2626877855181568E-002   1.3001197123487232E-002
  -2.5527036665343623E-002   4.9297438963876094E-003
  -2.8059502129148688E-002  -4.2403669962774587E-003
  -3.0226953760116838E-002  -1.4376235060538199E-002
  -3.2020058424307371E-002  -2.5341699473042979E-002
  -3.3419342627269769E-002  -3.6991058547894612E-002
  -3.4399176537003924E-002  -4.9164930113826555E-002
  -3.4932554578592526E-002  -6.1688945682721173E-002
  -3.4995470883978287E-002  -7.4375155447402780E-002
  -3.4570055780201191E-002  -8.7025475838053215E-002
  -3.3646034739132545E-002  -9.9436227142377057E-002
  -3.2220474554369376E-002 -0.11140271204060556     
  -3.0296234095760606E-002 -0.12272287878987449     
  -2.7879978625854940E-002 -0.13319945268023681     
  -2.4980852555631122E-002 -0.14264050226231562     
  -2.1610731001013839E-002 -0.15085907261947801     
  -1.7786361526204515E-002 -0.15767297911565889     
  -1.3532919830628208E-002 -0.16290586121799713     
  -8.8879630397512132E-003 -0.16639013172638858     
  -3.9047636039492989E-003 -0.16797179773760354     
   1.3455688149142660E-003 -0.16751663856017837     
   6.7733078781496937E-003 -0.16491701389660660     
   1.2270332917672886E-002 -0.16009846419176088     
   1.7709802962736200E-002 -0.15302542117909265     
   2.2941406723673639E-002 -0.14370710384321828     
   2.7777460305583847E-002 -0.13220968896989810     
   3.1971853725456446E-002 -0.11868688956561931     
   3.5210806413618179E-002 -0.10343765909656462     
   3.7148619709534904E-002  -8.6974530555872481E-002
   3.7506292245995082E-002  -7.0048077602641659E-002
   3.6197833792965220E-002  -5.3566236403470378E-002
   3.3402037518631293E-002  -3.8409528114717574E-002
   2.9519586454676939E-002  -2.5233954799628710E-002
   2.5041875843726986E-002  -1.4371939471235971E-002
   2.0419830819946558E-002  -5.8595714290602301E-003
   1.5995596634215854E-002   4.6960788357225890E-004
   1.1993316329035218E-002   4.8922487084705618E-003
   8.5358161129927886E-003   7.7291887794039933E-003
   5.6674612288570977E-003   9.3028148180568770E-003
   3.3776955770980586E-003   9.9120299481454417E-003
   1.6213798250932067E-003   9.8199919095333776E-003
   3.3364354761307983E-004   9.2492634716475741E-003
  -5.5943850980335241E-004   8.3808952758839175E-003
  -1.1327913837297905E-003   7.3562573911595064E-003
  -1.4567317113949197E-003   6.2809086675626440E-003
  -1.5936313244964910E-003   5.2296454378063031E-003
  -1.5963311016535665E-003   4.2520336621197381E-003
  -1.5079423818454675E-003   3.3778597253265609E-003
  -1.3626715190167555E-003   2.6219737319738254E-003
  -1.1871070454731619E-003   1.9882129038871366E-003
  -1.0014643394723128E-003   1.4724299145792239E-003
  -8.2055180362720372E-004   1.0648731872772307E-003
  -6.5447167673751390E-004   7.5219068768905698E-004
  -5.0921386973510772E-004   5.1921541569527102E-004
  -3.8731389663302810E-004   3.5053365410333631E-004
  -2.8864122963358078E-004   2.3173373302878776E-004
  -2.1125739209159906E-004   1.5023701495054360E-004
  -1.5222288272374426E-004   9.5693981946557059E-005
  -1.0825037278659901E-004   6.0015862882259047E-005
  -7.6158463072012036E-005   3.7159818730380036E-005
  -5.3134329771241642E-005   2.2788035671397791E-005
  -3.6845181873895098E-005   1.3895140352900870E-005
  -2.5447572831016215E-005   8.4637689294929779E-006
  -1.7538614142225794E-005   5.1775480572186600E-006
  -1.2082086415337351E-005   3.1990139044124155E-006
  -8.3305840746000830E-006   2.0072845137849131E-006
  -5.7550524914518191E-006   1.2847295614570765E-006
  -3.9863865778963425E-006   8.4085795352611949E-007
  -2.7698152304425647E-006   5.6289932813948731E-007
  -1.9307764911327180E-006   3.8465345106612200E-007
  -1.3501937039761516E-006   2.6735961975544452E-007
  -9.4698823828283648E-007   1.8821779185426389E-007
  -6.6593418438268003E-007   1.3364072614439951E-007
  -4.6933574772786751E-007   9.5354045874401402E-008
  -3.3137538319829875E-007   6.8170195849323828E-008
  -2.3429570862126415E-007   4.8726532048597734E-008
  -1.6582591218419779E-007   3.4769443955659924E-008
  -1.1744628978766698E-007   2.4743710564944800E-008
  -8.3214805513088251E-008   1.7551397935344100E-008
  -5.8970212775495012E-008   1.2405280760302568E-008
  -4.1788001952340716E-008   8.7358076526571427E-009
  -2.9606770168420330E-008   6.1293134386585536E-009
  -2.0970078029224354E-008   4.2852901444264163E-009
  -1.4847068897584347E-008   2.9859162211289850E-009
  -1.0507172609326235E-008   2.0738879321438663E-009
  -7.4321926383659365E-009   1.4361164326310692E-009
  -5.2543908072604835E-009   9.9169404133963422E-010
  -3.7127511193475613E-009   6.8302096832239476E-010
  -2.6220149246059965E-009   4.6928757235443610E-010
  -1.8507218794496777E-009   3.2171249730435899E-010
  -1.3056200923038548E-009   2.2008482345211821E-010
  -9.2059077297835545E-010   1.5026887685595263E-010
  -6.4877771750779568E-010   1.0241472241432379E-010
  -4.5699413913610381E-010   6.9682239237606887E-011
  -3.2174867625053924E-010   4.7336342150816626E-011
  -2.2642285705674531E-010   3.2108618639532154E-011
  -1.5926734157849697E-010   2.1749012419924924E-011
  -1.1198021472013745E-010   1.4712302832796117E-011
  -7.8698869197756405E-011   9.9396937442283951E-012
  -5.5285616076503156E-011   6.7071918711202084E-012
  -3.8821770653531888E-011   4.5206858796734293E-012
  -2.7249608935103148E-011   3.0435529265522112E-012
  -1.9119137367477682E-011   2.0468409639595924E-012
  -1.3409105393943641E-011   1.3750697361595413E-012
  -9.4005711817897477E-012   9.2280596087946985E-013
  -6.5876427021921687E-012   6.1865117291412077E-013
  -4.6144991428572357E-012   4.1431718007774773E-013
  -3.2309790652172781E-012   2.7718563746300064E-013
  -2.2612778873581791E-012   1.8524878520309435E-013
  -1.5818960866052571E-012   1.2367450827737512E-013
  -1.1061116766084614E-012   8.2477518055027603E-014
  -7.7305166169774272E-013   5.4942564488157979E-014
  -5.4000369993534616E-013   3.6558173759477495E-014
  -3.7700956398645121E-013   2.4296476877755020E-014
  -2.6306474016720653E-013   1.6127348161765800E-014
  -1.8344807984859372E-013   1.0690978452450679E-014
  -1.2784620292786294E-013   7.0774516235917432E-015
  -8.9036614434599258E-014   4.6785073823895165E-015
  -6.1963444366090562E-014   3.0879496310361862E-015
  -4.3088989808431568E-014   2.0348024288659401E-015
  -2.9938925306686831E-014   1.3384889924380720E-015
  -2.0783457430985636E-014   8.7880679201468277E-016
  -1.4413870169332565E-014   5.7583374201897683E-016
  -9.9859812851362224E-015   3.7649374505691498E-016
  -6.9105159462859861E-015   2.4558346328440050E-016
  -4.7763664264709280E-015   1.5978490847330357E-016
  -3.2968944899557025E-015   1.0367447092930720E-016
  -2.2723733781375062E-015   6.7065549534362437E-017
  -1.5637300219679722E-015   4.3241128864771134E-017
  -1.0741960561754048E-015   2.7779634756325306E-017
  -7.3649178759397802E-016   1.7775877838825532E-017
  -5.0387934047929003E-016   1.1324812696736173E-017
  -3.4392029794155190E-016   7.1799228306664285E-018
  -2.3412285747468272E-016   4.5274938519937203E-018
  -1.5890845276890827E-016   2.8376959543219102E-018
  -1.0749928671193883E-016   1.7665053391534961E-018
  -7.2448247055800307E-017   1.0912263481184552E-018
  -4.8616648885847747E-017   6.6818656906871711E-019
  -3.2463972512953276E-017   4.0503931450095968E-019
  -2.1554815292720412E-017   2.4267193473642129E-019
  -1.4216957581128824E-017   1.4341858964874017E-019
  -9.3044732242489111E-018   8.3401941975370216E-020
  -6.0337959384455986E-018   4.7572708713495119E-020
  -3.8704059501137298E-018   2.6507550093466224E-020
  -2.4506003174178989E-018   1.4349788855788656E-020
  -1.5275475320427475E-018   7.4906902783764198E-021
  -9.3412338629703171E-019   3.7290277388948432E-021
  -5.5731171334015901E-019   1.7384161405727940E-021
  -3.2058019837549620E-019   7.3267610429703504E-022
  -1.7167837807405722E-019   2.5651538172274210E-022
  -7.3780555557613605E-020   5.3697509166718755E-023
  -0.0000000000000000        0.0000000000000000     
