 Initial conditions outputted from a previous simulation. Time =    93.000000000000000     
   40.000000000000000        0.0000000000000000              500           1   93.000000000000000     
  -3.7244207824055693E-002  -5.1057947169691204E-013
  -3.6974462133689330E-002  -1.6379248365203040E-002
  -3.6491104830500234E-002  -3.2656052617271537E-002
  -3.5713731089007113E-002  -4.8711016789695492E-002
  -3.4654528271657985E-002  -6.4451563828334557E-002
  -3.3234335638326992E-002  -7.9711117301120168E-002
  -3.1433496991535720E-002  -9.4373163445014646E-002
  -2.9207706974717099E-002 -0.10828036758470173     
  -2.6507733840510340E-002 -0.12126098697733230     
  -2.3285233750302902E-002 -0.13312413170067980     
  -1.9491058724655660E-002 -0.14365319259293899     
  -1.5081176469973034E-002 -0.15260478673880953     
  -1.0024343275660231E-002 -0.15970626174092187     
  -4.3115888617618154E-003 -0.16465348737003241     
   2.0303393616673670E-003 -0.16711054901762371     
   8.9211584844399259E-003 -0.16671188624179958     
   1.6204301321213650E-002 -0.16306835255535171     
   2.3618959679179683E-002 -0.15577882358666698     
   3.0767606017521942E-002 -0.14444638079881555     
   3.7084945658747877E-002 -0.12869344715956313     
   4.1838142048765167E-002 -0.10817375655122026     
   4.4224206394602880E-002  -8.2599508384747167E-002
   4.3616018790687348E-002  -5.1819364799877858E-002
   3.9895286640146597E-002  -1.5958729759545275E-002
   3.3680136014182793E-002   2.4430069234205144E-002
   2.6250413264425346E-002   6.8298861549308018E-002
   1.9121687291233071E-002  0.11416512706726059     
   1.3437131680131449E-002  0.16027997132932165     
   9.5241592850938677E-003  0.20487550489340137     
   6.9193119892852302E-003  0.24648235510542071     
   4.8170997184836042E-003  0.28421760932073109     
   2.5568929427682127E-003  0.31786170345033543     
  -1.7782817523074500E-004  0.34767702652508597     
  -3.4318001473866663E-003  0.37413310945959832     
  -7.1200597692257124E-003  0.39771497982271736     
  -1.1110691407990866E-002  0.41884139313842161     
  -1.5235845599055792E-002  0.43783508485212769     
  -1.9281539430330015E-002  0.45491807797441763     
  -2.3026137735228793E-002  0.47023179674306742     
  -2.6322150264577064E-002  0.48387096018101622     
  -2.9123552019492436E-002  0.49592983922217332     
  -3.1433017225160176E-002  0.50654335189447730     
  -3.3261529646517303E-002  0.51588478200046539     
  -3.4639790592497485E-002  0.52414834990487880     
  -3.5626674372390060E-002  0.53154508576738746     
  -3.6293184474394606E-002  0.53829528734066401     
  -3.6708944852050354E-002  0.54461053380157609     
  -3.6936840172791884E-002  0.55068047495784245     
  -3.7023966513476739E-002  0.55666821363868968     
  -3.6993880958092772E-002  0.56270735507604941     
  -3.6850016356131790E-002  0.56889985295569301     
  -3.6586655925810278E-002  0.57531631988548670     
  -3.6198605363036797E-002  0.58199762103885788     
  -3.5684831483167694E-002  0.58895874485267619     
  -3.5044570876836621E-002  0.59619953019516458     
  -3.4268115816656557E-002  0.60372484142802907     
  -3.3329406064304651E-002  0.61157100727640357     
  -3.2187892284516989E-002  0.61983009614845841     
  -3.0801090375714338E-002  0.62866148400676403     
  -2.9141557692080253E-002  0.63828320814193340     
  -2.7207940916833158E-002  0.64894340350724733     
  -2.5021718686550721E-002  0.66088083639221307     
  -2.2608665573660244E-002  0.67428887964681949     
  -1.9973131485867952E-002  0.68929681686670841     
  -1.7078348345962651E-002  0.70597560468026943     
  -1.3843378150529505E-002  0.72436472913210370     
  -1.0159123539064537E-002  0.74450823400415000     
  -5.9163199633431975E-003  0.76648626660828245     
  -1.0336617375847669E-003  0.79043362043975718     
   4.5228331211540134E-003  0.81654551470509629     
   1.0729681735716924E-002  0.84507530601677883     
   1.7494472974671594E-002  0.87632390556649120     
   2.4624396783844680E-002  0.91061032757143345     
   3.1778711542571163E-002  0.94820172770846578     
   3.8441956034752776E-002  0.98918117156587659     
   4.3977950110440617E-002   1.0332759074170261     
   4.7786844185782072E-002   1.0797438525829324     
   4.9506861694898069E-002   1.1274402910520906     
   4.9117469058467131E-002   1.1750778811421658     
   4.6861716602865450E-002   1.2215132387517433     
   4.3081035091384688E-002   1.2658780653819519     
   3.8096079743998645E-002   1.3075359659062076     
   3.2185286484511147E-002   1.3460045253312798     
   2.5622124113758606E-002   1.3809372176601538     
   1.8686154025671132E-002   1.4121527119536217     
   1.1639549224898122E-002   1.4396500498730576     
   4.7151848804140271E-003   1.4635925487322143     
  -1.8884161951833586E-003   1.4842720233411946     
  -8.0029134318650337E-003   1.5020747782723711     
  -1.3494446841365474E-002   1.5174434044174727     
  -1.8275853252965837E-002   1.5308335493310794     
  -2.2300437413155665E-002   1.5426677235362896     
  -2.5572997439549692E-002   1.5533037207362139     
  -2.8155327474049249E-002   1.5630201299827977     
  -3.0151125522650025E-002   1.5720143504068465     
  -3.1714551521669090E-002   1.5804198095692690     
  -3.3036903539733861E-002   1.5883358385706643     
  -3.4282275511420296E-002   1.5958617871383656     
  -3.5545695986132907E-002   1.6031351874718172     
  -3.6838427990805486E-002   1.6103420246405322     
  -3.8100119165396400E-002   1.6176643463026545     
  -3.9270265296189953E-002   1.6251732744078617     
  -4.0378607513791617E-002   1.6327021939762214     
  -4.1544045228041802E-002   1.6398102008969040     
  -4.2876578998453561E-002   1.6460001384549461     
  -4.4271789356959017E-002   1.6512607801685721     
  -4.5284145888199241E-002   1.6567630161998894     
  -4.5232499485253243E-002   1.6652595711668492     
  -4.3420239633081816E-002   1.6806448755919656     
  -3.9507036418497746E-002   1.7063060613086247     
  -3.3954681219625284E-002   1.7423590613620696     
  -2.8084724888154319E-002   1.7825538537576919     
  -2.3600746763140057E-002   1.8130566905422656     
  -2.1702003996993888E-002   1.8169499409516350     
  -2.2303956471183734E-002   1.7841908115520917     
  -2.4096708694731673E-002   1.7181316200447077     
  -2.5363751694888487E-002   1.6319040549222130     
  -2.4903260617361353E-002   1.5399097584510937     
  -2.2374186095783670E-002   1.4524140453373933     
  -1.8035093578852694E-002   1.3745489331403007     
  -1.2324505937487169E-002   1.3074661461503598     
  -5.6708959076258751E-003   1.2499108994454193     
   1.5580986543297965E-003   1.1994875416774804     
   9.0649581210437598E-003   1.1535493919172257     
   1.6590058874012655E-002   1.1097336227766106     
   2.3805546357583595E-002   1.0662091135817666     
   3.0374764551348809E-002   1.0217081098242260     
   3.5995106437811016E-002  0.97548680246359021     
   4.0409137992918551E-002  0.92731864672180708     
   4.3402149687077687E-002  0.87745628423279010     
   4.4751405052681513E-002  0.82650147134401086     
   4.4158425362634729E-002  0.77515533651041646     
   4.1389817926686855E-002  0.72392413762268226     
   3.6489074272139647E-002  0.67297935999990799     
   2.9876088674786264E-002  0.62224034993949762     
   2.2221395826542454E-002  0.57160836685124405     
   1.4223632272854754E-002  0.52118666043498563     
   6.3487945457172583E-003  0.47133169596623437     
  -1.1936936888871650E-003  0.42253520472559419     
  -8.2976238032551781E-003  0.37521945574001675     
  -1.4853660937773860E-002  0.32954906938279216     
  -2.0776901918810257E-002  0.28533377750207989     
  -2.5996442396668276E-002  0.24204411889799898     
  -3.0486103669225096E-002  0.19892434041428025     
  -3.4292099606374200E-002  0.15511755474620773     
  -3.7494768783104378E-002  0.10978219538384477     
  -4.0163975315564010E-002   6.2166380207950900E-002
  -4.2357378616195762E-002   1.1627083995035804E-002
  -4.4115938292830656E-002  -4.2351077399410991E-002
  -4.5472355130915285E-002 -0.10013212278153452     
  -4.6444164236702459E-002 -0.16189254888804366     
  -4.7028986718746439E-002 -0.22758556044161593     
  -4.7233018840737058E-002 -0.29691412547944945     
  -4.7079895530521720E-002 -0.36931326690318877     
  -4.6607406737406140E-002 -0.44397366956279172     
  -4.5834291649780208E-002 -0.51989765930921394     
  -4.4791628877989938E-002 -0.59598531763080087     
  -4.3585052739003788E-002 -0.67113812620692181     
  -4.2348878747267296E-002 -0.74435604953499523     
  -4.1157637872575155E-002 -0.81481196544311274     
  -4.0024746552743344E-002 -0.88188510593885372     
  -3.8927417510965782E-002 -0.94517073271825802     
  -3.7812087199885110E-002  -1.0044746094475252     
  -3.6611121214684295E-002  -1.0598038184090213     
  -3.5289430961999713E-002  -1.1113503121419532     
  -3.3840017882945730E-002  -1.1594570446924803     
  -3.2232637541190011E-002  -1.2045880248771808     
  -3.0425686509411333E-002  -1.2472958177887643     
  -2.8434987636940807E-002  -1.2881980625609677     
  -2.6272280003597506E-002  -1.3279801733411061     
  -2.3874554325295307E-002  -1.3673571630922314     
  -2.1131688877991512E-002  -1.4069987161105604     
  -1.7967974876191402E-002  -1.4474028399717103     
  -1.4362186815827495E-002  -1.4887597683431384     
  -1.0288319136731927E-002  -1.5308976195204758     
  -5.7068358501399302E-003  -1.5732857314166695     
  -6.2689687116593382E-004  -1.6151334664828305     
   4.8935618955530912E-003  -1.6555154428413310     
   1.0746539989828186E-002  -1.6934461349309236     
   1.6799253009860352E-002  -1.7279703649111071     
   2.2871171098882169E-002  -1.7582404360503967     
   2.8646446000236084E-002  -1.7836498103799638     
   3.3663894055709936E-002  -1.8040447493000189     
   3.7275312891737251E-002  -1.8198305776956907     
   3.8892691923024435E-002  -1.8319985508389105     
   3.8223933081287402E-002  -1.8419413201236536     
   3.5371436459888009E-002  -1.8512451546791155     
   3.0763144116260886E-002  -1.8615599690648059     
   2.5003170669678654E-002  -1.8743810156512841     
   1.8600927296174748E-002  -1.8908845568039685     
   1.1910101967607657E-002  -1.9118283393603845     
   5.2017785822051701E-003  -1.9374485722871961     
  -1.2123181575608242E-003  -1.9675763848437513     
  -7.1680643319609501E-003  -2.0018224080764968     
  -1.2574483965099291E-002  -2.0397588501629307     
  -1.7363548012886053E-002  -2.0810230655097626     
  -2.1582745800974641E-002  -2.1252805240561008     
  -2.5349464847463567E-002  -2.1722141905519714     
  -2.8662312212779959E-002  -2.2215059129951493     
  -3.1473966205820256E-002  -2.2727992314554806     
  -3.3826770243631982E-002  -2.3256895504409290     
  -3.5823713791818007E-002  -2.3796856901247394     
  -3.7495617892291770E-002  -2.4342108371261166     
  -3.8890612389088516E-002  -2.4886235213223040     
  -4.0113410718116062E-002  -2.5422480273684083     
  -4.1231869678074226E-002  -2.5944473958875296     
  -4.2271159481563479E-002  -2.6446749201794271     
  -4.3200640080687344E-002  -2.6925074923534029     
  -4.3917793436352159E-002  -2.7376782297415150     
  -4.4303055641659969E-002  -2.7801021329980840     
  -4.4359590728177432E-002  -2.8199047506383810     
  -4.4248622021822698E-002  -2.8574443110294858     
  -4.4148989912911010E-002  -2.8933069083671317     
  -4.4118237545476627E-002  -2.9282545032062557     
  -4.4082898198071173E-002  -2.9631326869420063     
  -4.3901659452343082E-002  -2.9987481571248122     
  -4.3460603957494182E-002  -3.0357391310740045     
  -4.2718440318610218E-002  -3.0744659685392057     
  -4.1649293850648021E-002  -3.1149516317639763     
  -4.0232376507566177E-002  -3.1569058084877382     
  -3.8442597663675991E-002  -3.1998196696915797     
  -3.6256680846164444E-002  -3.2430734162914647     
  -3.3666608830615424E-002  -3.2859888618889004     
  -3.0639388455767167E-002  -3.3277889520952217     
  -2.7101500219121766E-002  -3.3674885684846796     
  -2.3001422281925317E-002  -3.4037838863785721     
  -1.8308088489566603E-002  -3.4350122182689975     
  -1.3022365015158606E-002  -3.4592330264358853     
  -7.1927903643222166E-003  -3.4744328546817265     
  -8.8676812963037373E-004  -3.4787859153079776     
   5.8951895342501236E-003  -3.4709249130346658     
   1.3148723388834738E-002  -3.4501162331699051     
   2.0694067304023275E-002  -3.4163338407589854     
   2.8146022435754738E-002  -3.3702681626154805     
   3.5051623698673526E-002  -3.3132585093391440     
   4.0870787680784212E-002  -3.2472450975721849     
   4.5083947850206890E-002  -3.1746365870031985     
   4.7324200628848859E-002  -3.0981484911583563     
   4.7379892674071028E-002  -3.0206487832737032     
   4.5266311225062368E-002  -2.9450078544806213     
   4.1367987507247642E-002  -2.8739454169032634     
   3.6256151764787296E-002  -2.8098335873794156     
   3.0470572674468274E-002  -2.7544084509208293     
   2.4363145856310765E-002  -2.7084987151349620     
   1.8124440262736127E-002  -2.6718664938268128     
   1.1895915233633902E-002  -2.6433482292778527     
   5.8877714704102880E-003  -2.6212233494174919     
   3.5892954045213283E-004  -2.6036472257625398     
  -4.5316663445124127E-003  -2.5890450610593359     
  -8.7811866605416525E-003  -2.5762645587716864     
  -1.2400769297017061E-002  -2.5645773461169941     
  -1.5421576307783201E-002  -2.5535971883546305     
  -1.7907185738305423E-002  -2.5431453726130888     
  -1.9939867253387322E-002  -2.5331619721255731     
  -2.1607227387748278E-002  -2.5236377931807321     
  -2.2976273266933838E-002  -2.5145615779324002     
  -2.4091209934478584E-002  -2.5059008639657487     
  -2.4979353507419724E-002  -2.4975876728107442     
  -2.5646693393262920E-002  -2.4895299237575759     
  -2.6107692136415873E-002  -2.4816308923455233     
  -2.6397328018698599E-002  -2.4738092877749760     
  -2.6569074528371796E-002  -2.4660196717617535     
  -2.6690841411176364E-002  -2.4582631369935108     
  -2.6827303074620262E-002  -2.4505866439117776     
  -2.7020609445112056E-002  -2.4430699061079251     
  -2.7276978699488356E-002  -2.4357998957265456     
  -2.7559789448432164E-002  -2.4288409328292171     
  -2.7788787556168874E-002  -2.4222075795967815     
  -2.7866149911608330E-002  -2.4158481418231137     
  -2.7672377289163566E-002  -2.4096438885511389     
  -2.7101901814295375E-002  -2.4034175996863820     
  -2.6074529757074437E-002  -2.3969539599236414     
  -2.4524281046965638E-002  -2.3900142460707547     
  -2.2433451536907012E-002  -2.3823506977792186     
  -1.9774207058581499E-002  -2.3737180890320291     
  -1.6541740655047297E-002  -2.3638678804275428     
  -1.2769530588466894E-002  -2.3525586075938727     
  -8.4611086748937834E-003  -2.3395477989348299     
  -3.6330963138344308E-003  -2.3245894414283619     
   1.6925338145608807E-003  -2.3074379255630588     
   7.5028633807714849E-003  -2.2878631139942054     
   1.3750707350296430E-002  -2.2656395260064803     
   2.0294878525113972E-002  -2.2406066320935811     
   2.6951415255762227E-002  -2.2126429375301204     
   3.3491869699454210E-002  -2.1816829080881504     
   3.9703589984442289E-002  -2.1477082230941216     
   4.5288880693196490E-002  -2.1108418893963310     
   4.9875602565615143E-002  -2.0713755468524542     
   5.3090428241412989E-002  -2.0297808750946285     
   5.4701006383047382E-002  -1.9867500528084030     
   5.4575633114542353E-002  -1.9432387513178513     
   5.2732291369641790E-002  -1.9002638334803985     
   4.9422917244565830E-002  -1.8586991806154112     
   4.5068064363763399E-002  -1.8191519839902899     
   4.0090662325165671E-002  -1.7819434444840698     
   3.4810469283856581E-002  -1.7471704560241179     
   2.9435662630387025E-002  -1.7148005814231340     
   2.4078229202408676E-002  -1.6847604309092175     
   1.8781445491849964E-002  -1.6569861147194342     
   1.3566978873474708E-002  -1.6314323041199035     
   8.4700913203918440E-003  -1.6080565172133086     
   3.5395603993631317E-003  -1.5868010434215947     
  -1.1756039613452863E-003  -1.5675856674539952     
  -5.6280101709046239E-003  -1.5503082427345118     
  -9.7661908230705433E-003  -1.5348427697405966     
  -1.3536039469403479E-002  -1.5210333376856882     
  -1.6893574881400263E-002  -1.5086928722367752     
  -1.9820925239072945E-002  -1.4976138414524285     
  -2.2334707687384291E-002  -1.4875882744584144     
  -2.4482223198983664E-002  -1.4784285497492615     
  -2.6328374110705453E-002  -1.4699815999481720     
  -2.7939273404069698E-002  -1.4621334490126208     
  -2.9367352389269151E-002  -1.4548043511063362     
  -3.0640843400048419E-002  -1.4479365607270140     
  -3.1759581697780322E-002  -1.4414779517116107     
  -3.2698155035946759E-002  -1.4353658016514292     
  -3.3415377796240202E-002  -1.4295153434807024     
  -3.3866439313455156E-002  -1.4238160893979512     
  -3.4012873960054528E-002  -1.4181356283553521     
  -3.3827151385667324E-002  -1.4123274908289922     
  -3.3292237199381500E-002  -1.4062388429371191     
  -3.2399293064341660E-002  -1.3997155776901482     
  -3.1146837028617220E-002  -1.3926052649021945     
  -2.9542340447773010E-002  -1.3847602995613848     
  -2.7604220265106120E-002  -1.3760432351143870     
  -2.5360614310473126E-002  -1.3663339917203492     
  -2.2842327346959346E-002  -1.3555358829251840     
  -2.0070436494947656E-002  -1.3435759931939180     
  -1.7042572386047086E-002  -1.3303964786178437     
  -1.3723952691918295E-002  -1.3159367276785545     
  -1.0048671867357887E-002  -1.3001105810970282     
  -5.9337228776609385E-003  -1.2827858982599321     
  -1.3040254208889913E-003  -1.2637742791363735     
   3.8774069786402447E-003  -1.2428367271055878     
   9.5832241661618495E-003  -1.2197070971963915     
   1.5709021260440315E-002  -1.1941297713070849     
   2.2079564078713834E-002  -1.1659023133261022     
   2.8470869147116839E-002  -1.1349108976239743     
   3.4636375325293574E-002  -1.1011501720534214     
   4.0323988752240990E-002  -1.0647305432022995     
   4.5282634426204366E-002  -1.0258844829286586     
   4.9273080599020407E-002 -0.98497492648357765     
   5.2094274158786688E-002 -0.94249095662342586     
   5.3609045203102543E-002 -0.89901600030058149     
   5.3738996105862982E-002 -0.85518263872763256     
   5.2430676374656322E-002 -0.81165191334852416     
   4.9642399339603890E-002 -0.76912840979096131     
   4.5393754126686336E-002 -0.72836295213324542     
   3.9848512241607417E-002 -0.69008230803975323     
   3.3347857888379157E-002 -0.65485557649243442     
   2.6347095851347400E-002 -0.62298381955654059     
   1.9297281302763165E-002 -0.59448717083640190     
   1.2552669677681719E-002 -0.56917943125887693     
   6.3436446004162097E-003 -0.54676519036485349     
   7.9662890572527664E-004 -0.52691128010213206     
  -4.0339192841485393E-003 -0.50928510262484672     
  -8.1401469729897192E-003 -0.49357169849764243     
  -1.1544805565312918E-002 -0.47948129317140564     
  -1.4290805090572459E-002 -0.46675393071161347     
  -1.6431372199879751E-002 -0.45516236109161823     
  -1.8018818074772073E-002 -0.44451088357403123     
  -1.9094510806644292E-002 -0.43462845866037259     
  -1.9684371252655257E-002 -0.42535766027097160     
  -1.9802080024174506E-002 -0.41654380445008332     
  -1.9458501470980646E-002 -0.40802898468796783     
  -1.8672948492115926E-002 -0.39965367628433496     
  -1.7481217861542570E-002 -0.39126525234145632     
  -1.5937004317124987E-002 -0.38272989073110764     
  -1.4106281430786649E-002 -0.37394314648800348     
  -1.2057048418106038E-002 -0.36483517436061896     
  -9.8484155941690223E-003 -0.35536876323639588     
  -7.5228120361935458E-003 -0.34553108687761130     
  -5.1032911637770538E-003 -0.33532218226547139     
  -2.5954742030965994E-003 -0.32474364003497691     
   7.9575600566169769E-006 -0.31378977473350322     
   2.7222327326437952E-003 -0.30244169369079527     
   5.5654889383532644E-003 -0.29066361198141399     
   8.5529264253667303E-003 -0.27840113952684398     
   1.1689213827114461E-002 -0.26558249030705700     
   1.4959911099569827E-002 -0.25212414947723671     
   1.8324501805159165E-002 -0.23794134789852589     
   2.1713027709500860E-002 -0.22296144789560671     
   2.5024474590869612E-002 -0.20713794125727403     
   2.8121923741591677E-002 -0.19046666999405870     
   3.0824049858335138E-002 -0.17301119043949253     
   3.2905739145941672E-002 -0.15494133031486798     
   3.4129112270495782E-002 -0.13657127771791236     
   3.4311499510456811E-002 -0.11836279087335219     
   3.3401489073554523E-002 -0.10086387116624000     
   3.1512610913593322E-002  -8.4595258131484871E-002
   2.8888151621791088E-002  -6.9941698634087626E-002
   2.5822041316087757E-002  -5.7102398560394618E-002
   2.2586232165405506E-002  -4.6107249286423423E-002
   1.9393463256257223E-002  -3.6865865077424266E-002
   1.6390311820321538E-002  -2.9217210099385188E-002
   1.3664456372423323E-002  -2.2967724593008571E-002
   1.1257055138189722E-002  -1.7917509055104169E-002
   9.1763700904152132E-003  -1.3876184427166363E-002
   7.4095527338929332E-003  -1.0670937760326495E-002
   5.9312940265030126E-003  -8.1498265044146045E-003
   4.7099908596927344E-003  -6.1824263028998462E-003
   3.7120942584588511E-003  -4.6588248419107249E-003
   2.9048445018009014E-003  -3.4876938708130740E-003
   2.2577751391306498E-003  -2.5940512646995518E-003
   1.7434830080954378E-003  -1.9170245346460939E-003
   1.3379503801753513E-003  -1.4077195464153218E-003
   1.0205584252956409E-003  -1.0272546744722992E-003
   7.7390936936051671E-004  -7.4500220482027622E-004
   5.8354110738356810E-004  -5.3704991513690457E-004
   4.3758329883500211E-004  -3.8488374749650163E-004
   3.2639665257066977E-004  -2.7428540853411841E-004
   2.4222839416435370E-004  -1.9442544914949231E-004
   1.7889945181482492E-004  -1.3712462508501584E-004
   1.3152789401947110E-004  -9.6257669232160150E-005
   9.6289500488760339E-005  -6.7276653290778310E-005
   7.0213919125314744E-005  -4.6833417877152183E-005
   5.1013176739071404E-005  -3.2483356241795490E-005
   3.6939061759674997E-005  -2.2455627397935899E-005
   2.6666041463635383E-005  -1.5476997134563167E-005
   1.9196366852956596E-005  -1.0638347502818812E-005
   1.3784105317610637E-005  -7.2946794057413533E-006
   9.8750743501991315E-006  -4.9910383064401014E-006
   7.0599123581568714E-006  -3.4082070351933256E-006
   5.0378134479492313E-006  -2.3232670663725802E-006
   3.5887850642128478E-006  -1.5812068936289136E-006
   2.5526227863687255E-006  -1.0746430570823232E-006
   1.8131088721804395E-006  -7.2943632713579496E-007
   1.2862249802873725E-006  -4.9455270758689702E-007
   9.1141811931630502E-007  -3.3495601088935527E-007
   6.4516752133322372E-007  -2.2664968879050513E-007
   4.5627117534571673E-007  -1.5323276121196821E-007
   3.2240845927496744E-007  -1.0351651401861824E-007
   2.2764380574255705E-007  -6.9880722559485617E-008
   1.6062043590810662E-007  -4.7143236461979747E-008
   1.1325765803642018E-007  -3.1784606565048833E-008
   7.9814068767115916E-008  -2.1417455758837099E-008
   5.6215619015594955E-008  -1.4424072968016301E-008
   3.9574762935226970E-008  -9.7093422865538129E-009
   2.7847054890006960E-008  -6.5325707401605743E-009
   1.9586354711465550E-008  -4.3931821177912142E-009
   1.3770611219162669E-008  -2.9531220641089332E-009
   9.6780569353032916E-009  -1.9842440948921538E-009
   6.7993428536155389E-009  -1.3326707532208191E-009
   4.7752537655505277E-009  -8.9467543574281614E-010
   3.3526037466521372E-009  -6.0037436380661937E-010
   2.3530351870646998E-009  -4.0270794135609352E-010
   1.6509653165495953E-009  -2.7000108531405233E-010
   1.1580105616426794E-009  -1.8094322692245141E-010
   8.1199378087985122E-010  -1.2120298943631729E-010
   5.6919093273000930E-010  -8.1146468865144495E-011
   3.9886575548413444E-010  -5.4300117909339873E-011
   2.7941932222793816E-010  -3.6315729225689135E-011
   1.9567863780043582E-010  -2.4273815120798309E-011
   1.3698818167780719E-010  -1.6214942484862528E-011
   9.5867170634721671E-011  -1.0824555914956948E-011
   6.7065208218156240E-011  -7.2211039550843483E-012
   4.6898357907779155E-011  -4.8136636838970965E-012
   3.2782524881173262E-011  -3.2063028265223486E-012
   2.2905613141339129E-011  -2.1338608934632368E-012
   1.5997254664668458E-011  -1.4188437809115276E-012
   1.1167118107352287E-011  -9.4250136662946783E-013
   7.7914043936475318E-012  -6.2542909182353449E-013
   5.4331904238446396E-012  -4.1456262921805522E-013
   3.7865421332257318E-012  -2.7446238584171521E-013
   2.6373146692589389E-012  -1.8147543259882498E-013
   1.8356645293589991E-012  -1.1982671565755444E-013
   1.2767796575777688E-012  -7.9003293327337099E-014
   8.8737435450305672E-013  -5.2004795124144531E-014
   6.1622708911993006E-013  -3.4173912260426111E-014
   4.2755287748714633E-013  -2.2415093347573485E-014
   2.9636250462486752E-013  -1.4672923892762519E-014
   2.0521400817499265E-013  -9.5841204582170181E-015
   1.4193949911561805E-013  -6.2455277096770971E-015
   9.8055044800814417E-014  -4.0595746964505793E-015
   6.7648776844405675E-014  -2.6314178469343947E-015
   4.6603705152016015E-014  -1.7005478046872817E-015
   3.2054710821038955E-014  -1.0953579169289573E-015
   2.2009324746877962E-014  -7.0299792193184745E-016
   1.5083015197723985E-014  -4.4939338066205958E-016
   1.0314500854032985E-014  -2.8601935242953715E-016
   7.0369663319684181E-015  -1.8115688382406035E-016
   4.7883110869962319E-015  -1.1412133476765953E-016
   3.2486397665654427E-015  -7.1458413548633229E-017
   2.1967545429035434E-015  -4.4441327531687398E-017
   1.4798947164698985E-015  -2.7427034344923668E-017
   9.9270619098102763E-016  -1.6778855603717357E-017
   6.6263764366415447E-016  -1.0161835910412024E-017
   4.3980848783331377E-016  -6.0829719624995830E-018
   2.8998607327457431E-016  -3.5919870554559972E-018
   1.8972300538527356E-016  -2.0871380172973124E-018
   1.2299387462363591E-016  -1.1895755948411209E-018
   7.8871766007769045E-017  -6.6233441367092859E-019
   4.9925014673084019E-017  -3.5829638017796202E-019
   3.1112228759050128E-017  -1.8690686916387595E-019
   1.9021445867452400E-017  -9.2987650738220358E-020
   1.1346326262247033E-017  -4.3324357342455545E-020
   6.5257264851229647E-018  -1.8250145845777964E-020
   3.4942952914343301E-018  -6.3866594988231252E-021
   1.5015636171955718E-018  -1.3363517704412041E-021
   0.0000000000000000        0.0000000000000000     
