 Initial conditions outputted from a previous simulation. Time =    46.000000000000000     
   40.000000000000000        0.0000000000000000              500           1   46.000000000000000     
   6.2755792175944305E-002   4.6584423853319865E-013
   6.1313599312153660E-002   2.6779329669536698E-002
   5.7682950594907592E-002   5.2216308755834023E-002
   5.2099519994403105E-002   7.5214558358445233E-002
   4.5138793067210303E-002   9.4886548154223413E-002
   3.7252330354031048E-002  0.11089671154142276     
   2.8967549506392243E-002  0.12303952136929107     
   2.0687196304000219E-002  0.13140274411724098     
   1.2712246286009300E-002  0.13620809889009863     
   5.2493641181752086E-003  0.13775012846942802     
  -1.5793163460633228E-003  0.13636086802101186     
  -7.7162765383837683E-003  0.13237693178819826     
  -1.3151390899975163E-002  0.12612240822877210     
  -1.7908260414216257E-002  0.11790129910658731     
  -2.2033846918588489E-002  0.10799429168561495     
  -2.5592022693387156E-002   9.6659997045983770E-002
  -2.8660593537032396E-002   8.4141027469896948E-002
  -3.1329649760164231E-002   7.0675474259005236E-002
  -3.3695871096012034E-002   5.6512916825634793E-002
  -3.5846200710749052E-002   4.1928124988617067E-002
  -3.7831193226141896E-002   2.7219855858491890E-002
  -3.9640776166407987E-002   1.2686421516759021E-002
  -4.1199880028551114E-002  -1.4147650664267037E-003
  -4.2390483366854095E-002  -1.4903268128078219E-002
  -4.3089896870147595E-002  -2.7689143223945025E-002
  -4.3207698080288355E-002  -3.9759493574480581E-002
  -4.2707747792208137E-002  -5.1145852880635265E-002
  -4.1609537404659169E-002  -6.1885261369393207E-002
  -3.9970987634187903E-002  -7.1988373028745625E-002
  -3.7862403469257247E-002  -8.1424039524228109E-002
  -3.5344222667493271E-002  -9.0120536249372774E-002
  -3.2455395930076965E-002  -9.7974419279162978E-002
  -2.9209717892510458E-002 -0.10485684375038597     
  -2.5594322797085605E-002 -0.11061369910081399     
  -2.1569643097839920E-002 -0.11506289902729315     
  -1.7073704683145965E-002 -0.11799421671922945     
  -1.2030815197446903E-002 -0.11917318071748570     
  -6.3650012184716673E-003 -0.11834540007809807     
  -2.3383336086208244E-005 -0.11523910045598516     
   6.9921871047328773E-003 -0.10956853321847809     
   1.4599551264489818E-002 -0.10104106330564853     
   2.2623877132645225E-002  -8.9375893188457817E-002
   3.0793421497605656E-002  -7.4346138337787110E-002
   3.8745998432612935E-002  -5.5838580052789889E-002
   4.6054814169622239E-002  -3.3916097187799546E-002
   5.2267518276987002E-002  -8.8698111616705155E-003
   5.6945142469079522E-002   1.8749847789040007E-002
   5.9703515593878632E-002   4.8133178973527591E-002
   6.0270121019844310E-002   7.8253754406677159E-002
   5.8550707696224787E-002  0.10796259307132874     
   5.4673393322359432E-002  0.13612571477341656     
   4.8978817101124908E-002  0.16177095251504051     
   4.1953498194325561E-002  0.18419911049580770     
   3.4131447726523552E-002  0.20302834249089866     
   2.5999625492202454E-002  0.21816746742643142     
   1.7937869999825367E-002  0.22974018211960093     
   1.0205572120913461E-002  0.23799651560524610     
   2.9627515485211287E-003  0.24324168245356662     
  -3.6990673609074896E-003  0.24579255651160081     
  -9.7328059282492767E-003  0.24595680854972635     
  -1.5121385446579375E-002  0.24402641399700675     
  -1.9869768394786609E-002  0.24027862416501752     
  -2.4000563274358989E-002  0.23497871360930517     
  -2.7550798705781445E-002  0.22838084076811549     
  -3.0567951603949036E-002  0.22072587429941559     
  -3.3104642343693716E-002  0.21223647175368532     
  -3.5212895016559990E-002  0.20311064439616949     
  -3.6939421632946404E-002  0.19351633849950506     
  -3.8322639344458606E-002  0.18358981025884799     
  -3.9391083789346415E-002  0.17343876825594154     
  -4.0162983320868532E-002  0.16314927717944708     
  -4.0646760912521777E-002  0.15279459228491388     
  -4.0841781967308574E-002  0.14244368939921476     
  -4.0739355648033618E-002  0.13216722718988383     
  -4.0324776354244682E-002  0.12204039707751889     
  -3.9580542803100867E-002  0.11214472630127953     
  -3.8487806896476351E-002  0.10257020314709726     
  -3.7026407939986683E-002   9.3416663335346886E-002
  -3.5175820610573665E-002   8.4793937087738899E-002
  -3.2914406916609837E-002   7.6823673429336256E-002
  -3.0215635988693656E-002   6.9645654930993603E-002
  -2.7040451440932173E-002   6.3425244107640180E-002
  -2.3336805173095630E-002   5.8357508816984559E-002
  -1.9038858908668355E-002   5.4670783954566315E-002
  -1.4081710616573154E-002   5.2631155881883614E-002
  -8.4279266162903769E-003   5.2534174196335631E-002
  -2.0588334420320173E-003   5.4689444258380487E-002
   4.9956927642808005E-003   5.9420103891019933E-002
   1.2639144755454594E-002   6.7053336637967156E-002
   2.0699808206823954E-002   7.7890797590674465E-002
   2.8914585703639410E-002   9.2176957624564446E-002
   3.6929678413103142E-002  0.11004743451145664     
   4.4348177022590744E-002  0.13145195736005511     
   5.0718823270437724E-002  0.15609430936347485     
   5.5543244896122092E-002  0.18339876618927986     
   5.8439628074605079E-002  0.21250672443139934     
   5.9155273096583534E-002  0.24236698018459676     
   5.7568541002190506E-002  0.27185329557641857     
   5.3773830441375903E-002  0.29987538427984906     
   4.8095747041422623E-002  0.32550018370021988     
   4.0996964101128616E-002  0.34804204105597675     
   3.3002144465875904E-002  0.36711094344305273     
   2.4590601827036287E-002  0.38258314156663914     
   1.6174233793958364E-002  0.39451032338889680     
   8.0535602011037061E-003  0.40307171411626841     
   4.1157720098557274E-004  0.40856173254767253     
  -6.6010160160942001E-003  0.41136966610212317     
  -1.2900368817112127E-002  0.41198699805229366     
  -1.8420737964457104E-002  0.41097242326458167     
  -2.3114518045270309E-002  0.40887927122228690     
  -2.6991193220056133E-002  0.40611926946098964     
  -3.0099809314473858E-002  0.40277288778913939     
  -3.2541284634934844E-002  0.39840805616123898     
  -3.4500899667494069E-002  0.39198503435684195     
  -3.6171134796065846E-002  0.38192891860871714     
  -3.7686577473893243E-002  0.36642562482902774     
  -3.9084995638395445E-002  0.34385626587290558     
  -4.0315172708346329E-002  0.31321003572153905     
  -4.1290914073803170E-002  0.27429931557507964     
  -4.1950600395759895E-002  0.22770895466577903     
  -4.2285081800831334E-002  0.17454084798077119     
  -4.2299511269250731E-002  0.11612068882348633     
  -4.1991330111316699E-002   5.3779080501039155E-002
  -4.1345942026222639E-002  -1.1229211023137231E-002
  -4.0355543639148596E-002  -7.7669862969990941E-002
  -3.9025230538332692E-002 -0.14423142513463058     
  -3.7326980547616781E-002 -0.20951319697691739     
  -3.5205988370896911E-002 -0.27210585915414770     
  -3.2602114800856077E-002 -0.33073355217279615     
  -2.9456020356881024E-002 -0.38440014222090341     
  -2.5763258303800645E-002 -0.43247721644543280     
  -2.1549037888542046E-002 -0.47468079092913856     
  -1.6810862311869190E-002 -0.51098214109967954     
  -1.1517807495680713E-002 -0.54148514327280506     
  -5.6478987941972298E-003 -0.56631954573967991     
   7.6836517431306617E-004 -0.58555844081083352     
   7.6741014283096959E-003 -0.59920397073817144     
   1.4971362959213400E-002 -0.60722576500458714     
   2.2496497410177934E-002 -0.60962191219650796     
   3.0056550162652195E-002 -0.60651617901944099     
   3.7328864322035922E-002 -0.59818845952570399     
   4.3856409601468582E-002 -0.58512227868063771     
   4.9116609436475930E-002 -0.56807423626094322     
   5.2568743633324297E-002 -0.54812343642345418     
   5.3775744778220801E-002 -0.52672745019698675     
   5.2522374067819060E-002 -0.50564801096906731     
   4.8823643559784059E-002 -0.48672987372487742     
   4.3003051440501615E-002 -0.47164952339104321     
   3.5586022084691998E-002 -0.46166100108215563     
   2.7204099710596591E-002 -0.45749091963909222     
   1.8444674771850682E-002 -0.45929236599840367     
   9.7871773822001372E-003 -0.46670253164340009     
   1.5617410926701426E-003 -0.47900944510130178     
  -6.0520561467388764E-003 -0.49528981627918772     
  -1.2961288721277294E-002 -0.51458051959922424     
  -1.9073330233036704E-002 -0.53601530486015103     
  -2.4380319315312163E-002 -0.55884479643625184     
  -2.8899320140541307E-002 -0.58247123653203292     
  -3.2660987075622781E-002 -0.60643466833193027     
  -3.5702363525474887E-002 -0.63042147312046681     
  -3.8044510290666564E-002 -0.65427208650057356     
  -3.9733487121151358E-002 -0.67793769382602664     
  -4.0882228510931783E-002 -0.70145754073639899     
  -4.1636822363160846E-002 -0.72491615180002800     
  -4.2121784296567315E-002 -0.74842269507847559     
  -4.2396743440253064E-002 -0.77211683886312066     
  -4.2462915373905993E-002 -0.79616095594612768     
  -4.2302945297320663E-002 -0.82072938310086585     
  -4.1922225162434233E-002 -0.84598555070396209     
  -4.1338034384677279E-002 -0.87205301320879236     
  -4.0542383370235975E-002 -0.89898693217128034     
  -3.9516835509762184E-002 -0.92675535449579416     
  -3.8247957948276505E-002 -0.95522301177921787     
  -3.6728141878931177E-002 -0.98414958928203478     
  -3.4954305041260646E-002  -1.0132019387439886     
  -3.2927783791485442E-002  -1.0419630188452087     
  -3.0624743498586331E-002  -1.0699685693491736     
  -2.7991523556683523E-002  -1.0967283973845994     
  -2.4981587384929872E-002  -1.1217379780389913     
  -2.1554477887630177E-002  -1.1445051391432808     
  -1.7631527446256467E-002  -1.1645471107717638     
  -1.3190331356305330E-002  -1.1814102500780459     
  -8.2257547022075890E-003  -1.1946867626013695     
  -2.7384909356675835E-003  -1.2040194185191040     
   3.2880019066897676E-003  -1.2091513024774101     
   9.8083020045825701E-003  -1.2099149759170744     
   1.6637521489001342E-002  -1.2062581454930157     
   2.3559358268996435E-002  -1.1982247207142829     
   3.0344738573811824E-002  -1.1858857169448001     
   3.6643692187480613E-002  -1.1693766743765424     
   4.2157269229820875E-002  -1.1490280787408456     
   4.6452153873170324E-002  -1.1255229706880454     
   4.8953032265705493E-002  -1.0999667821715045     
   4.9163639296068269E-002  -1.0737981195170263     
   4.6883539323321587E-002  -1.0486017494258784     
   4.2337415416296348E-002  -1.0258631268877407     
   3.6057855910732600E-002  -1.0067797497508386     
   2.8633724475066662E-002 -0.99211049022570474     
   2.0690250105476638E-002 -0.98207833029018665     
   1.2681766601848018E-002 -0.97638487766675597     
   4.9535166249666581E-003 -0.97439328742571385     
  -2.2190601812481429E-003 -0.97539264646704471     
  -8.6583936476921104E-003 -0.97875532635707385     
  -1.4274299180320804E-002 -0.98395150699745493     
  -1.9085092569962860E-002 -0.99053082129205972     
  -2.3160958722024984E-002 -0.99805334339914431     
  -2.6521975171998207E-002  -1.0061309247165007     
  -2.9247543952728227E-002  -1.0144740629032207     
  -3.1422623024074038E-002  -1.0229238909508593     
  -3.3108815784858150E-002  -1.0314644922704381     
  -3.4377881894186939E-002  -1.0402176413637199     
  -3.5308216755877996E-002  -1.0494818605477085     
  -3.5970345433815408E-002  -1.0597300453284573     
  -3.6421383415044577E-002  -1.0715212719016312     
  -3.6699545595147681E-002  -1.0853705347303986     
  -3.6845055538231593E-002  -1.1015674972310570     
  -3.6894204079930971E-002  -1.1200739021830943     
  -3.6854828013118651E-002  -1.1405422586521399     
  -3.6684550596122266E-002  -1.1624338629654407     
  -3.6327001635238290E-002  -1.1851732272672446     
  -3.5745727368636716E-002  -1.2082512754663055     
  -3.4915428764774097E-002  -1.2312536397654039     
  -3.3863354789731265E-002  -1.2537938901359358     
  -3.2667545986933590E-002  -1.2754323406713142     
  -3.1369540686048358E-002  -1.2956162309639303     
  -2.9914997127075908E-002  -1.3136635212054046     
  -2.8194648519326678E-002  -1.3287986543854788     
  -2.6130163389071145E-002  -1.3401989835231525     
  -2.3658683159053930E-002  -1.3470807820745883     
  -2.0737536187079672E-002  -1.3487691921586549     
  -1.7391226730869493E-002  -1.3447502402216231     
  -1.3639431492480227E-002  -1.3347499172576680     
  -9.4216085567220345E-003  -1.3187373837829097     
  -4.6506031435994280E-003  -1.2969029388403472     
   7.3888979994614714E-004  -1.2695942761557677     
   6.7696357714025941E-003  -1.2372523869325549     
   1.3448304424830287E-002  -1.2003722881510772     
   2.0700318856675535E-002  -1.1594677318788578     
   2.8325424502805022E-002  -1.1151286578132609     
   3.6125107077206384E-002  -1.0680606684792757     
   4.3878620883243555E-002  -1.0190977105981061     
   5.1214923215557380E-002 -0.96923121848142457     
   5.7461697837078746E-002 -0.91961686775568507     
   6.1662273458697660E-002 -0.87166917599287430     
   6.2919488527040435E-002 -0.82704834427003249     
   6.0815254010786954E-002 -0.78742068094345430     
   5.5644712144191165E-002 -0.75406940933458277     
   4.8401579601636782E-002 -0.72744961174401845     
   4.0280531081027263E-002 -0.70705157293051391     
   3.2219506934259734E-002 -0.69168691341555866     
   2.4728789739234539E-002 -0.67995651713364236     
   1.7983733316262452E-002 -0.67072873087108587     
   1.1989606381257198E-002 -0.66333751290384013     
   6.6496630370119422E-003 -0.65754939487508357     
   1.8153097912684474E-003 -0.65339549412791420     
  -2.6068558935252195E-003 -0.65096978316721255     
  -6.6720661324560244E-003 -0.65030933652408118     
  -1.0349082041171569E-002 -0.65132921895310358     
  -1.3562937412374267E-002 -0.65382711877708655     
  -1.6260726462663282E-002 -0.65753494522378642     
  -1.8444930147534719E-002 -0.66216709419646924     
  -2.0187866834892747E-002 -0.66747442972160964     
  -2.1610698603055287E-002 -0.67327568109370239     
  -2.2837832509594886E-002 -0.67946839146148119     
  -2.3977281581631732E-002 -0.68602418299181356     
  -2.5093696118236076E-002 -0.69296796039510256     
  -2.6200960383259527E-002 -0.70034969785995660     
  -2.7265844716814619E-002 -0.70821541167454438     
  -2.8222983800385477E-002 -0.71657250848995835     
  -2.8985095178742825E-002 -0.72537210673922325     
  -2.9461027590765274E-002 -0.73450530098780742     
  -2.9573370889965419E-002 -0.74381260454087683     
  -2.9258821982687012E-002 -0.75311498367304963     
  -2.8479389797456307E-002 -0.76222285710484294     
  -2.7201092808722412E-002 -0.77093054681880901     
  -2.5403989376478888E-002 -0.77901894041654685     
  -2.3068072647641411E-002 -0.78625914684703069     
  -2.0185982147077248E-002 -0.79242381788257188     
  -1.6758058146632736E-002 -0.79730152480157068     
  -1.2801299648000608E-002 -0.80068918239879339     
  -8.3226561531258188E-003 -0.80239399499318809     
  -3.3520437656261088E-003 -0.80222279991034340     
   2.0747011045200965E-003 -0.79997816050112447     
   7.9135994037533974E-003 -0.79546782480324951     
   1.4110307999197077E-002 -0.78851168446431152     
   2.0607619406079043E-002 -0.77894261371236773     
   2.7330173428811888E-002 -0.76661170061943296     
   3.4164393467168867E-002 -0.75138715547390356     
   4.0962466361467359E-002 -0.73317511877023067     
   4.7544913743993847E-002 -0.71196066999101748     
   5.3653688051741491E-002 -0.68783094856423777     
   5.8980884760963019E-002 -0.66098540630693348     
   6.3224793931937792E-002 -0.63175944720995902     
   6.6097876542008743E-002 -0.60065500049175780     
   6.7284684198171102E-002 -0.56836627917252192     
   6.6478919843563730E-002 -0.53580771525568782     
   6.3512423704755461E-002 -0.50409359406392873     
   5.8466771604150224E-002 -0.47439920296078059     
   5.1680743479214433E-002 -0.44774192246465361     
   4.3660677612644173E-002 -0.42481670498205953     
   3.4961920771485376E-002 -0.40595970002549669     
   2.6097217495898897E-002 -0.39120062801742272     
   1.7483417595478938E-002 -0.38034513948591142     
   9.4205263982603364E-003 -0.37306182942824223     
   2.1005999347486993E-003 -0.36895486147573114     
  -4.3662983552366806E-003 -0.36760651420832829     
  -9.9302989127390395E-003 -0.36859681498858560     
  -1.4591080279166380E-002 -0.37151695455451245     
  -1.8390580432128427E-002 -0.37598246963886578     
  -2.1403640728302031E-002 -0.38164476569389516     
  -2.3726935703972222E-002 -0.38819982824334354     
  -2.5467294700308184E-002 -0.39539302470622806     
  -2.6731229198128779E-002 -0.40301930855279006     
  -2.7617744820653909E-002 -0.41092011797847455     
  -2.8214025503290857E-002 -0.41897889495720375     
  -2.8591660807243395E-002 -0.42711565892373121     
  -2.8802152468440641E-002 -0.43527960337461380     
  -2.8872643600769667E-002 -0.44343875632280289     
  -2.8803925976368230E-002 -0.45156721966240115     
  -2.8572029268882922E-002 -0.45963216178810018     
  -2.8132661568383111E-002 -0.46758310476868820     
  -2.7426192666049471E-002 -0.47534469241284483     
  -2.6381176448955948E-002 -0.48281219704428552     
  -2.4916198168303559E-002 -0.48984808564939858     
  -2.2941451956451066E-002 -0.49627851550588370     
  -2.0361722493241762E-002 -0.50188987466077384     
  -1.7081520934857944E-002 -0.50642628818723356     
  -1.3012074627776952E-002 -0.50958887360375404     
  -8.0796943160160659E-003 -0.51103684822214301     
  -2.2359223271797642E-003 -0.51039025324745912     
   4.5289705516569556E-003 -0.50723477880168300     
   1.2167322780310366E-002 -0.50113107741646001     
   2.0550003514299919E-002 -0.49163355341205101     
   2.9440196240109642E-002 -0.47832586768304114     
   3.8473031331677905E-002 -0.46088055709147596     
   4.7153345275705992E-002 -0.43914570614252357     
   5.4885704110636278E-002 -0.41324972488008688     
   6.1047134970642077E-002 -0.38369533906021308     
   6.5098697494208463E-002 -0.35139391198960823     
   6.6706318978556181E-002 -0.31759274555647038     
   6.5819753397087719E-002 -0.28369066893448158     
   6.2667581435754974E-002 -0.25100445986214726     
   5.7671375169277575E-002 -0.22058413319635528     
   5.1328549368895734E-002 -0.19313923533481894     
   4.4119019735956874E-002 -0.16906444017291411     
   3.6457153786196211E-002 -0.14851053203389142     
   2.8677598260922699E-002 -0.13145718072248563     
   2.1036703098978531E-002 -0.11777166329083387     
   1.3719780918280987E-002 -0.10725283845272761     
   6.8509513650130086E-003  -9.9662987959546825E-002
   5.0438876118656011E-004  -9.4750274694269054E-002
  -5.2832347308107803E-003  -9.2263704053582099E-002
  -1.0499464923765356E-002  -9.1961279091811621E-002
  -1.5143519592525190E-002  -9.3611939672677211E-002
  -1.9216598764742607E-002  -9.6992770235507592E-002
  -2.2716405017026226E-002 -0.10188373260177860     
  -2.5635976727922592E-002 -0.10806231073774634     
  -2.7965836431861329E-002 -0.11529998438491759     
  -2.9697770319894217E-002 -0.12336153575322444     
  -3.0828498013170443E-002 -0.13200714645508491     
  -3.1362001872477591E-002 -0.14099644097193231     
  -3.1310014163742274E-002 -0.15009326634643605     
  -3.0690819911203693E-002 -0.15907002969639453     
  -2.9527005525471876E-002 -0.16771073589532301     
  -2.7843012931597532E-002 -0.17581235915512572     
  -2.5663322103178350E-002 -0.18318470998779246     
  -2.3011804687388761E-002 -0.18964938530400979     
  -1.9912328680382781E-002 -0.19503858882972153     
  -1.6390172119928340E-002 -0.19919448579815008     
  -1.2473439038312589E-002 -0.20196929816221945     
  -8.1937161085524519E-003 -0.20322569388826697     
  -3.5858200630009855E-003 -0.20283647898744164     
   1.3123856787011642E-003 -0.20068256358814535     
   6.4577766161639889E-003 -0.19664902879751994     
   1.1793969321216007E-002 -0.19062111898438913     
   1.7234113336095636E-002 -0.18248515396164255     
   2.2633264561006221E-002 -0.17214334765165928     
   2.7755900777725006E-002 -0.15955454926951568     
   3.2257059476470791E-002 -0.14480915531157337     
   3.5708403487043391E-002 -0.12822609726447295     
   3.7693514176166405E-002 -0.11042241222957370     
   3.7952902536146409E-002  -9.2282310555889105E-002
   3.6501842140840075E-002  -7.4792599680036376E-002
   3.3637985172836393E-002  -5.8810565135470665E-002
   2.9830536003360622E-002  -4.4893178524455006E-002
   2.5569874574285414E-002  -3.3263800241254395E-002
   2.1263595020151967E-002  -2.3884334685587785E-002
   1.7200946131179059E-002  -1.6555329636111980E-002
   1.3558634858844815E-002  -1.0998055695534231E-002
   1.0421819899516306E-002  -6.9107618636821229E-003
   7.8093006188616459E-003  -4.0030512236627278E-003
   5.6967921072566367E-003  -2.0137207588046950E-003
   4.0347397157703760E-003  -7.1835839071396031E-004
   2.7612242252492273E-003   6.8734644876772814E-005
   1.8113382090085672E-003   4.9624121903425397E-004
   1.1233141302027002E-003   6.7981644953909722E-004
   6.4180480411449596E-004   7.0707199915408042E-004
   3.1915660039819570E-004   6.4262812786955025E-004
   1.1540125526280871E-004   5.3268173700938290E-004
  -2.4059043598814334E-006   4.0881328055630568E-004
  -6.0947167030519845E-005   2.9106448622759178E-004
  -8.1251191021301965E-005   1.9052865967487850E-004
  -7.9200623692875246E-005   1.1167196458731629E-004
  -6.6085317023087999E-005   5.4450740558159706E-005
  -4.9294660274084952E-005   1.6160734327004780E-005
  -3.3139367850735565E-005  -7.0881749343258443E-006
  -1.9707950019926479E-005  -1.9337137680898679E-005
  -9.6434899619526211E-006  -2.4167007244162915E-005
  -2.7646925763162645E-006  -2.4427194778180647E-005
   1.4916979753093972E-006  -2.2195876136806205E-005
   3.7910471636891747E-006  -1.8870759667192691E-005
   4.7479235778547360E-006  -1.5313796365916808E-005
   4.8602624059465692E-006  -1.2000841545388732E-005
   4.4959729149670021E-006  -9.1508308892644406E-006
   3.9064799241698295E-006  -6.8253987739358948E-006
   3.2507194416829082E-006  -4.9993586024120065E-006
   2.6202385499699873E-006  -3.6068671564939168E-006
   2.0609252832380255E-006  -2.5693243672049630E-006
   1.5898627763425932E-006  -1.8106360759221201E-006
   1.2074013040721356E-006  -1.2643649944901864E-006
   9.0524463519272313E-007  -8.7606405552940090E-007
   6.7152250784664200E-007  -6.0301005797194949E-007
   4.9374104545159091E-007  -4.1273205412045460E-007
   3.6033019492204821E-007  -2.8114801253147330E-007
   2.6131966439487364E-007  -1.9073978407428348E-007
   1.8850950661486198E-007  -1.2896115614310222E-007
   1.3537358104347097E-007  -8.6940389030655794E-008
   9.6842737596836317E-008  -5.8469554615835374E-008
   6.9052447522751315E-008  -3.9242375828515396E-008
   4.9099591071048417E-008  -2.6293286450660096E-008
   3.4828864422183499E-008  -1.7592337603274604E-008
   2.4655421382346328E-008  -1.1757024895127041E-008
   1.7423031050070414E-008  -7.8497574209058381E-009
   1.2293644504916340E-008  -5.2369136533143371E-009
   8.6631267469312669E-009  -3.4915485820946644E-009
   6.0979455711882225E-009  -2.3266801719592610E-009
   4.2881843961004598E-009  -1.5497954408130887E-009
   3.0130106828680567E-009  -1.0319681675548878E-009
   2.1154998757626141E-009  -6.8697451647257020E-010
   1.4844000919307350E-009  -4.5721394373947023E-010
   1.0409954336881371E-009  -3.0424232980822026E-010
   7.2968493022300029E-010  -2.0241995152092657E-010
   5.1125165428362002E-010  -1.3465689048078170E-010
   3.5806910014938635E-010  -8.9567381584179468E-011
   2.5069639404342000E-010  -5.9568738393651986E-011
   1.7546545007094189E-010  -3.9612515266905868E-011
   1.2277438141757129E-010  -2.6338287519056742E-011
   8.5882426054225369E-011  -1.7509627648053424E-011
   6.0060201602628028E-011  -1.1638351128667579E-011
   4.1991236453110176E-011  -7.7342813927243262E-012
   2.9350906645829904E-011  -5.1386526515842945E-012
   2.0510451379476855E-011  -3.4132198080500674E-012
   1.4329070122894542E-011  -2.2664599696739537E-012
   1.0007984906954886E-011  -1.5044646117545019E-012
   6.9880571227719248E-012  -9.9826446283447640E-013
   4.8779953858670810E-012  -6.6208965036823700E-013
   3.4040356437820902E-012  -4.3890611270493533E-013
   2.3746845727700434E-012  -2.9079330012689342E-013
   1.6560251724095579E-012  -1.9254291311742348E-013
   1.1544253709883529E-012  -1.2740062286975913E-013
   8.0443349808822560E-013  -8.4233505188662022E-014
   5.6030674406995865E-013  -5.5645973002815761E-014
   3.9008352192577256E-013  -3.6726708873322101E-014
   2.7143668157300722E-013  -2.4215361512505981E-014
   1.8877312199128908E-013  -1.5948469069693985E-014
   1.3120556048608690E-013  -1.0491109675404944E-014
   9.1134467954707168E-014  -6.8920755478836295E-015
   6.3256800355908414E-014  -4.5211893334466521E-015
   4.3873209801177734E-014  -2.9612353268992426E-015
   3.0403959837976719E-014  -1.9361957207451598E-015
   2.1050745443069162E-014  -1.2636145495493492E-015
   1.4560495846723984E-014  -8.2299181670885431E-016
   1.0060446431841926E-014  -5.3482428166526013E-016
   6.9430057765902244E-015  -3.4671459294383842E-016
   4.7854066568034161E-015  -2.2417100742775998E-016
   3.2936494508506680E-015  -1.4451821854114208E-016
   2.2634066243844515E-015  -9.2870495082492359E-017
   1.5527663293611482E-015  -5.9471018752220493E-017
   1.0632374787737599E-015  -3.7935626042681677E-017
   7.2651794176319316E-016  -2.4094777531870594E-017
   4.9528163889987020E-016  -1.5230883113277322E-017
   3.3676715201619325E-016  -9.5766565313113050E-018
   2.2831842541777212E-016  -5.9856278532749417E-018
   1.5428507342089212E-016  -3.7160671479540241E-018
   1.0386917515095006E-016  -2.2895232430871594E-018
   6.9630615471311133E-017  -1.3983838258249230E-018
   4.6450364262611410E-017  -8.4559236637212564E-019
   3.0811995684309139E-017  -5.0542347964325253E-019
   2.0304213594071298E-017  -2.9802320332790460E-019
   1.3276742376090733E-017  -1.7292846989094743E-019
   8.6025562110440742E-018  -9.8430861938004986E-020
   5.5137715642328143E-018  -5.4734909972935095E-020
   3.4885135798942139E-018  -2.9573447068314799E-020
   2.1730119018595148E-018  -1.5409316778043663E-020
   1.3280053157312430E-018  -7.6579186672185460E-021
   7.9187530125622013E-019  -3.5643213987785079E-021
   4.5530095441888282E-019  -1.5000613620710825E-021
   2.4373618866015435E-019  -5.2451610694800846E-022
   1.0471361021281726E-019  -1.0965931993611563E-022
   0.0000000000000000        0.0000000000000000     
