 Initial conditions outputted from a previous simulation. Time =    70.400000000000006     
   40.000000000000000        0.0000000000000000              500           1   70.400000000000006     
   2.9371262636368085E-003 -0.14947051209278128     
   1.0190567753861709E-002 -0.14904580550244234     
   1.8014878832776672E-002 -0.14548432114460486     
   2.6229737723278804E-002 -0.13846851303661711     
   3.4564382948370186E-002 -0.12773967394212915     
   4.2647346538437596E-002 -0.11315886492052118     
   5.0007432099388731E-002  -9.4779831236231266E-002
   5.6112010342785026E-002  -7.2933815875981425E-002
   6.0431872928777206E-002  -4.8293863371460959E-002
   6.2539232119346783E-002  -2.1878968075833772E-002
   6.2206359425848685E-002   5.0361396954338600E-003
   5.9464349259390134E-002   3.1099054450940737E-002
   5.4592591480747757E-002   5.5087308923788492E-002
   4.8043189460494864E-002   7.6068032657801224E-002
   4.0335299079529388E-002   9.3464321678284515E-002
   3.1958107136476198E-002  0.10703644538114673     
   2.3302911473084310E-002  0.11681941021893061     
   1.4626987657928739E-002  0.12306144199279138     
   6.0511552261907752E-003  0.12619147149833898     
  -2.3989618258920295E-003  0.12681179691173766     
  -1.0708348017415187E-002  0.12567502842186135     
  -1.8779359468472749E-002  0.12359982447979173     
  -2.6385226407341898E-002  0.12132966180927483     
  -3.3199544628684186E-002  0.11939686114030820     
  -3.8879834824783743E-002  0.11805541587360474     
  -4.3157720945184642E-002  0.11729560066188041     
  -4.5904166059099395E-002  0.11691180160690742     
  -4.7163229235037053E-002  0.11659382105363761     
  -4.7150917227882221E-002  0.11602553549120428     
  -4.6210047095389180E-002  0.11497257336963418     
  -4.4727878813349609E-002  0.11333146449707679     
  -4.3050272488776499E-002  0.11112427417132764     
  -4.1426299153760247E-002  0.10845419399691097     
  -3.9991129336428642E-002  0.10545708131545671     
  -3.8777048060972416E-002  0.10227171996504311     
  -3.7738139980467232E-002   9.9026407942052419E-002
  -3.6771977992899642E-002   9.5833199127681234E-002
  -3.5736846589118673E-002   9.2790227558751687E-002
  -3.4484944453485454E-002   8.9987925263599902E-002
  -3.2907249354315292E-002   8.7508978682992761E-002
  -3.0946873579141894E-002   8.5430237823807043E-002
  -2.8573462166094500E-002   8.3833317913767413E-002
  -2.5763121489566408E-002   8.2810140776496080E-002
  -2.2501654998109768E-002   8.2469022088342947E-002
  -1.8788771364103708E-002   8.2945955411271186E-002
  -1.4635250215470387E-002   8.4413035030185282E-002
  -1.0060689217420290E-002   8.7082511321560085E-002
  -5.0900709286512812E-003   9.1210316826182955E-002
   2.5420144684582636E-004   9.7097285990576224E-002
   5.9577534674686633E-003  0.10508409719569189     
   1.2008875877995073E-002  0.11553789799272661     
   1.8382317626721205E-002  0.12882830773146048     
   2.5018176687074373E-002  0.14529165876472591     
   3.1802299113008199E-002  0.16518747918245275     
   3.8551478188505899E-002  0.18865451355504084     
   4.5002535911744947E-002  0.21567042002502743     
   5.0805031600104994E-002  0.24601322039589946     
   5.5528420897249478E-002  0.27922408685490557     
   5.8707265237033152E-002  0.31458862072716398     
   5.9936843547132350E-002  0.35117377156553559     
   5.8987331464273700E-002  0.38794193026512180     
   5.5871298827313717E-002  0.42390350721395798     
   5.0829229397438523E-002  0.45822845265397510     
   4.4263882276654939E-002  0.49027734710874199     
   3.6673157987800506E-002  0.51958718460886000     
   2.8590459756720730E-002  0.54586068322680559     
   2.0516255542166593E-002  0.56896217555559958     
   1.2848503284871920E-002  0.58889760036167638     
   5.8416832797150093E-003  0.60577605956952485     
  -3.9225041781648353E-004  0.61977113334549039     
  -5.8533262223055688E-003  0.63109537486389089     
  -1.0611203950381778E-002  0.63998832746268164     
  -1.4764585498669979E-002  0.64671271514101181     
  -1.8410634800102264E-002  0.65155232091020865     
  -2.1628078756895420E-002  0.65480538056157733     
  -2.4471782340028905E-002  0.65677019470743936     
  -2.6971508584530308E-002  0.65772357288420025     
  -2.9131190633445516E-002  0.65789735918986259     
  -3.0931961350621286E-002  0.65746171464488445     
  -3.2340429819160306E-002  0.65652204849286089     
  -3.3323370402397468E-002  0.65513028362671344     
  -3.3863121421889457E-002  0.65330471647342370     
  -3.3970484404263084E-002  0.65105015313478565     
  -3.3692265835867222E-002  0.64837251441253985     
  -3.3109059225798217E-002  0.64528987004600402     
  -3.2325922458605834E-002  0.64184577065661608     
  -3.1457799029011524E-002  0.63812169699837773     
  -3.0605070752402538E-002  0.63423955467004445     
  -2.9817598058152522E-002  0.63035733822474993     
  -2.9082170895644209E-002  0.62666395809617759     
  -2.8340779658932204E-002  0.62336645621537712     
  -2.7493522372369354E-002  0.62066422269798893     
  -2.6403232512530548E-002  0.61872986881017489     
  -2.4925438282586976E-002  0.61771235372533695     
  -2.2937822603650085E-002  0.61774655999240702     
  -2.0348307758520999E-002  0.61895062984277338     
  -1.7078218305293109E-002  0.62143211848353919     
  -1.3109998239683354E-002  0.62531825327470481     
  -8.4545117751934178E-003  0.63077292480686775     
  -3.1422260938589776E-003  0.63801290644551312     
   2.7060655506613751E-003  0.64730941200642944     
   8.8991851820262036E-003  0.65892145806589431     
   1.5207343083819226E-002  0.67301092492604675     
   2.1300439727254272E-002  0.68963176448261154     
   2.6874312645246763E-002  0.70886728397676935     
   3.1837899173496581E-002  0.73118770563181301     
   3.6403659682159827E-002  0.75797974255346257     
   4.1266271627982846E-002  0.79181207051028191     
   4.7328655353107089E-002  0.83575230271766054     
   5.4666976587279148E-002  0.89131309837418304     
   6.1888908611267286E-002  0.95511798202504350     
   6.6614613342580190E-002   1.0159351364299933     
   6.6592274262024742E-002   1.0564310951795137     
   6.1028757314245903E-002   1.0622839053121942     
   5.1206869543424134E-002   1.0320138765426492     
   3.9652155724563397E-002  0.97710740814330299     
   2.8648575525585439E-002  0.91316692784951559     
   1.9345804040237464E-002  0.85189353429869941     
   1.1754178164988237E-002  0.79865442894160232     
   5.3479517614453591E-003  0.75360482626120429     
  -3.2321683644115828E-004  0.71385000127175191     
  -5.4525055027106152E-003  0.67544751655984836     
  -1.0099194774570431E-002  0.63480781696950872     
  -1.4292153654231561E-002  0.58943819686157439     
  -1.8097096132307429E-002  0.53812221133782034     
  -2.1584622684514124E-002  0.48072357415222250     
  -2.4783659523255560E-002  0.41785094188659760     
  -2.7682902883612314E-002  0.35055841516274655     
  -3.0240946177857601E-002  0.28011387503206908     
  -3.2437507700739041E-002  0.20786127285305958     
  -3.4291549994241666E-002  0.13511733727954381     
  -3.5827146658982470E-002   6.3096123578609872E-002
  -3.7066559769828089E-002  -7.1283698055649315E-003
  -3.8008116600134867E-002  -7.4658196363296847E-002
  -3.8632903959471755E-002 -0.13879161229495329     
  -3.8956795405394297E-002 -0.19902292108763417     
  -3.9058387466637749E-002 -0.25505161747516225     
  -3.9003936544837053E-002 -0.30678982745316241     
  -3.8767208283550278E-002 -0.35436203901332064     
  -3.8266212761252354E-002 -0.39808573989957952     
  -3.7465328906738586E-002 -0.43843485667842624     
  -3.6403271733963731E-002 -0.47600741010517383     
  -3.5159468312836270E-002 -0.51150109808058364     
  -3.3794419501247494E-002 -0.54568309941210191     
  -3.2300565966579889E-002 -0.57934522878525507     
  -3.0604482709095090E-002 -0.61323374802234998     
  -2.8661732945017154E-002 -0.64795906625845456     
  -2.6477571413113989E-002 -0.68393282583851589     
  -2.4038779324478423E-002 -0.72132900175321657     
  -2.1284772017373142E-002 -0.76007334589160536     
  -1.8136071300251022E-002 -0.79987279450762783     
  -1.4545772028619829E-002 -0.84022049058215775     
  -1.0516722916982524E-002 -0.88043137419878792     
  -6.0754763084923894E-003 -0.91967657926793511     
  -1.2406295446972602E-003 -0.95699249468679315     
   4.0396836271294478E-003 -0.99134958466665513     
   9.8133234574229351E-003  -1.0216592629598320     
   1.6079849205195434E-002  -1.0468446856474858     
   2.2742256053076192E-002  -1.0659786656616901     
   2.9575274945083538E-002  -1.0783511966048585     
   3.6208652652852370E-002  -1.0835906685511003     
   4.2167579351936324E-002  -1.0817284936273752     
   4.6925221047303477E-002  -1.0732267810802121     
   5.0023051740735999E-002  -1.0591479833098116     
   5.1162869281291976E-002  -1.0411450406856477     
   5.0211980488049333E-002  -1.0214073998968762     
   4.7204446994220509E-002  -1.0024235292337074     
   4.2361135078080231E-002 -0.98662698550110806     
   3.6065304398712451E-002 -0.97614152503057516     
   2.8794198457142251E-002 -0.97253682691050769     
   2.1064883391408253E-002 -0.97673045717124174     
   1.3297802603423335E-002 -0.98905661701491177     
   5.7881600580083209E-003  -1.0092459772764169     
  -1.2954933235156455E-003  -1.0365668294409875     
  -7.8030649458495447E-003  -1.0699933138228683     
  -1.3646547557338067E-002  -1.1083059452484720     
  -1.8784936556445708E-002  -1.1502424895640084     
  -2.3206158829668266E-002  -1.1945643359055202     
  -2.6931397531098022E-002  -1.2401149285982442     
  -3.0041390857644200E-002  -1.2858669772494944     
  -3.2598182662295618E-002  -1.3309373859696694     
  -3.4702653744603081E-002  -1.3745971380223361     
  -3.6459142652532771E-002  -1.4162635919222695     
  -3.7956045045790913E-002  -1.4555054271872288     
  -3.9206947870606954E-002  -1.4920750186275418     
  -4.0186724022397285E-002  -1.5259371916845310     
  -4.0882429921438229E-002  -1.5573019987036303     
  -4.1322072267097450E-002  -1.5866292434376552     
  -4.1571221672715673E-002  -1.6145893087770289     
  -4.1699261244796136E-002  -1.6419994934064515     
  -4.1722511088480518E-002  -1.6697435098083442     
  -4.1576025789539145E-002  -1.6986688460029002     
  -4.1177863366698278E-002  -1.7294568821138332     
  -4.0494694193916957E-002  -1.7624838630509188     
  -3.9539410578955762E-002  -1.7977126608176566     
  -3.8367768758795981E-002  -1.8346804748509984     
  -3.7004906067292738E-002  -1.8725991884712108     
  -3.5398345312689414E-002  -1.9105341878110154     
  -3.3465106539661546E-002  -1.9475831050789196     
  -3.1130811869861889E-002  -1.9829914948207461     
  -2.8318330652307037E-002  -2.0161577432658286     
  -2.4921028002160135E-002  -2.0465762164953665     
  -2.0844428176366753E-002  -2.0737849777689439     
  -1.6041129042465140E-002  -2.0973027307168364     
  -1.0494619826807376E-002  -2.1166046448286755     
  -4.2360380470796086E-003  -2.1311164910255513     
   2.6907777868138715E-003  -2.1402314697376594     
   1.0291413958154479E-002  -2.1433754336754967     
   1.8409244508250808E-002  -2.1401069138400168     
   2.6775745392429395E-002  -2.1303093295401845     
   3.4966457297364931E-002  -2.1142996715770908     
   4.2491542955523418E-002  -2.0928464754447234     
   4.8689430295382967E-002  -2.0672091537183137     
   5.2930387852397412E-002  -2.0391267338952819     
   5.4695055960602756E-002  -2.0107864191559872     
   5.3788249071187115E-002  -1.9846622161988545     
   5.0266014019044195E-002  -1.9631402716109463     
   4.4575251275492334E-002  -1.9481224271888609     
   3.7218876845392865E-002  -1.9406735234610533     
   2.8785833697022142E-002  -1.9409490291393536     
   1.9751110729469303E-002  -1.9482889450476366     
   1.0632845391189567E-002  -1.9614107758662660     
   1.8514996656355997E-003  -1.9786470959060338     
  -6.2641901945216048E-003  -1.9981605114236265     
  -1.3619472899180455E-002  -2.0181070496486342     
  -2.0139932846870903E-002  -2.0367941385006252     
  -2.5802122961997530E-002  -2.0527357755219229     
  -3.0570384823387045E-002  -2.0647333289379595     
  -3.4515112676591769E-002  -2.0718979669536344     
  -3.7714351815014376E-002  -2.0737266401098124     
  -4.0297147841766107E-002  -2.0701337011241914     
  -4.2376258966963710E-002  -2.0614003477667553     
  -4.4009601916895687E-002  -2.0480953233408621     
  -4.5223377347410970E-002  -2.0309380759162634     
  -4.6065841795762105E-002  -2.0107178360266658     
  -4.6540539647609666E-002  -1.9882982837553356     
  -4.6542145118458361E-002  -1.9646103598198998     
  -4.5970122159165454E-002  -1.9406343391715379     
  -4.4775625638761536E-002  -1.9173214194498343     
  -4.2950214048865648E-002  -1.8954858836439590     
  -4.0565854441765192E-002  -1.8757250621463675     
  -3.7757159912470750E-002  -1.8583947610536358     
  -3.4614296121033200E-002  -1.8436361804722994     
  -3.1215798927318128E-002  -1.8314023872032155     
  -2.7684053622221119E-002  -1.8214740517584171     
  -2.4179985846072359E-002  -1.8134840972914319     
  -2.0826278501075383E-002  -1.8069563765485359     
  -1.7637836339594874E-002  -1.8013555485806734     
  -1.4583466637306121E-002  -1.7961296793052277     
  -1.1554075327716113E-002  -1.7907482023383134     
  -8.3519877641665408E-003  -1.7847228725052582     
  -4.7359430489772453E-003  -1.7776003499750097     
  -4.1230317645930343E-004  -1.7689460409275561     
   4.8806505435283649E-003  -1.7583126845969028     
   1.1239595485023870E-002  -1.7452124878238913     
   1.8586762951104716E-002  -1.7291394900519166     
   2.6639907446407384E-002  -1.7096152198375705     
   3.4965227557112157E-002  -1.6862618961385378     
   4.3111780798809000E-002  -1.6589064346744955     
   5.0597221574980270E-002  -1.6276171282943097     
   5.6920538696002797E-002  -1.5927438095638560     
   6.1630782950750494E-002  -1.5549514271780791     
   6.4261637190111062E-002  -1.5151553074859441     
   6.4522822875126937E-002  -1.4745300890441364     
   6.2341207258825339E-002  -1.4343844214908343     
   5.7894448600330863E-002  -1.3959835599649875     
   5.1637267630908000E-002  -1.3604291236844204     
   4.4136676095774555E-002  -1.3284670278205011     
   3.5938468366691421E-002  -1.3004502906181545     
   2.7587151971830669E-002  -1.2764275818089845     
   1.9488676902717449E-002  -1.2561743762010602     
   1.1968505471658359E-002  -1.2393173563798798     
   5.2316095290733527E-003  -1.2254272441669298     
  -6.8710720350638292E-004  -1.2140425082823876     
  -5.7967136793974309E-003  -1.2047586786400701     
  -1.0174268032152324E-002  -1.1972194073225546     
  -1.3930675858490742E-002  -1.1911338178873903     
  -1.7176604541935703E-002  -1.1862868252399936     
  -2.0019506601269409E-002  -1.1825192624647931     
  -2.2515849077923450E-002  -1.1797240178725552     
  -2.4704970403333991E-002  -1.1778196699121464     
  -2.6618294559704606E-002  -1.1767325713845247     
  -2.8262391115496055E-002  -1.1763886299857678     
  -2.9636152533835128E-002  -1.1767033725813663     
  -3.0732470287189544E-002  -1.1775785755526045     
  -3.1545587081292077E-002  -1.1789013959339345     
  -3.2078688160139431E-002  -1.1805472175781577     
  -3.2318822217471690E-002  -1.1823877896942783     
  -3.2250994428505972E-002  -1.1842916841927795     
  -3.1871807225507295E-002  -1.1861254243347557     
  -3.1185689135195656E-002  -1.1877607965364028     
  -3.0198138938519671E-002  -1.1890730977735733     
  -2.8908585255533938E-002  -1.1899326083950286     
  -2.7308468759272734E-002  -1.1902068405920079     
  -2.5388803929846764E-002  -1.1897700960005348     
  -2.3138081369713591E-002  -1.1885048669339071     
  -2.0523270683169673E-002  -1.1862907468545298     
  -1.7475694515297829E-002  -1.1829844728850858     
  -1.3902236009156957E-002  -1.1783973018582217     
  -9.7187431791804224E-003  -1.1722821558786396     
  -4.8869475864256858E-003  -1.1643431676178764     
   5.6419571551070209E-004  -1.1542675037020345     
   6.5424949528250223E-003  -1.1417651372651776     
   1.2916288356123769E-002  -1.1265984073817441     
   1.9538717245549380E-002  -1.1085911657724710     
   2.6252405126763256E-002  -1.0876231871385851     
   3.2871326349535816E-002  -1.0636298087642102     
   3.9160174635671757E-002  -1.0366246217621329     
   4.4837366919041895E-002  -1.0067403195141940     
   4.9602458826956991E-002 -0.97426180338816337     
   5.3158088494014558E-002 -0.93963716045881696     
   5.5208989677531614E-002 -0.90348695014015723     
   5.5475863051232317E-002 -0.86663078000509475     
   5.3779536070385783E-002 -0.83008595702723953     
   5.0170209641052108E-002 -0.79495312252468209     
   4.4981261218840794E-002 -0.76219108231580024     
   3.8726059687392109E-002 -0.73242232717604228     
   3.1911809706554363E-002 -0.70590569474905507     
   2.4919277804507225E-002 -0.68265120405799762     
   1.8001007653306162E-002 -0.66254660177474922     
   1.1330590976167301E-002 -0.64542165239642191     
   5.0332054431260461E-003 -0.63106916973575133     
  -8.0849161352948378E-004 -0.61925894384690705     
  -6.1511175178542953E-003 -0.60975414252632376     
  -1.0979257400188293E-002 -0.60232448049527543     
  -1.5288270181260825E-002 -0.59674985024581928     
  -1.9070006169018234E-002 -0.59281314892540615     
  -2.2311026724510394E-002 -0.59028893128766124     
  -2.5004447924578958E-002 -0.58893852329947916     
  -2.7166096412424245E-002 -0.58851772163328941     
  -2.8843398481554046E-002 -0.58879470684517643     
  -3.0111021465802832E-002 -0.58956997037275005     
  -3.1055008872220274E-002 -0.59068928635853724     
  -3.1752904689863873E-002 -0.59204431733343077     
  -3.2258804345943561E-002 -0.59356138316594798     
  -3.2598895372465506E-002 -0.59518432323489701     
  -3.2776829806940341E-002 -0.59685927694895047     
  -3.2782775840209548E-002 -0.59852633767703300     
  -3.2599098547223142E-002 -0.60011736063628762     
  -3.2200430979241107E-002 -0.60155538488814031     
  -3.1551809684700033E-002 -0.60275198555284148     
  -3.0609971998080198E-002 -0.60360240095294060     
  -2.9329854464012237E-002 -0.60398197187239688     
  -2.7673931815777732E-002 -0.60374828347397147     
  -2.5618608791182298E-002 -0.60275001520945459     
  -2.3151856372346784E-002 -0.60083834266501013     
  -2.0261034693116884E-002 -0.59787345862675745     
  -1.6916918665863888E-002 -0.59371984987491488     
  -1.3064352847432023E-002 -0.58822971747545361     
  -8.6279916349590625E-003 -0.58122147850658978     
  -3.5336767137138085E-003 -0.57246444841436483     
   2.2627034082860044E-003 -0.56167824704764147     
   8.7499468100179813E-003 -0.54854812596591662     
   1.5845569732068625E-002 -0.53275113706141741     
   2.3385739782361185E-002 -0.51398814577665253     
   3.1114267339961695E-002 -0.49202378747898168     
   3.8673301672009559E-002 -0.46674362221254811     
   4.5615506597109209E-002 -0.43823135477446429     
   5.1459969378270146E-002 -0.40684250774132763     
   5.5783368575511048E-002 -0.37322654977202074     
   5.8296732689448467E-002 -0.33826842529485590     
   5.8863618242986908E-002 -0.30298109276940888     
   5.7478825696387778E-002 -0.26840983926145501     
   5.4267518884899314E-002 -0.23555923724695257     
   4.9514862486174489E-002 -0.20530021800946041     
   4.3662897751882590E-002 -0.17825221430764773     
   3.7230289404541067E-002 -0.15470895638474730     
   3.0699405884967702E-002 -0.13466247284365709     
   2.4445285368602646E-002 -0.11789472070162553     
   1.8723342485274359E-002 -0.10407052090165059     
   1.3683189733588895E-002  -9.2803143925752729E-002
   9.3857311316444675E-003  -8.3699251103891398E-002
   5.8237928489173170E-003  -7.6390180426474469E-002
   2.9471065061140228E-003  -7.0549541989934961E-002
   6.8609432789149666E-004  -6.5898169438738732E-002
  -1.0303810252438850E-003  -6.2199826763517721E-002
  -2.2654860702917001E-003  -5.9251885478398422E-002
  -3.0731755326398463E-003  -5.6875741284805194E-002
  -3.5023604222758167E-003  -5.4910803071896740E-002
  -3.6020727992561461E-003  -5.3213183113602389E-002
  -3.4245503864772965E-003  -5.1657769053500661E-002
  -3.0253698184956328E-003  -5.0141469389359268E-002
  -2.4611058110622242E-003  -4.8585710823227504E-002
  -1.7854668602488521E-003  -4.6936916281536976E-002
  -1.0449503175365177E-003  -4.5164291460625040E-002
  -2.7517305212373396E-004  -4.3254817772114394E-002
   5.0077493814207211E-004  -4.1206117645716758E-002
   1.2707516290705891E-003  -3.9018846968969970E-002
   2.0284441766134985E-003  -3.6691040373485508E-002
   2.7658773734499549E-003  -3.4216761470331584E-002
   3.4661380454508090E-003  -3.1590199876188489E-002
   4.0995315944972752E-003  -2.8814271957723462E-002
   4.6256921083139531E-003  -2.5910525619352771E-002
   5.0019910930506374E-003  -2.2925740533047620E-002
   5.1955246785949519E-003  -1.9931159879819922E-002
   5.1936321000305300E-003  -1.7013212976998381E-002
   5.0081767499529127E-003  -1.4258683123749177E-002
   4.6720094000266355E-003  -1.1739974909259505E-002
   4.2300298618379289E-003  -9.5055535963863846E-003
   3.7292430006761234E-003  -7.5774306167649685E-003
   3.2112662422339850E-003  -5.9543074771192233E-003
   2.7084254742064766E-003  -4.6175937586501060E-003
   2.2428442659865617E-003  -3.5379104777164424E-003
   1.8273995896257685E-003  -2.6807161858099474E-003
   1.4675675878425179E-003  -2.0105305892708673E-003
   1.1634777259629586E-003  -1.4937300340370596E-003
   9.1177210670619546E-004  -1.1001448427561749E-003
   7.0709952756997229E-004  -8.0377196726025399E-004
   5.4322157458215050E-004  -5.8289255186490989E-004
   4.1377254235431795E-004  -4.1982307820692617E-004
   3.1273704301253510E-004  -3.0046933946791253E-004
   2.3471465036860138E-004  -2.1380103523852711E-004
   1.7503497089805327E-004  -1.5132193430787171E-004
   1.2977411854775300E-004  -1.0657877804307443E-004
   9.5711101529932972E-005  -7.4730642307051999E-005
   7.0252142066762099E-005  -5.2186279250687445E-005
   5.1342081138028998E-005  -3.6308009500400289E-005
   3.7374960370451456E-005  -2.5175862982972889E-005
   2.7110812642012730E-005  -1.7403558414460396E-005
   1.9602231525316751E-005  -1.1997432368150806E-005
   1.4131976452623479E-005  -8.2499094256610374E-006
   1.0161446113089966E-005  -5.6601039039179293E-006
   7.2890795074106142E-006  -3.8753231250605899E-006
   5.2173884921389223E-006  -2.6484054877715251E-006
   3.7272289848246304E-006  -1.8068840496168016E-006
   2.6579796186783999E-006  -1.2308740810465883E-006
   1.8924399662088042E-006  -8.3732784452955357E-007
   1.3454339856933519E-006  -5.6889275840378056E-007
   9.5528029242658153E-007  -3.8607049522242525E-007
   6.7745388582556149E-007  -2.6172610804890744E-007
   4.7990592407532701E-007  -1.7725955103900023E-007
   3.3962685597726522E-007  -1.1994657705944918E-007
   2.4013483694557945E-007  -8.1098174300335568E-008
   1.6964819893818257E-007  -5.4790467247953612E-008
   1.1976071700610199E-007  -3.6990652935747828E-008
   8.4484573460035642E-008  -2.4956941704745955E-008
   5.9561032204004223E-008  -1.6827500840690506E-008
   4.1965264128421177E-008  -1.1339416742764227E-008
   2.9551488280189901E-008  -7.6368847040059518E-009
   2.0799210543238083E-008  -5.1405022705748601E-009
   1.4632104938710362E-008  -3.4583266297358768E-009
   1.0288964656417093E-008  -2.3254285139464312E-009
   7.2318953164916798E-009  -1.5628600249977173E-009
   5.0810936516279413E-009  -1.0498303260459242E-009
   3.5685712075587142E-009  -7.0485576901997281E-010
   2.5053573227422358E-009  -4.7300102641891474E-010
   1.7582790621734067E-009  -3.1724997213292449E-010
   1.2335369012177644E-009  -2.1267393414437627E-010
   8.6509711068100993E-010  -1.4249317809127434E-010
   6.0649459548806472E-010  -9.5418699896171001E-011
   4.2504823195323520E-010  -6.3859206199646988E-011
   2.9778131307673114E-010  -4.2712364683589265E-011
   2.0854619808907038E-010  -2.8550370627358933E-011
   1.4599881086391279E-010  -1.9071476459506324E-011
   1.0217251931429038E-010  -1.2730812087369995E-011
   7.1474496034278595E-011  -8.4920053763345554E-012
   4.9979708449234564E-011  -5.6601531111312169E-012
   3.4934477947496432E-011  -3.7695495295914869E-012
   2.4407533793636148E-011  -2.5082554041542850E-012
   1.7044829228851814E-011  -1.6674419398668910E-012
   1.1897324605774616E-011  -1.1073879679069043E-012
   8.3000625644609834E-012  -7.3466627639569039E-013
   5.7872859646702030E-012  -4.8684442966279197E-013
   4.0328743360611323E-012  -3.2222995644827294E-013
   2.8085597244890271E-012  -2.1300020229458495E-013
   1.9546238163185943E-012  -1.4060215610882728E-013
   1.3593543365707324E-012  -9.2673933276409796E-014
   9.4464679763024426E-013  -6.0985777315097397E-014
   6.5591643536458716E-013  -4.0063788871131942E-014
   4.5503230173028771E-013  -2.6270598304564804E-014
   3.1536975948748294E-013  -1.7191691477354349E-014
   2.1834743821152707E-013  -1.1226065848190255E-014
   1.5100410039985017E-013  -7.3133948198016964E-015
   1.0430376615268066E-013  -4.7523281908528919E-015
   7.1950677773063578E-014  -3.0795933473575844E-015
   4.9561072765259842E-014  -1.9896280479206915E-015
   3.4084578877846909E-014  -1.2812106466819706E-015
   2.3400179349283794E-014  -8.2205712729559955E-016
   1.6034214246280021E-014  -5.2536385711065890E-016
   1.0963658061659579E-014  -3.3428480240863157E-016
   7.4789606828371519E-015  -2.1167321187180690E-016
   5.0884727328258859E-015  -1.3331220300995794E-016
   3.4518889530829406E-015  -8.3454661023827235E-017
   2.3339301244559428E-015  -5.1889629494680272E-017
   1.5721324178964248E-015  -3.2016279449014454E-017
   1.0544645715632759E-015  -1.9581905618954572E-017
   7.0378716497270942E-016  -1.1856801143908708E-017
   4.6707206300196623E-016  -7.0960400841007126E-018
   3.0793114235490373E-016  -4.1893058341737531E-018
   2.0144379337974072E-016  -2.4337040200632469E-018
   1.3057985455483770E-016  -1.3868205260324810E-018
   8.3728759991850927E-017  -7.7200424785673845E-019
   5.2994844052204406E-017  -4.1754356319241583E-019
   3.3022601810912797E-017  -2.1777348237440780E-019
   2.0187919539559916E-017  -1.0832519224276660E-019
   1.2041349560524101E-017  -5.0462151879629312E-020
   6.9250890208728954E-018  -2.1253764390110456E-020
   3.7079801985987354E-018  -7.4368101958376220E-021
   1.5933254147395965E-018  -1.5558820131109440E-021
   0.0000000000000000        0.0000000000000000     
