 Initial conditions outputted from a previous simulation. Time =    81.600000000000009     
   40.000000000000000        0.0000000000000000              500           1   81.600000000000009     
   2.9371262632558997E-003  0.14947051209279377     
  -3.6748706305759732E-003  0.14708724934158282     
  -9.5762428809088741E-003  0.14223902134287744     
  -1.4769181983265539E-002  0.13523758069811789     
  -1.9282105415261479E-002  0.12638041895525454     
  -2.3156052526010266E-002  0.11593542595138681     
  -2.6444889689770705E-002  0.10414319474487489     
  -2.9202730042668282E-002   9.1219836852955136E-002
  -3.1482713914210356E-002   7.7357958603167756E-002
  -3.3334702026393333E-002   6.2729392086289915E-002
  -3.4803798456201976E-002   4.7488344576359039E-002
  -3.5930516032742991E-002   3.1774727274583588E-002
  -3.6751989560166690E-002   1.5718128715180368E-002
  -3.7304505330783479E-002  -5.5708830593355048E-004
  -3.7628045140193113E-002  -1.6924458909940203E-002
  -3.7773321267364143E-002  -3.3243659570630288E-002
  -3.7810921427366619E-002  -4.9340879057815201E-002
  -3.7839004264414527E-002  -6.4977718500204951E-002
  -3.7979856469144542E-002  -7.9809675078740677E-002
  -3.8352239842534011E-002  -9.3348033828825491E-002
  -3.9014992240393266E-002 -0.10495424141952935     
  -3.9897065502482398E-002 -0.11389610499512084     
  -4.0745973106229669E-002 -0.11946840586295147     
  -4.1124936643282463E-002 -0.12114286673499104     
  -4.0465342124199680E-002 -0.11869704083386025     
  -3.8162610549924716E-002 -0.11228684095243086     
  -3.3724722910819738E-002 -0.10244205971203740     
  -2.6987241555906295E-002  -8.9949805315105880E-002
  -1.8297907744109432E-002  -7.5588690428529573E-002
  -8.4649834762950231E-003  -5.9782189999253312E-002
   1.5866225286761770E-003  -4.2398399208135727E-002
   1.1197194869961570E-002  -2.2877446413002146E-002
   2.0090672220082612E-002  -5.7749723863986119E-004
   2.8218777950264444E-002   2.4944899228806622E-002
   3.5551970121300465E-002   5.3857769730752618E-002
   4.1980262744245718E-002   8.6095266006461335E-002
   4.7324329419459410E-002  0.12139173372766099     
   5.1388018832542855E-002  0.15927837738608605     
   5.3993573697945565E-002  0.19908670279612517     
   5.4986944175056333E-002  0.24000031194810403     
   5.4252142432560241E-002  0.28115588224762189     
   5.1754257546989764E-002  0.32173671638105256     
   4.7575036608058986E-002  0.36099850718064147     
   4.1921327416282898E-002  0.39826712597422054     
   3.5122435104500034E-002  0.43297705777329354     
   2.7603963504130309E-002  0.46473651274114214     
   1.9816859534939425E-002  0.49335656975247805     
   1.2154286386467138E-002  0.51882562361845463     
   4.9077357246212509E-003  0.54125849754732958     
  -1.7337729022507723E-003  0.56084698080592166     
  -7.6681416691504137E-003  0.57782048753791304     
  -1.2861223018532104E-002  0.59241986061048402     
  -1.7326695561384792E-002  0.60488411338562531     
  -2.1110880568165576E-002  0.61544462742019956     
  -2.4284444268762796E-002  0.62432065720787133     
  -2.6934335078460516E-002  0.63171383735317266     
  -2.9150804482073259E-002  0.63780333844166970     
  -3.1011688099282637E-002  0.64274511933194844     
  -3.2569887289274832E-002  0.64667751590722045     
  -3.3849206285888306E-002  0.64973195631469216     
  -3.4850063756247308E-002  0.65204436326357929     
  -3.5561929283900097E-002  0.65376189326805534     
  -3.5976827020886580E-002  0.65504161904778879     
  -3.6099279362326965E-002  0.65604148124642525     
  -3.5950672941036724E-002  0.65690718622800104     
  -3.5568158002820940E-002  0.65776019902144844     
  -3.4999360699024637E-002  0.65869134867617141     
  -3.4294522040265729E-002  0.65976215091273560     
  -3.3497812300520236E-002  0.66101280044774813     
  -3.2640071502404812E-002  0.66247391307457504     
  -3.1734836303072292E-002  0.66417960877199211     
  -3.0776818114905825E-002  0.66618085818294559     
  -2.9740012669431586E-002  0.66855782236226680     
  -2.8574862564149092E-002  0.67142891257215243     
  -2.7207443816057945E-002  0.67495504989053279     
  -2.5544197104694171E-002  0.67933853603136329     
  -2.3483073591548814E-002  0.68481516865531267     
  -2.0929828960158377E-002  0.69163999969128664     
  -1.7810690942428892E-002  0.70007283580042401     
  -1.4080662952923682E-002  0.71036853644396436     
  -9.7220258901366437E-003  0.72276670454491276     
  -4.7270229004150238E-003  0.73748442726980601     
   8.9078727452404215E-004  0.75472949627742014     
   7.0880743554861741E-003  0.77472013762745995     
   1.3784261272383703E-002  0.79768972343810540     
   2.0825289313388735E-002  0.82387593386889280     
   2.7960472538474373E-002  0.85347951548382173     
   3.4864800779760959E-002  0.88660069368590588     
   4.1130395244912750E-002  0.92316064159131572     
   4.6264866883596774E-002  0.96280631679913342     
   4.9825733926143888E-002   1.0048466172741806     
   5.1500613140775815E-002   1.0482942798185659     
   5.1136541120336061E-002   1.0919380196905040     
   4.8825992301768102E-002   1.1344708728295028     
   4.4872853858139175E-002   1.1747509967119509     
   3.9661287304668447E-002   1.2119465077215030     
   3.3596714900310673E-002   1.2455380659587301     
   2.7065401222805048E-002   1.2753113810816141     
   2.0401687316450097E-002   1.3012965014132494     
   1.3878289893535945E-002   1.3236940019974237     
   7.6926420384387673E-003   1.3428222230033493     
   1.9639861498036162E-003   1.3589921667143665     
  -3.3259310497429093E-003   1.3723891716273160     
  -8.3034816101453905E-003   1.3830211307009865     
  -1.3112215365701271E-002   1.3908096558946863     
  -1.7803812415882157E-002   1.3959117856726837     
  -2.2213507992317635E-002   1.3991583232366636     
  -2.5975637960848452E-002   1.4024108861901070     
  -2.8596085124621327E-002   1.4085290756945179     
  -2.9586404248729083E-002   1.4206774057659999     
  -2.8788981589082621E-002   1.4408315772119467     
  -2.6639943915892538E-002   1.4676252194357373     
  -2.4175675558074906E-002   1.4942726707782175     
  -2.2854899353545757E-002   1.5086184668503799     
  -2.3863930449176163E-002   1.4976105545794869     
  -2.7320150557363556E-002   1.4545319266813947     
  -3.2222318695192584E-002   1.3826640341753247     
  -3.7173189691363490E-002   1.2921713720610299     
  -4.1085050687722918E-002   1.1941008951005303     
  -4.3500731084828347E-002   1.0964841807656687     
  -4.4488603003330289E-002   1.0035168836613280     
  -4.4382384345638452E-002  0.91643008759208722     
  -4.3562575486894961E-002  0.83469147235113728     
  -4.2315488081984244E-002  0.75698727863213389     
  -4.0782935763668295E-002  0.68187589458115616     
  -3.8990950355823152E-002  0.60815087997203343     
  -3.6901973925865986E-002  0.53497117749469159     
  -3.4460715430910678E-002  0.46185449908011755     
  -3.1607587574148728E-002  0.38863909069259744     
  -2.8278168940475162E-002  0.31545990149842196     
  -2.4438267371752399E-002  0.24272533071907290     
  -2.0081683122777621E-002  0.17115070958977074     
  -1.5219336499290834E-002  0.10175290946141974     
  -9.8590380265907527E-003   3.5784959874489382E-002
  -4.0413105429608362E-003  -2.5341155993335501E-002
   2.2163146389359541E-003  -8.0191898830010572E-002
   8.9517740063355597E-003 -0.12746502095445997     
   1.6086070757239401E-002 -0.16615747195480773     
   2.3417839807187764E-002 -0.19575456687905829     
   3.0591406457658826E-002 -0.21632948635768090     
   3.7109229218339736E-002 -0.22866817675531279     
   4.2455322151682615E-002 -0.23426475175590414     
   4.6327195050553785E-002 -0.23513866299169867     
   4.8492814451631984E-002 -0.23357583794740952     
   4.8773662612160783E-002 -0.23182399827712460     
   4.7081635742428268E-002 -0.23192783241604750     
   4.3530520734195853E-002 -0.23572404761676757     
   3.8287006716409923E-002 -0.24485998966844263     
   3.1679795894945600E-002 -0.26079288971657077     
   2.4130834954299206E-002 -0.28459877570743025     
   1.6085465555785702E-002 -0.31674339400690354     
   7.8691765747337418E-003 -0.35697454307661197     
  -1.4772442150254127E-004 -0.40435918773392193     
  -7.6702568562354387E-003 -0.45747995633659960     
  -1.4532662870732198E-002 -0.51469906349543992     
  -2.0672963903552360E-002 -0.57436369521903197     
  -2.6036269206804432E-002 -0.63492757141040135     
  -3.0636678196462496E-002 -0.69497844761509808     
  -3.4526477042422080E-002 -0.75328177659904783     
  -3.7828664739858318E-002 -0.80881120178609611     
  -4.0616288570021829E-002 -0.86080491164408512     
  -4.2903469407597587E-002 -0.90882392326268713     
  -4.4699900099666900E-002 -0.95277525597406620     
  -4.6019720602903484E-002 -0.99290347928650657     
  -4.6878357211664751E-002  -1.0297774872191230     
  -4.7314379649845008E-002  -1.0642740396314718     
  -4.7415700757477773E-002  -1.0975335470997549     
  -4.7269744040966420E-002  -1.1308651227337749     
  -4.6907507598839472E-002  -1.1655988373784001     
  -4.6320155072400303E-002  -1.2029027005774329     
  -4.5504554244517832E-002  -1.2436227464583618     
  -4.4469882016175903E-002  -1.2881970368566906     
  -4.3250181278502033E-002  -1.3366477825357961     
  -4.1912493757004669E-002  -1.3886351899028522     
  -4.0506927685050806E-002  -1.4435408316653393     
  -3.9017014618658703E-002  -1.5005542546812087     
  -3.7381747242329795E-002  -1.5587520531635959     
  -3.5539823902125886E-002  -1.6171613909576901     
  -3.3458872178670607E-002  -1.6747938512630611     
  -3.1086426604380862E-002  -1.7306619468188107     
  -2.8333542293951679E-002  -1.7837768609595785     
  -2.5106853222145658E-002  -1.8331788719477136     
  -2.1313887427263183E-002  -1.8779973068526556     
  -1.6879952835586277E-002  -1.9175407099179029     
  -1.1768180731738010E-002  -1.9513912998992640     
  -5.9606703046706884E-003  -1.9794608285456337     
   4.8350540326974763E-004  -2.0019702989606234     
   7.5574411631958646E-003  -2.0193690695546294     
   1.5121493383060217E-002  -2.0321880669972940     
   2.2881144562035931E-002  -2.0409186538069934     
   3.0351747056717067E-002  -2.0459922726302615     
   3.7058097948200350E-002  -2.0479175812824817     
   4.2509689477054614E-002  -2.0474264538388169     
   4.6255183082974202E-002  -2.0454871904790335     
   4.7840276454255121E-002  -2.0431865929269497     
   4.6980069342855930E-002  -2.0415773419649583     
   4.3492636503145894E-002  -2.0416743875971899     
   3.7571838213282423E-002  -2.0445339132129763     
   2.9669121436061419E-002  -2.0511750332343182     
   2.0563644319678200E-002  -2.0623245603197513     
   1.1137186728244554E-002  -2.0781007384928269     
   2.1104881570127750E-003  -2.0979192035825793     
  -6.1551639694954977E-003  -2.1207046874773474     
  -1.3496284248924847E-002  -2.1452657263181858     
  -1.9899264517801885E-002  -2.1706221939503729     
  -2.5376442940812514E-002  -2.1961243422765979     
  -2.9963333957928454E-002  -2.2213888234296579     
  -3.3655890484253340E-002  -2.2462389578975630     
  -3.6592288095165425E-002  -2.2706424335950000     
  -3.9014009575316089E-002  -2.2947105948382203     
  -4.1047914047613807E-002  -2.3187221944892817     
  -4.2690067206530700E-002  -2.3431245551390290     
  -4.3903055714146481E-002  -2.3685059477547097     
  -4.4691853961709910E-002  -2.3955507230916862     
  -4.5132743054682262E-002  -2.4249881279747334     
  -4.5343403686073473E-002  -2.4575230888063553     
  -4.5421647697060516E-002  -2.4937253667787722     
  -4.5434152461955861E-002  -2.5338909399660570     
  -4.5409627974810428E-002  -2.5779080659144480     
  -4.5348232849478608E-002  -2.6251894835891880     
  -4.5253580082373013E-002  -2.6747099286380975     
  -4.5177028037754648E-002  -2.7251261203830577     
  -4.5156923844586402E-002  -2.7749496079451226     
  -4.5122150021047518E-002  -2.8227084562817812     
  -4.4916146425494345E-002  -2.8670466621644710     
  -4.4402567701476055E-002  -2.9067715998378172     
  -4.3492872457090090E-002  -2.9408710958548721     
  -4.2165835467716420E-002  -2.9684918419443980     
  -4.0455957749775999E-002  -2.9889536189104224     
  -3.8387917148257011E-002  -3.0017508076625199     
  -3.5929447245434398E-002  -3.0065400937371458     
  -3.3076422057334819E-002  -3.0030987737802248     
  -2.9864367607014893E-002  -2.9913054905893945     
  -2.6280890989964577E-002  -2.9712118217038719     
  -2.2267872749432410E-002  -2.9431077389961970     
  -1.7707650994874889E-002  -2.9075779475089152     
  -1.2396096796654195E-002  -2.8654853675233030     
  -6.1827143632231362E-003  -2.8178012495137983     
   9.5251527948692538E-004  -2.7655148556237390     
   8.9469600350951268E-003  -2.7095999375903626     
   1.7601544592531018E-002  -2.6510197476338822     
   2.6633945851965077E-002  -2.5907787449751072     
   3.5633166673831616E-002  -2.5298450693852232     
   4.3942506748535552E-002  -2.4691593064520085     
   5.0620001916253710E-002  -2.4097370829597491     
   5.4636852029268351E-002  -2.3527797680326050     
   5.5275756375318626E-002  -2.2996686461519582     
   5.2457114628776488E-002  -2.2516964179121985     
   4.6762510699610543E-002  -2.2096617990518332     
   3.9265553041312642E-002  -2.1736084293215456     
   3.1014976847027295E-002  -2.1428375548402565     
   2.2774217765291694E-002  -2.1162842149714289     
   1.5025586851334750E-002  -2.0929170776107466     
   7.9741970229551401E-003  -2.0720131726679845     
   1.6493042920799090E-003  -2.0532253135273537     
  -3.9881602573373851E-003  -2.0364451097365803     
  -9.0463922289842624E-003  -2.0216431282782334     
  -1.3586259357144616E-002  -2.0087544188236559     
  -1.7639719385548917E-002  -1.9976243647030258     
  -2.1208944517032466E-002  -1.9880290170219612     
  -2.4280362459684846E-002  -1.9797092133423071     
  -2.6861979628629497E-002  -1.9724107296202753     
  -2.8974819973534453E-002  -1.9659097814429902     
  -3.0662656843615729E-002  -1.9600241775093481     
  -3.2001012620059131E-002  -1.9546135985385740     
  -3.3076237420845922E-002  -1.9495775234840980     
  -3.3979402775186657E-002  -1.9448514712475600     
  -3.4781456059943761E-002  -1.9404041719203087     
  -3.5517884888137494E-002  -1.9362296640662300     
  -3.6194968798890198E-002  -1.9323307465584716     
  -3.6789144169440416E-002  -1.9287001417134837     
  -3.7257092727906262E-002  -1.9253027352604339     
  -3.7540504739514133E-002  -1.9220669438851050     
  -3.7580869628967090E-002  -1.9188844518357315     
  -3.7321334154041652E-002  -1.9156194097208543     
  -3.6718892245044821E-002  -1.9121193189452039     
  -3.5748720794669786E-002  -1.9082268638268616     
  -3.4398833812557483E-002  -1.9037902086151703     
  -3.2668953112935883E-002  -1.8986652851735715     
  -3.0554014710245516E-002  -1.8927186229595747     
  -2.8041828116235484E-002  -1.8858218036506673     
  -2.5133155553669830E-002  -1.8778396217018181     
  -2.1843817120650654E-002  -1.8686308816835651     
  -1.8162429216377632E-002  -1.8580454862979354     
  -1.4073743796229742E-002  -1.8459171876083753     
  -9.5622571060415343E-003  -1.8320640746746646     
  -4.6181592230722891E-003  -1.8162933820282452     
   7.7477937287615038E-004  -1.7984067857013908     
   6.6044402688059198E-003  -1.7782073306102155     
   1.2816026791401978E-002  -1.7555066918440836     
   1.9278735184253170E-002  -1.7301320913638909     
   2.5788126343037829E-002  -1.7019322693495473     
   3.2058216000784193E-002  -1.6708229679625775     
   3.7717583877995842E-002  -1.6368803385209119     
   4.2338754887377809E-002  -1.6004335921301960     
   4.5536122268097112E-002  -1.5620919096886203     
   4.7086357112169706E-002  -1.5226764370012866     
   4.6980665167382238E-002  -1.4830779919083785     
   4.5377249384433063E-002  -1.4441076914957174     
   4.2510100180721690E-002  -1.4064120963319700     
   3.8619458009973365E-002  -1.3704690650655518     
   3.3922266210575314E-002  -1.3366243533511242     
   2.8611819903717726E-002  -1.3051252061774135     
   2.2869768971078407E-002  -1.2761360486307254     
   1.6871677921911386E-002  -1.2497433603829760     
   1.0780445665774931E-002  -1.2259620320529998     
   4.7405410449967928E-003  -1.2047473851984136     
  -1.1164757760069577E-003  -1.1860051187283733     
  -6.6641442931280482E-003  -1.1695919737652312     
  -1.1785434010695400E-002  -1.1553129465087706     
  -1.6389047291664051E-002  -1.1429272540741597     
  -2.0425397929313575E-002  -1.1321670800782453     
  -2.3892407832612487E-002  -1.1227629726249269     
  -2.6829665352053066E-002  -1.1144676906109556     
  -2.9304492729689515E-002  -1.1070732156609586     
  -3.1394550460791010E-002  -1.1004184228740519     
  -3.3171273776997579E-002  -1.0943869850010386     
  -3.4687720135231005E-002  -1.0888971670310035     
  -3.5973179135705906E-002  -1.0838869843060219     
  -3.7034940173568266E-002  -1.0792991875094580     
  -3.7865297521856495E-002  -1.0750701578064674     
  -3.8450237780876320E-002  -1.0711248673521705     
  -3.8776239145022214E-002  -1.0673773698230851     
  -3.8833226064585002E-002  -1.0637342277957955     
  -3.8614019746263335E-002  -1.0600978266699814     
  -3.8112366639021143E-002  -1.0563676684769712     
  -3.7322014030522765E-002  -1.0524396916774144     
  -3.6238298523732330E-002  -1.0482053228362114     
  -3.4861927452805731E-002  -1.0435524728571510     
  -3.3202910527532228E-002  -1.0383698229847382     
  -3.1281650764549515E-002  -1.0325538804470014     
  -2.9124595285668367E-002  -1.0260161174392510     
  -2.6753934273847306E-002  -1.0186860036892060     
  -2.4174143056900129E-002  -1.0105060132723729     
  -2.1361118788635926E-002  -1.0014173146624461     
  -1.8260428273526363E-002 -0.99133924789126382     
  -1.4798377139522128E-002 -0.98014995818598938     
  -1.0903350834614965E-002 -0.96767680411100543     
  -6.5288304616150355E-003 -0.95370155625219666     
  -1.6688575538775154E-003 -0.93797893354858897     
   3.6383601215165249E-003 -0.92026144896887752     
   9.3163629008507082E-003 -0.90032110193980874     
   1.5257483668674859E-002 -0.87796279718705894     
   2.1321104288424632E-002 -0.85303403801603328     
   2.7322180887191995E-002 -0.82544275617906093     
   3.3025204890674398E-002 -0.79519145613028508     
   3.8164881506818425E-002 -0.76241805497183046     
   4.2495651186278308E-002 -0.72741441327064760     
   4.5837873058293996E-002 -0.69059894058042914     
   4.8077255335033056E-002 -0.65245983684039721     
   4.9114014808080385E-002 -0.61352365111891716     
   4.8819318938628509E-002 -0.57438413587803816     
   4.7065833402063009E-002 -0.53575159783066295     
   4.3828211469547372E-002 -0.49843584045963579     
   3.9268284338885615E-002 -0.46322649419535533     
   3.3725073308371684E-002 -0.43073792862456656     
   2.7619885320162851E-002 -0.40132161173750308     
   2.1356037564392395E-002 -0.37507814058849304     
   1.5268954822471181E-002 -0.35191981189528854     
   9.6162035283008703E-003 -0.33163050613446765     
   4.5744293118439115E-003 -0.31391251004485765     
   2.3481864863175166E-004 -0.29843055702526516     
  -3.3915666312889828E-003 -0.28485435786162583     
  -6.3521725980698520E-003 -0.27289125923156204     
  -8.7205921220480011E-003 -0.26230123898188762     
  -1.0565232731920261E-002 -0.25289234576800723     
  -1.1930525897177765E-002 -0.24450213672092605     
  -1.2835721583959271E-002 -0.23697611320209572     
  -1.3286903075274697E-002 -0.23015359823347098     
  -1.3292318941116779E-002 -0.22386532770118364     
  -1.2872669971301320E-002 -0.21794012868683652     
  -1.2063686336181566E-002 -0.21221482035511005     
  -1.0913371063259394E-002 -0.20654253347851251     
  -9.4779694885180205E-003 -0.20079781533333740     
  -7.8192132925034314E-003 -0.19487957586931570     
  -6.0025538813059951E-003 -0.18871359210272043     
  -4.0941951672328891E-003 -0.18225485277952902     
  -2.1552942689118584E-003 -0.17548788364624057     
  -2.3448636034620356E-004 -0.16842246841940389     
   1.6373567115184143E-003 -0.16108413932882973     
   3.4462817770141733E-003 -0.15350242174947878     
   5.1880614281572405E-003 -0.14570209664219694     
   6.8589827215536680E-003 -0.13770124440311446     
   8.4505820992653285E-003 -0.12951518233079304     
   9.9511014233938273E-003 -0.12116120489926699     
   1.1350557622857079E-002 -0.11265894035471231     
   1.2642377658403311E-002 -0.10402576733513770     
   1.3816197816022986E-002  -9.5272891335240278E-002
   1.4843502192832016E-002  -8.6410332698517126E-002
   1.5665831725259805E-002  -7.7464865789153708E-002
   1.6197850154236922E-002  -6.8505138836691057E-002
   1.6350525575383669E-002  -5.9659130644151313E-002
   1.6065919070550095E-002  -5.1108892500931938E-002
   1.5344689508789958E-002  -4.3059376319557613E-002
   1.4250390237628195E-002  -3.5694742181622746E-002
   1.2889908487414800E-002  -2.9143106721825022E-002
   1.1383765887733856E-002  -2.3462868700961759E-002
   9.8416390143854296E-003  -1.8649091386022505E-002
   8.3495376147212450E-003  -1.4650039660440024E-002
   6.9666384896015744E-003  -1.1385107375089921E-002
   5.7275728358469665E-003  -8.7599600562701420E-003
   4.6472270901970654E-003  -6.6777130674225372E-003
   3.7262141693338202E-003  -5.0462097249099778E-003
   2.9558014082774553E-003  -3.7821116384490270E-003
   2.3218016715323545E-003  -2.8127491050865205E-003
   1.8074504588237949E-003  -2.0765177760473995E-003
   1.3954126784002888E-003  -1.5223682633282972E-003
   1.0690655138557846E-003  -1.1087898103337211E-003
   8.1323494836234593E-004  -8.0257640734138615E-004
   6.1455641944387909E-004  -5.7755186833887003E-004
   4.6158252657988624E-004  -4.1335307687965334E-004
   3.4472576051175745E-004  -2.9432899483164762E-004
   2.5610516261535848E-004  -2.0858352962390954E-004
   1.8934607447312955E-004  -1.4716760502966883E-004
   1.3936430826119777E-004  -1.0341311409590667E-004
   1.0215485648656724E-004  -7.2395333814539067E-005
   7.4597528315518440E-005  -5.0506917220306401E-005
   5.4285578423289842E-005  -3.5125525833430258E-005
   3.9379179531907844E-005  -2.4358170213784707E-005
   2.8483238837828446E-005  -1.6847124461254152E-005
   2.0547633716578828E-005  -1.1624300524638097E-005
   1.4787147015820410E-005  -8.0031266546086482E-006
   1.0618153749291607E-005  -5.4990505394254272E-006
   7.6092084304758701E-006  -3.7716040985127830E-006
   5.4429209137946922E-006  -2.5825127392624697E-006
   3.8868325706041843E-006  -1.7656206488955857E-006
   2.7713641452297887E-006  -1.2054382127967029E-006
   1.9732495552727123E-006  -8.2192715659835631E-007
   1.4031766847749882E-006  -5.5976455800529808E-007
   9.9662309317632636E-007  -3.8080199491886950E-007
   7.0709794355145056E-007  -2.5879061006542429E-007
   5.0118256656195039E-007  -1.7570460817339964E-007
   3.5490661605642002E-007  -1.1918716534513142E-007
   2.5111035601059066E-007  -8.0781282618924822E-008
   1.7753136925000566E-007  -5.4707552157690998E-008
   1.2542101174636868E-007  -3.7021745966478563E-008
   8.8546709704412341E-008  -2.5035427477660182E-008
   6.2474293909783356E-008  -1.6918228341404788E-008
   4.4052930180833714E-008  -1.1425303662494584E-008
   3.1046202707169455E-008  -7.7108628377976488E-009
   2.1868364520946866E-008  -5.2007759165721585E-009
   1.5396089151629052E-008  -3.5056546812246202E-009
   1.0834313393674290E-008  -2.3616211133930462E-009
   7.6207602104268553E-009  -1.5899889398626647E-009
   5.3580747624353368E-009  -1.0698476574769336E-009
   3.7656427087578548E-009  -7.1943803302228207E-010
   2.6454182318744826E-009  -4.8351130712241242E-010
   1.8577114557065946E-009  -3.2475687903750399E-010
   1.3040477086308864E-009  -2.1799361948154592E-010
   9.1504296409934409E-010  -1.4623678646559458E-010
   6.4183389608029408E-010  -9.8036804654076585E-011
   4.5002460415319401E-010  -6.5679831384797686E-011
   3.1541368801304279E-010  -4.3971819381624074E-011
   2.2097983558663368E-010  -2.9417375963027079E-011
   1.5475642675434967E-010  -1.9665565547749919E-011
   1.0833373609168037E-010  -1.3136092243230249E-011
   7.5803924641909942E-011  -8.7672952595079905E-012
   5.3018259263785013E-011  -5.8463575098735173E-012
   3.7064382066806902E-011  -3.8949693255380365E-012
   2.5898590661642798E-011  -2.5923773422069093E-012
   1.8087263743478596E-011  -1.7236228657741541E-012
   1.2625104500978518E-011  -1.1447432857987749E-012
   8.8074273422628848E-012  -7.5939056347305377E-013
   6.1404507121687971E-012  -5.0312990778533380E-013
   4.2783078141663365E-012  -3.3290206020696048E-013
   2.9788329862592515E-012  -2.1995531215549336E-013
   2.0725377964855946E-012  -1.4510773410077610E-013
   1.4408496135619755E-012  -9.5573435002071028E-014
   1.0008525471890327E-012  -6.2837972179968959E-014
   6.9459159799480816E-013  -4.1237098947443197E-014
   4.8157808551783005E-013  -2.7006720497764731E-014
   3.3354014488373690E-013  -1.7648330096248512E-014
   2.3074716003943836E-013  -1.1505515978984339E-014
   1.5943724214361863E-013  -7.4815803589856538E-015
   1.1001746686552150E-013  -4.8514262918221369E-015
   7.5805282832211070E-014  -3.1363671397112649E-015
   5.2148763193414550E-014  -2.0208995530057299E-015
   3.5811958334735185E-014  -1.2974363657818007E-015
   2.4545680103596273E-014  -8.2965062007960895E-016
   1.6787934221512208E-014  -5.2819484875577054E-016
   1.1454957346266795E-014  -3.3463993870665925E-016
   7.7955426175017374E-015  -2.1086686196414270E-016
   5.2895504065371129E-015  -1.3207120095040145E-016
   3.5772504868523868E-015  -8.2158036124971866E-017
   2.4101652612435390E-015  -5.0716051074561190E-017
   1.6168980740852833E-015  -3.1033303977028091E-017
   1.0793984721366373E-015  -1.8798913073980889E-017
   7.1649157646471329E-016  -1.1255564065501498E-017
   4.7245945153397098E-016  -6.6477289449459584E-018
   3.0913313518756103E-016  -3.8634311307557828E-018
   2.0042207577628810E-016  -2.2023890010578115E-018
   1.2853416605050596E-016  -1.2264670362174263E-018
   8.1367069561998542E-017  -6.6358134070711724E-019
   5.0710000260001771E-017  -3.4621565967159236E-019
   3.1005348652613177E-017  -1.7227120975291439E-019
   1.8495989629270719E-017  -8.0275220370023159E-020
   1.0638465243555239E-017  -3.3819932833263944E-020
   5.6968669753481430E-018  -1.1836718546769912E-020
   2.4481953025377787E-018  -2.4770215244789913E-021
   0.0000000000000000        0.0000000000000000     
