 Initial conditions outputted from a previous simulation. Time =    20.600000000000001     
   40.000000000000000        0.0000000000000000              500           1   20.600000000000001     
  -2.1987977952689541E-002 -0.12530773864855135     
  -1.7823963714474356E-002 -0.13528502351281799     
  -1.3074176917589886E-002 -0.14359279196918362     
  -7.6397367503923085E-003 -0.14995400902348827     
  -1.5323039358134856E-003 -0.15407599579472286     
   5.2808375153986196E-003 -0.15561955156822144     
   1.2728559838113915E-002 -0.15425654152304480     
   2.0692194722378859E-002 -0.14965131296382764     
   2.8971075212938943E-002 -0.14150144648981336     
   3.7263965090330843E-002 -0.12958073741552853     
   4.5166991040780272E-002 -0.11380195135628558     
   5.2186248575411438E-002  -9.4298067337618391E-002
   5.7781236152278169E-002  -7.1503823832136548E-002
   6.1443961463387681E-002  -4.6205785028206728E-002
   6.2800436265313064E-002  -1.9519075189498594E-002
   6.1701302570826025E-002   7.2338751406532996E-003
   5.8260657826095810E-002   3.2719239929870754E-002
   5.2822822394304587E-002   5.5793240830469111E-002
   4.5875352453707038E-002   7.5637424315478485E-002
   3.7951726160880078E-002   9.1797066818494630E-002
   2.9559000003004491E-002  0.10413703886504116     
   2.1136621178997287E-002  0.11275080113473171     
   1.3033133785225488E-002  0.11786100300932388     
   5.4920889705020043E-003  0.11974342257864226     
  -1.3488155843385658E-003  0.11868827860070454     
  -7.4410155321094507E-003  0.11499053753157637     
  -1.2796777569643930E-002  0.10895007465842685     
  -1.7461172156277169E-002  0.10086850900278189     
  -2.1492166898935912E-002   9.1040847903957417E-002
  -2.4949671912132911E-002   7.9745834512119168E-002
  -2.7890655513786892E-002   6.7238561635951349E-002
  -3.0367242038836586E-002   5.3746717597882333E-002
  -3.2425838865355404E-002   3.9470208658032760E-002
  -3.4106483246414680E-002   2.4583191087041177E-002
  -3.5442286442509963E-002   9.2374683590373072E-003
  -3.6458983577355560E-002  -6.4335423968532165E-003
  -3.7174482197015246E-002  -2.2310689239221394E-002
  -3.7598467295484807E-002  -3.8284942824872284E-002
  -3.7732455658104361E-002  -5.4253439132816626E-002
  -3.7570459639889607E-002  -7.0116034330605412E-002
  -3.7099769783233663E-002  -8.5772315908651683E-002
  -3.6301340943371514E-002 -0.10111860124563152     
  -3.5149833191989041E-002 -0.11604464219333914     
  -3.3613664849890784E-002 -0.13042997678198529     
  -3.1655300427133250E-002 -0.14414008122628935     
  -2.9231924676592944E-002 -0.15702263797528701     
  -2.6296652578671694E-002 -0.16890416181385889     
  -2.2800418052901176E-002 -0.17958704838966741     
  -1.8694789781314024E-002 -0.18884706301054793     
  -1.3936111230018153E-002 -0.19643147000815248     
  -8.4914512796785066E-003 -0.20205836398510593     
  -2.3469883848022009E-003 -0.20541816151550135     
   4.4803846170707517E-003 -0.20617857973662690     
   1.1927654864477036E-002 -0.20399485042496021     
   1.9866914718205966E-002 -0.19852762680735547     
   2.8085620247581673E-002 -0.18947237257482233     
   3.6271171401128427E-002 -0.17660557107863828     
   4.4008326148375333E-002 -0.15985219979523935     
   5.0799686180758627E-002 -0.13937116162016955     
   5.6117011113779744E-002 -0.11563901079420838     
   5.9482417479836416E-002  -8.9494066914889661E-002
   6.0563876132696606E-002  -6.2098948499880208E-002
   5.9254319644652380E-002  -3.4804924501212559E-002
   5.5700465627987868E-002  -8.9508499033476487E-003
   5.0266121111330449E-002   1.4331226534774753E-002
   4.3446502919019137E-002   3.4236969101561911E-002
   3.5770362008758362E-002   5.0315233629107711E-002
   2.7721682308913420E-002   6.2421327235732210E-002
   1.9693801296734204E-002   7.0638327411704310E-002
   1.1974095837585789E-002   7.5198857235618019E-002
   4.7504535987928070E-003   7.6422554425281661E-002
  -1.8692368879860070E-003   7.4670355112470679E-002
  -7.8348253888247434E-003   7.0311496411439120E-002
  -1.3135860526994659E-002   6.3700563526488327E-002
  -1.7787482811639735E-002   5.5164027161027349E-002
  -2.1821180515694420E-002   4.4994867861373147E-002
  -2.5279393780353678E-002   3.3451928663574083E-002
  -2.8210274796744150E-002   2.0762723099881600E-002
  -3.0664075281856547E-002   7.1280351362264351E-003
  -3.2689490776776985E-002  -7.2738883382880313E-003
  -3.4330103010176326E-002  -2.2284237290735434E-002
  -3.5622763724926246E-002  -3.7761007622088734E-002
  -3.6597016665322377E-002  -5.3576109068423271E-002
  -3.7274553264244559E-002  -6.9611984322433748E-002
  -3.7667972200885122E-002  -8.5758436433698612E-002
  -3.7780049537036044E-002 -0.10190959156646068     
  -3.7602096487770638E-002 -0.11796062569048160     
  -3.7119420440656414E-002 -0.13380451075303504     
  -3.6313744211989324E-002 -0.14932996587661768     
  -3.5157880938343482E-002 -0.16441683512327582     
  -3.3615641547120143E-002 -0.17892616296903552     
  -3.1634206967912491E-002 -0.19270201151268776     
  -2.9145733541381409E-002 -0.20557943546617552     
  -2.6096807992264430E-002 -0.21737604260328133     
  -2.2444039346158139E-002 -0.22788531782366594     
  -1.8143629217429520E-002 -0.23688179029608836     
  -1.3151921699214291E-002 -0.24411483886854804     
  -7.4898752848026554E-003 -0.24929617165562434     
  -1.1877084871604457E-003 -0.25211907382319226     
   5.7034910637804564E-003 -0.25227579213454832     
   1.3057839316528786E-002 -0.24946862905566017     
   2.0677264036435789E-002 -0.24344153859050024     
   2.8350234160643584E-002 -0.23402763444924063     
   3.5804846104294699E-002 -0.22117342348021182     
   4.2739013988735863E-002 -0.20494815664713936     
   4.8865144168066921E-002 -0.18558620728749162     
   5.3844927088801675E-002 -0.16349017983970107     
   5.7343629521463831E-002 -0.13924441856961370     
   5.9055043283718259E-002 -0.11363447109254333     
   5.8725847636871921E-002  -8.7611093908522550E-002
   5.6153960282246264E-002  -6.2250804407561894E-002
   5.1447489764889540E-002  -3.8722690527523425E-002
   4.5064794899307786E-002  -1.8147844712128488E-002
   3.7615818597594282E-002  -1.4042888833481464E-003
   2.9611700627160703E-002   1.1014024989376177E-002
   2.1473052062836236E-002   1.8972949447654458E-002
   1.3506117334684183E-002   2.2600542748646282E-002
   5.9122664325127828E-003   2.2175042392664879E-002
  -1.1586785263855059E-003   1.8027409009677017E-002
  -7.6207578691718245E-003   1.0520459050684348E-002
  -1.3440192877925165E-002   4.8889255156629582E-005
  -1.8593869932529310E-002  -1.2991775812279062E-002
  -2.3046787801002749E-002  -2.8202424839809132E-002
  -2.6772153354904359E-002  -4.5186803859587184E-002
  -2.9755813960656855E-002  -6.3546894973420295E-002
  -3.2047488702192560E-002  -8.2876436597315237E-002
  -3.3749305794687941E-002 -0.10277732243506919     
  -3.4986837245914733E-002 -0.12288631393990647     
  -3.5869341878987514E-002 -0.14290975203679060     
  -3.6474250775551088E-002 -0.16264490851535671     
  -3.6847385929419926E-002 -0.18198220734127371     
  -3.6999809834376195E-002 -0.20088261945235078     
  -3.6921940375016664E-002 -0.21933717621421661     
  -3.6590998498943428E-002 -0.23732792129891328     
  -3.5969069045455243E-002 -0.25480065994206869     
  -3.5023270826385254E-002 -0.27165189509779519     
  -3.3733506210043319E-002 -0.28773698849897822     
  -3.2096738292073469E-002 -0.30288950277152021     
  -3.0120375380383813E-002 -0.31694552782022178     
  -2.7802861396974066E-002 -0.32976093898117315     
  -2.5093008696421632E-002 -0.34121396373935725     
  -2.1920439405212711E-002 -0.35119260688522386     
  -1.8220950043138569E-002 -0.35957633281146700     
  -1.3914100991400993E-002 -0.36621764621737118     
  -8.9172476279254665E-003 -0.37092238089388707     
  -3.1908776095124635E-003 -0.37343131699115240     
   3.2832437833902454E-003 -0.37341858287787233     
   1.0429897866673088E-002 -0.37049745756204477     
   1.8097344309031756E-002 -0.36425445317345329     
   2.6068957032125108E-002 -0.35430265227929575     
   3.4040830289151912E-002 -0.34033484685960097     
   4.1620198419750370E-002 -0.32223167191013224     
   4.8328727238033990E-002 -0.30014453045036688     
   5.3617031685220792E-002 -0.27458373736285185     
   5.6996158019254006E-002 -0.24640625578708414     
   5.8160998417249268E-002 -0.21672607488074819     
   5.7085235387948297E-002 -0.18677477403190160     
   5.3943350981079170E-002 -0.15777068141637368     
   4.9016588801449816E-002 -0.13082539656028841     
   4.2688899957085878E-002 -0.10693504037658326     
   3.5362525250481808E-002  -8.6911297651542055E-002
   2.7447099046842505E-002  -7.1317530618981190E-002
   1.9366987187519599E-002  -6.0385028677658756E-002
   1.1484133483730690E-002  -5.4003367864605585E-002
   4.0628332268223474E-003  -5.1804673309246860E-002
  -2.7154384710960798E-003  -5.3291772469448807E-002
  -8.7557874973827401E-003  -5.7967926626837717E-002
  -1.4011658900561797E-002  -6.5398997741466972E-002
  -1.8510077884978170E-002  -7.5206452850910752E-002
  -2.2324080603904270E-002  -8.7074666623986274E-002
  -2.5549042539822320E-002 -0.10072293590414910     
  -2.8278275871576154E-002 -0.11588439715124239     
  -3.0577436472977781E-002 -0.13230763011008562     
  -3.2491710676283071E-002 -0.14974886007075605     
  -3.4053222274050832E-002 -0.16797058307894844     
  -3.5282013299397438E-002 -0.18674154186495506     
  -3.6201024236433052E-002 -0.20583383338309225     
  -3.6826912669348420E-002 -0.22502903349011080     
  -3.7167294676229909E-002 -0.24412722711731985     
  -3.7220285893012094E-002 -0.26295423336634716     
  -3.6969898398938779E-002 -0.28136435785675068     
  -3.6395475075178770E-002 -0.29923456059502956     
  -3.5482262351633410E-002 -0.31645491274091819     
  -3.4216850700867225E-002 -0.33291946387242821     
  -3.2570513620650908E-002 -0.34852161701523943     
  -3.0497845560988092E-002 -0.36314771658181438     
  -2.7956854423824513E-002 -0.37667191385203769     
  -2.4920034920501696E-002 -0.38894952650260173     
  -2.1369340795330618E-002 -0.39981024398723736     
  -1.7297779662425402E-002 -0.40905643478044668     
  -1.2693318367680515E-002 -0.41645431907118852     
  -7.5246714903681611E-003 -0.42172020617557648     
  -1.7683125696046262E-003 -0.42451472420460329     
   4.5702582378909905E-003 -0.42444704335293398     
   1.1460912982145305E-002 -0.42110756500813290     
   1.8837766703271572E-002 -0.41411849806830242     
   2.6528265175197730E-002 -0.40317359121341628     
   3.4286899941562067E-002 -0.38808187143270945     
   4.1760888449400138E-002 -0.36882676759582250     
   4.8461641717519342E-002 -0.34565056972947966     
   5.3833557717637974E-002 -0.31911744620338689     
   5.7343842281957866E-002 -0.29010603601054408     
   5.8534620956612854E-002 -0.25970939444843216     
   5.7190910370385470E-002 -0.22914623917922711     
   5.3428531137732001E-002 -0.19972335478914480     
   4.7645430171253673E-002 -0.17275739122232719     
   4.0390867368432740E-002 -0.14944261674518575     
   3.2295819203774181E-002 -0.13067349311726223     
   2.3969392488705145E-002 -0.11685854831399599     
   1.5854075848370782E-002 -0.10786458758208990     
   8.2556392916708111E-003 -0.10316069775650968     
   1.3929964371626052E-003 -0.10203572106112437     
  -4.6556159596539597E-003 -0.10378862461498330     
  -9.9227539462353759E-003 -0.10785789201211798     
  -1.4457578229377767E-002 -0.11386226002824523     
  -1.8358055401842634E-002 -0.12155794262122575     
  -2.1750375368365469E-002 -0.13079361664136815     
  -2.4751237434386505E-002 -0.14146965890145319     
  -2.7418048935272828E-002 -0.15349547465134888     
  -2.9778271124581774E-002 -0.16677694635824558     
  -3.1838761386169458E-002 -0.18120763562798597     
  -3.3610193007240878E-002 -0.19666114233867224     
  -3.5091704328192620E-002 -0.21298977413242687     
  -3.6284264200086132E-002 -0.23002311898872613     
  -3.7178764203354461E-002 -0.24756767374664426     
  -3.7750423227342109E-002 -0.26540964973960590     
  -3.7967165407994996E-002 -0.28331924657987834     
  -3.7803701996032626E-002 -0.30105388507476533     
  -3.7230905233695967E-002 -0.31836502132947270     
  -3.6211621755955353E-002 -0.33500125821158028     
  -3.4714384096512250E-002 -0.35070792815423929     
  -3.2731423570812365E-002 -0.36522995578905409     
  -3.0261760672621710E-002 -0.37831322388834315     
  -2.7272045283411966E-002 -0.38971044809633604     
  -2.3711213263700060E-002 -0.39918942833326893     
  -1.9543393898727210E-002 -0.40652941286887512     
  -1.4781251241434219E-002 -0.41153059166002781     
  -9.4878746560232690E-003 -0.41401824566341805     
  -3.7445785277558288E-003 -0.41384940116792623     
   2.3898415298725852E-003 -0.41093381753255109     
   8.8687734004880038E-003 -0.40522489452500887     
   1.5665328799944606E-002 -0.39672262476829995     
   2.2679351751376597E-002 -0.38546425513799648     
   2.9714559364686522E-002 -0.37150020891607449     
   3.6542010284577847E-002 -0.35491255148319339     
   4.2861661268665946E-002 -0.33582595735921372     
   4.8332998400274559E-002 -0.31443364297005116     
   5.2622820480858160E-002 -0.29105569383380531     
   5.5429592716130030E-002 -0.26614956038158677     
   5.6510822283752253E-002 -0.24033796946286254     
   5.5660889199599758E-002 -0.21441344978262714     
   5.2803691603492971E-002 -0.18929259321467443     
   4.8071290996034660E-002 -0.16595962104389242     
   4.1740080951933933E-002 -0.14534535003032611     
   3.4260519102362136E-002 -0.12819021687482332     
   2.6142602672379871E-002 -0.11495167862461829     
   1.7817869808591378E-002 -0.10575289464012710     
   9.6421919733471959E-003 -0.10043501617131478     
   1.8737795106629541E-003  -9.8667139660894340E-002
  -5.2930600676164563E-003 -0.10004509603620106     
  -1.1707280259908148E-002 -0.10416177547188478     
  -1.7313973751771645E-002 -0.11063189377643258     
  -2.2079405246818600E-002 -0.11909075911347754     
  -2.6030654398270941E-002 -0.12918945766541604     
  -2.9234090663207174E-002 -0.14060286263114499     
  -3.1763361350855099E-002 -0.15303048806164907     
  -3.3706511262849688E-002 -0.16620993466159600     
  -3.5148326021053854E-002 -0.17992640992930409     
  -3.6160226326463873E-002 -0.19400547270225879     
  -3.6810654908898517E-002 -0.20830811569691407     
  -3.7143864161257104E-002 -0.22272274630679326     
  -3.7192630318642145E-002 -0.23714749577003005     
  -3.6981658117504250E-002 -0.25149632853125120     
  -3.6518893020359385E-002 -0.26568360479011094     
  -3.5805164017445580E-002 -0.27962602836310568     
  -3.4838975790121400E-002 -0.29324639796137481     
  -3.3599573095183008E-002 -0.30644306656551745     
  -3.2075976092511463E-002 -0.31911727305728443     
  -3.0242410576682473E-002 -0.33113598237732350     
  -2.8061711327262994E-002 -0.34235074293220896     
  -2.5510692067476783E-002 -0.35263575719557289     
  -2.2576824349650828E-002 -0.36185406967293299     
  -1.9209133918090891E-002 -0.36982894133344812     
  -1.5372069249417778E-002 -0.37638569481660922     
  -1.1034630928300770E-002 -0.38131521395031992     
  -6.1570400199952510E-003 -0.38439504550927966     
  -7.0449102875074724E-004 -0.38538709487587780     
   5.3547610426512918E-003 -0.38403428167165155     
   1.2020876638361504E-002 -0.38006855599597711     
   1.9227197453750743E-002 -0.37319906204809400     
   2.6843700036159369E-002 -0.36309421032470757     
   3.4637693419363860E-002 -0.34941037532842367     
   4.2169707527117919E-002 -0.33190245539652480     
   4.8777574827249710E-002 -0.31061676057022242     
   5.3718469302145411E-002 -0.28606790860855036     
   5.6391269529254724E-002 -0.25927212852484682     
   5.6487637641728768E-002 -0.23160058844933024     
   5.4018461503764784E-002 -0.20453384684456785     
   4.9274715152967642E-002 -0.17942008737817244     
   4.2757096222439214E-002 -0.15729344417575997     
   3.5063023430906455E-002 -0.13878944813329533     
   2.6767160961301720E-002 -0.12417216380944956     
   1.8359119885798133E-002 -0.11342454014880630     
   1.0232576264567538E-002 -0.10633404046894060     
   2.6774598473771412E-003 -0.10255906454521538     
  -4.1288477328529907E-003 -0.10169192943199397     
  -1.0109278609378708E-002 -0.10331301172474851     
  -1.5260339619133874E-002 -0.10702384684577880     
  -1.9628633175607060E-002 -0.11246410012701234     
  -2.3291540385716885E-002 -0.11932077175593596     
  -2.6339139663472143E-002 -0.12733059262892529     
  -2.8860433702655130E-002 -0.13627629714057773     
  -3.0935113439120216E-002 -0.14597965403149796     
  -3.2629495936256782E-002 -0.15629319877182610     
  -3.3996316945751094E-002 -0.16709215843878561     
  -3.5077297506971625E-002 -0.17826840017918796     
  -3.5905847992482372E-002 -0.18972701177721479     
  -3.6508075891457228E-002 -0.20138439641505435     
  -3.6901911502710258E-002 -0.21316626113059575     
  -3.7095134664188123E-002 -0.22500432828319464     
  -3.7083576585260666E-002 -0.23683141545381753     
  -3.6850648234319085E-002 -0.24857547468185937     
  -3.6368568524634833E-002 -0.26015375738213459     
  -3.5600866945658748E-002 -0.27146815609496816     
  -3.4505390402398119E-002 -0.28240222682527572     
  -3.3037138542232294E-002 -0.29281982183293476     
  -3.1150602979886831E-002 -0.30256489688603766     
  -2.8801683658856686E-002 -0.31146198068812853     
  -2.5949528164352243E-002 -0.31931695111887248     
  -2.2558742707842000E-002 -0.32591801954363658     
  -1.8602402724460759E-002 -0.33103707730388748     
  -1.4066212953597036E-002 -0.33443176951415754     
  -8.9540800037210145E-003 -0.33584886243915857     
  -3.2952200763367956E-003 -0.33502973099091260     
   2.8473592418305359E-003 -0.33171911346178723     
   9.3675769175610608E-003 -0.32567859602745314     
   1.6107377779150046E-002 -0.31670652029415991     
   2.2850458386288536E-002 -0.30466581559046019     
   2.9322131039537971E-002 -0.28951995332120284     
   3.5199386245886158E-002 -0.27137431151087660     
   4.0134583284364915E-002 -0.25051557760481558     
   4.3793829061051733E-002 -0.22743615492089375     
   4.5905847390606443E-002 -0.20282785619287436     
   4.6310023427608815E-002 -0.17753414905306614     
   4.4988176218323558E-002 -0.15246406316718275     
   4.2068130900006891E-002 -0.12848789679164557     
   3.7797718372572536E-002 -0.10634407704511874     
   3.2499184344601244E-002  -8.6580839917223873E-002
   2.6519294764614142E-002  -6.9540072891351071E-002
   2.0187865004084472E-002  -5.5375108375329087E-002
   1.3790722763409535E-002  -4.4087288065086473E-002
   7.5570304527108620E-003  -3.5567428868076581E-002
   1.6576227034911077E-003  -2.9633393473708802E-002
  -3.7897634753182520E-003  -2.6059991457230675E-002
  -8.7118780285197397E-003  -2.4600781662350382E-002
  -1.3070407318244015E-002  -2.5002947048809711E-002
  -1.6852935796292292E-002  -2.7016858953807971E-002
  -2.0065149843530822E-002  -3.0401835193786843E-002
  -2.2724543030601736E-002  -3.4929291908568180E-002
  -2.4855604722632003E-002  -4.0384173537361116E-002
  -2.6486331866581139E-002  -4.6565289140457738E-002
  -2.7645844448014475E-002  -5.3284993815638400E-002
  -2.8362872926908450E-002  -6.0368517005490667E-002
  -2.8664900795065080E-002  -6.7653140192576747E-002
  -2.8577774621284632E-002  -7.4987353119993022E-002
  -2.8125629534107084E-002  -8.2230062872373375E-002
  -2.7331015256902309E-002  -8.9249890336524709E-002
  -2.6215143580835244E-002  -9.5924561824129922E-002
  -2.4798210813620103E-002 -0.10214038861829403     
  -2.3099777769450425E-002 -0.10779182290927003     
  -2.1139215677920750E-002 -0.11278108446968073     
  -1.8936249470931830E-002 -0.11701786869357460     
  -1.6511649772720575E-002 -0.12041917431206473     
  -1.3888139198127593E-002 -0.12290932953938367     
  -1.1091582099973393E-002 -0.12442034923038969     
  -8.1525107744315865E-003 -0.12489282094806010     
  -5.1079918391994505E-003 -0.12427758681978349     
  -2.0037362727151095E-003 -0.12253854121781027     
   1.1038129586220056E-003 -0.11965686246625597     
   4.1459283135321101E-003 -0.11563687341833571     
   7.0413877433693015E-003 -0.11051338892666678     
   9.6986523029744913E-003 -0.10435977368960325     
   1.2021438569495306E-002  -9.7295017807956893E-002
   1.3918098243661213E-002  -8.9487202652340378E-002
   1.5313924902760954E-002  -8.1150370355418097E-002
   1.6163835766077987E-002  -7.2532744246669861E-002
   1.6461713206714409E-002  -6.3896717241326284E-002
   1.6243042863546255E-002  -5.5494200547441440E-002
   1.5579595153923702E-002  -4.7543085588853992E-002
   1.4567764423426202E-002  -4.0210307939142785E-002
   1.3314187637633385E-002  -3.3604438358930434E-002
   1.1922449231505310E-002  -2.7777444588061768E-002
   1.0483368764911535E-002  -2.2732969229053084E-002
   9.0696369616353693E-003  -1.8437802973617353E-002
   7.7342793671459934E-003  -1.4833786103226556E-002
   6.5118378894225230E-003  -1.1848391209211519E-002
   5.4211092782189994E-003  -9.4031870313300882E-003
   4.4685076801082605E-003  -7.4200404971571706E-003
   3.6514232101027984E-003  -5.8252762324046648E-003
   2.9612175674467614E-003  -4.5521619314659303E-003
   2.3856937628689654E-003  -3.5421133014258651E-003
   1.9110033092778896E-003  -2.7449776104857995E-003
   1.5230266991350901E-003  -2.1186974486793013E-003
   1.2082987594363142E-003  -1.6285953692134522E-003
   9.5456393730011140E-004  -1.2464637797767915E-003
   7.5104749104118712E-004  -9.4959505250047089E-004
   5.8852248195592641E-004  -7.1984440540939646E-004
   4.5924230894544399E-004  -5.4278248157001510E-004
   3.5679594308706978E-004  -4.0696580288212723E-004
   2.7592927670493691E-004  -3.0333167295660450E-004
   2.1236247296951678E-004  -2.2470965526896828E-004
   1.6262124182888258E-004  -1.6543381753214849E-004
   1.2389054771246464E-004  -1.2103720405929016E-004
   9.3892742221049692E-005  -8.8010807633397869E-005
   7.0788302696005834E-005  -6.3612028159787382E-005
   5.3095658193592069E-005  -4.5710929219443911E-005
   3.9626282589015512E-005  -3.2665701266169252E-005
   2.9431684567124338E-005  -2.3221211554436462E-005
   2.1759650847778835E-005  -1.6426282516831410E-005
   1.6017814220445081E-005  -1.1566489974729744E-005
   1.1743188457540346E-005  -8.1099777702157434E-006
   8.5767077507797785E-006  -5.6642114691538829E-006
   6.2420535333105788E-006  -3.9418692623861454E-006
   4.5281905351351223E-006  -2.7342767311188144E-006
   3.2751096593816186E-006  -1.8909787277314449E-006
   2.3623204085123327E-006  -1.3042241551202454E-006
   1.6996706498108860E-006  -8.9732012806105290E-007
   1.2201068690180956E-006  -6.1598611136189814E-007
   8.7402717259039172E-007  -4.2199990692012493E-007
   6.2492170612190880E-007  -2.8857087966324359E-007
   4.4603874448605513E-007  -1.9699892699046045E-007
   3.1785710657958409E-007  -1.3427995782815233E-007
   2.2618483380400562E-007  -9.1401251613997530E-008
   1.6073901906509280E-007  -6.2135212038389315E-008
   1.1409172321856744E-007  -4.2190359049171468E-008
   8.0892034653795164E-008  -2.8616604197186250E-008
   5.7294834025840717E-008  -1.9390414210679497E-008
   4.0543237859344856E-008  -1.3126542211310112E-008
   2.8664610942129886E-008  -8.8783829864883023E-009
   2.0250058803076710E-008  -6.0001200033063817E-009
   1.4294992936302223E-008  -4.0517934787118229E-009
   1.0084188100545421E-008  -2.7340821335280613E-009
   7.1091312821537394E-009  -1.8435942312978725E-009
   5.0087293204011187E-009  -1.2422772908878019E-009
   3.5268630833787404E-009  -8.3652419465487791E-010
   2.4820592364323104E-009  -5.6292449469979395E-010
   1.7458573091446827E-009  -3.7856121588979965E-010
   1.2274029416315672E-009  -2.5441159965966082E-010
   8.6249073568853641E-010  -1.7086414516790888E-010
   6.0578154361052972E-010  -1.1467655320409109E-010
   4.2528091564213141E-010  -7.6913482636161037E-011
   2.9842589204160011E-010  -5.1549810320276002E-011
   2.0931432796369180E-010  -3.4525434052207624E-011
   1.4674490108847737E-010  -2.3106149587297244E-011
   1.0283172675708105E-010  -1.5451811108392595E-011
   7.2025856671390781E-011  -1.0324754070292694E-011
   5.0424638921435763E-011  -6.8930555367578711E-012
   3.5284567801847127E-011  -4.5978714127779336E-012
   2.4677873153468873E-011  -3.0640372442672021E-012
   1.7250573003551422E-011  -2.0398605294798257E-012
   1.2052101457869946E-011  -1.3565971213750527E-012
   8.4153977498086234E-012  -9.0119262783822371E-013
   5.8725509515129269E-012  -5.9795765126376372E-013
   4.0954845622076656E-012  -3.9625631641064590E-013
   2.8542665395751002E-012  -2.6223990942661851E-013
   1.9878199396967658E-012  -1.7330004155088640E-013
   1.3833542299486328E-012  -1.1434905966242406E-013
   9.6192671319625731E-013  -7.5327440452516187E-014
   6.6831123963236824E-013  -4.9534585688344305E-014
   4.6389216613190520E-013  -3.2511831224246419E-014
   3.2168225681071813E-013  -2.1295553623223800E-014
   2.2283114657729510E-013  -1.3918148531267937E-014
   1.5417945131072717E-013  -9.0749012999371631E-015
   1.0654611712725723E-013  -5.9018001817431599E-015
   7.3529731017059409E-014  -3.8274850525044451E-015
   5.0669942612439722E-014  -2.4746945741950274E-015
   3.4861094432537333E-014  -1.5947330183874936E-015
   2.3942413059808605E-014  -1.0239433609533380E-015
   1.6411748095196033E-014  -6.5483206321423709E-016
   1.1225722923017748E-014  -4.1693854540758667E-016
   7.6602942926111861E-015  -2.6417843203256518E-016
   5.2135210519508469E-015  -1.6648237760204272E-016
   3.5378097055957046E-015  -1.0428148118477029E-016
   2.3927335516556836E-015  -6.4876461384909947E-017
   1.6122027449752082E-015  -4.0051576028129202E-017
   1.0816383942212914E-015  -2.4509724381038117E-017
   7.2211577839668306E-016  -1.4848365882700944E-017
   4.7935897848205348E-016  -8.8909484077210216E-018
   3.1611012492019006E-016  -5.2515626919184472E-018
   2.0684405942710496E-016  -3.0522668998781805E-018
   1.3411162829485462E-016  -1.7401122138605346E-018
   8.6012755603685867E-017  -9.6910985253664656E-019
   5.4452357541729247E-017  -5.2437921051473797E-019
   3.3937990953808628E-017  -2.7361052280402364E-019
   2.0751761914372151E-017  -1.3615533254731831E-019
   1.2380089224062795E-017  -6.3451360259630912E-020
   7.1212385655049118E-018  -2.6734459001715969E-020
   3.8136884725495420E-018  -9.3577176068191288E-021
   1.6390368831018985E-018  -1.9584402894005126E-021
   0.0000000000000000        0.0000000000000000     
