 Initial conditions outputted from a previous simulation. Time =    23.000000000000000     
   40.000000000000000        0.0000000000000000              500           1   23.000000000000000     
  -3.7244207824055693E-002  -1.2661188450874515E-013
  -3.6929464668906863E-002  -1.6379424338957903E-002
  -3.6430628280930369E-002  -3.2659063269697482E-002
  -3.5642291572693080E-002  -4.8716087835917229E-002
  -3.4587776324255824E-002  -6.4467285207577676E-002
  -3.3168379734202807E-002  -7.9731454853649714E-002
  -3.1368827556953555E-002  -9.4400138506397627E-002
  -2.9142279901220203E-002 -0.10831477681265943     
  -2.6436027452876459E-002 -0.12130416838817873     
  -2.3198762885762773E-002 -0.13317922328310411     
  -1.9376078070210918E-002 -0.14372557732250721     
  -1.4915782041831541E-002 -0.15270405547409402     
  -9.7743658436605357E-003 -0.15984945989141858     
  -3.9241964490676151E-003 -0.16487031932366983     
   2.6357724988307521E-003 -0.16745169642798066     
   9.8660247523978343E-003 -0.16726177058893438     
   1.7669765424701677E-002 -0.16396468009341686     
   2.5874316616966604E-002 -0.15724334766289583     
   3.4213484619712235E-002 -0.14683658947768202     
   4.2316741501151237E-002 -0.13259448689732051     
   4.9715385313242169E-002 -0.11455302511160509     
   5.5878968625308653E-002  -9.3020068838108858E-002
   6.0288079794390326E-002  -6.8647389640703063E-002
   6.2528322177575937E-002  -4.2445377950594998E-002
   6.2372493087252921E-002  -1.5699561526320797E-002
   5.9824074400249908E-002   1.0212703398275970E-002
   5.5115294327437579E-002   3.4047247710529173E-002
   4.8663261903720202E-002   5.4869461010121481E-002
   4.0991770207484311E-002   7.2121513923370850E-002
   3.2639404275330394E-002   8.5587004356877480E-002
   2.4084230679505714E-002   9.5303728771919755E-002
   1.5703550189863198E-002  0.10147201720850008     
   7.7657063975106726E-003  0.10438140380577719     
   4.4100594324968513E-004  0.10435997637183922     
  -6.1789652319414147E-003  0.10174267252257357     
  -1.2060314079175797E-002   9.6852602594947490E-002
  -1.7208312015342214E-002   8.9990453939225931E-002
  -2.1653144919581976E-002   8.1428940493319821E-002
  -2.5439703099569985E-002   7.1410782838845402E-002
  -2.8620585907098577E-002   6.0149575330334444E-002
  -3.1251470218237598E-002   4.7832994227869123E-002
  -3.3387681822961639E-002   3.4627371837809423E-002
  -3.5081181679799525E-002   2.0682221948158722E-002
  -3.6378261106469315E-002   6.1336939364878369E-003
  -3.7318271016428227E-002  -8.8929680890585238E-003
  -3.7933094858453226E-002  -2.4281300065232662E-002
  -3.8246912191288243E-002  -3.9921221539323350E-002
  -3.8275875824998376E-002  -5.5706056255209815E-002
  -3.8027441071752578E-002  -7.1529086017552965E-002
  -3.7499407900503295E-002  -8.7280102020602462E-002
  -3.6679047317865310E-002 -0.10284245338540486     
  -3.5542708970267359E-002 -0.11809088637490436     
  -3.4056183443342693E-002 -0.13289016285702171     
  -3.2176007641140481E-002 -0.14709410376531548     
  -2.9851785784291051E-002 -0.16054442543303157     
  -2.7029354560119432E-002 -0.17306866087782610     
  -2.3654391820368464E-002 -0.18447668294845801     
  -1.9676090025873477E-002 -0.19455594371277754     
  -1.5050833320228990E-002 -0.20306645471379151     
  -9.7463118110863237E-003 -0.20973736717022182     
  -3.7470600644540918E-003 -0.21426721940282645     
   2.9371144977907463E-003 -0.21632937065089253     
   1.0258382310403285E-002 -0.21558337770108871     
   1.8113663353263809E-002 -0.21169293296663746     
   2.6325088048768510E-002 -0.20435212381536300     
   3.4622577055828142E-002 -0.19332398269483550     
   4.2635158280916470E-002 -0.17849611291709591     
   4.9899270311297039E-002 -0.15995385929813441     
   5.5893121871815409E-002 -0.13805970046098831     
   6.0103098682907974E-002 -0.11351135522301528     
   6.2117596931414630E-002  -8.7339442371515474E-002
   6.1721144626674072E-002  -6.0812683637522735E-002
   5.8949838492383499E-002  -3.5258735080295769E-002
   5.4082625152618545E-002  -1.1858775416735325E-002
   4.7569209858748886E-002   8.5085047806735051E-003
   3.9933797343691124E-002   2.5324679713260915E-002
   3.1691897375300399E-002   3.8396971850141653E-002
   2.3290052799453537E-002   4.7774493306068623E-002
   1.5077368075195829E-002   5.3657594287493955E-002
   7.3010664985462262E-003   5.6326471598404419E-002
   1.1417755457374638E-004   5.6097023502684196E-002
  -6.4013586919654331E-003   5.3294649192731379E-002
  -1.2214616748212415E-002   4.8239150025400634E-002
  -1.7332029634395254E-002   4.1234605346518634E-002
  -2.1777634501680403E-002   3.2560436028834350E-002
  -2.5591555879820729E-002   2.2464708406431486E-002
  -2.8822498459112257E-002   1.1161294419097060E-002
  -3.1514292493965292E-002  -1.1675456160192322E-003
  -3.3708909383734477E-002  -1.4364535072024225E-002
  -3.5450691473141747E-002  -2.8290565767173453E-002
  -3.6785151722126021E-002  -4.2819848887152206E-002
  -3.7754282554878962E-002  -5.7836694658868162E-002
  -3.8391427770545779E-002  -7.3230206492015282E-002
  -3.8720273796952878E-002  -8.8890387415627839E-002
  -3.8752553860251573E-002 -0.10470847952649429     
  -3.8487942896927807E-002 -0.12057127502270520     
  -3.7913748033967125E-002 -0.13635676252252510     
  -3.7013003304045507E-002 -0.15193495980529928     
  -3.5765447447747206E-002 -0.16716606946719498     
  -3.4136557906571399E-002 -0.18190095496341865     
  -3.2081276902544732E-002 -0.19597562004789820     
  -2.9558590117826911E-002 -0.20920442370130446     
  -2.6524844462801473E-002 -0.22138106259826035     
  -2.2944834611920744E-002 -0.23228225903193203     
  -1.8790476062273270E-002 -0.24167787853175743     
  -1.4047098936614502E-002 -0.24933710171978488     
  -8.7028256387314349E-003 -0.25503395582686839     
  -2.7860047485040429E-003 -0.25854953592690966     
   3.6501899171437874E-003 -0.25967158557848596     
   1.0509148325760026E-002 -0.25819427450227256     
   1.7658447059633414E-002 -0.25394215273882403     
   2.4964464502393785E-002 -0.24677605426503466     
   3.2338466985813330E-002 -0.23663382606514463     
   3.9621626666471621E-002 -0.22351577769022410     
   4.6539493675172884E-002 -0.20753682503364676     
   5.2651521357257793E-002 -0.18901242530057111     
   5.7272014812978680E-002 -0.16853965748610708     
   5.9781395034197750E-002 -0.14706999227274065     
   5.9870830266320965E-002 -0.12581053147049284     
   5.7548910724577677E-002 -0.10595455467502606     
   5.3088382260805471E-002  -8.8502364724511146E-002
   4.6930256272541493E-002  -7.4202147524646808E-002
   3.9538099464582040E-002  -6.3538467411261998E-002
   3.1405167911894544E-002  -5.6718821862418251E-002
   2.2921446309387104E-002  -5.3672433554182816E-002
   1.4404692916430000E-002  -5.4152958969655489E-002
   6.1391119423010098E-003  -5.7820984464526444E-002
  -1.6287951560916311E-003  -6.4306560039739710E-002
  -8.6624083279728623E-003  -7.3241202212298490E-002
  -1.4781012774394822E-002  -8.4224566735963888E-002
  -1.9928899963187835E-002  -9.6827511690037865E-002
  -2.4165645905357219E-002 -0.11064004945596075     
  -2.7611222592847668E-002 -0.12532337119673706     
  -3.0385441326372130E-002 -0.14064469637807475     
  -3.2597817905332983E-002 -0.15646649114183359     
  -3.4343684756233638E-002 -0.17270271481127239     
  -3.5692958092572218E-002 -0.18927580357824908     
  -3.6691215471153622E-002 -0.20608387647991888     
  -3.7365759484436219E-002 -0.22298662956326259     
  -3.7728880976043870E-002 -0.23981551445326829     
  -3.7780995914394801E-002 -0.25639872395689767     
  -3.7520517929722309E-002 -0.27259067086711375     
  -3.6968150747403561E-002 -0.28829622357893653     
  -3.6157416995721961E-002 -0.30348594122500933     
  -3.5125181374738447E-002 -0.31819539298792249     
  -3.3899977855113471E-002 -0.33250933590502862     
  -3.2498243298163150E-002 -0.34653235827680878     
  -3.0882004961770324E-002 -0.36034996415326065     
  -2.8976124783708861E-002 -0.37398187465306976     
  -2.6700908846518059E-002 -0.38733929885611573     
  -2.3936279143035408E-002 -0.40019915911873816     
  -2.0558133143311449E-002 -0.41218997032730570     
  -1.6512808544907952E-002 -0.42280857452368475     
  -1.1776109739232958E-002 -0.43148061806717530     
  -6.3532029415636097E-003 -0.43762731587899362     
  -2.7236480560984542E-004 -0.44072081960312159     
   6.4347527698929265E-003 -0.44031487039067480     
   1.3715983946428235E-002 -0.43603036443160059     
   2.1474939359634754E-002 -0.42754414460803719     
   2.9500894332736480E-002 -0.41459152932331184     
   3.7462157809664137E-002 -0.39699987383579921     
   4.4908631612754636E-002 -0.37481534006768286     
   5.1256608820147577E-002 -0.34841956201041757     
   5.5902145179155469E-002 -0.31864021768397882     
   5.8348067888229577E-002 -0.28673546698256996     
   5.8324383621645867E-002 -0.25424159075555447     
   5.5902750808616654E-002 -0.22276644818952243     
   5.1409460150494954E-002 -0.19382624890482611     
   4.5298800878580188E-002 -0.16869141465956738     
   3.8095375203485368E-002 -0.14828190649969838     
   3.0298207406100824E-002 -0.13303688672688690     
   2.2318181879792849E-002 -0.12293584736479228     
   1.4473038429146788E-002 -0.11757222913671216     
   7.0027214463474442E-003 -0.11633289291687487     
   5.2313943032022377E-005 -0.11860795906231211     
  -6.3089211138137036E-003 -0.12388104382651467     
  -1.2042854520971981E-002 -0.13172166381919653     
  -1.7128104626013038E-002 -0.14178350016196348     
  -2.1578275355878206E-002 -0.15374655102634210     
  -2.5407052434273568E-002 -0.16730233592554614     
  -2.8635377205657817E-002 -0.18214924861184972     
  -3.1301250030824859E-002 -0.19799414089227743     
  -3.3449519820871389E-002 -0.21456734242767300     
  -3.5131588515785794E-002 -0.23162362824043151     
  -3.6417943138183008E-002 -0.24894604434992113     
  -3.7375045763828239E-002 -0.26634794581411070     
  -3.8038264586786441E-002 -0.28367234200854696     
  -3.8423397573139305E-002 -0.30079309965970114     
  -3.8530580938329707E-002 -0.31761148354248225     
  -3.8345664023758587E-002 -0.33405244931625616     
  -3.7856206829242914E-002 -0.35005663852772528     
  -3.7065290850897742E-002 -0.36557205608874987     
  -3.5969941636307741E-002 -0.38054756385773758     
  -3.4544160536782186E-002 -0.39492402559547435     
  -3.2734667144905506E-002 -0.40862639021199804     
  -3.0496947265192535E-002 -0.42155057019336978     
  -2.7813926926065918E-002 -0.43356155332016727     
  -2.4657204303170820E-002 -0.44449791626893648     
  -2.0965117377354934E-002 -0.45415570589240351     
  -1.6684938461347266E-002 -0.46227990029405264     
  -1.1792820364286513E-002 -0.46854338528884115     
  -6.3008789273087422E-003 -0.47255835632388316     
  -2.5929188094995549E-004 -0.47390623827920753     
   6.2597866532557939E-003 -0.47217158087411587     
   1.3184625648707246E-002 -0.46700329799248763     
   2.0453534249455861E-002 -0.45811117756260783     
   2.7912919433345923E-002 -0.44526193093158006     
   3.5292254208004657E-002 -0.42833805494989047     
   4.2193248492905018E-002 -0.40735258091800414     
   4.8121418084971120E-002 -0.38254884370153863     
   5.2570251123807997E-002 -0.35447923127957809     
   5.5141734253450210E-002 -0.32403859093759607     
   5.5547333627200109E-002 -0.29243730278476943     
   5.3726683141258787E-002 -0.26104138305082791     
   4.9829101760230088E-002 -0.23123569725361420     
   4.4187563598097765E-002 -0.20432772080969708     
   3.7236225725120940E-002 -0.18137605269013513     
   2.9464817057360451E-002 -0.16311328161900457     
   2.1336367591382691E-002 -0.14986808128057927     
   1.3249676468950006E-002 -0.14153565604463070     
   5.5008375960222738E-003 -0.13769561936460192     
  -1.6607750809313564E-003 -0.13775003417882412     
  -8.0891737824354496E-003 -0.14106264407666905     
  -1.3732354021779178E-002 -0.14703517964622564     
  -1.8628675435270341E-002 -0.15511997468002611     
  -2.2863864083516271E-002 -0.16483804535554195     
  -2.6509860109299819E-002 -0.17577849218586533     
  -2.9632192009255022E-002 -0.18759183796996418     
  -3.2303764067679035E-002 -0.19999176350181549     
  -3.4585649203552234E-002 -0.21273563810415114     
  -3.6521158149277921E-002 -0.22561926002396013     
  -3.8137044292299076E-002 -0.23847914181862079     
  -3.9440459310193195E-002 -0.25118601023667902     
  -4.0435615456272549E-002 -0.26363345596347287     
  -4.1115024004308595E-002 -0.27573002079229331     
  -4.1470551551917909E-002 -0.28739883792843496     
  -4.1472838929706990E-002 -0.29858767712727580     
  -4.1069005180355486E-002 -0.30927349678919097     
  -4.0198489863747064E-002 -0.31945600550154013     
  -3.8832911305114945E-002 -0.32913601926196734     
  -3.6961344362671296E-002 -0.33829726594333581     
  -3.4573363627373649E-002 -0.34689675460566805     
  -3.1647047668511771E-002 -0.35485938231192149     
  -2.8174844872381154E-002 -0.36207250199448149     
  -2.4175955599075639E-002 -0.36838073047865982     
  -1.9707036867383978E-002 -0.37358272737733339     
  -1.4852761627700014E-002 -0.37743880514804173     
  -9.6866184252701638E-003 -0.37968510169575703     
  -4.2262940130654361E-003 -0.38004982790066616     
   1.5457789840574636E-003 -0.37826848315341072     
   7.6452656871429632E-003 -0.37408319752259789     
   1.4053461718644831E-002 -0.36725655157067416     
   2.0682302326569285E-002 -0.35758425348441975     
   2.7371541627586902E-002 -0.34491545506236349     
   3.3902086495635919E-002 -0.32919457785190648     
   4.0003244529036981E-002 -0.31046445724041610     
   4.5373450553537503E-002 -0.28890061129183825     
   4.9643063261739388E-002 -0.26483190152495761     
   5.2446871559928478E-002 -0.23877927683950034     
   5.3457823622844916E-002 -0.21151902962000696     
   5.2428942982259537E-002 -0.18405280010289768     
   4.9317946663970831E-002 -0.15752794887057162     
   4.4257873917435193E-002 -0.13308146101993296     
   3.7567223304689687E-002 -0.11165992803635601     
   2.9719977420807276E-002  -9.3920016779987722E-002
   2.1238705324611092E-002  -8.0195039548415781E-002
   1.2644587366581164E-002  -7.0493485879257384E-002
   4.3958348465393277E-003  -6.4596783941997429E-002
  -3.2374827777977423E-003  -6.2119905640975734E-002
  -1.0060544691169132E-002  -6.2609207538814687E-002
  -1.6001721549176173E-002  -6.5603015420706512E-002
  -2.1073838921001207E-002  -7.0669174016632100E-002
  -2.5315283838867674E-002  -7.7423299096079465E-002
  -2.8803621368495361E-002  -8.5538083734032974E-002
  -3.1629395934375255E-002  -9.4735990577146725E-002
  -3.3877169921774010E-002 -0.10477430302875984     
  -3.5634075633039927E-002 -0.11544458565502980     
  -3.6964263473721837E-002 -0.12657021834972579     
  -3.7920582502207145E-002 -0.13799746199923929     
  -3.8544953003046535E-002 -0.14959577342870631     
  -3.8865984921199470E-002 -0.16125317906907127     
  -3.8907961162972723E-002 -0.17287042818868653     
  -3.8686241052738476E-002 -0.18436343586568221     
  -3.8215909754145377E-002 -0.19565560237768503     
  -3.7514432087808310E-002 -0.20667154216172695     
  -3.6589087210572475E-002 -0.21733326344431986     
  -3.5447127899537967E-002 -0.22755927569724163     
  -3.4083733958713759E-002 -0.23726682673592964     
  -3.2475110485081435E-002 -0.24637182558806187     
  -3.0584288635699289E-002 -0.25478381164455344     
  -2.8368251904239934E-002 -0.26240172644837900     
  -2.5789763750939398E-002 -0.26910872395922714     
  -2.2804865109819175E-002 -0.27477165499359157     
  -1.9334352025051387E-002 -0.27923901223766889     
  -1.5258243313362821E-002 -0.28231819765486899     
  -1.0445961734106932E-002 -0.28374000846068148     
  -4.8058496111164630E-003 -0.28314550271098610     
   1.6702777219295142E-003 -0.28011216911648140     
   8.8859405841872369E-003 -0.27420315712865623     
   1.6640618319997819E-002 -0.26501702532272259     
   2.4632703614789780E-002 -0.25223366362256733     
   3.2455652592653456E-002 -0.23567099168778519     
   3.9608186531322573E-002 -0.21536385938763108     
   4.5545044198703165E-002 -0.19164538564085715     
   4.9756997396879346E-002 -0.16518623897082438     
   5.1838055018212821E-002 -0.13697099519506831     
   5.1531376824083250E-002 -0.10823078693873729     
   4.8793859239255680E-002  -8.0333082799096733E-002
   4.3876235536475974E-002  -5.4589860616643004E-002
   3.7322562536693263E-002  -3.2008390606162229E-002
   2.9823748760929025E-002  -1.3126379333245199E-002
   2.2014093168770732E-002   1.9592872763188169E-003
   1.4355444508117619E-002   1.3434135144250849E-002
   7.1357049793515856E-003   2.1615661152066631E-002
   5.0833638579264053E-004   2.6863309319329409E-002
  -5.4719794056875470E-003   2.9527262190930520E-002
  -1.0813667476929469E-002   2.9920808066763230E-002
  -1.5554281664577632E-002   2.8314375791973333E-002
  -1.9739492474855170E-002   2.4942088812551839E-002
  -2.3414748063789948E-002   2.0010428290193196E-002
  -2.6623325986471214E-002   1.3704944539709066E-002
  -2.9407563389565006E-002   6.1938091434696804E-003
  -3.1810425353268459E-002  -2.3718954650231421E-003
  -3.3874710806802218E-002  -1.1859330256200500E-002
  -3.5639792476798340E-002  -2.2154128636100581E-002
  -3.7137256440188372E-002  -3.3158347305313259E-002
  -3.8386688860761062E-002  -4.4785765085990623E-002
  -3.9392831344358670E-002  -5.6954906091754125E-002
  -4.0145133791721167E-002  -6.9580989529292578E-002
  -4.0619929515029074E-002  -8.2568510835159689E-002
  -4.0784522174413834E-002  -9.5805970687805345E-002
  -4.0601852380273327E-002 -0.10916350992389617     
  -4.0034303373620864E-002 -0.12249322049220478     
  -3.9045657475657775E-002 -0.13563107950052489     
  -3.7601020001307807E-002 -0.14839908949506134     
  -3.5665392402257572E-002 -0.16060638929725254     
  -3.3202179541982860E-002 -0.17204875375866102     
  -3.0172912168416936E-002 -0.18250672732540174     
  -2.6538995474274345E-002 -0.19174321678190620     
  -2.2265932229866267E-002 -0.19950165518883248     
  -1.7330140251364343E-002 -0.20550598370703951     
  -1.1727852116775524E-002 -0.20946349623710939     
  -5.4851786953551774E-003 -0.21107138563847602     
   1.3314790091595980E-003 -0.21002782055935970     
   8.6054848909714668E-003 -0.20604849081399335     
   1.6161734720002412E-002 -0.19888973994895959     
   2.3762049418971622E-002 -0.18837926720524287     
   3.1106860632994147E-002 -0.17445427688995238     
   3.7846405184030388E-002 -0.15720436923631712     
   4.3604315332754572E-002 -0.13691232978288634     
   4.8014478846240286E-002 -0.11408121276515397     
   5.0767966547428350E-002  -8.9433276798849715E-002
   5.1661442615142869E-002  -6.3869104527706749E-002
   5.0634270305148853E-002  -3.8385887553614252E-002
   4.7781966793526795E-002  -1.3969619774836651E-002
   4.3340429409383985E-002   8.5116589192822875E-003
   3.7645747999962738E-002   2.8386049804696650E-002
   3.1082484472532840E-002   4.5212417313916085E-002
   2.4034672172369608E-002   5.8773548520058380E-002
   1.6849149285939852E-002   6.9041628923016046E-002
   9.8143294222807157E-003   7.6132278312603427E-002
   3.1526497367458293E-003   8.0259435157111328E-002
  -2.9772620420942708E-003   8.1697605862490849E-002
  -8.4728249929302522E-003   8.0753343158769891E-002
  -1.3277397769022847E-002   7.7745154103100511E-002
  -1.7369959843331492E-002   7.2990031421082444E-002
  -2.0755771976826765E-002   6.6794755566121744E-002
  -2.3458542875502659E-002   5.9450459457408227E-002
  -2.5514210913486556E-002   5.1229365028796041E-002
  -2.6966220395003845E-002   4.2382953586409977E-002
  -2.7862066973069824E-002   3.3141087087017539E-002
  -2.8250851041009436E-002   2.3711770516879740E-002
  -2.8181579927143804E-002   1.4281361380071175E-002
  -2.7701985091715012E-002   5.0151098700928478E-003
  -2.6857660183851217E-002  -3.9420317501578494E-003
  -2.5691373039975214E-002  -1.2464346562293444E-002
  -2.4242455789917603E-002  -2.0444010986758025E-002
  -2.2546233762875102E-002  -2.7789411486104636E-002
  -2.0633524233540208E-002  -3.4423040311710208E-002
  -1.8530332527251999E-002  -4.0278908655865135E-002
  -1.6258003867541525E-002  -4.5299496321637552E-002
  -1.3834245906010583E-002  -4.9432438483726818E-002
  -1.1275574007678653E-002  -5.2627473050339338E-002
  -8.6017404443158793E-003  -5.4834649727245471E-002
  -5.8423948769905565E-003  -5.6005356647413060E-002
  -3.0453392538012788E-003  -5.6098086603541382E-002
  -2.8417556884278929E-004  -5.5090504712807277E-002
   2.3386691919174145E-003  -5.2997586498445194E-002
   4.6982853999982272E-003  -4.9892065071355095E-002
   6.6655484344445882E-003  -4.5919288932880636E-002
   8.1341993040146051E-003  -4.1296930231063393E-002
   9.0471687911378908E-003  -3.6294094789082805E-002
   9.4105607787347799E-003  -3.1193871291774023E-002
   9.2891855883569709E-003  -2.6252259609805470E-002
   8.7871280027114890E-003  -2.1667735009011386E-002
   8.0231960841928331E-003  -1.7568689738159341E-002
   7.1103348377728757E-003  -1.4016947805077413E-002
   6.1430150143143673E-003  -1.1020739169068330E-002
   5.1921955920634054E-003  -8.5506977468678483E-003
   4.3056405765079979E-003  -6.5547594605742613E-003
   3.5112353627760225E-003  -4.9700464414120888E-003
   2.8214363499953644E-003  -3.7313311247198504E-003
   2.2376827079277628E-003  -2.7764880412583957E-003
   1.7542148492446302E-003  -2.0496057349509494E-003
   1.3611084484167252E-003  -1.5024101287990082E-003
   1.0465151085760160E-003  -1.0945512464224916E-003
   7.9820483262668901E-004  -7.9318858742858246E-004
   6.0454911575778987E-004  -5.7219120829140582E-004
   4.5508033512705340E-004  -4.1116916879978797E-004
   3.4074579302783854E-004  -2.9447989767111436E-004
   2.5395597815340299E-004  -2.1029778407990858E-004
   1.8850510846276085E-004  -1.4979394636465714E-004
   1.3942130657361535E-004  -1.0644498021341731E-004
   1.0278711577399535E-004  -7.5471247782275529E-005
   7.5557523801127806E-005  -5.3393838609857875E-005
   5.5391554020246704E-005  -3.7693453846633546E-005
   4.0505332518449637E-005  -2.6552807373653877E-005
   2.9549148014680202E-005  -1.8665009939580929E-005
   2.1507685790051828E-005  -1.3092600382333228E-005
   1.5620850038295835E-005  -9.1646365207088241E-006
   1.1321948658475528E-005  -6.4019683800715810E-006
   8.1900195234163609E-006  -4.4631669448740730E-006
   5.9133932681491546E-006  -3.1054927793113595E-006
   4.2620331299252507E-006  -2.1567759263725242E-006
   3.0666521197632634E-006  -1.4951945243592010E-006
   2.2030191460253052E-006  -1.0347617409936047E-006
   1.5802119836627523E-006  -7.1493220004920091E-007
   1.1318571468186996E-006  -4.9317660098088282E-007
   8.0962032049418979E-007  -3.3969059640630353E-007
   5.7838549959110402E-007  -2.3363462297062667E-007
   4.1269634232568533E-007  -1.6046905958117393E-007
   2.9413748525809353E-007  -1.1007082058990637E-007
   2.0941330246672136E-007  -7.5405800915905351E-008
   1.4894235427615622E-007  -5.1595555614971292E-008
   1.0583187516953710E-007  -3.5262782754609039E-008
   7.5131446492072848E-008  -2.4073421345335123E-008
   5.3291147064557782E-008  -1.6417030836188249E-008
   3.7769043286951902E-008  -1.1184176054171831E-008
   2.6747459507389595E-008  -7.6116951769637224E-009
   1.8928287187920249E-008  -5.1753606995943440E-009
   1.3385588954997829E-008  -3.5155552958008027E-009
   9.4596448235668961E-009  -2.3858984261778404E-009
   6.6809127703086182E-009  -1.6177958386234127E-009
   4.7155411535662304E-009  -1.0960154307563237E-009
   3.3263804209822237E-009  -7.4188513682935320E-010
   2.3451226595385041E-009  -5.0175070060838210E-010
   1.6524179516223251E-009  -3.3905745787085491E-010
   1.1637003907543582E-009  -2.2892525376655186E-010
   8.1909536850170464E-010  -1.5443605286628993E-010
   5.7624041430700737E-010  -1.0409650796477311E-010
   4.0518347501911233E-010  -7.0105546504232207E-011
   2.8476079752903352E-010  -4.7172835059489200E-011
   2.0002751028465317E-010  -3.1713773113850134E-011
   1.4043643269391615E-010  -2.1301561401543723E-011
   9.8548210388418811E-011  -1.4294601058116663E-011
   6.9118423108816208E-011  -9.5833509586572009E-012
   4.8451933545369706E-011  -6.4184961941234205E-012
   3.3946540827202031E-011  -4.2944103534387250E-012
   2.3770633622729530E-011  -2.8701850444319992E-012
   1.6635629865860341E-011  -1.9161606145723687E-012
   1.1635421531168555E-011  -1.2777526800016158E-012
   8.1331562291222456E-012  -8.5099949129457465E-013
   5.6814409531559023E-012  -5.6604564766176641E-013
   3.9661302256984707E-012  -3.7599529235246682E-013
   2.7667476145884379E-012  -2.4939522634196160E-013
   1.9286321570594139E-012  -1.6516999709797426E-013
   1.3433455392723021E-012  -1.0921195696048486E-013
   9.3489652338949045E-013  -7.2087457702657009E-014
   6.5005994044306280E-013  -4.7495177478899858E-014
   4.5157636096193995E-013  -3.1230874245208713E-014
   3.1337749254972442E-013  -2.0492842895852074E-014
   2.1723544091516423E-013  -1.3416389187167052E-014
   1.5041233417469950E-013  -8.7621111793312957E-015
   1.0401245113702187E-013  -5.7073844537303434E-015
   7.1827455429607217E-014  -3.7070316122811265E-015
   4.9527592430004718E-014  -2.4003254961182317E-015
   3.4095498663239549E-014  -1.5489913331753283E-015
   2.3430065146211209E-014  -9.9592630648216617E-016
   1.6069437161049534E-014  -6.3774973547898264E-016
   1.0997435897951000E-014  -4.0657554384883427E-016
   7.5083628787911975E-015  -2.5792657614011849E-016
   5.1126410168211469E-015  -1.6273391193468021E-016
   3.4710029719301952E-015  -1.0204938211999990E-016
   2.3486237659154321E-015  -6.3557502715739527E-017
   1.5831784054881863E-015  -3.9278922037821807E-017
   1.0626153932868623E-015  -2.4061522969069344E-017
   7.0970450444339015E-016  -1.4591271530510155E-017
   4.7130427576906188E-016  -8.7453654408328302E-018
   3.1091514101800081E-016  -5.1703491951480048E-018
   2.0351791487733968E-016  -3.0077495811341036E-018
   1.3200038448767264E-016  -1.7162116205378519E-018
   8.4686362063697060E-017  -9.5659363613519154E-019
   5.3629178373118906E-017  -5.1802038271233728E-019
   3.3434529471514081E-017  -2.7049925153968918E-019
   2.0449263634388448E-017  -1.3470481259881588E-019
   1.2202443783601984E-017  -6.2818253348092769E-020
   7.0204290047427132E-018  -2.6484370937064413E-020
   3.7603080393066146E-018  -9.2754376211889231E-021
   1.6163367906113034E-018  -1.9423372589283505E-021
   0.0000000000000000        0.0000000000000000     
