 Initial conditions outputted from a previous simulation. Time =    97.800000000000011     
   40.000000000000000        0.0000000000000000              500           1   97.800000000000011     
   4.0184711835341391E-002  0.11224084890514334     
   3.1871275336088349E-002  0.12559865517677887     
   2.3492316493894286E-002  0.13513633435039929     
   1.5339954510133043E-002  0.14103511187324497     
   7.6763714080619536E-003  0.14356590449358506     
   6.1153257713189807E-004  0.14307063726647765     
  -5.7634702125237171E-003  0.13987793743711205     
  -1.1426823219078917E-002  0.13431872983732404     
  -1.6391574167373621E-002  0.12670358825518049     
  -2.0692872777287784E-002  0.11731784606420514     
  -2.4381423227450634E-002  0.10642128091276640     
  -2.7516365020918480E-002   9.4248075847454094E-002
  -3.0162049752843985E-002   8.1009180237058304E-002
  -3.2388387845811939E-002   6.6896848799776795E-002
  -3.4274768162246269E-002   5.2092202670132128E-002
  -3.5918796694676063E-002   3.6778882897712813E-002
  -3.7450185362380380E-002   2.1168354244836037E-002
  -3.9044786699260099E-002   5.5440148858418130E-003
  -4.0922851742161467E-002  -9.6750886003871255E-003
  -4.3309925091912768E-002  -2.3871593207393054E-002
  -4.6353513459175613E-002  -3.6214862897847179E-002
  -5.0019283458968805E-002  -4.5739120006428546E-002
  -5.4014043219742326E-002  -5.1514598937865509E-002
  -5.7777072185822835E-002  -5.2855830502697279E-002
  -6.0543101424322662E-002  -4.9496102107255004E-002
  -6.1459701671534799E-002  -4.1685566244345849E-002
  -5.9791264055778372E-002  -3.0193354399362146E-002
  -5.5243313763025756E-002  -1.6171517277863545E-002
  -4.8238753162366317E-002  -8.2758895286080749E-004
  -3.9816283607661242E-002   1.5008106926347110E-002
  -3.1107011554610903E-002   3.1125607577359635E-002
  -2.2821215960444879E-002   4.7782982960230820E-002
  -1.5155060669619585E-002   6.5348103562967483E-002
  -8.0297665910163789E-003   8.4090257377527330E-002
  -1.3095676536501368E-003  0.10420847061348759     
   5.1476211555413131E-003  0.12591925347415220     
   1.1505943098562300E-002  0.14947292682676158     
   1.7925267113615889E-002  0.17512598431235346     
   2.4475341980075380E-002  0.20312336024395400     
   3.1044867981841546E-002  0.23368740392343201     
   3.7335633555324405E-002  0.26700002935217604     
   4.2960981339774842E-002  0.30315924886802015     
   4.7554528910143820E-002  0.34209047342385646     
   5.0816506467584593E-002  0.38346708965023368     
   5.2535732284813674E-002  0.42670280861776166     
   5.2630424021690152E-002  0.47102272572443732     
   5.1168527353205255E-002  0.51558555220727620     
   4.8317989775796814E-002  0.55960964155078485     
   4.4259987307473721E-002  0.60244263577387747     
   3.9146585760210038E-002  0.64355321204979299     
   3.3132139016642970E-002  0.68249549434432588     
   2.6427999154342845E-002  0.71890968868389316     
   1.9316681416064584E-002  0.75255883605805773     
   1.2113788941485402E-002  0.78335368806547290     
   5.1129279026760717E-003  0.81133989119049854     
  -1.4522196908385539E-003  0.83666213308343740     
  -7.4208027053973688E-003  0.85952594264307891     
  -1.2699641403458658E-002  0.88016489752205096     
  -1.7247498327602830E-002  0.89881636044485624     
  -2.1056707967822826E-002  0.91570831502980332     
  -2.4140869635509012E-002  0.93105511460948032     
  -2.6532478864194218E-002  0.94505634585007947     
  -2.8287270260385584E-002  0.95789439159634060     
  -2.9488681262464077E-002  0.96972960906369243     
  -3.0246344821271177E-002  0.98069496550511348     
  -3.0685194883644608E-002  0.99089383410295184     
  -3.0926210729753864E-002   1.0004042374794784     
  -3.1064377006039631E-002   1.0092897714174622     
  -3.1151577164742983E-002   1.0176134374680637     
  -3.1191109618165340E-002   1.0254484848260619     
  -3.1146954280840768E-002   1.0328821728686530     
  -3.0965386337589461E-002   1.0400131373442889     
  -3.0601190155401435E-002   1.0469466342696012     
  -3.0038842257258089E-002   1.0537913658275189     
  -2.9301916660179325E-002   1.0606593583378916     
  -2.8450910695172520E-002   1.0676684071097118     
  -2.7569441891750278E-002   1.0749448770560965     
  -2.6737949325613207E-002   1.0826233896501791     
  -2.6002382126950451E-002   1.0908406866292888     
  -2.5352420872489352E-002   1.0997246023052254     
  -2.4719864664576586E-002   1.1093834625984600     
  -2.3997973357745245E-002   1.1199002392863244     
  -2.3065506788658319E-002   1.1313321883442498     
  -2.1796742273124781E-002   1.1437197463605322     
  -2.0072062696330009E-002   1.1571110224762733     
  -1.7803516665047724E-002   1.1715930416916045     
  -1.4933784253725413E-002   1.1873130287032152     
  -1.1432779662954128E-002   1.2044907678933594     
  -7.2878505487964963E-003   1.2234232071840085     
  -2.5023633304356633E-003   1.2444800849011444     
   2.8627445235284211E-003   1.2680752139268834     
   8.7149662922887689E-003   1.2945951940994294     
   1.4971104087209506E-002   1.3243230968678308     
   2.1515976096843355E-002   1.3573873147190905     
   2.8165589118310071E-002   1.3937481245611025     
   3.4685541457104015E-002   1.4331920359391919     
   4.0732330139793035E-002   1.4753121037510084     
   4.5873030593263434E-002   1.5194884196712959     
   4.9772579688703827E-002   1.5649629135263086     
   5.2253842489387727E-002   1.6110245576987592     
   5.3207613183889890E-002   1.6570818816614270     
   5.2530136152963182E-002   1.7025500774545557     
   5.0190930627220610E-002   1.7465344204539375     
   4.6100812173820546E-002   1.7876064924411408     
   4.0128741493897231E-002   1.8239673542852817     
   3.2420176249727921E-002   1.8543530416498475     
   2.3693601349138418E-002   1.8794670589168707     
   1.5162876372140522E-002   1.9030274148383974     
   8.4351768842599196E-003   1.9313749351180702     
   4.8323991490004312E-003   1.9712154988395196     
   4.5337069527300782E-003   2.0256882545527630     
   6.1342906831754179E-003   2.0895304340774268     
   7.1282333588854009E-003   2.1455433752079327     
   5.0298534454316967E-003   2.1686850208780672     
  -1.0667950964908062E-003   2.1409102515911691     
  -9.8851111771248081E-003   2.0642649575368774     
  -1.8985428909382596E-002   1.9577676872012957     
  -2.6504546147585118E-002   1.8434865244149086     
  -3.1782477554296001E-002   1.7366806240367150     
  -3.5107017179219248E-002   1.6440036608753592     
  -3.7171797213632451E-002   1.5656828429574969     
  -3.8649547277383713E-002   1.4983711031798148     
  -3.9956308986042723E-002   1.4373868794153415     
  -4.1221073512150201E-002   1.3781310512582976     
  -4.2332979338532424E-002   1.3168859117772864     
  -4.3114965639589470E-002   1.2511226166255367     
  -4.3476429831550908E-002   1.1794948107113388     
  -4.3444708380845382E-002   1.1016612313414029     
  -4.3123595326523170E-002   1.0180211762215401     
  -4.2626152838942034E-002  0.92945023312834307     
  -4.1993846802187325E-002  0.83708436611035508     
  -4.1184193259813026E-002  0.74219291628298301     
  -4.0140955524591869E-002  0.64612146398713843     
  -3.8818992152755943E-002  0.55025563574160730     
  -3.7160124743495455E-002  0.45597981431518769     
  -3.5097487310562468E-002  0.36463001860403310     
  -3.2603921759713585E-002  0.27741970289294721     
  -2.9686771741725466E-002  0.19536121672187248     
  -2.6321849564672067E-002  0.11919228756847852     
  -2.2509018377190246E-002   4.9332083533203806E-002
  -1.8276633860644764E-002  -1.4133658135492647E-002
  -1.3619061736793902E-002  -7.1451915204356661E-002
  -8.5269274013399701E-003 -0.12316116471781374     
  -2.9944501343426642E-003 -0.17001967170944376     
   2.9610099510947426E-003 -0.21290071310572392     
   9.2565225533201220E-003 -0.25265025464519425     
   1.5854064757703620E-002 -0.28998521349946671     
   2.2483830421876110E-002 -0.32543720144965765     
   2.8763154109583525E-002 -0.35939578381401716     
   3.4477586159078817E-002 -0.39221470612638604     
   3.9418063116182241E-002 -0.42427903747145873     
   4.3298237918976440E-002 -0.45603653437862945     
   4.5963306919699277E-002 -0.48793700616960678     
   4.7236413094768032E-002 -0.52031141171013995     
   4.6881198702642617E-002 -0.55331579285453047     
   4.4629859611880492E-002 -0.58697542038233419     
   4.0561291026130937E-002 -0.62131847912790739     
   3.4993821376412812E-002 -0.65646504045415011     
   2.8288282055355860E-002 -0.69258932515753568     
   2.0979527669163042E-002 -0.72983833213834581     
   1.3583621923316122E-002 -0.76814923095661036     
   6.3014528855486569E-003 -0.80718241693208892     
  -7.2320043210935526E-004 -0.84642453344463209     
  -7.3767091418538719E-003 -0.88535524531584486     
  -1.3535996651620743E-002 -0.92363539586526500     
  -1.9045246657987947E-002 -0.96124298677765752     
  -2.3799041328396619E-002 -0.99848764053472083     
  -2.7771053857059899E-002  -1.0359470069229697     
  -3.1023804923115874E-002  -1.0743296297132394     
  -3.3665892854524718E-002  -1.1143733044732440     
  -3.5794152236786947E-002  -1.1567700927785862     
  -3.7460340565045450E-002  -1.2021384623228413     
  -3.8664434879877203E-002  -1.2510199503458250     
  -3.9425482082196012E-002  -1.3038213899909392     
  -3.9832585359525101E-002  -1.3607404783036730     
  -3.9990874680993355E-002  -1.4217155707850100     
  -3.9992021196386188E-002  -1.4864152356703499     
  -3.9901642525362081E-002  -1.5542944116883572     
  -3.9755219778215965E-002  -1.6246677170100565     
  -3.9546798295660782E-002  -1.6967692269116426     
  -3.9246590606432173E-002  -1.7697852791882052     
  -3.8834694453088452E-002  -1.8428607109520521     
  -3.8318918284234504E-002  -1.9151274808404399     
  -3.7721551038383309E-002  -1.9857440791854373     
  -3.7076093586973641E-002  -2.0539475715683291     
  -3.6410107280575067E-002  -2.1191083615489443     
  -3.5696196692751911E-002  -2.1807763130658402     
  -3.4861735856299654E-002  -2.2387176688287140     
  -3.3831786770027225E-002  -2.2929246426541612     
  -3.2555106514534714E-002  -2.3436135784298515     
  -3.1015142882253540E-002  -2.3912057211288107     
  -2.9247498504986150E-002  -2.4362594197157241     
  -2.7310235863341858E-002  -2.4793945716400785     
  -2.5212359083389618E-002  -2.5211670391885175     
  -2.2865296480956344E-002  -2.5619521771216989     
  -2.0095012137445113E-002  -2.6018767420470419     
  -1.6686175599670373E-002  -2.6408159381770466     
  -1.2505311464559890E-002  -2.6784954550629752     
  -7.5849729358801023E-003  -2.7145499495767966     
  -2.0806923076527907E-003  -2.7485563885480233     
   3.8119034349924016E-003  -2.7800350235572715     
   9.9255939681518676E-003  -2.8084011777904787     
   1.6167379443335291E-002  -2.8330238509359962     
   2.2377570374247986E-002  -2.8532960275488284     
   2.8229311278486824E-002  -2.8688079356245484     
   3.3267730753288656E-002  -2.8795621051074263     
   3.6981031254960439E-002  -2.8859914793472190     
   3.8841174647098332E-002  -2.8889761366629485     
   3.8539127663826174E-002  -2.8897168433280216     
   3.6067085061856116E-002  -2.8895675028153178     
   3.1735836703819763E-002  -2.8899958141759083     
   2.6107150914992446E-002  -2.8924549682850356     
   1.9737770160480440E-002  -2.8982674430968776     
   1.2998791880758163E-002  -2.9084573414300157     
   6.1833827113935485E-003  -2.9235982207195716     
  -4.8467244742314255E-004  -2.9439028543555619     
  -6.8115967147264356E-003  -2.9693384496221418     
  -1.2619627471767600E-002  -2.9997653022970066     
  -1.7765446162829147E-002  -3.0350268295381420     
  -2.2277155006982213E-002  -3.0748474687764622     
  -2.6314504793039258E-002  -3.1187474518669900     
  -2.9928940374816655E-002  -3.1659526137578458     
  -3.3109458906248945E-002  -3.2153689641125900     
  -3.5922674529856105E-002  -3.2656249270654820     
  -3.8392548000344411E-002  -3.3151510979040371     
  -4.0522073617959287E-002  -3.3623175317575131     
  -4.2401369431913423E-002  -3.4055409968602919     
  -4.4164954578537301E-002  -3.4433600928327524     
  -4.5913339821326539E-002  -3.4745019323272173     
  -4.7593482705396484E-002  -3.4979471913409657     
  -4.9033499074209577E-002  -3.5130109855340921     
  -5.0085256054955000E-002  -3.5194029523890027     
  -5.0719006905300859E-002  -3.5172631573605342     
  -5.1011157131156198E-002  -3.5071453074129186     
  -5.1077829671669003E-002  -3.4899382162649268     
  -5.0920466528398524E-002  -3.4667810092349245     
  -5.0385629162048647E-002  -3.4389495296286126     
  -4.9310459067810349E-002  -3.4077471183106787     
  -4.7624265817988308E-002  -3.3744081583535639     
  -4.5334807865840730E-002  -3.3400177439684069     
  -4.2495621612206956E-002  -3.3054860334405047     
  -3.9167422293340019E-002  -3.2715600675487910     
  -3.5357319162796066E-002  -3.2388497531353186     
  -3.1057984778424544E-002  -3.2078399879238622     
  -2.6323042784759262E-002  -3.1788524114538053     
  -2.1247619580473741E-002  -3.1519956151921558     
  -1.5926626065331132E-002  -3.1271291026306178     
  -1.0461266486403008E-002  -3.1038639075541496     
  -4.8972733326911252E-003  -3.0815989304856299     
   8.3586763362341460E-004  -3.0595748580624420     
   6.8939490489114139E-003  -3.0369414423463374     
   1.3458712205293873E-002  -3.0128193694725547     
   2.0622085669305391E-002  -2.9863685965055922     
   2.8291562351576986E-002  -2.9568605382086286     
   3.6116050878717762E-002  -2.9237485549433164     
   4.3510545733510632E-002  -2.8867713058006661     
   4.9831970860420120E-002  -2.8460494809510326     
   5.4515015533740760E-002  -2.8021382179343486     
   5.7176040662074344E-002  -2.7559935918863609     
   5.7643358546997765E-002  -2.7088125167261401     
   5.5955705932792574E-002  -2.6618439366155044     
   5.2361744566435692E-002  -2.6162417626500654     
   4.7240270246812238E-002  -2.5729297302239265     
   4.1032629264273930E-002  -2.5325609061596732     
   3.4154513742652971E-002  -2.4954945888762539     
   2.6960503830956054E-002  -2.4617733103644457     
   1.9761051451625149E-002  -2.4312390006385489     
   1.2813777697539483E-002  -2.4036346319459736     
   6.2859521950524777E-003  -2.3786707609850937     
   3.1259632400416432E-004  -2.3560998524633230     
  -5.0454299179995433E-003  -2.3356739399825526     
  -9.7443005415787289E-003  -2.3171201991734884     
  -1.3767880528546368E-002  -2.3001770859637167     
  -1.7159632708293845E-002  -2.2845676577668979     
  -1.9974531523958543E-002  -2.2700325195485807     
  -2.2286898341978896E-002  -2.2563567041427892     
  -2.4213226114191751E-002  -2.2433563058769943     
  -2.5877099746106007E-002  -2.2309093584925139     
  -2.7375972400950958E-002  -2.2189567373934458     
  -2.8780794687641633E-002  -2.2074827551014433     
  -3.0118957144040576E-002  -2.1965054695000461     
  -3.1384869677362905E-002  -2.1860529999616731     
  -3.2551969379412869E-002  -2.1761386921141592     
  -3.3584691463741233E-002  -2.1667482543409786     
  -3.4440699444661313E-002  -2.1578440802641436     
  -3.5079467134042773E-002  -2.1493634474407690     
  -3.5470104938051653E-002  -2.1412188484475143     
  -3.5584825689123217E-002  -2.1333002103044127     
  -3.5405165076992921E-002  -2.1254716125960478     
  -3.4925746643366777E-002  -2.1175793169929431     
  -3.4144142547953914E-002  -2.1094790038587092     
  -3.3065671056224502E-002  -2.1010489371696801     
  -3.1705203394940297E-002  -2.0921751488110387     
  -3.0073929752495916E-002  -2.0827388720213671     
  -2.8172781345305622E-002  -2.0726219393617460     
  -2.5995441705172942E-002  -2.0617143534811513     
  -2.3523970677911669E-002  -2.0499101103695221     
  -2.0717267453152173E-002  -2.0370930899861786     
  -1.7507807452423647E-002  -2.0231193204081843     
  -1.3813237352737580E-002  -2.0078015771615076     
  -9.5575778185904708E-003  -1.9909023441075480     
  -4.6949514689167459E-003  -1.9721382029685512     
   7.6862573161245388E-004  -1.9511951140245722     
   6.7573945775642593E-003  -1.9277540175201704     
   1.3113714810171486E-002  -1.9015278865824214     
   1.9597208369532829E-002  -1.8723101084543081     
   2.5904156535852874E-002  -1.8400273737995494     
   3.1710290997259596E-002  -1.8047806797808552     
   3.6724696791939210E-002  -1.7668548744628476     
   4.0731428530026800E-002  -1.7266892467293633     
   4.3602939257286005E-002  -1.6848228644776828     
   4.5289931738105665E-002  -1.6418384906496661     
   4.5803016162003447E-002  -1.5983191164965453     
   4.5192943094937599E-002  -1.5548182823786945     
   4.3527145885902473E-002  -1.5118459412887386     
   4.0869018769637923E-002  -1.4698743569508177     
   3.7278159830792211E-002  -1.4293553628728877     
   3.2838477382897108E-002  -1.3907231951624381     
   2.7693095714387016E-002  -1.3543642435486334     
   2.2054490439764717E-002  -1.3205653966774309     
   1.6178630520469407E-002  -1.2894733005883217     
   1.0319082759913705E-002  -1.2610875550492220     
   4.6849009385497801E-003  -1.2352868670341852     
  -5.8387499442885378E-004  -1.2118727260110398     
  -5.4207174599594822E-003  -1.1906150087927241     
  -9.8203930207475480E-003  -1.1712889098038917     
  -1.3816322817944142E-002  -1.1536972818597138     
  -1.7455848118795671E-002  -1.1376772135729680     
  -2.0781005099600371E-002  -1.1230942794213989     
  -2.3818695100933155E-002  -1.1098306621359861     
  -2.6579606435764232E-002  -1.0977732791508854     
  -2.9062209460693746E-002  -1.0868056386385081     
  -3.1257729929222253E-002  -1.0768040436877986     
  -3.3153630085791301E-002  -1.0676366826790376     
  -3.4735232408279082E-002  -1.0591636242423101     
  -3.5986771943603349E-002  -1.0512364199020896     
  -3.6893725167514629E-002  -1.0436975321811202     
  -3.7446937784035378E-002  -1.0363811487360193     
  -3.7647153531577868E-002  -1.0291169311982140     
  -3.7508532951470282E-002  -1.0217374931475802     
  -3.7060298222516982E-002  -1.0140893315158943     
  -3.6344518808295742E-002  -1.0060443573365869     
  -3.5408067686525824E-002 -0.99750784885064725     
  -3.4290180404125577E-002 -0.98841953649525693     
  -3.3010407748708649E-002 -0.97874631590215955     
  -3.1561872852322620E-002 -0.96846796471317953     
  -2.9912276866512721E-002 -0.95756040426604427     
  -2.8011723718793617E-002 -0.94598205578147598     
  -2.5803642162388750E-002 -0.93366683971790454     
  -2.3234473969559334E-002 -0.92052399998520784     
  -2.0259686658111217E-002 -0.90644236273963474     
  -1.6846418013966389E-002 -0.89129601862599817     
  -1.2974748917549649E-002 -0.87494962441097657     
  -8.6394750063890809E-003 -0.85726344320448622     
  -3.8526009541518546E-003 -0.83809945423213772     
   1.3554248150580341E-003 -0.81732938503895325     
   6.9389397279587296E-003 -0.79484328211755639     
   1.2846536357953992E-002 -0.77055431023365228     
   1.9033810238451646E-002 -0.74439414256586378     
   2.5470137095036455E-002 -0.71629635647925072     
   3.2126944948283956E-002 -0.68617375779949608     
   3.8939738945292679E-002 -0.65390646040105516     
   4.5750331554337123E-002 -0.61936402585748851     
   5.2254415416303240E-002 -0.58247974781059531     
   5.7992596133329855E-002 -0.54337318324913142     
   6.2417030272565982E-002 -0.50247936060146958     
   6.5031341162688078E-002 -0.46060845426382885     
   6.5549721489463489E-002 -0.41886777817065290     
   6.3992806079300746E-002 -0.37845115225089482     
   6.0669759214082200E-002 -0.34039166043731184     
   5.6068217763716198E-002 -0.30539492820086928     
   5.0720334457106435E-002 -0.27380186207234192     
   4.5100763045516433E-002 -0.24564875936996647     
   3.9573795149318344E-002 -0.22076599260855234     
   3.4382973532296128E-002 -0.19887266617365945     
   2.9669311522746159E-002 -0.17964633092191876     
   2.5501511218861777E-002 -0.16276298720163646     
   2.1903664886424538E-002 -0.14791390952929243     
   1.8873500534264200E-002 -0.13480969462470219     
   1.6390983159432562E-002 -0.12318001310586695     
   1.4420339410949617E-002 -0.11277435657747840     
   1.2909968244564534E-002 -0.10336579906636159     
   1.1794108013699350E-002  -9.4756698685938154E-002
   1.0997506140193763E-002  -8.6783772172371570E-002
   1.0441826763955426E-002  -7.9320507622258077E-002
   1.0051766832287035E-002  -7.2276381213889240E-002
   9.7596454764088056E-003  -6.5593583065026287E-002
   9.5085281251346895E-003  -5.9242220123923245E-002
   9.2545168336610594E-003  -5.3214414809917392E-002
   8.9682605653684678E-003  -4.7517320269326674E-002
   8.6349971181455473E-003  -4.2165475761588529E-002
   8.2526280621029041E-003  -3.7173625121764337E-002
   7.8281605204504438E-003  -3.2551232061433157E-002
   7.3732769666033345E-003  -2.8299429600299370E-002
   6.8996900818861758E-003  -2.4410699789037493E-002
   6.4151301171036920E-003  -2.0871305932948257E-002
   5.9214140099214559E-003  -1.7665774708053219E-002
   5.4158691209222282E-003  -1.4781489115188045E-002
   4.8956505360740338E-003  -1.2210874438834059E-002
   4.3624122879522094E-003  -9.9498425449582751E-003
   3.8244623738739256E-003  -7.9935108025355247E-003
   3.2954064290509478E-003  -6.3318060424583907E-003
   2.7906132440352078E-003  -4.9471856102090558E-003
   2.3236855692391500E-003  -3.8150218558759934E-003
   1.9043116647278939E-003  -2.9057719295709338E-003
   1.5376421921854436E-003  -2.1877062469967596E-003
   1.2246958038223399E-003  -1.6293613321818003E-003
   9.6326960136537123E-004  -1.2013621298997907E-003
   7.4899394958051989E-004  -8.7754852742614250E-004
   5.7630343034438352E-004  -6.3548772254984971E-004
   4.3920424678344687E-004  -4.5652679296594336E-004
   3.3181340174021448E-004  -3.2555071490523020E-004
   2.4869882183131865E-004  -2.3057957414121657E-004
   1.8506291978407613E-004  -1.6229926810664233E-004
   1.3681079350703142E-004  -1.1358918038981431E-004
   1.0054107734814082E-004  -7.9086072456910800E-005
   7.3491042558681993E-005  -5.4803757532192692E-005
   5.3458698700590781E-005  -3.7814601039788856E-005
   3.8717049188934693E-005  -2.5991180664180558E-005
   2.7930271744987730E-005  -1.7802250737685456E-005
   2.0077492349016064E-005  -1.2155092996435630E-005
   1.4386722587146753E-005  -8.2759065278767124E-006
   1.0279560479284033E-005  -5.6204873788845967E-006
   7.3261550115706002E-006  -3.8084546840234603E-006
   5.2093377373709439E-006  -2.5753963993896217E-006
   3.6965635795223034E-006  -1.7384145426195510E-006
   2.6182849165435922E-006  -1.1715479985943657E-006
   1.8514959127456278E-006  -7.8838521015821545E-007
   1.3073472243208895E-006  -5.2985135784358356E-007
   9.2191031545490429E-007  -3.5568412144474210E-007
   6.4934556184708744E-007  -2.3851742133085759E-007
   4.5688398825796406E-007  -1.5979554791347586E-007
   3.2116362243889511E-007  -1.0696358864320190E-007
   2.2556894431148507E-007  -7.1542873456461195E-008
   1.5830778351467471E-007  -4.7817129358542590E-008
   1.1102695394549063E-007  -3.1938213958993057E-008
   7.7819271206655373E-008  -2.1319020766707490E-008
   5.4513546320340510E-008  -1.4222289026552586E-008
   3.8168328971054876E-008  -9.4826670310327967E-009
   2.6711816553866627E-008  -6.3191803257303155E-009
   1.8686282254342160E-008  -4.2088978945581206E-009
   1.3067032459058827E-008  -2.8019441964233621E-009
   9.1343772474503361E-009  -1.8643961873007637E-009
   6.3832267259897322E-009  -1.2399582269757221E-009
   4.4593407816410413E-009  -8.2426521312674980E-010
   3.1144275170113738E-009  -5.4766813868637351E-010
   2.1745509033915522E-009  -3.6371126695920119E-010
   1.5179236142615901E-009  -2.4142471782451387E-010
   1.0593101015920369E-009  -1.6017256211229514E-010
   7.3908053024857737E-010  -1.0621123520138212E-010
   5.1553389806059407E-010  -7.0391807081738128E-011
   3.5951720682234354E-010  -4.6626766002337586E-011
   2.5065601201991038E-010  -3.0867469357394084E-011
   1.7471508588442068E-010  -2.0422510335507908E-011
   1.2175118964362652E-010  -1.3503555906445310E-011
   8.4820744337711259E-011  -8.9228855918237333E-012
   5.9076037583150555E-011  -5.8920507986863586E-012
   4.1133361388639003E-011  -3.8879076000223973E-012
   2.8631395678821937E-011  -2.5635179391964703E-012
   1.9922642045798093E-011  -1.6889183536397965E-012
   1.3857877283475977E-011  -1.1117618135477044E-012
   9.6356208519719701E-012  -7.3117683618633229E-013
   6.6970299321869375E-012  -4.8041331701701003E-013
   4.6525284511102449E-012  -3.1532708991804398E-013
   3.2305991005576985E-012  -2.0674254467798756E-013
   2.2420506253666523E-012  -1.3538984826609431E-013
   1.5550884777096336E-012  -8.8550614771481834E-014
   1.0779258844386050E-012  -5.7836713464815148E-014
   7.4665689585401810E-013  -3.7720260590613129E-014
   5.1680076517542927E-013  -2.4561329818704853E-014
   3.5740738097580941E-013  -1.5965262619585294E-014
   2.4694891689981387E-013  -1.0358123846602403E-014
   1.7045705527349567E-013  -6.7064513989306246E-015
   1.1752861507382404E-013  -4.3323916031830024E-015
   8.0936504871077079E-014  -2.7918485439410229E-015
   5.5662532598816006E-014  -1.7942334300617636E-015
   3.8224146896683769E-014  -1.1496573713160792E-015
   2.6205929332589454E-014  -7.3421471021907495E-016
   1.7933679005645473E-014  -4.6718193991785717E-016
   1.2247774313456735E-014  -2.9605826068437661E-016
   8.3456342677584919E-015  -1.8676200729199455E-016
   5.6722596373255482E-015  -1.1721375741570178E-016
   3.8442166989818399E-015  -7.3141694876652015E-017
   2.5968736784857532E-015  -4.5343530115708410E-017
   1.7477981377138610E-015  -2.7901959192808198E-017
   1.1713813662930656E-015  -1.7023547878632890E-017
   7.8125830203938482E-016  -1.0284638577379416E-017
   5.1813736897940574E-016  -6.1425887474235830E-018
   3.4138242155031052E-016  -3.6196863277201960E-018
   2.2319527508512043E-016  -2.0992380670738090E-018
   1.4459937025698242E-016  -1.1943809364283143E-018
   9.2669837101252447E-017  -6.6393708145983217E-019
   5.8625235898572276E-017  -3.5862669148660337E-019
   3.6514316991149230E-017  -1.8681954397233146E-019
   2.2313037688417453E-017  -9.2824238165518527E-020
   1.3303719933701876E-017  -4.3196306251379610E-020
   7.6484062776949470E-018  -1.8176136124597621E-020
   4.0939938275131709E-018  -6.3544149159927518E-021
   1.7586693909790839E-018  -1.3282535406848614E-021
   0.0000000000000000        0.0000000000000000     
