 Initial conditions outputted from a previous simulation. Time =    82.000000000000000     
   40.000000000000000        0.0000000000000000              500           1   82.000000000000000     
   6.2755792175944305E-002   8.3999833207959844E-013
   6.1337586344691525E-002   2.6779212379299776E-002
   5.7716384661153960E-002   5.2217302905137666E-002
   5.2141281576552692E-002   7.5215250300895431E-002
   4.5179999960370164E-002   9.4893796617384077E-002
   3.7293817052795532E-002  0.11090453864687419     
   2.9006540614240815E-002  0.12304857959787498     
   2.0721415933819050E-002  0.13141259577068554     
   1.2739228772535152E-002  0.13621835075003294     
   5.2656828398132847E-003  0.13776113605371762     
  -1.5787535120275040E-003  0.13637344862207751     
  -7.7397422088369017E-003  0.13239276945132589     
  -1.3212880655441676E-002  0.12614501415323881     
  -1.8031915832626064E-002  0.11793800664958796     
  -2.2261702799670852E-002  0.10806090141929034     
  -2.5997260605237289E-002   9.6791213545083826E-002
  -2.9368980767369959E-002   8.4413054183118452E-002
  -3.2549083308271776E-002   7.1251955760192609E-002
  -3.5743497485793176E-002   5.7726075882003645E-002
  -3.9147402847221471E-002   4.4392381055180279E-002
  -4.2860924678699848E-002   3.1944078315431675E-002
  -4.6796774744412760E-002   2.1123310609840622E-002
  -5.0628437888336195E-002   1.2557730023719188E-002
  -5.3821326266533652E-002   6.5807907865210917E-003
  -5.5782962094342727E-002   3.1244054702944126E-003
  -5.6117709892612423E-002   1.7663887718766345E-003
  -5.4837436567659485E-002   1.9481694973211428E-003
  -5.2324992005921972E-002   3.2443918723383462E-003
  -4.9055529309078708E-002   5.4848579031420387E-003
  -4.5345521035528247E-002   8.6554430083941349E-003
  -4.1342868078244020E-002   1.2732239701475415E-002
  -3.7165660762589203E-002   1.7636450516754557E-002
  -3.2969254038841440E-002   2.3310453572277269E-002
  -2.8887008328012467E-002   2.9788260748711045E-002
  -2.4956075055765171E-002   3.7196906082729755E-002
  -2.1109688475220233E-002   4.5724540276601625E-002
  -1.7211010213800070E-002   5.5597850273392237E-002
  -1.3088422909302466E-002   6.7072169644414648E-002
  -8.5817703123556091E-003   8.0419388867303779E-002
  -3.5979625710929755E-003   9.5909168706847958E-002
   1.8732607778962687E-003  0.11379922690957178     
   7.7930960459277002E-003  0.13433104773874599     
   1.4097422143934843E-002  0.15770279341257168     
   2.0682270123761587E-002  0.18403516148589824     
   2.7389896611465254E-002  0.21335405430297977     
   3.4019097887068486E-002  0.24558749050021930     
   4.0334595944031743E-002  0.28056833003811626     
   4.6051863720872638E-002  0.31803333897864106     
   5.0813909551196745E-002  0.35759832338047209     
   5.4202057877613515E-002  0.39870099960900013     
   5.5809255361916284E-002  0.44054939931108816     
   5.5359736564724017E-002  0.48214496259185985     
   5.2813826850733929E-002  0.52241305221109524     
   4.8393148865420274E-002  0.56038946971438475     
   4.2512717017077699E-002  0.59536527896430980     
   3.5667996907610980E-002  0.62693300999168267     
   2.8338247285967937E-002  0.65495316393044334     
   2.0930967673392566E-002  0.67949103267912647     
   1.3756674060519333E-002  0.70075300873008162     
   7.0195058252458470E-003  0.71902683236161735     
   8.2140576159269612E-004  0.73462723387376627     
  -4.8180068116937917E-003  0.74785498284282714     
  -9.9295465967326052E-003  0.75897757257749221     
  -1.4560614418252219E-002  0.76823187557012729     
  -1.8750223495650718E-002  0.77584016759329077     
  -2.2518875581055316E-002  0.78202763882362436     
  -2.5872086741635117E-002  0.78703275531752404     
  -2.8810868177175635E-002  0.79110746386176756     
  -3.1341339365261719E-002  0.79450830476897816     
  -3.3478870111424801E-002  0.79748147842027517     
  -3.5247075307697578E-002  0.80024597068188630     
  -3.6674586548671353E-002  0.80297912810712613     
  -3.7792424966176366E-002  0.80580817033375696     
  -3.8633285798507437E-002  0.80880929048437300     
  -3.9231468385082756E-002  0.81201383693299911     
  -3.9621176735711083E-002  0.81541910587761079     
  -3.9831213230152811E-002  0.81900054629802022     
  -3.9877951275131433E-002  0.82272409065323615     
  -3.9760376137319912E-002  0.82655981355104557     
  -3.9458480167835895E-002  0.83049728995792427     
  -3.8935920088774972E-002  0.83455893952042903     
  -3.8144209144780061E-002  0.83880587182961164     
  -3.7030008438768761E-002  0.84333474493158311     
  -3.5545957837121535E-002  0.84826655906296555     
  -3.3652513048619097E-002  0.85372930681185166     
  -3.1310456442736410E-002  0.85984585904011879     
  -2.8480175492629361E-002  0.86673797905410310     
  -2.5131270145884003E-002  0.87453327479496401     
  -2.1219729208919937E-002  0.88336314860175880     
  -1.6687353168300480E-002  0.89337299768477274     
  -1.1490308908464995E-002  0.90474130352577853     
  -5.5771065149327354E-003  0.91768536415091595     
   1.0573660105600419E-003  0.93246521401353788     
   8.3503304717275351E-003  0.94937965725648565     
   1.6190412370186466E-002  0.96876126594930023     
   2.4356056990398545E-002  0.99096049929643104     
   3.2451765469253296E-002   1.0162763319122350     
   4.0081875814208051E-002   1.0448672495176510     
   4.6850919306199106E-002   1.0767161161564962     
   5.2304180831851572E-002   1.1116153297546123     
   5.6125924067715022E-002   1.1491058556626639     
   5.8153954377119961E-002   1.1884386878145519     
   5.8279866295936344E-002   1.2285208953239171     
   5.6352581208433387E-002   1.2678769344013723     
   5.2205416920106197E-002   1.3048576738147057     
   4.5866949389769797E-002   1.3382046007807227     
   3.7840609798622665E-002   1.3679278337295444     
   2.9083298123697594E-002   1.3959552636014427     
   2.0858413485744833E-002   1.4259850043218412     
   1.4272187125723977E-002   1.4621645632321669     
   9.8021975354204462E-003   1.5066413411279747     
   6.9883157029447052E-003   1.5565969820054457     
   4.5275063083674233E-003   1.6019765037025491     
   7.7352989233672341E-004   1.6268000650232930     
  -5.2917731261347229E-003   1.6167445870414754     
  -1.3274005697357209E-002   1.5683492255316751     
  -2.1667203086592014E-002   1.4905938369134659     
  -2.8989242955621008E-002   1.3980493430545844     
  -3.4508466897690555E-002   1.3032857504942150     
  -3.8294437653095585E-002   1.2136796866951900     
  -4.0828154330377044E-002   1.1317627800586909     
  -4.2607775408529044E-002   1.0568518423556132     
  -4.3946315907957535E-002  0.98661216033472343     
  -4.4958862343940642E-002  0.91824180832877866     
  -4.5639576663183579E-002  0.84924610948410817     
  -4.5965948276651791E-002  0.77786582282133721     
  -4.5940515965138970E-002  0.70320551594972425     
  -4.5597731310623037E-002  0.62514995900326764     
  -4.4998991302364212E-002  0.54416305455775160     
  -4.4202897060799530E-002  0.46105506501570737     
  -4.3228174826232389E-002  0.37678314699039600     
  -4.2059949726302032E-002  0.29235672289951564     
  -4.0690407278749431E-002  0.20881473189984370     
  -3.9113708457082216E-002  0.12722051542552509     
  -3.7304501870260409E-002   4.8648183907122451E-002
  -3.5229839531126177E-002  -2.5846582045125490E-002
  -3.2848770747607510E-002  -9.5294849136969825E-002
  -3.0118848614245325E-002 -0.15890805686995829     
  -2.7013761963002671E-002 -0.21617059827643678     
  -2.3537735602316371E-002 -0.26691750884643251     
  -1.9718546350802325E-002 -0.31137296528683250     
  -1.5519452178980745E-002 -0.35013067162451855     
  -1.0880195054484369E-002 -0.38406930240892379     
  -5.7640386729690537E-003 -0.41422218187121307     
  -1.9437011348844664E-004 -0.44164488946243774     
   5.7473731586507801E-003 -0.46728792536008212     
   1.1900774162073567E-002 -0.49194214060977559     
   1.8089314287216496E-002 -0.51621360736128996     
   2.4117383945852975E-002 -0.54052059294782584     
   2.9789776120083964E-002 -0.56511218554165010     
   3.4889881466313083E-002 -0.59001586314643295     
   3.9220791419686242E-002 -0.61501139489321077     
   4.2467911040142081E-002 -0.63969705764771834     
   4.4235764506857594E-002 -0.66361377605084904     
   4.4167094246332896E-002 -0.68643456689172211     
   4.2052156128908807E-002 -0.70810747268637919     
   3.7902187820944150E-002 -0.72889801358576811     
   3.2079926791406040E-002 -0.74931809755006484     
   2.5114208728387554E-002 -0.76992519094601286     
   1.7465450770908528E-002 -0.79113022572955860     
   9.4851793664835309E-003 -0.81307583867722510     
   1.5834858709620830E-003 -0.83562154780090026     
  -5.8657019976929795E-003 -0.85849177746262573     
  -1.2624272698808515E-002 -0.88147242060882780     
  -1.8533017650610089E-002 -0.90458722357591204     
  -2.3501394887261325E-002 -0.92819662765065436     
  -2.7587761323186976E-002 -0.95299600841919019     
  -3.0887826603631381E-002 -0.97993631066781595     
  -3.3481864149991311E-002  -1.0100672593894937     
  -3.5499821444988838E-002  -1.0443481693664183     
  -3.7146154727785631E-002  -1.0834852771054431     
  -3.8572925871692129E-002  -1.1278103795384486     
  -3.9796724049291715E-002  -1.1772386028032873     
  -4.0750703606937264E-002  -1.2313108569197955     
  -4.1382359569991117E-002  -1.2892712251901750     
  -4.1681081855373510E-002  -1.3501639071050198     
  -4.1705668038184970E-002  -1.4129449238733005     
  -4.1542184209104993E-002  -1.4765629180041340     
  -4.1249150974907257E-002  -1.5400166674395288     
  -4.0831197578613136E-002  -1.6023788600803863     
  -4.0279761463210266E-002  -1.6627993405296888     
  -3.9635964275299758E-002  -1.7205153001315521     
  -3.8988385279995694E-002  -1.7748796984783661     
  -3.8386165626719503E-002  -1.8254267687064238     
  -3.7791659349631225E-002  -1.8719340966992244     
  -3.7117352638461158E-002  -1.9144838814038923     
  -3.6274304294794932E-002  -1.9534746923634259     
  -3.5215749407554654E-002  -1.9895747691953150     
  -3.3968401352803712E-002  -2.0236392613579248     
  -3.2513201298502083E-002  -2.0565775242221354     
  -3.0727959781357329E-002  -2.0892301359334140     
  -2.8467911602248534E-002  -2.1222416383160341     
  -2.5664199237066240E-002  -2.1559255921792690     
  -2.2302344048997724E-002  -2.1902446615631961     
  -1.8383766708044053E-002  -2.2247742328759652     
  -1.3920927036268040E-002  -2.2587468899127283     
  -8.9075293593056225E-003  -2.2911919052341725     
  -3.2423892078821781E-003  -2.3209859499055630     
   3.0823888695027161E-003  -2.3470004291010675     
   9.9337953481548492E-003  -2.3682109624074905     
   1.7091159581180480E-002  -2.3837637467113137     
   2.4142838933343548E-002  -2.3930948024637915     
   3.0532303869407421E-002  -2.3958655493537160     
   3.5705441162515124E-002  -2.3920552641733930     
   3.9094763115064213E-002  -2.3821446397139834     
   4.0210948525393551E-002  -2.3672555604318872     
   3.8763177226747166E-002  -2.3493169504582530     
   3.4927678553195618E-002  -2.3308119460861429     
   2.9253135584816469E-002  -2.3142599966758346     
   2.2416641477480435E-002  -2.3018332261215768     
   1.5108369308048899E-002  -2.2949620454382078     
   7.8420630591691694E-003  -2.2943474588804094     
   8.2263859136045702E-004  -2.3001260218737034     
  -5.7738332034887249E-003  -2.3120455507699944     
  -1.1768106168569110E-002  -2.3297375505316835     
  -1.7014398741151692E-002  -2.3528520897755292     
  -2.1547276427590859E-002  -2.3811036398168577     
  -2.5481646041692802E-002  -2.4142682131465230     
  -2.8939178171999560E-002  -2.4519855573629461     
  -3.2035794152629339E-002  -2.4936371247017899     
  -3.4839340009212780E-002  -2.5382838198359239     
  -3.7289159166282726E-002  -2.5846976032291034     
  -3.9386817803752430E-002  -2.6314909357031633     
  -4.1199647894436760E-002  -2.6772176777529610     
  -4.2837632528643067E-002  -2.7204607914697547     
  -4.4374850591388314E-002  -2.7598889326663123     
  -4.5858428666111548E-002  -2.7942898514298116     
  -4.7281143116171959E-002  -2.8226233923531461     
  -4.8595687772942389E-002  -2.8440856556785952     
  -4.9789769377163146E-002  -2.8581701600809142     
  -5.0873651069033653E-002  -2.8647329998772211     
  -5.1801980634928663E-002  -2.8640024124397350     
  -5.2475772946899181E-002  -2.8565422072125020     
  -5.2770129714685983E-002  -2.8431345481991115     
  -5.2547155734593412E-002  -2.8246360635754884     
  -5.1712157512583727E-002  -2.8018709478751656     
  -5.0261421603915599E-002  -2.7756087746148981     
  -4.8225123244431754E-002  -2.7466201554254548     
  -4.5591489439076337E-002  -2.7157359742478104     
  -4.2333735153808165E-002  -2.6838335108169056     
  -3.8425138829773331E-002  -2.6517711308689984     
  -3.3839121343840838E-002  -2.6202824933819473     
  -2.8583403754473428E-002  -2.5899025949381582     
  -2.2705892039884993E-002  -2.5609337015796481     
  -1.6260078927396348E-002  -2.5334358712222453     
  -9.3099705126230472E-003  -2.5072337098203068     
  -1.9054298390848092E-003  -2.4819309880836884     
   5.8940998526190932E-003  -2.4569437393156583     
   1.4061437512977122E-002  -2.4315345801571224     
   2.2529616946267886E-002  -2.4048716946555930     
   3.1032717653308169E-002  -2.3761116371522575     
   3.9063098496982605E-002  -2.3445099507142326     
   4.5955019238475343E-002  -2.3096140944422756     
   5.1096316894129364E-002  -2.2714053281450330     
   5.4123036180662970E-002  -2.2303865917202765     
   5.4925435010869869E-002  -2.1875563649355767     
   5.3637924215650896E-002  -2.1442152569194981     
   5.0496612306852103E-002  -2.1017411506041723     
   4.5786104937517440E-002  -2.0613359798611253     
   3.9881314275085428E-002  -2.0238425142111178     
   3.3196404870765181E-002  -1.9897252575770654     
   2.6114820049852067E-002  -1.9591008232760230     
   1.8963864682568700E-002  -1.9318537906969442     
   1.1965315871803571E-002  -1.9077627130838644     
   5.2995803285167068E-003  -1.8865473655624034     
  -9.0264281644903148E-004  -1.8679328434589033     
  -6.5514314341111870E-003  -1.8516470830055152     
  -1.1566204442605837E-002  -1.8374100822665600     
  -1.5933756484073341E-002  -1.8249403509988946     
  -1.9671496130006249E-002  -1.8139523843838228     
  -2.2833275382662162E-002  -1.8041811632908549     
  -2.5508438581502823E-002  -1.7954072706199569     
  -2.7800601225029566E-002  -1.7874647272453617     
  -2.9790852045828910E-002  -1.7802486008143334     
  -3.1539859688237672E-002  -1.7737009885217929     
  -3.3084765581244374E-002  -1.7677853748102068     
  -3.4458145408638889E-002  -1.7624640210826870     
  -3.5670929180421682E-002  -1.7576891350442720     
  -3.6713368214652993E-002  -1.7533964480611803     
  -3.7557509655245923E-002  -1.7495065389003892     
  -3.8168830847716856E-002  -1.7459243731486527     
  -3.8516093455553652E-002  -1.7425409696737457     
  -3.8569562740925468E-002  -1.7392402993740457     
  -3.8311531143543326E-002  -1.7359048804619823     
  -3.7738329933694095E-002  -1.7324224746963333     
  -3.6852521618252705E-002  -1.7286894716058889     
  -3.5668760842545159E-002  -1.7246089374747331     
  -3.4200425362359191E-002  -1.7200893808167728     
  -3.2459753283477728E-002  -1.7150312443967131     
  -3.0454151831127978E-002  -1.7093155982350636     
  -2.8163792409211793E-002  -1.7028193230339128     
  -2.5551968982538177E-002  -1.6954279245833439     
  -2.2587962005855531E-002  -1.6870206978488913     
  -1.9244794107886661E-002  -1.6774547387892256     
  -1.5484851056002434E-002  -1.6665646715171554     
  -1.1257425834250599E-002  -1.6541622770007718     
  -6.5117710822719492E-003  -1.6400263394322183     
  -1.2209568024080370E-003  -1.6238947140337365     
   4.5883731359868821E-003  -1.6054733908516523     
   1.0809978389935335E-002  -1.5844676804859874     
   1.7248036642050685E-002  -1.5606316988298259     
   2.3630901994068837E-002  -1.5338248898633102     
   2.9647827441661556E-002  -1.5040588144331148     
   3.4997843813711134E-002  -1.4715175310435220     
   3.9431364359249356E-002  -1.4365439517728527     
   4.2766954758389014E-002  -1.3996014855326497     
   4.4883141823706639E-002  -1.3612333834452413     
   4.5704521454796247E-002  -1.3220360819782642     
   4.5200387873173688E-002  -1.2826414259305852     
   4.3392414300872144E-002  -1.2436923064213048     
   4.0354516748168173E-002  -1.2058104316794660     
   3.6202623442758611E-002  -1.1695699698712760     
   3.1092124579780590E-002  -1.1354802707125153     
   2.5231629701250164E-002  -1.1039611476104254     
   1.8892178370298163E-002  -1.0753014897059614     
   1.2384879337088685E-002  -1.0496215732488061     
   6.0094134575232137E-003  -1.0268694442117547     
   3.1871195403332885E-006  -1.0068577058570243     
  -5.4842971262206944E-003 -0.98932040891230588     
  -1.0389858723190704E-002 -0.97396682248693922     
  -1.4718053760820369E-002 -0.96052065457559266     
  -1.8515128458335781E-002 -0.94874210485337729     
  -2.1842947102527793E-002 -0.93843375010302710     
  -2.4759408319795524E-002 -0.92943421840675933     
  -2.7308861856233782E-002 -0.92160596037711240     
  -2.9521590714273533E-002 -0.91482334303980084     
  -3.1418332349468309E-002 -0.90896492631194836     
  -3.3015157728305475E-002 -0.90391055148394295     
  -3.4325598654006577E-002 -0.89954128554046398     
  -3.5359719059920296E-002 -0.89573943036398374     
  -3.6122134053959719E-002 -0.89238679648806918     
  -3.6611615249424759E-002 -0.88936133273315321     
  -3.6823994892901307E-002 -0.88653393458312602     
  -3.6758209574564431E-002 -0.88376806077937420     
  -3.6423295851269841E-002 -0.88092411973462015     
  -3.5843096145025177E-002 -0.87786857813600583     
  -3.5055749644119373E-002 -0.87448541429662763     
  -3.4106123757333087E-002 -0.87068570082442143     
  -3.3031747020158021E-002 -0.86641032634881032     
  -3.1847227456858855E-002 -0.86162269398671854     
  -3.0534952361170906E-002 -0.85629278519478158     
  -2.9046932565778616E-002 -0.85037793269638084     
  -2.7316432814199189E-002 -0.84380760373152752     
  -2.5273514342040858E-002 -0.83647784965795402     
  -2.2857418316143751E-002 -0.82825571662422881     
  -2.0021021584929483E-002 -0.81898869579565692     
  -1.6727869974244254E-002 -0.80851270455814017     
  -1.2947543728932170E-002 -0.79665454045354267     
  -8.6566218931940636E-003 -0.78322977688947992     
  -3.8488938271026628E-003 -0.76804205357302258     
   1.4487559796106521E-003 -0.75089125152774683     
   7.1652608248840392E-003 -0.73159379257403678     
   1.3190564860289269E-002 -0.71000912546601846     
   1.9399391640288650E-002 -0.68605759494206497     
   2.5678896698651154E-002 -0.65971517345896069     
   3.1933357769266875E-002 -0.63098636269704056     
   3.8047972287205814E-002 -0.59988138425293480     
   4.3826088966570517E-002 -0.56643587374651616     
   4.8946762332847019E-002 -0.53079095587085201     
   5.2989309498614141E-002 -0.49330464807765811     
   5.5529933917808680E-002 -0.45462704421125727     
   5.6265138415138104E-002 -0.41567912616575881     
   5.5102912971246948E-002 -0.37752844146479231     
   5.2191977550294012E-002 -0.34120921698484080     
   4.7891488920638048E-002 -0.30755038680352503     
   4.2690897374801584E-002 -0.27706270960963408     
   3.7095526389606004E-002 -0.24991809624832773     
   3.1518342482296353E-002 -0.22602153722120363     
   2.6228004327516825E-002 -0.20512972295253176     
   2.1366164134720905E-002 -0.18695250445088779     
   1.6999197614559543E-002 -0.17120414293297231     
   1.3162075315975701E-002 -0.15761323776313838     
   9.8781086952840561E-003 -0.14591578343002554     
   7.1604336175223439E-003 -0.13584890981580494     
   5.0067762856336037E-003 -0.12715173134700639     
   3.3961945684587145E-003 -0.11957187802547625     
   2.2906692553637574E-003 -0.11287313115992169     
   1.6392278581747514E-003 -0.10684104680705404     
   1.3813759065016966E-003 -0.10128656155142085     
   1.4490992777763058E-003  -9.6049056457038276E-002
   1.7689290414803134E-003  -9.0999632372160605E-002
   2.2658060834016922E-003  -8.6043722462483332E-002
   2.8690247215080586E-003  -8.1121097425178576E-002
   3.5184354502597499E-003  -7.6201806228032340E-002
   4.1680272674437585E-003  -7.1278612464477656E-002
   4.7851982575427389E-003  -6.6358625648542446E-002
   5.3467858247948641E-003  -6.1457249151512884E-002
   5.8350665732618415E-003  -5.6595692133285649E-002
   6.2365991953732469E-003  -5.1800497518374462E-002
   6.5440673058112919E-003  -4.7102110370251575E-002
   6.7582776146855360E-003  -4.2530770990978684E-002
   6.8867455484067173E-003  -3.8111116549336570E-002
   6.9378238918598569E-003  -3.3859248667341905E-002
   6.9133923375447040E-003  -2.9785348524836861E-002
   6.8053519497662971E-003  -2.5901219123941371E-002
   6.5992728517521217E-003  -2.2228140387574421E-002
   6.2836291174303950E-003  -1.8799495443093429E-002
   5.8590242500350413E-003  -1.5655800118250386E-002
   5.3419678013656357E-003  -1.2834650851189646E-002
   4.7617475910026741E-003  -1.0360904235489830E-002
   4.1531894185740771E-003  -8.2413349633867518E-003
   3.5494274523006162E-003  -6.4646964758768369E-003
   2.9772166617587454E-003  -5.0054671847104930E-003
   2.4550922923861573E-003  -3.8289662819562206E-003
   1.9935502300816314E-003  -2.8962402646947076E-003
   1.5963441503216306E-003  -2.1679676136332651E-003
   1.2622254667209590E-003  -1.6071594294212058E-003
   9.8665971656631797E-004  -1.1807376549482068E-003
   7.6326138298482137E-004  -8.6023480883507051E-004
   5.8487515601501991E-004  -6.2188994646354830E-004
   4.4432932723035759E-004  -4.4636737291886829E-004
   3.3491358356323994E-004  -3.1826663043466443E-004
   2.5064098425094480E-004  -2.2554621536212478E-004
   1.8635590619335587E-004  -1.5894267028180464E-004
   1.3774101356776039E-004  -1.1143198493574448E-004
   1.0126265503845862E-004  -7.7756524695919653E-005
   7.4083168749421177E-005  -5.4026097917249146E-005
   5.3960340657139418E-005  -3.7392196463625618E-005
   3.9147031632820708E-005  -2.5788648523127166E-005
   2.8298327899758445E-005  -1.7729435452075324E-005
   2.0389886754343861E-005  -1.2153944806508693E-005
   1.4648783856073267E-005  -8.3104012083973002E-006
   1.0496605228275326E-005  -5.6692412170188386E-006
   7.5036515715680165E-006  -3.8595066570122023E-006
   5.3527613247467778E-006  -2.6226389507551503E-006
   3.8111775032580285E-006  -1.7792287889205205E-006
   2.7089549286580766E-006  -1.2052849949028343E-006
   1.9225705087397327E-006  -8.1542179336931740E-007
   1.3626029100310481E-006  -5.5102567050205003E-007
   9.6454895875598725E-007  -3.7197488154824074E-007
   6.8202763028555922E-007  -2.5087447736467205E-007
   4.8178269301290422E-007  -1.6906092747542539E-007
   3.4002849177467890E-007  -1.1384428304923780E-007
   2.3979092170501396E-007  -7.6611278535846145E-008
   1.6898083284395472E-007  -5.1524691229773738E-008
   1.1900339954376849E-007  -3.4634011583467672E-008
   8.3757707860630722E-008  -2.3268833380403901E-008
   5.8919177910067438E-008  -1.5625972834083489E-008
   4.1426195710397456E-008  -1.0488979260683307E-008
   2.9113686463311829E-008  -7.0379028118502179E-009
   2.0452102606801787E-008  -4.7204641193958229E-009
   1.4361835463803331E-008  -3.1649190903787719E-009
   1.0081466754773666E-008  -2.1211912007923912E-009
   7.0743736271480919E-009  -1.4211405522834111E-009
   4.9626054542017684E-009  -9.5177217844083021E-010
   3.4801214096161870E-009  -6.3718365589819015E-010
   2.4397530537180897E-009  -4.2640964965014315E-010
   1.7098843580425435E-009  -2.8524210704420789E-010
   1.1980040356527401E-009  -1.9072879952468388E-010
   8.3911320550655105E-010  -1.2747504526321459E-010
   5.8756032816889076E-010  -8.5158699198369645E-011
   4.1129345158012104E-010  -5.6861061452018083E-011
   2.8781621327884786E-010  -3.7946230173875146E-011
   2.0134391043844424E-010  -2.5308950688818030E-011
   1.4080437234488190E-010  -1.6869958489845690E-011
   9.8433234813207188E-011  -1.1237487146586701E-011
   6.8787239595529501E-011  -7.4803000854829172E-012
   4.8051393269766637E-011  -4.9755492422016705E-012
   3.3552620676252253E-011  -3.3068233369834852E-012
   2.3418469970659203E-011  -2.1958504009149114E-012
   1.6337675233383556E-011  -1.4567601782739557E-012
   1.1392223085070671E-011  -9.6546484881099954E-013
   7.9396006086862973E-012  -6.3916807912511386E-013
   5.5302507138870952E-012  -4.2265728370084112E-013
   3.8497227228454803E-012  -2.7913728774646717E-013
   2.6781402884859721E-012  -1.8410343551858377E-013
   1.8618099398494527E-012  -1.2124817675824100E-013
   1.2933389422291430E-012  -7.9727577784634787E-014
   8.9771583850938194E-013  -5.2336925828263598E-014
   6.2256815216610328E-013  -3.4293778186857331E-014
   4.3134566935662596E-013  -2.2426702247466536E-014
   2.9855219520542300E-013  -1.4634820913142987E-014
   2.0641125859572551E-013  -9.5280235877458401E-015
   1.4253531476675305E-013  -6.1876336126472169E-015
   9.8297006944808335E-014  -4.0073359621654406E-015
   6.7691447546404100E-014  -2.5875446726725248E-015
   4.6541807978386018E-014  -1.6653249635771938E-015
   3.1944859725925756E-014  -1.0679512611779838E-015
   2.1884165963191726E-014  -6.8216385299761131E-016
   1.4960363236806566E-014  -4.3384235823294032E-016
   1.0203187448798204E-014  -2.7458411968614628E-016
   6.9405431780805965E-015  -1.7285449948736004E-016
   4.7073607284889976E-015  -1.0816068193531913E-016
   3.1821911981446949E-015  -6.7222384093389168E-017
   2.1431287102596524E-015  -4.1459584465058099E-017
   1.4371915415645044E-015  -2.5347535849672055E-017
   9.5906982076034167E-016  -1.5341957306288896E-017
   6.3638741344018991E-016  -9.1784055406377782E-018
   4.1949095367112300E-016  -5.4167214235573246E-018
   2.7438261436515330E-016  -3.1456511962473851E-018
   1.7783406736053785E-016  -1.7919108691381548E-018
   1.1401234775143997E-016  -9.9718108920794028E-019
   7.2152555564483504E-017  -5.3916186751819532E-019
   4.4954463452595642E-017  -2.8111907183288359E-019
   2.7478899078514856E-017  -1.3979377467870892E-019
   1.6388238181209331E-017  -6.5103228863800921E-020
   9.4239987984979639E-018  -2.7413067831097144E-020
   5.0454920247179703E-018  -9.5896326346508171E-021
   2.1678440367701113E-018  -2.0057784583196656E-021
   0.0000000000000000        0.0000000000000000     
