 Initial conditions outputted from a previous simulation. Time =    58.600000000000001     
   40.000000000000000        0.0000000000000000              500           1   58.600000000000001     
  -2.1987977952638172E-002 -0.12530773864869876     
  -1.7843348502199274E-002 -0.13528160879188503     
  -1.3099605189920017E-002 -0.14358608260431474     
  -7.6702725650644238E-003 -0.14994456064568784     
  -1.5608449020853680E-003 -0.15406190121945254     
   5.2519196512639532E-003 -0.15560201042169150     
   1.2699220533440029E-002 -0.15423479777004301     
   2.0661274274374322E-002 -0.14962479252969407     
   2.8936114447627160E-002 -0.14146923114382576     
   3.7221576078671617E-002 -0.12954147251325374     
   4.5112203050961808E-002 -0.11375393051638931     
   5.2111714170080259E-002  -9.4239139379368383E-002
   5.7675858468151681E-002  -7.1431208215662109E-002
   6.1290190007937867E-002  -4.6115531802348946E-002
   6.2569252491094532E-002  -1.9404608793579407E-002
   6.1343406699387600E-002   7.3855175565234518E-003
   5.7691615265649962E-002   3.2936604322650435E-002
   5.1899111393173943E-002   5.6141838767017969E-002
   4.4363177072049169E-002   7.6266874367465806E-002
   3.5508146801671227E-002   9.3029734810134823E-002
   2.5763255017629751E-002  0.10659148616392375     
   1.5597970256211159E-002  0.11744545138070493     
   5.5519721167381856E-003  0.12621522000926780     
  -3.8000972277573391E-003  0.13343104271689366     
  -1.1952082283403160E-002  0.13938362117869807     
  -1.8584087228452586E-002  0.14411097808877749     
  -2.3624610517939293E-002  0.14749656359254981     
  -2.7222208896513979E-002  0.14940410700626791     
  -2.9654063087240942E-002  0.14977366959751659     
  -3.1232928634447554E-002  0.14864685301573047     
  -3.2250581126483324E-002  0.14614032006386493     
  -3.2951651505416402E-002  0.14240554686228876     
  -3.3516607922665274E-002  0.13759865011628364     
  -3.4048981418415149E-002  0.13186619897350266     
  -3.4577764114236777E-002  0.12534352765097923     
  -3.5078152087694957E-002  0.11815750591912531     
  -3.5495602425725033E-002  0.11042963133516533     
  -3.5763484127759454E-002  0.10228254706936239     
  -3.5824594828781198E-002   9.3847033857310191E-002
  -3.5654501482254075E-002   8.5260871848471753E-002
  -3.5260950899925023E-002   7.6665172446268914E-002
  -3.4659365316931909E-002   6.8203857060933945E-002
  -3.3856052503797140E-002   6.0018048359746501E-002
  -3.2847128890668639E-002   5.2241716293553543E-002
  -3.1615340593248324E-002   4.5005135029939448E-002
  -3.0122257706484939E-002   3.8442713536973185E-002
  -2.8306291816887048E-002   3.2702865344673586E-002
  -2.6089140421077413E-002   2.7958130087964616E-002
  -2.3387664318643170E-002   2.4410210727986745E-002
  -2.0128796396765705E-002   2.2286659273807925E-002
  -1.6263289316393554E-002   2.1831565475739636E-002
  -1.1773542893444542E-002   2.3295002492994932E-002
  -6.6746452182564094E-003   2.6925316987827533E-002
  -1.0113074093874499E-003   3.2966064749049381E-002
   5.1460033859577351E-003   4.1655701423929256E-002
   1.1702914416130843E-002   5.3225410939886975E-002
   1.8538642893412779E-002   6.7891273860230528E-002
   2.5496925116223011E-002   8.5839877692167763E-002
   3.2368230676073452E-002  0.10720633535335843     
   3.8865284320966337E-002  0.13203737235950008     
   4.4607040826385509E-002  0.16022665802094313     
   4.9140824843789212E-002  0.19142241365438262     
   5.2025021859306915E-002  0.22494602365404201     
   5.2952296995450093E-002  0.25979390158757526     
   5.1845753337916058E-002  0.29476780983466122     
   4.8864457552013761E-002  0.32868704686440409     
   4.4322162733414251E-002  0.36056797800471446     
   3.8586452915347944E-002  0.38969501436999082     
   3.2017328608306132E-002  0.41560455366135990     
   2.4946490351285718E-002  0.43804482591868271     
   1.7670227796506729E-002  0.45694129342934314     
   1.0443209200863786E-002  0.47236449233979710     
   3.4755263523338952E-003  0.48449762390738327     
  -3.0662869014729849E-003  0.49360602995905423     
  -9.0574631807269074E-003  0.50000763356215994     
  -1.4417645065593225E-002  0.50404299167379463     
  -1.9110750262476769E-002  0.50604671034363757     
  -2.3140337986946032E-002  0.50632427756177423     
  -2.6542940758898924E-002  0.50513818759067364     
  -2.9375451111837345E-002  0.50270496609948878     
  -3.1703967215226468E-002  0.49920186306674358     
  -3.3596686508711851E-002  0.49477781352574646     
  -3.5116044608406852E-002  0.48956402616693195     
  -3.6315050066528985E-002  0.48368336581096055     
  -3.7238368388236090E-002  0.47725871598722253     
  -3.7924394129379833E-002  0.47041840958817643     
  -3.8405142803637049E-002  0.46329720972135302     
  -3.8704995730936192E-002  0.45603500485216719     
  -3.8843090169579229E-002  0.44877580211048751     
  -3.8832688620277687E-002  0.44166553352972432     
  -3.8679314049923252E-002  0.43484687801124766     
  -3.8371868648808684E-002  0.42845238111899175     
  -3.7877021158309362E-002  0.42260311329877387     
  -3.7141677117845502E-002  0.41741347762812409     
  -3.6096363401608385E-002  0.41299310782487469     
  -3.4665508314884540E-002  0.40944785643105935     
  -3.2770680862497084E-002  0.40688618432650608     
  -3.0341846404960592E-002  0.40543006238269930     
  -2.7322608037009855E-002  0.40523022307631423     
  -2.3688515976515653E-002  0.40648474971921111     
  -1.9450078729478404E-002  0.40943485723102618     
  -1.4598473504092328E-002  0.41433609404843330     
  -9.1696021350691562E-003  0.42143063230765898     
  -3.2593479248045369E-003  0.43090574684858629     
   2.9868851086277699E-003  0.44286410613261906     
   9.3591725559047222E-003  0.45734362885897362     
   1.5588441241929202E-002  0.47445576667735240     
   2.1495683487048677E-002  0.49462564271380643     
   2.7048103638018343E-002  0.51885495009559490     
   3.2465934872674011E-002  0.54882090901324010     
   3.8112433490884758E-002  0.58638095202488827     
   4.3915321284480724E-002  0.63242021419074856     
   4.9116161251083007E-002  0.68506572764375118     
   5.2545578402758503E-002  0.73812544822906745     
   5.2995837183732360E-002  0.78139533501542124     
   4.9790208699302903E-002  0.80397511070168948     
   4.3277160780580907E-002  0.79926307060099333     
   3.4587630461248478E-002  0.76816327093214587     
   2.5107143284533704E-002  0.71780196458117407     
   1.5912142715498255E-002  0.65729240224411511     
   7.5104036402435835E-003  0.59397439861547163     
   2.6792510460102394E-006  0.53189537176005863     
  -6.7027125613829362E-003  0.47212338402497539     
  -1.2738802858713620E-002  0.41384170584324270     
  -1.8192055193474700E-002  0.35552938601830364     
  -2.3113389182934450E-002  0.29587233649940592     
  -2.7542364798385819E-002  0.23424760031503064     
  -3.1507252028654030E-002  0.17084471087956019     
  -3.5010315329963709E-002  0.10651190576195846     
  -3.8036886580754978E-002   4.2456463814760981E-002
  -4.0563206145688376E-002  -2.0067919986446026E-002
  -4.2571591567598634E-002  -7.9983761285606553E-002
  -4.4077569277596616E-002 -0.13650505728178439     
  -4.5146110368181100E-002 -0.18916642242334486     
  -4.5854371824764414E-002 -0.23780312800149320     
  -4.6273106334352040E-002 -0.28248722542017674     
  -4.6443410577471152E-002 -0.32346381452642475     
  -4.6389138039386060E-002 -0.36108854410617125     
  -4.6129657749443546E-002 -0.39577980865828055     
  -4.5679340724728880E-002 -0.42799389558827688     
  -4.5040831631263017E-002 -0.45821425299958729     
  -4.4200401636951277E-002 -0.48695053148125816     
  -4.3146739629344164E-002 -0.51473186835080553     
  -4.1874738752897225E-002 -0.54208897516699028     
  -4.0388894655548541E-002 -0.56952342586528226     
  -3.8691250917132783E-002 -0.59746330880025600     
  -3.6773074875452262E-002 -0.62621741194966518     
  -3.4601902161201202E-002 -0.65593884738434438     
  -3.2117835818167850E-002 -0.68659769255169212     
  -2.9256356005234380E-002 -0.71797902388645640     
  -2.5978846277097251E-002 -0.74967681845542700     
  -2.2253261130187399E-002 -0.78109695649670408     
  -1.8032913762185875E-002 -0.81149286329984949     
  -1.3252094137203161E-002 -0.83999385558810880     
  -7.8286118104354194E-003 -0.86564176033737594     
  -1.7575613350939369E-003 -0.88744379999818801     
   4.9642583580383490E-003 -0.90441083716272574     
   1.2180621911421489E-002 -0.91562489485706111     
   1.9674320402633894E-002 -0.92034983201314158     
   2.7011452425083071E-002 -0.91814682738187203     
   3.3711920347479996E-002 -0.90906079290415631     
   3.9224259853882580E-002 -0.89369292106285481     
   4.3051113770212049E-002 -0.87326312790889593     
   4.4678780803180169E-002 -0.84955188944249616     
   4.3979783813286107E-002 -0.82476063944265132     
   4.0994811557977767E-002 -0.80124901347066002     
   3.6072912807563154E-002 -0.78118605274850716     
   2.9615130366133523E-002 -0.76623528664944685     
   2.2181739475051882E-002 -0.75746549472356406     
   1.4205561324451140E-002 -0.75534305879962560     
   6.1426553057385373E-003 -0.75992248181225330     
  -1.5933411365429760E-003 -0.77097313192137629     
  -8.6007207708382015E-003 -0.78803942462051291     
  -1.4797517951648300E-002 -0.81047157993204055     
  -2.0180961719355763E-002 -0.83746489167715654     
  -2.4859452950055518E-002 -0.86813117593368261     
  -2.8909969144982658E-002 -0.90158583158244754     
  -3.2411553055613697E-002 -0.93696564227867707     
  -3.5406159191759080E-002 -0.97345438731101541     
  -3.7973310644795491E-002  -1.0102596995960829     
  -4.0188051984669064E-002  -1.0466200966649306     
  -4.2099849635310362E-002  -1.0818350613489014     
  -4.3714411973576117E-002  -1.1153101214475618     
  -4.5025489849030764E-002  -1.1466131316108534     
  -4.6019751775996716E-002  -1.1755221158095590     
  -4.6676561784504030E-002  -1.2020638169166518     
  -4.6996862425190807E-002  -1.2265175602212803     
  -4.7006457721654904E-002  -1.2493812770383077     
  -4.6761727171924367E-002  -1.2713076569425843     
  -4.6319909458126411E-002  -1.2930094422328773     
  -4.5719193811519836E-002  -1.3151773839199787     
  -4.4982427020441376E-002  -1.3383913214919716     
  -4.4115932461772416E-002  -1.3630381390878084     
  -4.3077681789691506E-002  -1.3892551187870028     
  -4.1785534220717596E-002  -1.4169133183318314     
  -4.0180826299578754E-002  -1.4456425918817084     
  -3.8224052079331300E-002  -1.4749192626174337     
  -3.5878481580299833E-002  -1.5041592599291878     
  -3.3110709666278777E-002  -1.5327692536675330     
  -2.9843460424280419E-002  -1.5601329465715468     
  -2.5961715749480942E-002  -1.5855814815192155     
  -2.1365023425825799E-002  -1.6083671858061093     
  -1.6024053661915338E-002  -1.6276805797513341     
  -9.9674983173121002E-003  -1.6426946281693322     
  -3.2369849763181548E-003  -1.6526162800670710     
   4.0902206595244683E-003  -1.6567360217128959     
   1.1880169505584860E-002  -1.6544915619840321     
   1.9948816289117030E-002  -1.6455701748020524     
   2.7911144831383648E-002  -1.6299974368316532     
   3.5335068710013934E-002  -1.6082359218131403     
   4.1677969835304987E-002  -1.5812125189849526     
   4.6324980238418439E-002  -1.5502881735370138     
   4.8831703772112142E-002  -1.5171904367602129     
   4.8927137139001611E-002  -1.4838309652653594     
   4.6443709322503447E-002  -1.4521152906238135     
   4.1562831874619927E-002  -1.4238782913411072     
   3.4773982747268325E-002  -1.4007979278926341     
   2.6821140712146106E-002  -1.3842928571888924     
   1.8371778405149343E-002  -1.3752557439840201     
   9.9379985057013644E-003  -1.3738111081490521     
   1.8643646794873100E-003  -1.3792393402484948     
  -5.7442035057698008E-003  -1.3901315046457317     
  -1.2838697805657618E-002  -1.4047800970572843     
  -1.9270951987588859E-002  -1.4215316357745185     
  -2.4954458295764877E-002  -1.4388926125233490     
  -2.9820271672298494E-002  -1.4555777308373548     
  -3.3876409792907326E-002  -1.4704614813151258     
  -3.7183715957216007E-002  -1.4825824624669317     
  -3.9809834735614114E-002  -1.4911724274502756     
  -4.1895667526224825E-002  -1.4956685301273827     
  -4.3556831830809675E-002  -1.4957315204301529     
  -4.4863231185798359E-002  -1.4912247623434658     
  -4.5852206789113413E-002  -1.4822338552944736     
  -4.6481290730094008E-002  -1.4691465945257838     
  -4.6678170367075889E-002  -1.4526873108678395     
  -4.6387562850114486E-002  -1.4339045887210482     
  -4.5595655358715903E-002  -1.4140368752890939     
  -4.4363971684983482E-002  -1.3943025889636167     
  -4.2752842722315304E-002  -1.3757159476693832     
  -4.0781122230698928E-002  -1.3589778835877688     
  -3.8407391411122621E-002  -1.3444816984530712     
  -3.5587708081328211E-002  -1.3323717943171736     
  -3.2359592152680632E-002  -1.3226076982254060     
  -2.8852266710805270E-002  -1.3150195585548283     
  -2.5235258290397786E-002  -1.3093377751358048     
  -2.1649604352549361E-002  -1.3052114469432143     
  -1.8193096227692478E-002  -1.3022242689502548     
  -1.4862170750657414E-002  -1.2999102243357166     
  -1.1550803800423263E-002  -1.2977648561924908     
  -8.0528366801156000E-003  -1.2952563658721392     
  -4.0949610494278059E-003  -1.2918283890978308     
   6.4200199893142955E-004  -1.2869032526954207     
   6.4395384094304512E-003  -1.2798781391685783     
   1.3417521355593322E-002  -1.2701348433520527     
   2.1429483682925507E-002  -1.2570724674732194     
   3.0099075305565735E-002  -1.2401666394984132     
   3.8869035778860396E-002  -1.2190699368825733     
   4.7110554191031662E-002  -1.1936831063258575     
   5.4234963697494365E-002  -1.1642351759136371     
   5.9683630330103141E-002  -1.1313196302699855     
   6.2989550330654856E-002  -1.0958696724480477     
   6.3915021501153357E-002  -1.0591409886194765     
   6.2402327426580403E-002  -1.0225485602864763     
   5.8661190124856058E-002 -0.98747737313276784     
   5.3077730483495962E-002 -0.95508214792674007     
   4.6133049056309293E-002 -0.92612078803430498     
   3.8377624719599851E-002 -0.90094801534828228     
   3.0342253073352161E-002 -0.87961351847825653     
   2.2437301115041865E-002 -0.86193276892100013     
   1.5015284567844220E-002 -0.84761287261254281     
   8.2770493033298923E-003 -0.83629221080624738     
   2.3223307319377704E-003 -0.82756371583095212     
  -2.8141722804817734E-003 -0.82102350686829118     
  -7.2192079465597612E-003 -0.81628702376189677     
  -1.0999704440982631E-002 -0.81303685725630570     
  -1.4285217933267622E-002 -0.81103947110876384     
  -1.7211276315906524E-002 -0.81014834445134765     
  -1.9870345801912437E-002 -0.81028130568084422     
  -2.2307460188397896E-002 -0.81139604407838661     
  -2.4536712453236593E-002 -0.81345856042438869     
  -2.6543618167093736E-002 -0.81642275958392996     
  -2.8301737921765348E-002 -0.82022053385018689     
  -2.9774361419770388E-002 -0.82475870695424836     
  -3.0932419878449101E-002 -0.82992066363034844     
  -3.1766127807746604E-002 -0.83557339652556739     
  -3.2271636909512090E-002 -0.84157439271779422     
  -3.2449876161193686E-002 -0.84777587304240243     
  -3.2298597061620297E-002 -0.85402938932421102     
  -3.1810743263256044E-002 -0.86018765659199559     
  -3.0987475852118019E-002 -0.86610734492943253     
  -2.9828288886592291E-002 -0.87165222813993293     
  -2.8328882339002017E-002 -0.87668540627259861     
  -2.6481815757868503E-002 -0.88106248053447600     
  -2.4270490378309358E-002 -0.88463969361424988     
  -2.1661124648206017E-002 -0.88727896666112149     
  -1.8594315272269801E-002 -0.88882979622580327     
  -1.4985629420698924E-002 -0.88909922895528137     
  -1.0750526716401579E-002 -0.88783453804050505     
  -5.8467216680356581E-003 -0.88473173350786349     
  -3.0466797954074469E-004 -0.87946838855461118     
   5.7747951375667515E-003 -0.87174735781026780     
   1.2249970027155639E-002 -0.86133068959486436     
   1.8970004033855334E-002 -0.84804908373109811     
   2.5784258583867719E-002 -0.83179188283297756     
   3.2525959879887226E-002 -0.81249972898274714     
   3.8992530004578772E-002 -0.79017787188572275     
   4.4946185837563449E-002 -0.76492413638933399     
   5.0127592834256184E-002 -0.73695103893458214     
   5.4253075719077143E-002 -0.70660185469337022     
   5.6997589595481735E-002 -0.67438887345019916     
   5.8021924986810712E-002 -0.64105594765125973     
   5.7088307916827098E-002 -0.60759036831331203     
   5.4200745531718116E-002 -0.57509565210747537     
   4.9636087900593144E-002 -0.54456014846118772     
   4.3822915708348419E-002 -0.51668297262774132     
   3.7182169459252443E-002 -0.49186366998579861     
   3.0058142307632478E-002 -0.47029207899394698     
   2.2736474268511622E-002 -0.45202033732454794     
   1.5465497983632575E-002 -0.43699005180199352     
   8.4491636989959349E-003 -0.42505378253972687     
   1.8411098691258343E-003 -0.41600519979436906     
  -4.2437642797633129E-003 -0.40960133094908346     
  -9.7160333188626210E-003 -0.40556996814604762     
  -1.4510900451901738E-002 -0.40361226173204257     
  -1.8597275348236037E-002 -0.40341115316787435     
  -2.1986927232571490E-002 -0.40464883743983593     
  -2.4734746067168755E-002 -0.40702939922872489     
  -2.6926608508043525E-002 -0.41029853560475943     
  -2.8659196562737389E-002 -0.41425305226051307     
  -3.0020581810795026E-002 -0.41873798056829498     
  -3.1078620220458240E-002 -0.42363483617456238     
  -3.1878925880492466E-002 -0.42884742641355633     
  -3.2449211272502471E-002 -0.43429067351834105     
  -3.2804720509129824E-002 -0.43988428165639737     
  -3.2951221894590182E-002 -0.44554949885887096     
  -3.2885810024928394E-002 -0.45120628094261200     
  -3.2598116213192682E-002 -0.45677006347826798     
  -3.2073313089861402E-002 -0.46214964858984925     
  -3.1295191073608022E-002 -0.46724780934189464     
  -3.0246207394566106E-002 -0.47196414322370850     
  -2.8902790972444931E-002 -0.47619730835578183     
  -2.7226887552377257E-002 -0.47984248615313801     
  -2.5157746004157551E-002 -0.48278164866212364     
  -2.2609632781815537E-002 -0.48486833276823704     
  -1.9479252618782396E-002 -0.48591217808502363     
  -1.5661900843282346E-002 -0.48566931436363125     
  -1.1071379972838158E-002 -0.48384236139313558     
  -5.6581284933551806E-003 -0.48008984353758949     
   5.7720764909067058E-004 -0.47404195183186248     
   7.5734060893501588E-003 -0.46531977562638333     
   1.5197769495166217E-002 -0.45355842195113744     
   2.3233342537882513E-002 -0.43843891931104118     
   3.1370373798372021E-002 -0.41973525491232488     
   3.9215066623308030E-002 -0.39737614519615633     
   4.6324638066571798E-002 -0.37150664203652556     
   5.2259748690912496E-002 -0.34252532861142454     
   5.6630729541291336E-002 -0.31108419794749920     
   5.9126681814002616E-002 -0.27806129893295978     
   5.9547397200153417E-002 -0.24451596875407822     
   5.7859305929114320E-002 -0.21160633666047327     
   5.4248999355612892E-002 -0.18044385954782666     
   4.9111973906561100E-002 -0.15191862015916177     
   4.2955792799582275E-002 -0.12658603063639079     
   3.6275585460044960E-002 -0.10467092192001580     
   2.9475628736630909E-002  -8.6153607921161959E-002
   2.2852848683867579E-002  -7.0865370752192153E-002
   1.6610779028054176E-002  -5.8557147921955578E-002
   1.0878700571194961E-002  -4.8943430481055636E-002
   5.7314403416572910E-003  -4.1728961541292742E-002
   1.2084776469704682E-003  -3.6621705480276365E-002
  -2.6717975526312542E-003  -3.3336631547776698E-002
  -5.9042054533601403E-003  -3.1595533831339923E-002
  -8.4939563831642143E-003  -3.1126402340542651E-002
  -1.0457081200632514E-002  -3.1664385077443374E-002
  -1.1821937486824271E-002  -3.2955133040065261E-002
  -1.2629747074485369E-002  -3.4759930580230469E-002
  -1.2933326602033517E-002  -3.6861302669403184E-002
  -1.2794197516304858E-002  -3.9067894120374841E-002
  -1.2278583364271921E-002  -4.1217744331988562E-002
  -1.1452923704338681E-002  -4.3179386560796965E-002
  -1.0379635349442804E-002  -4.4850551250542124E-002
  -9.1138540276159054E-003  -4.6154669062606749E-002
  -7.7017798911723171E-003  -4.7035816761337980E-002
  -6.1809599204627284E-003  -4.7453129821006065E-002
  -4.5823856191212365E-003  -4.7375831974151350E-002
  -2.9339515637326337E-003  -4.6779831412479558E-002
  -1.2648690717650428E-003  -4.5646556946304248E-002
   3.8920318461280721E-004  -4.3964713757377080E-002
   1.9810266320694062E-003  -4.1735798138835788E-002
   3.4488465786703740E-003  -3.8983619783522466E-002
   4.7192213803409367E-003  -3.5765833380674836E-002
   5.7181749896944569E-003  -3.2182230616784761E-002
   6.3888001544686324E-003  -2.8373086265413312E-002
   6.7080989774356663E-003  -2.4504035758427668E-002
   6.6944405829242716E-003  -2.0741065819016566E-002
   6.4018413634503750E-003  -1.7225131426670644E-002
   5.9048092103425338E-003  -1.4055700955507774E-002
   5.2815642782208638E-003  -1.1286682545447900E-002
   4.6016964366555491E-003  -8.9320035776832389E-003
   3.9199222526104692E-003  -6.9757604393523845E-003
   3.2746556808291713E-003  -5.3829280500202479E-003
   2.6895026449560789E-003  -4.1085315021478315E-003
   2.1761665913516389E-003  -3.1045110108712244E-003
   1.7376766229060291E-003  -2.3242756380007054E-003
   1.3712816345437682E-003  -1.7253595016067662E-003
   1.0707669245328137E-003  -1.2707078140128650E-003
   8.2818482738524434E-004  -9.2904216653684458E-004
   6.3506256761225292E-004  -6.7464613631933472E-004
   4.8317760769667472E-004  -4.8682802254903287E-004
   3.6500709341419195E-004  -3.4924105619979490E-004
   2.7394844849950477E-004  -2.4917392530570976E-004
   2.0438551134557449E-004  -1.7687782673342874E-004
   1.5165698933525880E-004  -1.2496650629793035E-004
   1.1197038994419645E-004  -8.7904368802163793E-005
   8.2291078114534889E-005  -6.1583364003471241E-005
   6.0225026706983772E-005  -4.2981828195120747E-005
   4.3906515708137086E-005  -2.9895114271978779E-005
   3.1897007661525666E-005  -2.0726585330822997E-005
   2.3097790509587246E-005  -1.4327782802019261E-005
   1.6676737043049772E-005  -9.8777595475911066E-006
   1.2008344111800790E-005  -6.7930324601626553E-006
   8.6255932398072942E-006  -4.6610678318409818E-006
   6.1819113039663198E-006  -3.1915945601954971E-006
   4.4215128855775045E-006  -2.1812635437170174E-006
   3.1565482155810687E-006  -1.4881887947375442E-006
   2.2496742111441451E-006  -1.0137311913247663E-006
   1.6008787581298042E-006  -6.8954449232019270E-007
   1.1375982535412780E-006  -4.6841520333226029E-007
   8.0735704745838758E-007  -3.1781792681855471E-007
   5.7231899062270122E-007  -2.1540181948211881E-007
   4.0527643277535963E-007  -1.4584259367487180E-007
   2.8671195146462885E-007  -9.8655155457188825E-008
   2.0265536460431061E-007  -6.6678851471958936E-008
   1.4312688669780466E-007  -4.5031694079005434E-008
   1.0101008427933274E-007  -3.0390361273619861E-008
   7.1238554147208136E-008  -2.0495722393743422E-008
   5.0210657701548029E-008  -1.3814010958823926E-008
   3.5369435040317498E-008  -9.3051239259786207E-009
   2.4901771001327622E-008  -6.2644691409756660E-009
   1.7523404411896340E-008  -4.2151940824287290E-009
   1.2325569958726985E-008  -2.8348568278193397E-009
   8.6657870702911577E-009  -1.9055999880631445E-009
   6.0902045873728813E-009  -1.2803363180986864E-009
   4.2784585041721353E-009  -8.5982625978250382E-010
   3.0045641211177025E-009  -5.7715478833981765E-010
   2.1092108902575415E-009  -3.8722877416828736E-010
   1.4801549798594030E-009  -2.5967707521314524E-010
   1.0383553621087339E-009  -1.7405458811141466E-010
   7.2817908478338603E-010  -1.1660487962049201E-010
   5.1048656813316904E-010  -7.8076298356630416E-011
   3.5775341596919878E-010  -5.2249625568805324E-011
   2.5063108692723220E-010  -3.4945983257637875E-011
   1.7552340077545515E-010  -2.3358691258944520E-011
   1.2287973434039362E-010  -1.5603511947589754E-011
   8.5993540350613666E-011  -1.0416040324614305E-011
   6.0156956758007830E-011  -6.9481882180464478E-012
   4.2066215158375473E-011  -4.6313713600249987E-012
   2.9403605879079104E-011  -3.0845758713309501E-012
   2.0543680015870338E-011  -2.0526078164065778E-012
   1.4346837054016862E-011  -1.3646335587335192E-012
   1.0014354172531234E-011  -9.0635520488809230E-013
   6.9866003429733838E-012  -6.0134490592941737E-013
   4.8715929424404201E-012  -3.9852878543706959E-013
   3.3948667595744659E-012  -2.6379828207284560E-013
   2.3643080586457210E-012  -1.7439050701706897E-013
   1.6454936039641449E-012  -1.1512548485892204E-013
   1.1444016500415868E-012  -7.5888049038084813E-014
   7.9529479460509682E-013  -4.9943627611251110E-014
   5.5223015539501640E-013  -3.2812440721497678E-014
   3.8311286744068054E-013  -2.1517441529652337E-014
   2.6553232898998647E-013  -1.4082264482669241E-014
   1.8384770298911388E-013  -9.1963122723608439E-015
   1.2714856666171873E-013  -5.9915110746943385E-015
   8.7828443229252508E-014  -3.8936236065135721E-015
   6.0587408105824425E-014  -2.5233069445869967E-015
   4.1734986531452904E-014  -1.6303346515721830E-015
   2.8703139149805623E-014  -1.0499111866008168E-015
   1.9706173923864320E-014  -6.7369017248696868E-016
   1.3503372135320500E-014  -4.3056988501224463E-016
   9.2333909457933367E-015  -2.7398351021810187E-016
   6.2988016573568295E-015  -1.7349906715251555E-016
   4.2856314864396103E-015  -1.0927573854013221E-016
   2.9073319663435539E-015  -6.8411044730255776E-017
   1.9657841758783917E-015  -4.2538011455658932E-017
   1.3241800089364042E-015  -2.6247485272075372E-017
   8.8817706377027156E-016  -1.6054296370031060E-017
   5.9281378581829900E-016  -9.7212614220985654E-018
   3.9343225392511938E-016  -5.8182074195085396E-018
   2.5938718159569174E-016  -3.4350459467767227E-018
   1.6969041027551971E-016  -1.9956062677337153E-018
   1.0999874667216242E-016  -1.1372166221259806E-018
   7.0533253797311566E-017  -6.3307853790425885E-019
   4.4643681892225819E-017  -3.4241565151047406E-019
   2.7819160416428103E-017  -1.7859503917488491E-019
   1.7007072374052743E-017  -8.8839209366343235E-020
   1.0144180583883453E-017  -4.1385623497724511E-020
   5.8340373993043569E-018  -1.7431115570890221E-020
   3.1237881399209971E-018  -6.0992801962392006E-021
   1.3422963916710807E-018  -1.2760575634916560E-021
   0.0000000000000000        0.0000000000000000     
