 Initial conditions outputted from a previous simulation. Time =    89.600000000000009     
   40.000000000000000        0.0000000000000000              500           1   89.600000000000009     
   2.9371262632367952E-003  0.14947051209279430     
  -3.6744102244832448E-003  0.14708780468627383     
  -9.5756717817473587E-003  0.14224012743354164     
  -1.4768647742119455E-002  0.13523929826723508     
  -1.9281602116211837E-002  0.12638285224052812     
  -2.3155776988576026E-002  0.11593865526196069     
  -2.6444872054790527E-002  0.10414734650797286     
  -2.9203020791716224E-002   9.1225041623171230E-002
  -3.1483422213963538E-002   7.7364341502017361E-002
  -3.3336025888744160E-002   6.2737072586948120E-002
  -3.4806154082438701E-002   4.7497440598840826E-002
  -3.5934766415267091E-002   3.1785412048211302E-002
  -3.6759869921694791E-002   1.5730820615670920E-002
  -3.7319424403351245E-002  -5.4121520969906546E-004
  -3.7656473572945173E-002  -1.6902253083915315E-002
  -3.7826930031521745E-002  -3.3207361894694941E-002
  -3.7909298814678784E-002  -4.9273105320530697E-002
  -3.8012053427504106E-002  -6.4843310204300147E-002
  -3.8268386586877499E-002  -7.9544904236477879E-002
  -3.8805856699314474E-002  -9.2849519244665085E-002
  -3.9687925113792523E-002 -0.10407121694683756     
  -4.0843201644778122E-002 -0.11242906597557040     
  -4.2013909682109607E-002 -0.11717455810920072     
  -4.2752194355886931E-002 -0.11774711826331796     
  -4.2465800679669131E-002 -0.11391047412271331     
  -4.0502441742142473E-002 -0.10583986129270453     
  -3.6305841254463393E-002  -9.4134541235625910E-002
  -2.9674474232903637E-002  -7.9698669306156864E-002
  -2.0981199335253518E-002  -6.3438054030901400E-002
  -1.1083591465031942E-002  -4.5873116846930087E-002
  -9.0326536859184356E-004  -2.6949140258047281E-002
   8.9594605282436787E-003  -6.2073354080104063E-003
   1.8253242089271329E-002   1.6879546388144026E-002
   2.6849563154332380E-002   4.2714231299158703E-002
   3.4571853620528545E-002   7.1571498366213640E-002
   4.1188366697490694E-002  0.10361511824848799     
   4.6465884867833922E-002  0.13882916303103107     
   5.0204540669880449E-002  0.17691222517344909     
   5.2266450287695360E-002  0.21723060500175653     
   5.2619607303072170E-002  0.25888769684648094     
   5.1378643389524352E-002  0.30091087016915730     
   4.8785235569597393E-002  0.34246052633656188     
   4.5096269457558541E-002  0.38291124748679084     
   4.0461041085663368E-002  0.42178003745689296     
   3.4916697170126729E-002  0.45861508017694569     
   2.8506687886259249E-002  0.49295927466822276     
   2.1395854928249983E-002  0.52441189935502264     
   1.3882500807239389E-002  0.55272923077846947     
   6.3221436629810205E-003  0.57788133457415070     
  -9.6243715720041915E-004  0.60002754158534610     
  -7.7310953517086113E-003  0.61944228984438954     
  -1.3830204117873850E-002  0.63644526052378736     
  -1.9174408631873346E-002  0.65135909256340652     
  -2.3729885861251295E-002  0.66448767843717649     
  -2.7506615750569698E-002  0.67610368173935687     
  -3.0555125888681214E-002  0.68643965004675045     
  -3.2961079239840450E-002  0.69568110124531135     
  -3.4833857516367320E-002  0.70396339826107557     
  -3.6289199172224861E-002  0.71137617440473766     
  -3.7429703527824355E-002  0.71797738171604120     
  -3.8328947110447951E-002  0.72381519525228599     
  -3.9024053515789060E-002  0.72895237808725366     
  -3.9518484150584267E-002  0.73348569363011962     
  -3.9793171472966168E-002  0.73755370437288059     
  -3.9821599736123377E-002  0.74132998977690578     
  -3.9584038971639361E-002  0.74500391149031031     
  -3.9077379456674798E-002  0.74875530301134618     
  -3.8318566004319474E-002  0.75273110193519899     
  -3.7341213102834739E-002  0.75703049458169103     
  -3.6187116051314347E-002  0.76170188941743389     
  -3.4896775169219005E-002  0.76675203456032948     
  -3.3502871441861322E-002  0.77216526758950954     
  -3.2027539193693340E-002  0.77792814245518038     
  -3.0481249879621371E-002  0.78405233619562553     
  -2.8859790671959987E-002  0.79059062924081780     
  -2.7137348636494692E-002  0.79764577310416407     
  -2.5258472481432384E-002  0.80537342594461137     
  -2.3135654747700574E-002  0.81397968485396488     
  -2.0656102233542639E-002  0.82371618421455861     
  -1.7701582900358885E-002  0.83487267996521708     
  -1.4172527070038432E-002  0.84775911235427992     
  -9.9971307483084065E-003  0.86267935192575462     
  -5.1561226013414289E-003  0.87991253771417677     
   3.1087504913632631E-004  0.89970566958034326     
   6.3167732842452102E-003  0.92226993542999081     
   1.2729418090503687E-002  0.94778839479849375     
   1.9372496188026282E-002  0.97642332137459009     
   2.6030339964298786E-002   1.0083113116369886     
   3.2416036453705874E-002   1.0435346044437006     
   3.8143060213863683E-002   1.0820599402688647     
   4.2777693823848752E-002   1.1236425556467164     
   4.5902438090366982E-002   1.1677600890657844     
   4.7208710047902135E-002   1.2135964868303386     
   4.6576190265145097E-002   1.2600721785128013     
   4.4026430558967627E-002   1.3060054848995286     
   3.9700314587593960E-002   1.3502714794964785     
   3.3895323296830343E-002   1.3919592319851171     
   2.7066971279901490E-002   1.4305083812777646     
   1.9778917117438857E-002   1.4656961300030622     
   1.2595283526197888E-002   1.4975564149324190     
   5.9326043914952392E-003   1.5262593947594747     
  -1.1399623995424569E-005   1.5518306638485724     
  -5.3705526711962208E-003   1.5739652045423052     
  -1.0593936955991841E-002   1.5921068112558738     
  -1.6174319042118811E-002   1.6059434998527840     
  -2.2180878332927614E-002   1.6163522534759893     
  -2.7891253703436251E-002   1.6263866980347665     
  -3.1918101957946574E-002   1.6415736765969355     
  -3.2691058041726152E-002   1.6684605256241560     
  -2.9465494199133101E-002   1.7110820964112032     
  -2.3407566340869844E-002   1.7657847014247576     
  -1.7684573179687045E-002   1.8153513291085888     
  -1.5995134486087255E-002   1.8311743290597691     
  -1.9932526406321583E-002   1.7922146009161162     
  -2.7657079678297572E-002   1.7030909519268422     
  -3.5827941459476653E-002   1.5877273518030923     
  -4.2171701235411758E-002   1.4698941623601733     
  -4.6097588739845791E-002   1.3634424523016364     
  -4.8065645376791616E-002   1.2729172602356249     
  -4.8785716293721165E-002   1.1969990781098836     
  -4.8760403485082669E-002   1.1317912985316010     
  -4.8272083103865493E-002   1.0728901281101930     
  -4.7485680361243121E-002   1.0164433416925198     
  -4.6507132117463205E-002  0.95955748602022473     
  -4.5407394329001684E-002  0.90028416313071236     
  -4.4230834140466982E-002  0.83747167727125271     
  -4.2966879372167088E-002  0.77059217436575833     
  -4.1566288977200133E-002  0.69960582786853642     
  -3.9966734558749543E-002  0.62488830668744222     
  -3.8116785834732637E-002  0.54718877974374702     
  -3.5980656289831520E-002  0.46758273025485314     
  -3.3522027592549769E-002  0.38740687802137347     
  -3.0692621923964682E-002  0.30816758706563807     
  -2.7439044500364138E-002  0.23142661356465494     
  -2.3721819658567511E-002  0.15866637367651196     
  -1.9545088339506189E-002   9.1194750184724102E-002
  -1.4895650508703671E-002   3.0078000509614781E-002
  -9.7300146491379660E-003  -2.3907628818687705E-002
  -3.9773980353661293E-003  -7.0274970020341318E-002
   2.4013072589942142E-003 -0.10880198591561743     
   9.2724013042681623E-003 -0.13951073292117969     
   1.6377360448508370E-002 -0.16268118504163454     
   2.3235562115079173E-002 -0.17895090726935881     
   2.9334218170916731E-002 -0.18944505114845903     
   3.4233577636616781E-002 -0.19585488922191599     
   3.7613403165829770E-002 -0.20036428677948204     
   3.9253165848455819E-002 -0.20536027077204225     
   3.9131887905195041E-002 -0.21307103036416319     
   3.7277643931928797E-002 -0.22525331589166211     
   3.3838105358099058E-002 -0.24309526289495126     
   2.8953726493702460E-002 -0.26729363747211365     
   2.2886438204661349E-002 -0.29818777687818132     
   1.5920486585972931E-002 -0.33581739476200212     
   8.4750325065795617E-003 -0.37990860308622099     
   9.9047759263652148E-004 -0.42979169429645270     
  -6.1973391174742643E-003 -0.48439904615166884     
  -1.2951275397289281E-002 -0.54233549954441262     
  -1.9187752105379558E-002 -0.60204143490716799     
  -2.4909303611890778E-002 -0.66195646905000027     
  -3.0060586709210687E-002 -0.72068832248578563     
  -3.4554967662999231E-002 -0.77713699363546529     
  -3.8348096327466150E-002 -0.83057403035088595     
  -4.1507967175641293E-002 -0.88066365772526212     
  -4.4099893840109976E-002 -0.92745878685604455     
  -4.6155364530003920E-002 -0.97134865063160813     
  -4.7727194901155477E-002  -1.0129766490907486     
  -4.8871423172583868E-002  -1.0531524220063624     
  -4.9647196355032577E-002  -1.0927691048657266     
  -5.0135574582136751E-002  -1.1327269736740493     
  -5.0425629431821530E-002  -1.1738598772227706     
  -5.0574090363338299E-002  -1.2168741797171889     
  -5.0594244309779934E-002  -1.2623000638822532     
  -5.0450768556815982E-002  -1.3104576044012286     
  -5.0073126377459365E-002  -1.3614570849962524     
  -4.9399587534311555E-002  -1.4152122376903682     
  -4.8411476116820805E-002  -1.4714598147257845     
  -4.7156108649772793E-002  -1.5297794192653293     
  -4.5714639464879671E-002  -1.5895875751739057     
  -4.4141263949922606E-002  -1.6501500773339950     
  -4.2424635064879791E-002  -1.7106168555863484     
  -4.0515782850670964E-002  -1.7700952999011905     
  -3.8353804745155158E-002  -1.8277547698037029     
  -3.5889904389751905E-002  -1.8829206223208830     
  -3.3120375470289912E-002  -1.9351396752983498     
  -3.0059556378376671E-002  -1.9841846785299204     
  -2.6702190539803532E-002  -2.0300197010012067     
  -2.3025224951790112E-002  -2.0727135368073242     
  -1.9013078390743440E-002  -2.1123416266996911     
  -1.4669439118099096E-002  -2.1489253899413612     
  -9.9537217550988485E-003  -2.1824023685221445     
  -4.7619724127711078E-003  -2.2127034278192843     
   8.8867167790282974E-004  -2.2397890857196345     
   6.9793505271797101E-003  -2.2637053581535018     
   1.3362532356178224E-002  -2.2846269351116724     
   1.9818439071422399E-002  -2.3027362988542506     
   2.6065720538758264E-002  -2.3181289205552766     
   3.1732903874008622E-002  -2.3307379232940004     
   3.6366048642392235E-002  -2.3403444495210293     
   3.9516513958600404E-002  -2.3469141288000657     
   4.0691389205043491E-002  -2.3508310224807940     
   3.9661318015727969E-002  -2.3529768987596036     
   3.6388924191814533E-002  -2.3545779106715528     
   3.1110553075660959E-002  -2.3568447430441632     
   2.4255126589267116E-002  -2.3607474848669359     
   1.6387705075985529E-002  -2.3669406305663028     
   8.1582584728678055E-003  -2.3757824338288369     
   1.0812483300954671E-004  -2.3874516048438070     
  -7.4651542851322953E-003  -2.4019089733813073     
  -1.4348944273131336E-002  -2.4189863915762100     
  -2.0407463790837795E-002  -2.4385226703378020     
  -2.5507930484970461E-002  -2.4604184023011242     
  -2.9547292233331957E-002  -2.4846755137836856     
  -3.2559941995924276E-002  -2.5113515439318324     
  -3.4717309606441066E-002  -2.5404710865060580     
  -3.6289584474528958E-002  -2.5720224658594213     
  -3.7485113250340388E-002  -2.6059673032979487     
  -3.8393765004575364E-002  -2.6422662587515142     
  -3.9016257952408200E-002  -2.6808736442394836     
  -3.9373254329545575E-002  -2.7216949201455614     
  -3.9517021036938396E-002  -2.7645531171358066     
  -3.9502163225299800E-002  -2.8091490079880099     
  -3.9385878877808804E-002  -2.8550171580350820     
  -3.9266818032924901E-002  -2.9015149263059263     
  -3.9257254362314239E-002  -2.9478041905697774     
  -3.9429308373134228E-002  -2.9928527374034437     
  -3.9770184786750699E-002  -3.0354761766942007     
  -4.0181913899149005E-002  -3.0743955072384588     
  -4.0538332519824846E-002  -3.1083145738366618     
  -4.0778557050514128E-002  -3.1360015337878053     
  -4.0945806684409371E-002  -3.1563676772389035     
  -4.1121709610056519E-002  -3.1685599680060630     
  -4.1319594777631703E-002  -3.1720555340470460     
  -4.1432099232877370E-002  -3.1667499501034309     
  -4.1274496405033258E-002  -3.1530133262750764     
  -4.0648854253551928E-002  -3.1316718711055613     
  -3.9399602786980049E-002  -3.1039268777664124     
  -3.7463701414900137E-002  -3.0712075183021685     
  -3.4807499355158908E-002  -3.0349916669074193     
  -3.1337245756595605E-002  -2.9966370330425254     
  -2.6938712350464085E-002  -2.9572408786308721     
  -2.1568459063178780E-002  -2.9175702845104903     
  -1.5279356780905525E-002  -2.8780707211032706     
  -8.1697349626529969E-003  -2.8389166938498476     
  -3.2020155999217637E-004  -2.8000805563444815     
   8.2677624815989167E-003  -2.7613933974897060     
   1.7595940987294049E-002  -2.7225583008582608     
   2.7672915355519648E-002  -2.6831783118344705     
   3.8283191902033949E-002  -2.6428034456479335     
   4.8733379074050426E-002  -2.6009936963458591     
   5.7948804306848553E-002  -2.5574705276410179     
   6.4774878619295054E-002  -2.5122536547796450     
   6.8294904809094240E-002  -2.4657682384340043     
   6.8215673582846442E-002  -2.4188825168313852     
   6.4915721274151295E-002  -2.3727689430428649     
   5.9275009853734920E-002  -2.3286862516740658     
   5.2225826426577894E-002  -2.2877106901546047     
   4.4532931473921608E-002  -2.2505138213184983     
   3.6793643851171134E-002  -2.2173051881348851     
   2.9350304264706195E-002  -2.1878953848897886     
   2.2309297903761672E-002  -2.1618749374217532     
   1.5734925751542648E-002  -2.1388159053087050     
   9.6379968963552637E-003  -2.1183638321338947     
   4.0490789697233470E-003  -2.1002610955085794     
  -9.8246355113722986E-004  -2.0842896607497896     
  -5.4099636536243979E-003  -2.0702081310718610     
  -9.2125928498426116E-003  -2.0577394352129912     
  -1.2410093980290976E-002  -2.0465766974479793     
  -1.5063683149388342E-002  -2.0364250825446817     
  -1.7267603513956210E-002  -2.0270317112252281     
  -1.9123330008429227E-002  -2.0182089328729016     
  -2.0723315085279675E-002  -2.0098408056920052     
  -2.2153614906905757E-002  -2.0018683154749071     
  -2.3488390199271684E-002  -1.9942742723646274     
  -2.4774506189261771E-002  -1.9870653021958915     
  -2.6025468527736993E-002  -1.9802639986966535     
  -2.7221138817243751E-002  -1.9738922924100109     
  -2.8318664240415910E-002  -1.9679581168556721     
  -2.9263053503925534E-002  -1.9624390842260409     
  -2.9997113014443928E-002  -1.9572749178774902     
  -3.0459818198754356E-002  -1.9523710161454226     
  -3.0604914992766151E-002  -1.9475993038362407     
  -3.0400859263846749E-002  -1.9428085107941759     
  -2.9820180177904328E-002  -1.9378374425232219     
  -2.8851402951459406E-002  -1.9325229415235887     
  -2.7492292461245411E-002  -1.9267119035062550     
  -2.5731738256917460E-002  -1.9202669198021025     
  -2.3557343382059424E-002  -1.9130620322540763     
  -2.0945336090497178E-002  -1.9049835764067899     
  -1.7877479390270956E-002  -1.8959144121163061     
  -1.4356985601846202E-002  -1.8857054366035231     
  -1.0371072642452666E-002  -1.8741729799417355     
  -5.8799606773281745E-003  -1.8611181912866868     
  -8.3724617337533420E-004  -1.8463323572787151     
   4.7994580093639700E-003  -1.8295800828602815     
   1.1049902371805614E-002  -1.8105769839431776     
   1.7869144170915230E-002  -1.7889890596859310     
   2.5104225404914759E-002  -1.7644734528870838     
   3.2474914039176912E-002  -1.7367549031632812     
   3.9591417510770770E-002  -1.7057134622759065     
   4.6011935104618686E-002  -1.6714567470749389     
   5.1326053680030501E-002  -1.6343513589680596     
   5.5232509896219001E-002  -1.5949931498371848     
   5.7576668986116013E-002  -1.5541197737455286     
   5.8333343124486285E-002  -1.5125059887237693     
   5.7558034721565891E-002  -1.4708929619689515     
   5.5351049103158814E-002  -1.4299639671040316     
   5.1853586198046614E-002  -1.3903337020603230     
   4.7249890783659258E-002  -1.3525259594650227     
   4.1747865796836439E-002  -1.3169558547145039     
   3.5554739430366772E-002  -1.2839375049625463     
   2.8881930146161312E-002  -1.2536989622874177     
   2.1971127116246748E-002  -1.2263713658093960     
   1.5095960454018334E-002  -1.2019574596526190     
   8.5190533299498977E-003  -1.1803197779282708     
   2.4355029365061274E-003  -1.1612125047394006     
  -3.0559771860385154E-003  -1.1443408030297639     
  -7.9438116182947698E-003  -1.1294163209739454     
  -1.2271930285836717E-002  -1.1161908511448089     
  -1.6104335396821719E-002  -1.1044661163773029     
  -1.9497985332239783E-002  -1.0940853500543077     
  -2.2490247672469797E-002  -1.0849158912418237     
  -2.5100452362548965E-002  -1.0768328906690803     
  -2.7338659776065807E-002  -1.0697106034362869     
  -2.9213253578892904E-002  -1.0634213898792673     
  -3.0732935749202706E-002  -1.0578379167085190     
  -3.1904341873951803E-002  -1.0528337140437116     
  -3.2729889682235350E-002  -1.0482804013892217     
  -3.3209953763732127E-002  -1.0440438125987959     
  -3.3349894903473488E-002  -1.0399832200327319     
  -3.3168411773309273E-002  -1.0359566866002965     
  -3.2701699198423570E-002  -1.0318320502799541     
  -3.1999219157650582E-002  -1.0274992264924780     
  -3.1110932063618296E-002  -1.0228775687950680     
  -3.0070424317864476E-002  -1.0179132476124417     
  -2.8880923849721140E-002  -1.0125656693673730     
  -2.7510373013665327E-002  -1.0067869857254257     
  -2.5897733133540587E-002  -1.0005021483031271     
  -2.3967091514174341E-002 -0.99359649012430029     
  -2.1642580315510432E-002 -0.98591346387822520     
  -1.8858808811320082E-002 -0.97726045592955679     
  -1.5565953226206162E-002 -0.96741854158152429     
  -1.1731217095566387E-002 -0.95615185943083414     
  -7.3392208967548731E-003 -0.94321461494591541     
  -2.3941517052086412E-003 -0.92835696995385886     
   3.0754455995597287E-003 -0.91133236543026153     
   9.0119550726062529E-003 -0.89190793579303795     
   1.5328136826013616E-002 -0.86987723410115136     
   2.1911668729072065E-002 -0.84507160040041363     
   2.8629598714339087E-002 -0.81736620268446247     
   3.5322742047208325E-002 -0.78668224994225699     
   4.1782385389176911E-002 -0.75299739527012288     
   4.7715443047839153E-002 -0.71638459473710514     
   5.2726107058043557E-002 -0.67709236053376098     
   5.6354534661114633E-002 -0.63564570812209154     
   5.8190542329928686E-002 -0.59290027418458158     
   5.8019776632442871E-002 -0.54997229464499087     
   5.5910962757030003E-002 -0.50803815744069591     
   5.2181177057671765E-002 -0.46810411321348938     
   4.7270779089999528E-002 -0.43087241518478842     
   4.1621209724163055E-002 -0.39673933823546409     
   3.5614586627760014E-002 -0.36586299057624327     
   2.9562570162970873E-002 -0.33823285487969834     
   2.3708612831607086E-002 -0.31372177933989664     
   1.8230180065904825E-002 -0.29212735940387013     
   1.3244919223023014E-002 -0.27320586888895304     
   8.8228834349149462E-003 -0.25669665831913430     
   5.0017749575642012E-003 -0.24233592889272762     
   1.8004300345946576E-003 -0.22986124616643505     
  -7.7378916394789843E-004 -0.21901079638336166     
  -2.7247916884004970E-003 -0.20952271756643820     
  -4.0717333359271048E-003 -0.20113819891896959     
  -4.8527165608747268E-003 -0.19360887947598429     
  -5.1250620072840264E-003 -0.18670664096950598     
  -4.9611823621821555E-003 -0.18023287750818795     
  -4.4410939800395106E-003 -0.17402457075545866     
  -3.6438711838609424E-003 -0.16795568161289262     
  -2.6405115868615341E-003 -0.16193396770458987     
  -1.4898259029159607E-003 -0.15589471820753625     
  -2.3754306900390125E-004 -0.14979350540188077     
   1.0824576094521029E-003 -0.14359963218542732     
   2.4462396025072206E-003 -0.13729085456990350     
   3.8379190228357797E-003 -0.13084906066804566     
   5.2473643242661686E-003 -0.12425662351532407     
   6.6667871979544683E-003 -0.11749391743185700     
   8.0864648123283936E-003 -0.11053892899052375     
   9.4907891432795561E-003 -0.10336924500861011     
   1.0855214530606023E-002  -9.5965719596760174E-002
   1.2142859460195842E-002  -8.8317537011354988E-002
   1.3299485876001641E-002  -8.0430399848350320E-002
   1.4249531024615982E-002  -7.2340230963647126E-002
   1.4900797283487833E-002  -6.4130522534931511E-002
   1.5164119826902004E-002  -5.5943682513776904E-002
   1.4983792684679444E-002  -4.7973446371734722E-002
   1.4362715337423889E-002  -4.0433829492183208E-002
   1.3366097751607627E-002  -3.3515996968711138E-002
   1.2101690689393542E-002  -2.7353388478831665E-002
   1.0689817013992098E-002  -2.2008592425161917E-002
   9.2389581553830175E-003  -1.7480504571539310E-002
   7.8334380767702133E-003  -1.3721453483141787E-002
   6.5308089002120186E-003  -1.0655297803849974E-002
   5.3644512081437133E-003  -8.1924702530752850E-003
   4.3485003929296107E-003  -6.2409738113171666E-003
   3.4833511481018706E-003  -4.7134464701021729E-003
   2.7605225591684252E-003  -3.5310400561924921E-003
   2.1664082401568747E-003  -2.6251226205391289E-003
   1.6850088842877585E-003  -1.9376133920865047E-003
   1.2998350579457956E-003  -1.4204692714716459E-003
   9.9511977832417251E-004  -1.0346947095216013E-003
   7.5650648829349580E-004  -7.4915134009031017E-004
   5.7138081527871793E-004  -5.3933605782527404E-004
   4.2896439021749915E-004  -3.8621876830761167E-004
   3.2025182247003595E-004  -2.7519373018631183E-004
   2.3785697937903660E-004  -1.9517189279523504E-004
   1.7581722332429820E-004  -1.3781831064814493E-004
   1.2938535647420268E-004  -9.6925806211861401E-005
   9.4827513472133375E-005  -6.7911033521364403E-005
   6.9238372857394215E-005  -4.7416357218123735E-005
   5.0379168477685911E-005  -3.3000023676518200E-005
   3.6539813463052578E-005  -2.2898254907469790E-005
   2.6424315385971733E-005  -1.5844874489954584E-005
   1.9057491447208514E-005  -1.0936095566931183E-005
   1.3710296636828922E-005  -7.5301674014057603E-006
   9.8408869021848694E-006  -5.1735763518208251E-006
   7.0486840575430845E-006  -3.5472331793231268E-006
   5.0389713105791900E-006  -2.4275278660721178E-006
   3.5958651792650757E-006  -1.6583339445625078E-006
   2.5618559094353851E-006  -1.1310083646473025E-006
   1.8224380880272374E-006  -7.7018316972949123E-007
   1.2946428186785043E-006  -5.2372208775837362E-007
   9.1853194681600626E-007  -3.5565342082773918E-007
   6.5092316846394182E-007  -2.4121788010048248E-007
   4.6078331959275169E-007  -1.6341144657321725E-007
   3.2586096894667600E-007  -1.1058013931291413E-007
   2.3023450732399641E-007  -7.4751864259425429E-008
   1.6253315466572776E-007  -5.0482779405000798E-008
   1.1465032779941697E-007  -3.4061567278990916E-008
   8.0815790013525958E-008  -2.2961898350211643E-008
   5.6928295483840946E-008  -1.5466511327862047E-008
   4.0076743144157255E-008  -1.0409647855534536E-008
   2.8197338598775332E-008  -7.0009126224208343E-009
   1.9828620244659309E-008  -4.7050288436623199E-009
   1.3936731000857660E-008  -3.1598850644033672E-009
   9.7909988194989609E-009  -2.1207638838813344E-009
   6.8754744933123442E-009  -1.4224415047213753E-009
   4.8261219014467328E-009  -9.5346548984425697E-010
   3.3862782388376549E-009  -6.3871893602225726E-010
   2.3751063559424818E-009  -4.2761509009978126E-010
   1.6652730703653189E-009  -2.8611274909540470E-010
   1.1671706441310897E-009  -1.9132126655255591E-010
   8.1777331497348394E-010  -1.2785871968132021E-010
   5.7277369769252883E-010  -8.5395705066466126E-011
   4.0103782461403636E-010  -5.7000153956968386E-011
   2.8069783336609314E-010  -3.8022817062679455E-011
   1.9640037100572438E-010  -2.5347368392567977E-011
   1.3736999468105207E-010  -1.6886199104199039E-011
   9.6046901696363777E-011  -1.1241634548513406E-011
   6.7129134679172471E-011  -7.4784485317370838E-012
   4.6899475519112207E-011  -4.9712061574038836E-012
   3.2752609735234935E-011  -3.3018826523892724E-012
   2.2863105987177775E-011  -2.1912401742333300E-012
   1.5952361161262369E-011  -1.4528576552828342E-012
   1.1125069590366437E-011  -9.6235282746564148E-013
   7.7545143624401364E-012  -6.3678700914265963E-013
   5.4021304776930480E-012  -4.2089122662096243E-013
   3.7611176495193361E-012  -2.7785939119679349E-013
   2.6169239862930223E-012  -1.8319759129301096E-013
   1.8195609470825991E-012  -1.2061733936374164E-013
   1.2642128922561265E-012  -7.9295102998053147E-014
   8.7766006792879570E-013  -5.2044639611480112E-014
   6.0877489475202908E-013  -3.4098835401401064E-014
   4.2187150127065722E-013  -2.2298300381897734E-014
   2.9205332119823323E-013  -1.4551258639801020E-014
   2.0195949520611171E-013  -9.4742775246052606E-015
   1.3949026618165953E-013  -6.1534649980304615E-015
   9.6217348932372441E-014  -3.9858661412490770E-015
   6.6273411032416468E-014  -2.5742138924893099E-015
   4.5576565276800910E-014  -1.6571489766038017E-015
   3.1289035936338346E-014  -1.0630009768262526E-015
   2.1439455271427740E-014  -6.7920737762881293E-016
   1.4659454873908701E-014  -4.3210256271172597E-016
   1.0000059552294910E-014  -2.7357679938760440E-016
   6.8037770033097030E-015  -1.7228179421274219E-016
   4.6155409987370785E-015  -1.0784179901038552E-016
   3.1207456433813924E-015  -6.7049141019815460E-017
   2.1021592819286126E-015  -4.1368240164414714E-017
   1.4099881072262566E-015  -2.5301171016390125E-017
   9.4109296203093476E-016  -1.5319598244896775E-017
   6.2457325389967967E-016  -9.1684028714867514E-018
   4.1177676841521837E-016  -5.4127780403722673E-018
   2.6938360662618276E-016  -3.1444772583902915E-018
   1.7462350862915400E-016  -1.7918636920065855E-018
   1.1197229817165297E-016  -9.9749204750754154E-019
   7.0872713222703071E-017  -5.3950726512412065E-019
   4.4163789367981352E-017  -2.8138874105091716E-019
   2.6999537140968800E-017  -1.3997087391482080E-019
   1.6104593994785620E-017  -6.5204948324425130E-020
   9.2621116001361321E-018  -2.7463578186734986E-020
   4.9594344281564930E-018  -9.6097923270845115E-021
   2.1311269182573190E-018  -2.0105272341199199E-021
   0.0000000000000000        0.0000000000000000     
