 Initial conditions outputted from a previous simulation. Time =    83.600000000000009     
   40.000000000000000        0.0000000000000000              500           1   83.600000000000009     
   2.9371262632519250E-003  0.14947051209279377     
  -3.6748583473620259E-003  0.14708726431100769     
  -9.5762276273331729E-003  0.14223905117104976     
  -1.4769167811593022E-002  0.13523762702909747     
  -1.9282092100389708E-002  0.12638048463629081     
  -2.3156045074354731E-002  0.11593551322236438     
  -2.6444887825536230E-002  0.10414330724277544     
  -2.9202732559774319E-002   9.1219978540961658E-002
  -3.1482718451474247E-002   7.7358133462013395E-002
  -3.3334703055781401E-002   6.2729603540437440E-002
  -3.4803784892459777E-002   4.7488593344648319E-002
  -3.5930465309238303E-002   3.1775006408389435E-002
  -3.6751853509033976E-002   1.5718411435511743E-002
  -3.7304179561201627E-002  -5.5688072779564747E-004
  -3.7627310454622302E-002  -1.6924538933931491E-002
  -3.7771750804541114E-002  -3.3244567428488130E-002
  -3.7807820969995999E-002  -4.9343893369739641E-002
  -3.7833707993589573E-002  -6.4985506040627153E-002
  -3.7973001796091949E-002  -7.9826748323244864E-002
  -3.8348419717310435E-002  -9.3379857737356950E-002
  -3.9026159922444341E-002 -0.10500363396552714     
  -3.9944985892773593E-002 -0.11395669837689328     
  -4.0861659607625361E-002 -0.11951703737820803     
  -4.1343534404116138E-002 -0.12113442774916407     
  -4.0816791893339317E-002 -0.11856507411496800     
  -3.8660703314722218E-002 -0.11195073894734110     
  -3.4356281891944708E-002 -0.10181939314030351     
  -2.7701112304501098E-002  -8.8974033789566143E-002
  -1.8998907114092588E-002  -7.4235470289044952E-002
  -9.0267898206383788E-003  -5.8099607426161715E-002
   1.2825955823943835E-003  -4.0519043667404817E-002
   1.1213134722807378E-002  -2.0989616061048114E-002
   2.0402785762944305E-002   1.1390991645173752E-003
   2.8722041975894983E-002   2.6385173188000263E-002
   3.6090581257107984E-002   5.5024818112175203E-002
   4.2384879781104536E-002   8.7089283348432814E-002
   4.7446048165490314E-002  0.12236642490693596     
   5.1131614028170215E-002  0.16039114078653552     
   5.3350661797501205E-002  0.20046797893830617     
   5.4055968906305041E-002  0.24175314515938356     
   5.3227261295048497E-002  0.28337783121430155     
   5.0877735837475284E-002  0.32454373445194779     
   4.7065040617329239E-002  0.36452959033126081     
   4.1900154898818313E-002  0.40265993349942009     
   3.5578431444673687E-002  0.43832581546689581     
   2.8410737878567842E-002  0.47106145903088970     
   2.0798089878137003E-002  0.50060900788860863     
   1.3151119985979277E-002  0.52692442796160344     
   5.8138246032668987E-003  0.55013135583155803     
  -9.7060873708064573E-004  0.57045388084096149     
  -7.0589167242644871E-003  0.58815590664957174     
  -1.2388856897681355E-002  0.60350171067297431     
  -1.6953943744485594E-002  0.61673767658380407     
  -2.0782920378740015E-002  0.62808688406143853     
  -2.3929453111942459E-002  0.63774888403699836     
  -2.6467394573835144E-002  0.64590082724961839     
  -2.8484338550975766E-002  0.65269920905848045     
  -3.0070908524709644E-002  0.65828347009183374     
  -3.1308013026408711E-002  0.66278269903133158     
  -3.2256658268592565E-002  0.66632476809672936     
  -3.2954494269288225E-002  0.66904519596545575     
  -3.3419963505568577E-002  0.67109220283252347     
  -3.3661119842215356E-002  0.67262520171423668     
  -3.3684873420979256E-002  0.67380632907124638     
  -3.3503744381215700E-002  0.67478765433140497     
  -3.3139151852730205E-002  0.67569897365297504     
  -3.2621250337276891E-002  0.67664139902524523     
  -3.1985527042450626E-002  0.67768968942268526     
  -3.1266825389867851E-002  0.67890219589950851     
  -3.0492556290236585E-002  0.68033403171521512     
  -2.9677592847972473E-002  0.68204890899025372     
  -2.8822072994885310E-002  0.68412715028772797     
  -2.7909992418962807E-002  0.68666931588021929     
  -2.6905549361306947E-002  0.68979680789888276     
  -2.5747478914199907E-002  0.69365265264641007     
  -2.4347627719125253E-002  0.69840442519601809     
  -2.2598216439051456E-002  0.70424695106208191     
  -2.0388026370158571E-002  0.71140152058457673     
  -1.7619622100538388E-002  0.72011141673169976     
  -1.4225024866249455E-002  0.73063269241233830     
  -1.0173464989100394E-002  0.74321437282710456     
  -5.4621043784678748E-003  0.75807757439533441     
  -1.1762671662709656E-004  0.77541523935640189     
   5.8109320555847681E-003  0.79540671390716722     
   1.2249207781061930E-002  0.81822391972890673     
   1.9089546693603611E-002  0.84403446277218541     
   2.6164188994017141E-002  0.87299586796852369     
   3.3211380660010920E-002  0.90522822217491927     
   3.9861302995553953E-002  0.94075756551801382     
   4.5637033690199891E-002  0.97941318327347537     
   5.0051573381068061E-002   1.0207440881878145     
   5.2677657349193392E-002   1.0639980360818755     
   5.3240525659698827E-002   1.1081379832932936     
   5.1747013209819594E-002   1.1519088392357066     
   4.8458597814308342E-002   1.1940315435368691     
   4.3738776292012435E-002   1.2334654797825553     
   3.7991344778589391E-002   1.2695234550209422     
   3.1620093618465260E-002   1.3018504692648014     
   2.4991075175560973E-002   1.3304051131388388     
   1.8402754350849811E-002   1.3553990531612292     
   1.2081832772495187E-002   1.3771562019807053     
   6.1912524237249366E-003   1.3959607683747681     
   7.4953261796657496E-004   1.4119124861887562     
  -4.4037594439212636E-003   1.4248777369391479     
  -9.5085326493294011E-003   1.4346278048989214     
  -1.4692171797788355E-002   1.4412356129299153     
  -1.9755920052527572E-002   1.4456711967859850     
  -2.4154880360137573E-002   1.4503198260182135     
  -2.7105330871245316E-002   1.4590188233715351     
  -2.7830594553154960E-002   1.4761607754255459     
  -2.6041519248858176E-002   1.5045843756433237     
  -2.2447128601499364E-002   1.5423981680777636     
  -1.8705885632256704E-002   1.5796332770941850     
  -1.6959719556952645E-002   1.5983338074271107     
  -1.8691321664827534E-002   1.5806514612051610     
  -2.3657128176548203E-002   1.5207581932074099     
  -3.0130040588321701E-002   1.4280966808580140     
  -3.6208509867342309E-002   1.3192082144610435     
  -4.0704915634496380E-002   1.2083385875748716     
  -4.3333556596069273E-002   1.1037915736277344     
  -4.4359923960890807E-002   1.0085588034650841     
  -4.4223542835351827E-002  0.92231526363514316     
  -4.3338331356405038E-002  0.84317804168985888     
  -4.2012465706712972E-002  0.76883536312341183     
  -4.0424767818669639E-002  0.69718114432501310     
  -3.8644817509099434E-002  0.62657981873774360     
  -3.6671830492679774E-002  0.55589716810371625     
  -3.4471585437773664E-002  0.48443860170999270     
  -3.1982423729651731E-002  0.41188556314119812     
  -2.9134167627732882E-002  0.33826972499578950     
  -2.5861519401450248E-002  0.26398430069241829     
  -2.2107594139476043E-002  0.18982001127483603     
  -1.7843076480829823E-002  0.11693855081837919     
  -1.3074950880755496E-002   4.6789163753200122E-002
  -7.7959883835237425E-003  -1.9026278662095608E-002
  -2.0586916778282875E-003  -7.8897536170367766E-002
   4.1594147682946052E-003 -0.13137695189679000     
   1.0871151771617026E-002 -0.17534179381013465     
   1.7976617482749507E-002 -0.21012064274311110     
   2.5298967002276761E-002 -0.23561000091888859     
   3.2410612659432472E-002 -0.25233343363627503     
   3.8773858093361702E-002 -0.26148479529633412     
   4.3889742072213911E-002 -0.26491247980811600     
   4.7402520598528411E-002 -0.26491834767606121     
   4.9154465244375792E-002 -0.26396073665630954     
   4.9084032295971712E-002 -0.26432658380143143     
   4.7136406946892938E-002 -0.26793239223113158     
   4.3419505090329019E-002 -0.27634920550192321     
   3.8022624262274991E-002 -0.29087431178338541     
   3.1260325063851083E-002 -0.31255317484366973     
   2.3531438619576444E-002 -0.34204901485736405     
   1.5311720956103446E-002 -0.37945537548529917     
   7.0314041255479572E-003 -0.42420859115637716     
  -9.6397033210960292E-004 -0.47515267241978931     
  -8.4628030731155480E-003 -0.53074859655676287     
  -1.5303403801138591E-002 -0.58930129628812900     
  -2.1463830193879516E-002 -0.64912696664641345     
  -2.6853743096150916E-002 -0.70869808180131821     
  -3.1461561903105326E-002 -0.76668828890003426     
  -3.5326580109081296E-002 -0.82203482167704500     
  -3.8536857486790227E-002 -0.87398260037808684     
  -4.1162156744155826E-002 -0.92210519270088531     
  -4.3253995736458363E-002 -0.96632719436681480     
  -4.4869945578133542E-002  -1.0068945712027491     
  -4.6098553588753893E-002  -1.0443445868621983     
  -4.7027350849704205E-002  -1.0794810085368811     
  -4.7708889271689474E-002  -1.1133418513581070     
  -4.8151485679331231E-002  -1.1471405350124881     
  -4.8333960125463413E-002  -1.1821393961489757     
  -4.8237777330749430E-002  -1.2194882613458620     
  -4.7843281628097215E-002  -1.2600657713693915     
  -4.7132530852475436E-002  -1.3043795121983186     
  -4.6113952431454421E-002  -1.3525512172306471     
  -4.4849156096051015E-002  -1.4043565641793361     
  -4.3444272655913579E-002  -1.4592867427236627     
  -4.1978686125687621E-002  -1.5166130036457321     
  -4.0460227104632825E-002  -1.5754410333977562     
  -3.8825298594918338E-002  -1.6347769167595403     
  -3.6987174263387809E-002  -1.6935952598578861     
  -3.4894800924721935E-002  -1.7508953748894758     
  -3.2526692408624491E-002  -1.8057484883030275     
  -2.9841459966805435E-002  -1.8573114603325194     
  -2.6756107905306064E-002  -1.9048268110313082     
  -2.3165702668084130E-002  -1.9476696178055339     
  -1.8994116041341703E-002  -1.9853747552226082     
  -1.4210365821786945E-002  -2.0177059269361006     
  -8.7839255345208925E-003  -2.0447212032995341     
  -2.7079015532492602E-003  -2.0667456513527371     
   3.9648895811061000E-003  -2.0843399000219214     
   1.1122716486321129E-002  -2.0981540182995886     
   1.8553716758230514E-002  -2.1087808937224550     
   2.5849111858348400E-002  -2.1166838416432241     
   3.2547154978593958E-002  -2.1221778152357911     
   3.8242844567489984E-002  -2.1255468771124089     
   4.2514031131345019E-002  -2.1270908593349898     
   4.4851016583210813E-002  -2.1272028459729655     
   4.4790846237348025E-002  -2.1264958587169791     
   4.2099477987867125E-002  -2.1259012904738195     
   3.6860188253661580E-002  -2.1267351894353861     
   2.9497909020634108E-002  -2.1304486022177977     
   2.0766305088624173E-002  -2.1381513009236031     
   1.1491451124264064E-002  -2.1502507603142536     
   2.3156612726593952E-003  -2.1663001094325969     
  -6.3103147138835088E-003  -2.1853012689447837     
  -1.4089889491960753E-002  -2.2061623783782154     
  -2.0867216519674780E-002  -2.2280282161876581     
  -2.6655524788365532E-002  -2.2503813628940761     
  -3.1548580371209715E-002  -2.2729277883495209     
  -3.5631443930450181E-002  -2.2955056354632108     
  -3.8989547305971269E-002  -2.3180172465088495     
  -4.1729463269602599E-002  -2.3404403778837812     
  -4.3877441559540147E-002  -2.3629392388077775     
  -4.5456067535397493E-002  -2.3859062592421201     
  -4.6562776426756443E-002  -2.4100204184186862     
  -4.7335238632060669E-002  -2.4362127988812938     
  -4.7852107401853812E-002  -2.4655263913852052     
  -4.8145425054821986E-002  -2.4989221665249732     
  -4.8235620418244973E-002  -2.5370011124948908     
  -4.8163211597514168E-002  -2.5798068646622765     
  -4.7994597539098925E-002  -2.6267432519125533     
  -4.7837773045558869E-002  -2.6766276101667996     
  -4.7756957691792182E-002  -2.7279004349515836     
  -4.7712309633488124E-002  -2.7788470690521576     
  -4.7652749767664912E-002  -2.8277850189154203     
  -4.7552705636482777E-002  -2.8731996350958355     
  -4.7344401223501559E-002  -2.9138073045998487     
  -4.6921086001157228E-002  -2.9485603358747952     
  -4.6181293297324788E-002  -2.9765974727849041     
  -4.5059688391860815E-002  -2.9972037391915114     
  -4.3568369368919280E-002  -3.0098190492819792     
  -4.1786799056164912E-002  -3.0140753157005724     
  -3.9774540783696820E-002  -3.0098634318104591     
  -3.7482159127697631E-002  -2.9973903719545585     
  -3.4781993071190190E-002  -2.9771596534279157     
  -3.1532864445877481E-002  -2.9498992276571379     
  -2.7622302854681063E-002  -2.9164562322596148     
  -2.2996826408355920E-002  -2.8776948392897088     
  -1.7612241504945805E-002  -2.8344122621015790     
  -1.1399235541328019E-002  -2.7872771369864284     
  -4.2210460195768419E-003  -2.7368507561987889     
   3.9522426583798228E-003  -2.6836567709214996     
   1.2947284102683251E-002  -2.6282239469278106     
   2.2493414748509643E-002  -2.5711321804381027     
   3.2244699542890269E-002  -2.5129833606341778     
   4.1591532823718941E-002  -2.4544179155568986     
   4.9614934884186286E-002  -2.3961943416070000     
   5.5182944600320180E-002  -2.3393170391176832     
   5.7359216888239778E-002  -2.2850746120930339     
   5.5759461903162430E-002  -2.2348218635593349     
   5.0823320877394738E-002  -2.1896009840904531     
   4.3635124639748078E-002  -2.1498506696568351     
   3.5375309282042466E-002  -2.1153017156100420     
   2.6946707023222265E-002  -2.0851833958337820     
   1.8919018124524168E-002  -2.0586020445983202     
   1.1536205530345692E-002  -2.0348458579439574     
   4.8575058483035427E-003  -2.0135069094514533     
  -1.1821013916393120E-003  -1.9944298153542039     
  -6.6613347252414265E-003  -1.9775819101558381     
  -1.1609343272772040E-002  -1.9629201348243674     
  -1.6023658476070863E-002  -1.9503043922267336     
  -1.9878985543272169E-002  -1.9394909698848448     
  -2.3164650678024274E-002  -1.9301678479707238     
  -2.5897684581263371E-002  -1.9220208351198158     
  -2.8120475798041143E-002  -1.9147762224538070     
  -2.9901900832389746E-002  -1.9082206479039154     
  -3.1325439560890046E-002  -1.9022018793946247     
  -3.2483245180433371E-002  -1.8966136653402792     
  -3.3462668987065625E-002  -1.8913870918916214     
  -3.4327484672379102E-002  -1.8864799025084864     
  -3.5112319414801398E-002  -1.8818678408857885     
  -3.5819570323124619E-002  -1.8775331891101603     
  -3.6430204457077439E-002  -1.8734495415838786     
  -3.6905578804406709E-002  -1.8695704120756353     
  -3.7194859531132107E-002  -1.8658227745979319     
  -3.7240169780661435E-002  -1.8621077856265087     
  -3.6985434854468806E-002  -1.8583047701186040     
  -3.6387973918380036E-002  -1.8542790319057041     
  -3.5423249664647882E-002  -1.8498899333638883     
  -3.4070020133848113E-002  -1.8449944132464420     
  -3.2331083038065950E-002  -1.8394538211826394     
  -3.0193677882222311E-002  -1.8331273028298498     
  -2.7638005939625881E-002  -1.8258715476355274     
  -2.4683032287188687E-002  -1.8175387482231404     
  -2.1352477311336340E-002  -1.8079738179638520     
  -1.7611492999507670E-002  -1.7970145665124031     
  -1.3433665867422331E-002  -1.7844947508939095     
  -8.8002271589392462E-003  -1.7702370019500580     
  -3.6671393938690162E-003  -1.7540612386646772     
   1.9895351661277905E-003  -1.7357782442888618     
   8.1382222390161216E-003  -1.7151839991643358     
   1.4704239014395005E-002  -1.6920607951619804     
   2.1548788069582967E-002  -1.6661822902163919     
   2.8442005561044589E-002  -1.6373483413430432     
   3.5044894339243550E-002  -1.6054741108825255     
   4.0924860963791380E-002  -1.5706933683466666     
   4.5640373321674060E-002  -1.5334137087740620     
   4.8854277021676919E-002  -1.4942927755020587     
   5.0397678622192466E-002  -1.4541462220048946     
   5.0256919003911799E-002  -1.4138299281468463     
   4.8524493292620263E-002  -1.3741469402617765     
   4.5358840109211145E-002  -1.3358019779344263     
   4.0962995517423204E-002  -1.2993871942486450     
   3.5575921913144258E-002  -1.2653717607564892     
   2.9467055921200292E-002  -1.2340863819937451     
   2.2919796044185082E-002  -1.2057135251123863     
   1.6201564895982727E-002  -1.1802969424898995     
   9.5389314451759886E-003  -1.1577706356899737     
   3.1137189699901673E-003  -1.1379918833111300     
  -2.9273626674929682E-003  -1.1207630795419248     
  -8.4675326577022675E-003  -1.1058424171967549     
  -1.3425362862385241E-002  -1.0929544227442047     
  -1.7763371224264218E-002  -1.0818075255009494     
  -2.1490685821080949E-002  -1.0721165831243591     
  -2.4656412719733900E-002  -1.0636242594090473     
  -2.7335561233369016E-002  -1.0561162916365581     
  -2.9611505289725223E-002  -1.0494279030567866     
  -3.1559085728835909E-002  -1.0434405786460224     
  -3.3232132202780068E-002  -1.0380705628389699     
  -3.4658340158441686E-002  -1.0332526928169103     
  -3.5842145346176274E-002  -1.0289246020222387     
  -3.6773063159437201E-002  -1.0250157602167707     
  -3.7434996375387934E-002  -1.0214431571615672     
  -3.7812655675088902E-002  -1.0181122122302273     
  -3.7893900924765515E-002  -1.0149197049749170     
  -3.7669607391722593E-002  -1.0117560307157618     
  -3.7133835913215375E-002  -1.0085061667359243     
  -3.6286103337692055E-002  -1.0050508108198093     
  -3.5135257669656951E-002  -1.0012698277175451     
  -3.3702411051627364E-002 -0.99704897241192303     
  -3.2019820955379169E-002 -0.99228854790030674     
  -3.0123852882389217E-002 -0.98691050391628588     
  -2.8042712305176496E-002 -0.98085968417164437     
  -2.5782518467715392E-002 -0.97409617814732552     
  -2.3317076351106383E-002 -0.96657888428187266     
  -2.0586137433677345E-002 -0.95824410105142988     
  -1.7504201694680709E-002 -0.94898535154827879     
  -1.3978283682027826E-002 -0.93864071112707570     
  -9.9296748444975685E-003 -0.92699171438587791     
  -5.3132293084295675E-003 -0.91377425976804838     
  -1.2969903150850009E-004 -0.89869867953581306     
   5.5697787771515879E-003 -0.88147445391646495     
   1.1685613444241487E-002 -0.86183423944148585     
   1.8074646271221382E-002 -0.83955401891013937     
   2.4552757414417165E-002 -0.81447098687454667     
   3.0892843268893716E-002 -0.78650488624377568     
   3.6824456080892208E-002 -0.75568815500951769     
   4.2048103850872973E-002 -0.72220187503410471     
   4.6271165623972155E-002 -0.68640084354999686     
   4.9252688735132479E-002 -0.64880657022707700     
   5.0828978073735598E-002 -0.61006558433934033     
   5.0904924827477528E-002 -0.57090008997555264     
   4.9433933413544899E-002 -0.53208107382024938     
   4.6429174537443531E-002 -0.49441474318720952     
   4.2015083569583216E-002 -0.45869598378627802     
   3.6470180356140344E-002 -0.42560579508019070     
   3.0202617232000628E-002 -0.39559813230395729     
   2.3658685584340332E-002 -0.36885087880747669     
   1.7225077060494049E-002 -0.34530579400106259     
   1.1180803656399351E-002 -0.32475474699956886     
   5.7023906996366358E-003 -0.30691661571864437     
   8.9103384422058358E-004 -0.29148273067596125     
  -3.2045138837705563E-003 -0.27813843285096757     
  -6.5762466517341007E-003 -0.26657500331375189     
  -9.2516283899269757E-003 -0.25650093361748083     
  -1.1287068232124319E-002 -0.24765418920895790     
  -1.2755377894839982E-002 -0.23981151615020815     
  -1.3728779378874015E-002 -0.23278964224631526     
  -1.4264024715558226E-002 -0.22643667414246563     
  -1.4396179790075554E-002 -0.22061719183936626     
  -1.4143239435230050E-002 -0.21519791898810500     
  -1.3518181870002921E-002 -0.21004032968420261     
  -1.2541752537605420E-002 -0.20500261372545375     
  -1.1249980330124891E-002 -0.19994869064665480     
  -9.6942106102240258E-003 -0.19475922609757995     
  -7.9355731535002451E-003 -0.18933994169322296     
  -6.0379292723981509E-003 -0.18362509086130699     
  -4.0626073656591152E-003 -0.17757693838043412     
  -2.0654629221355364E-003 -0.17118350574272193     
  -9.4219279134471654E-005 -0.16445582312788348     
   1.8159627442379742E-003 -0.15742354382393114     
   3.6478140389809900E-003 -0.15012666521266541     
   5.4040977560484340E-003 -0.14260312314535337     
   7.1025497156387458E-003 -0.13487598348535565     
   8.7637527532130576E-003 -0.12694617527267962     
   1.0396862465227827E-002 -0.11879466338620849     
   1.1989052523217723E-002 -0.11039319834931857     
   1.3501006047311241E-002 -0.10171957417976475     
   1.4866943941575051E-002  -9.2774061230210217E-002
   1.5998084814526269E-002  -8.3596062577100463E-002
   1.6792340617328538E-002  -7.4279479801186474E-002
   1.7154281141258224E-002  -6.4980643958774106E-002
   1.7023187007344492E-002  -5.5909360139971567E-002
   1.6397338248659570E-002  -4.7298721228313377E-002
   1.5340174342109327E-002  -3.9362128686235058E-002
   1.3963823369220198E-002  -3.2255548635353966E-002
   1.2399648450186365E-002  -2.6059676482511784E-002
   1.0770921545668957E-002  -2.0783719323966769E-002
   9.1766255535391094E-003  -1.6382152452809110E-002
   7.6863566013774913E-003  -1.2774597504007066E-002
   6.3421816689316745E-003  -9.8631569763122495E-003
   5.1637562682784639E-003  -7.5453357795767038E-003
   4.1543529450866461E-003  -5.7225313011563172E-003
   3.3063742471594656E-003  -4.3048887502958894E-003
   2.6057408869869614E-003  -3.2135882125850102E-003
   2.0351443797910060E-003  -2.3814688849510060E-003
   1.5763321305775355E-003  -1.7526165253344010E-003
   1.2115901034620339E-003  -1.2813595941640679E-003
   9.2460980202672591E-004  -9.3099723614790584E-004
   7.0092822446653387E-004  -6.7246270275129940E-004
   5.2808252386988142E-004  -4.8303554634902455E-004
   3.9557745944522062E-004  -3.4516694749047789E-004
   2.9474093522817804E-004  -2.4545142396393725E-004
   2.1852286531482386E-004  -1.7375349679888243E-004
   1.6127275666025058E-004  -1.2248309105005392E-004
   1.1851828426939595E-004  -8.6006709176112558E-005
   8.6759002830767874E-005  -6.0177731550337658E-005
   6.3282712961303190E-005  -4.1967576001103381E-005
   4.6007139771680139E-005  -2.9180081096277455E-005
   3.3346847671595720E-005  -2.0233236787968286E-005
   2.4103764076586113E-005  -1.3994378253120688E-005
   1.7378729875213499E-005  -9.6570772928360508E-006
   1.2501108435659875E-005  -6.6500911483620818E-006
   8.9735140424689611E-006  -4.5706392967638706E-006
   6.4289298336743268E-006  -3.1359106451336350E-006
   4.5977824415440886E-006  -2.1480803917806272E-006
   3.2828923502353527E-006  -1.4692429845606749E-006
   2.3405729628328571E-006  -1.0035593593999102E-006
   1.6664731367084668E-006  -6.8461047782386646E-007
   1.1850407172043631E-006  -4.6648198342743678E-007
   8.4172589483868696E-007  -3.1750641572349622E-007
   5.9724156715192032E-007  -2.1588772816373443E-007
   4.2335721788183379E-007  -1.4665242378479687E-007
   2.9982908485314076E-007  -9.9531655762465045E-008
   2.1216781902191775E-007  -6.7494115394191401E-008
   1.5002045810679461E-007  -4.5732264419156537E-008
   1.0600109164809523E-007  -3.0963402170195667E-008
   7.4848021319583208E-008  -2.0948777915061925E-008
   5.2817702114537801E-008  -1.4163338206253879E-008
   3.7249881844724079E-008  -9.5693061580131305E-009
   2.6256186774429419E-008  -6.4611876990086573E-009
   1.8497504758160565E-008  -4.3598228799265298E-009
   1.3025101836511532E-008  -2.9400572168874619E-009
   9.1673919055991735E-009  -1.9814241661358094E-009
   6.4493495156735772E-009  -1.3345554296660294E-009
   4.5352252074920928E-009  -8.9832711258850962E-010
   3.1878707778330840E-009  -6.0432544434961859E-010
   2.2398879805018359E-009  -4.0629736687325501E-010
   1.5731830844984133E-009  -2.7299248345816368E-010
   1.1044907978487361E-009  -1.8331003771169467E-010
   7.7513290178244310E-010  -1.2301116042845975E-010
   5.4377815984811540E-010  -8.2493138923589385E-011
   3.8132746518082778E-010  -5.5283686697186979E-011
   2.6730268107799061E-010  -3.7022971601932224E-011
   1.8729861536488984E-010  -2.4775836205663406E-011
   1.3118612957090620E-010  -1.6567392439265415E-011
   9.1845608467562118E-011  -1.1069630146567782E-011
   6.4274684168175826E-011  -7.3900559322671490E-012
   4.4959911395492802E-011  -4.9292256590955786E-012
   3.1434504097276392E-011  -3.2847685785550453E-012
   2.1967164825019016E-011  -2.1867675704764863E-012
   1.5343235746399106E-011  -1.4542755295322187E-012
   1.0710838849295168E-011  -9.6607105748718103E-013
   7.4727461155052112E-012  -6.4100181622140463E-013
   5.2104152228306498E-012  -4.2477992496225008E-013
   3.6306413121016240E-012  -2.8111687374747693E-013
   2.5281046618676333E-012  -1.8577547147008098E-013
   1.7590869891939047E-012  -1.2258151188815815E-013
   1.2230322165193782E-012  -8.0751243774582517E-014
   8.4961503972245168E-013  -5.3101772580833784E-014
   5.8967534927268863E-013  -3.4853557591818030E-014
   4.0886511951045122E-013  -2.2829711905821718E-014
   2.8319784393791829E-013  -1.4921046568217304E-014
   1.9593196790537050E-013  -9.7289609456702226E-015
   1.3538934194429195E-013  -6.3272659986082307E-015
   9.3428808899251234E-014  -4.1034802988913208E-015
   6.4378647290084094E-014  -2.6531868744105523E-015
   4.4290273722252603E-014  -1.7097855583509184E-015
   3.0416778023700547E-014  -1.0978347496913995E-015
   2.0848741252643374E-014  -7.0209880261551332E-016
   1.4260033361327789E-014  -4.4704104722360392E-016
   9.7304783181340858E-015  -2.8325625003658103E-016
   6.6222175859059044E-015  -1.7850766271035103E-016
   4.4935670698025741E-015  -1.1181545521192942E-016
   3.0390385990446268E-015  -6.9564455816451095E-017
   2.0476095342446998E-015  -4.2946218615268446E-017
   1.3737114342609284E-015  -2.6281386177973236E-017
   9.1707813794846806E-016  -1.5921808986885340E-017
   6.0876047912981273E-016  -9.5337790663779154E-018
   4.0143005392855441E-016  -5.6312922317966554E-018
   2.6266368799555215E-016  -3.2729828042461332E-018
   1.7029750706672996E-016  -1.8659467183953565E-018
   1.0921658720349633E-016  -1.0391891895944315E-018
   6.9139276045485094E-017  -5.6229633504811454E-019
   4.3089797656471479E-017  -2.9339237881124788E-019
   2.6346337563206619E-017  -1.4599713248459988E-019
   1.5716705778997686E-017  -6.8036323877302829E-020
   9.0398304551289245E-018  -2.8665370494071142E-020
   4.8407420531848538E-018  -1.0033193469516833E-020
   2.0802503098155920E-018  -2.0997211139265898E-021
   0.0000000000000000        0.0000000000000000     
