 Initial conditions outputted from a previous simulation. Time =    23.200000000000003     
   40.000000000000000        0.0000000000000000              500           1   23.200000000000003     
  -3.3887864056503951E-002   6.9036395926951308E-002
  -3.5050549241667367E-002   5.3630844434448106E-002
  -3.5968626099580882E-002   3.7792108950962668E-002
  -3.6584395272671211E-002   2.1653247530160142E-002
  -3.6952850944022057E-002   5.3013471832121257E-003
  -3.7017490324206398E-002  -1.1104878152174537E-002
  -3.6798004836839530E-002  -2.7483344870339356E-002
  -3.6282662237381476E-002  -4.3719905717242137E-002
  -3.5452474086646757E-002  -5.9701220731200745E-002
  -3.4285932278867420E-002  -7.5309698759294066E-002
  -3.2752627167265194E-002  -9.0416162785873319E-002
  -3.0814906536507026E-002 -0.10487914342758803     
  -2.8429146269682515E-002 -0.11854195850761706     
  -2.5546119955874177E-002 -0.13122941752267150     
  -2.2112895053793491E-002 -0.14274532142130383     
  -1.8076053396447044E-002 -0.15287011255503555     
  -1.3386264585282883E-002 -0.16135886418187673     
  -8.0049099076261281E-003 -0.16794008414097863     
  -1.9131583548335697E-003 -0.17231590803164043     
   4.8764812790006240E-003 -0.17416491822110181     
   1.2306343444653542E-002 -0.17315001107147343     
   2.0257795571698638E-002 -0.16893523174909725     
   2.8533448145779194E-002 -0.16121584320249163     
   3.6837908147003454E-002 -0.14976351217337100     
   4.4762378007303566E-002 -0.13448522993921411     
   5.1789283027714933E-002 -0.11549317676610614     
   5.7340380613969830E-002  -9.3178307821601927E-002
   6.0877137172538731E-002  -6.8264608910636501E-002
   6.2025490598688476E-002  -4.1802436542900785E-002
   6.0670208408178626E-002  -1.5066748634175274E-002
   5.6976173830036447E-002   1.0627308312145605E-002
   5.1334377676571986E-002   3.4125151597478955E-002
   4.4264500945156431E-002   5.4572714210645065E-002
   3.6314365486089017E-002   7.1459998208218786E-002
   2.7983897434724014E-002   8.4585021387634782E-002
   1.9682215022250003E-002   9.3978501433877953E-002
   1.1713245602769370E-002   9.9823928280577318E-002
   4.2808132736134900E-003  0.10239203137455383     
  -2.4957253792782484E-003  0.10199480972803558     
  -8.5624197416507581E-003   9.8956050895038297E-002
  -1.3912413371531743E-002   9.3593261255475610E-002
  -1.8570032377884571E-002   8.6207139033971203E-002
  -2.2578138007409800E-002   7.7075992448906644E-002
  -2.5989233246554617E-002   6.6453613583018739E-002
  -2.8859565868471101E-002   5.4569653943879942E-002
  -3.1244888617749156E-002   4.1631323583524643E-002
  -3.3197100345961898E-002   2.7825282498450961E-002
  -3.4761569154818962E-002   1.3319201077774668E-002
  -3.5975166245626827E-002  -1.7369628843907786E-003
  -3.6865171570349305E-002  -1.7209610233914624E-002
  -3.7449212122289147E-002  -3.2979574987482413E-002
  -3.7736200940517675E-002  -4.8939202294207666E-002
  -3.7727957786962370E-002  -6.4988242808451918E-002
  -3.7420911112984054E-002  -8.1028687470633270E-002
  -3.6807151487619795E-002  -9.6959033257491320E-002
  -3.5874282054399645E-002 -0.11266882487111883     
  -3.4603991015826945E-002 -0.12803442880364546     
  -3.2969916618988807E-002 -0.14291665433761513     
  -3.0935926609833988E-002 -0.15716011697965870     
  -2.8456025913946480E-002 -0.17059348918132677     
  -2.5476541574818656E-002 -0.18302939619342010     
  -2.1940298247305017E-002 -0.19426298964663141     
  -1.7791875174216709E-002 -0.20406915639803619     
  -1.2983259435146010E-002 -0.21219938270624736     
  -7.4801429466975827E-003 -0.21837984690708148     
  -1.2701370553820138E-003 -0.22231211377500854     
   5.6261505519119197E-003 -0.22367734821358889     
   1.3140609688656376E-002 -0.22214537963529432     
   2.1140375567136317E-002 -0.21739127850345977     
   2.9409281221624384E-002 -0.20912281346098391     
   3.7632473070511131E-002 -0.19712322157366058     
   4.5390274067569784E-002 -0.18131362096808998     
   5.2173975057530006E-002 -0.16183241955022509     
   5.7436667009691120E-002 -0.13911440298242184     
   6.0681383962265779E-002 -0.11393598518300346     
   6.1574911829208191E-002  -8.7389254068231226E-002
   6.0033987190248453E-002  -6.0763470068151096E-002
   5.6236262983480112E-002  -3.5351693538218917E-002
   5.0565696968690788E-002  -1.2255677443402710E-002
   4.3518337648930226E-002   7.7363386630260713E-003
   3.5613587155760781E-002   2.4176111423986495E-002
   2.7330887270345088E-002   3.6909707786491816E-002
   1.9070258766787019E-002   4.5996055763302998E-002
   1.1135401743555352E-002   5.1627520400736086E-002
   3.7373072651376671E-003   5.4069827828023241E-002
  -3.0032288190182587E-003   5.3621462017849418E-002
  -9.0298311388825759E-003   5.0585509731036496E-002
  -1.4337365708757974E-002   4.5257395507241081E-002
  -1.8958937563576705E-002   3.7921024091707570E-002
  -2.2944780141964469E-002   2.8844510671233885E-002
  -2.6353865405731109E-002   1.8274846146755171E-002
  -2.9243032196511535E-002   6.4368050629283555E-003
  -3.1660526180910545E-002  -6.4632000378031240E-003
  -3.3657541673335505E-002  -2.0237788875841420E-002
  -3.5279052017408580E-002  -3.4721314474671867E-002
  -3.6558584242363322E-002  -4.9767601768080823E-002
  -3.7515988374523385E-002  -6.5246381311942853E-002
  -3.8158346518190112E-002  -8.1036813495497809E-002
  -3.8492369228780028E-002  -9.7018033847052709E-002
  -3.8521681392137519E-002 -0.11307076506157585     
  -3.8234968848136916E-002 -0.12907665713685540     
  -3.7606086688497201E-002 -0.14491612945221524     
  -3.6608295279175869E-002 -0.16046366767433640     
  -3.5204606559177107E-002 -0.17559026259872199     
  -3.3350112957256435E-002 -0.19016338624908652     
  -3.1011116526632510E-002 -0.20403117006893923     
  -2.8166175506976029E-002 -0.21701939340771759     
  -2.4812690080419562E-002 -0.22893671958444797     
  -2.0956432123566845E-002 -0.23957944723638688     
  -1.6582290307952215E-002 -0.24875193951014829     
  -1.1679772835270113E-002 -0.25627220876340490     
  -6.2547252725537071E-003 -0.26197302841017583     
  -3.4021601508558102E-004 -0.26572317339683271     
   6.0048567848499735E-003 -0.26743520519306369     
   1.2767605410353149E-002 -0.26705688839475300     
   1.9928539043286436E-002 -0.26456804023438812     
   2.7395519223823894E-002 -0.25993222448972136     
   3.5009946471581392E-002 -0.25310257895576027     
   4.2399015816623337E-002 -0.24402155718176363     
   4.9008547590706830E-002 -0.23268258186616295     
   5.4267571085352628E-002 -0.21924406906187013     
   5.7679406287305945E-002 -0.20403577933452954     
   5.8942998577669735E-002 -0.18751936349281143     
   5.7968612956954380E-002 -0.17023950653924239     
   5.4840541394603641E-002 -0.15275202533579518     
   4.9848124001143766E-002 -0.13570047480996164     
   4.3351011173308404E-002 -0.11986756249228518     
   3.5742836414444590E-002 -0.10613875127756549     
   2.7458817726662591E-002  -9.5412254261514270E-002
   1.8889326327964150E-002  -8.8347199987456701E-002
   1.0418570075343305E-002  -8.5197219914277020E-002
   2.4253028494576325E-003  -8.5821858363385517E-002
  -4.8057094103262340E-003  -8.9778120149470536E-002
  -1.1122257744570489E-002  -9.6507160199812564E-002
  -1.6509769463023988E-002 -0.10546470376883556     
  -2.1019530516054222E-002 -0.11617867180938786     
  -2.4750704682222752E-002 -0.12827217270128288     
  -2.7840364191699253E-002 -0.14143624636139554     
  -3.0389439672751907E-002 -0.15541339491674172     
  -3.2469320345944588E-002 -0.16998676052875988     
  -3.4136813684409885E-002 -0.18496378208227182     
  -3.5421261878169248E-002 -0.20018423663718454     
  -3.6342021593732718E-002 -0.21552584839305491     
  -3.6921398034542703E-002 -0.23091511066464715     
  -3.7193826717106623E-002 -0.24633149368696206     
  -3.7192121137126596E-002 -0.26180429158378943     
  -3.6940356966426238E-002 -0.27739782247224115     
  -3.6486641075520174E-002 -0.29318178647527132     
  -3.5868620956499932E-002 -0.30920053643422507     
  -3.5081815451190448E-002 -0.32544153058802577     
  -3.4101856065693485E-002 -0.34180850687220560     
  -3.2882011996750594E-002 -0.35811037087760289     
  -3.1326883264298964E-002 -0.37407057231760160     
  -2.9317976159306702E-002 -0.38934298619889884     
  -2.6758962451239758E-002 -0.40354301900044470     
  -2.3593885236969540E-002 -0.41628848213172825     
  -1.9792982668655965E-002 -0.42723157139447515     
  -1.5358537373203699E-002 -0.43606681289863297     
  -1.0302177635436290E-002 -0.44251302741954612     
  -4.6058070138729462E-003 -0.44628849434170564     
   1.7716398347443869E-003 -0.44709000474600119     
   8.8207489746374018E-003 -0.44458307300981004     
   1.6445099921504173E-002 -0.43841801443253192     
   2.4482811660961099E-002 -0.42824556003482489     
   3.2670857479402342E-002 -0.41376724292414369     
   4.0590944894537087E-002 -0.39487098883557697     
   4.7691497763926588E-002 -0.37176759528084480     
   5.3378684133096398E-002 -0.34510417803725452     
   5.7103638839551774E-002 -0.31592698249664908     
   5.8501851771501565E-002 -0.28556181751458320     
   5.7472511764669505E-002 -0.25543942437905598     
   5.4201919033481906E-002 -0.22691888474001481     
   4.9060288443702062E-002 -0.20117972541389820     
   4.2527094310493153E-002 -0.17916841983278739     
   3.5107121442590601E-002 -0.16150111366999731     
   2.7258198059851729E-002 -0.14844933608946434     
   1.9316258327977679E-002 -0.13992888316331242     
   1.1548449403818647E-002 -0.13559469106800257     
   4.1450270922717995E-003 -0.13497406294115644     
  -2.7327851584619698E-003 -0.13757556000858015     
  -8.9725625769850794E-003 -0.14297002646737886     
  -1.4503325454007903E-002 -0.15078203004212384     
  -1.9315902105251147E-002 -0.16063384119962487     
  -2.3446297360854334E-002 -0.17216203305240219     
  -2.6956339627200846E-002 -0.18501147549913821     
  -2.9893037204623347E-002 -0.19884953811919856     
  -3.2316569733692700E-002 -0.21339636566784395     
  -3.4277493382042709E-002 -0.22842498756942153     
  -3.5831154369099477E-002 -0.24376186692621740     
  -3.7032204436002733E-002 -0.25928250543250037     
  -3.7924494763524941E-002 -0.27490030014576583     
  -3.8517412934014943E-002 -0.29056119906949079     
  -3.8805159270098109E-002 -0.30623083424612507     
  -3.8787642644463625E-002 -0.32188285182674409     
  -3.8478291340611800E-002 -0.33749294901075716     
  -3.7884557620658434E-002 -0.35303009944883956     
  -3.6977086927409267E-002 -0.36845045693440021     
  -3.5711403104895276E-002 -0.38368255159931169     
  -3.4060003258754697E-002 -0.39860564440561086     
  -3.2005965320359986E-002 -0.41304287374660309     
  -2.9540098627188094E-002 -0.42675526421740323     
  -2.6653967141196409E-002 -0.43945183098437118     
  -2.3311237941310847E-002 -0.45082108363553752     
  -1.9448426479240069E-002 -0.46053820886208191     
  -1.5033883895881013E-002 -0.46827652471598086     
  -1.0079980347072972E-002 -0.47372177993741621     
  -4.5964436206601643E-003 -0.47657688148070104     
   1.4436373199179194E-003 -0.47657753534710973     
   8.0146246886436939E-003 -0.47346740332484483     
   1.5039825823707151E-002 -0.46699705835702804     
   2.2381112080248445E-002 -0.45692979647541226     
   2.9827445330777504E-002 -0.44301058801723942     
   3.7029935000214370E-002 -0.42505307049007263     
   4.3583411877260891E-002 -0.40307043632659711     
   4.9046284936773744E-002 -0.37732953655892126     
   5.2941808229829690E-002 -0.34846279500882021     
   5.4845167956429679E-002 -0.31746921275598927     
   5.4548391125962048E-002 -0.28568223499904127     
   5.2021188694159094E-002 -0.25463413815319386     
   4.7447969381035467E-002 -0.22583490152547303     
   4.1216157677178102E-002 -0.20057868014117708     
   3.3836628580923851E-002 -0.17976300245610752     
   2.5808393746719231E-002 -0.16380181806379507     
   1.7588150504286190E-002 -0.15268476379212431     
   9.5630546448687327E-003 -0.14602662215192372     
   2.0293968303648686E-003 -0.14320879848065096     
  -4.8393838817156623E-003 -0.14352680257669106     
  -1.0950043408930752E-002 -0.14630034189740357     
  -1.6297455169813350E-002 -0.15095735688352024     
  -2.0933654202253977E-002 -0.15703332038869824     
  -2.4931674897731335E-002 -0.16418012698714474     
  -2.8381816670412716E-002 -0.17214033716276286     
  -3.1361363616720900E-002 -0.18070253787799331     
  -3.3911260659649105E-002 -0.18971297720900704     
  -3.6073719129157279E-002 -0.19905948532126608     
  -3.7861731250227612E-002 -0.20867364126950949     
  -3.9268098250669049E-002 -0.21853083368934040     
  -4.0306397349794992E-002 -0.22862810532700961     
  -4.1002069731565588E-002 -0.23897791180490643     
  -4.1356081032761852E-002 -0.24959946603158953     
  -4.1353225589606656E-002 -0.26051204417505425     
  -4.0974187008464689E-002 -0.27172195760283030     
  -4.0201198343661482E-002 -0.28319400579500165     
  -3.9004282305327202E-002 -0.29482667565211529     
  -3.7360797793635145E-002 -0.30643879955133974     
  -3.5254622033987694E-002 -0.31778059447064999     
  -3.2687527536284310E-002 -0.32856086454482408     
  -2.9672204659645495E-002 -0.33847956863136547     
  -2.6254776856160910E-002 -0.34725175752304860     
  -2.2482956179018250E-002 -0.35462676791613373     
  -1.8375271379470412E-002 -0.36039404478675957     
  -1.3909754794019062E-002 -0.36437658993884953     
  -9.0394494397351421E-003 -0.36641396563119283     
  -3.7204217614300425E-003 -0.36634276791497228     
   2.0355944371423865E-003 -0.36398399020684608     
   8.1735032277058858E-003 -0.35913753827071371     
   1.4601514021885352E-002 -0.35160808641417352     
   2.1205017541729730E-002 -0.34122046391099264     
   2.7853711825774397E-002 -0.32784665865970658     
   3.4351233032773508E-002 -0.31144277345886306     
   4.0424492193287920E-002 -0.29204337495083482     
   4.5755721696219137E-002 -0.26982829141990533     
   4.9926654504658913E-002 -0.24514015980741655     
   5.2528786372374757E-002 -0.21853797746582243     
   5.3194494552200274E-002 -0.19087527089490397     
   5.1664763838291501E-002 -0.16323772711025927     
   4.7947181015525017E-002 -0.13686088404091781     
   4.2270403333220893E-002 -0.11293673801717451     
   3.5058168581211281E-002  -9.2377539930896660E-002
   2.6869293612317383E-002  -7.5733349054314419E-002
   1.8253963275663740E-002  -6.3191151468200313E-002
   9.7042621892755501E-003  -5.4605125431891291E-002
   1.6417695978899218E-003  -4.9647048500263954E-002
  -5.7003983283515566E-003  -4.7858168290261079E-002
  -1.2171592227725739E-002  -4.8762612547191664E-002
  -1.7764919331030901E-002  -5.1921331751221537E-002
  -2.2518679086452251E-002  -5.6948635992762744E-002
  -2.6487885725254703E-002  -6.3511241287895800E-002
  -2.9751767112363527E-002  -7.1326215246212882E-002
  -3.2390965206899026E-002  -8.0153019879184689E-002
  -3.4476789650737479E-002  -8.9784268873466522E-002
  -3.6091354190654699E-002 -0.10003752166793620     
  -3.7289539970934968E-002 -0.11075253965082470     
  -3.8122742975659846E-002 -0.12178399867333513     
  -3.8641254533480204E-002 -0.13300124658238255     
  -3.8874418589809681E-002 -0.14428845043118946     
  -3.8850315481445755E-002 -0.15554284848598676     
  -3.8585990637105765E-002 -0.16667922449210290     
  -3.8095905524988621E-002 -0.17762356054255676     
  -3.7401037121231474E-002 -0.18830125489434160     
  -3.6508449123598505E-002 -0.19863714107907751     
  -3.5406521738253795E-002 -0.20855791501497128     
  -3.4080498263519769E-002 -0.21798906879507154     
  -3.2521517356507670E-002 -0.22685719086519326     
  -3.0712567132627659E-002 -0.23509460107415869     
  -2.8600149916386399E-002 -0.24262992784810306     
  -2.6079893314188328E-002 -0.24935986599949275     
  -2.3013906150370723E-002 -0.25511692950909143     
  -1.9268457758584979E-002 -0.25965412006044353     
  -1.4746509122601252E-002 -0.26265466050730035     
  -9.4015151093242485E-003 -0.26375612739823118     
  -3.2389829137130354E-003 -0.26257265764151155     
   3.6786557870818319E-003 -0.25871041924072546     
   1.1216112550768495E-002 -0.25178618950090115     
   1.9147528368397816E-002 -0.24146175145988172     
   2.7154262101000536E-002 -0.22749488026992523     
   3.4840560639242887E-002 -0.20979350408927755     
   4.1746332197456923E-002 -0.18846479311764261     
   4.7345415012406904E-002 -0.16387620021839064     
   5.1069984286357721E-002 -0.13674416917045218     
   5.2427679801501245E-002 -0.10819570095667923     
   5.1197436001673723E-002  -7.9678043029294848E-002
   4.7563870581635290E-002  -5.2668051013866755E-002
   4.2058239191239383E-002  -2.8331505245875473E-002
   3.5348350414419645E-002  -7.3520216318590757E-003
   2.8044754636780720E-002   1.0020578517941039E-002
   2.0617629580359700E-002   2.3827091432889559E-002
   1.3390485740503682E-002   3.4270996382100995E-002
   6.5597434317974579E-003   4.1627270190979997E-002
   2.2860664738225714E-004   4.6184837929458308E-002
  -5.5551340381669390E-003   4.8222304360581551E-002
  -1.0774982410007452E-002   4.8003769340434189E-002
  -1.5436199119749588E-002   4.5778476653852637E-002
  -1.9561281838212194E-002   4.1779117114328329E-002
  -2.3186530795341651E-002   3.6219136414044562E-002
  -2.6358655418110985E-002   2.9289300590331798E-002
  -2.9129552552878090E-002   2.1154933972310063E-002
  -3.1549404447913890E-002   1.1955863428253929E-002
  -3.3659954238032405E-002   1.8098631023214466E-003
  -3.5489413901769122E-002  -9.1808021796871923E-003
  -3.7050068542107184E-002  -2.0920888161965637E-002
  -3.8339173464613976E-002  -3.3313589470748271E-002
  -3.9342576313662815E-002  -4.6253822758772337E-002
  -4.0039514135798003E-002  -5.9624543908886142E-002
  -4.0406845398452330E-002  -7.3296081852847639E-002
  -4.0421478539234217E-002  -8.7127467052454388E-002
  -4.0060682872023988E-002 -0.10096829729568998     
  -3.9300787952193335E-002 -0.11465989356414810     
  -3.8115172106800849E-002 -0.12803504195195842     
  -3.6472636807212043E-002 -0.14091625173723141     
  -3.4337194523798381E-002 -0.15311310413647436     
  -3.1669679292365666E-002 -0.16441958364969048     
  -2.8430941306454377E-002 -0.17461224805813150     
  -2.4586220598583921E-002 -0.18344983144448618     
  -2.0110387182865716E-002 -0.19067453807267964     
  -1.4993860122858698E-002 -0.19601512165075788     
  -9.2491718498509037E-003 -0.19919191851844589     
  -2.9182173654892615E-003 -0.19992424209413229     
   3.9198962950056943E-003 -0.19794090827092664     
   1.1140801400770223E-002 -0.19299506898330113     
   1.8567528324625680E-002 -0.18488481329353235     
   2.5965510565757462E-002 -0.17348089844033623     
   3.3042510687712377E-002 -0.15876208690933169     
   3.9456983607237435E-002 -0.14085628950355014     
   4.4838769878913103E-002 -0.12008154272526422     
   4.8824710325862386E-002  -9.6975197520494924E-002
   5.1107570773861181E-002  -7.2295106446748816E-002
   5.1489695147302172E-002  -4.6977935875596989E-002
   4.9926173716923788E-002  -2.2051183498036822E-002
   4.6541378398843695E-002   1.4851962144314479E-003
   4.1610730495656487E-002   2.2775417610622579E-002
   3.5513212507019977E-002   4.1189710707242082E-002
   2.8670930616946814E-002   5.6354440485588748E-002
   2.1493622020824030E-002   6.8135156531572538E-002
   1.4339440546755202E-002   7.6590879960804048E-002
   7.4946710462778241E-003   8.1919312012432605E-002
   1.1691000951161812E-003   8.4406421657893846E-002
  -4.4983511339824608E-003   8.4386421999945629E-002
  -9.4287327823917282E-003   8.2212906705684541E-002
  -1.3590523447607191E-002   7.8239385151115309E-002
  -1.6987615642458948E-002   7.2806802986274247E-002
  -1.9648910645498889E-002   6.6235893695727327E-002
  -2.1619892493369316E-002   5.8822738164599930E-002
  -2.2956142057036347E-002   5.0836416495268065E-002
  -2.3718547143027170E-002   4.2518024504524708E-002
  -2.3969883386987471E-002   3.4080594117499197E-002
  -2.3772430395416783E-002   2.5709631791960168E-002
  -2.3186315849178431E-002   1.7564105578192379E-002
  -2.2268328148659946E-002   9.7777960734564337E-003
  -2.1070997574516557E-002   2.4609944047216058E-003
  -1.9641817863644096E-002  -4.2974154984512332E-003
  -1.8022572902315605E-002  -1.0427420464883893E-002
  -1.6248858254298060E-002  -1.5874826577406517E-002
  -1.4350047830283007E-002  -2.0597716906530408E-002
  -1.2350128704167773E-002  -2.4562648415375910E-002
  -1.0269935142757146E-002  -2.7741173927619166E-002
  -8.1312056583800231E-003  -3.0107743546752431E-002
  -5.9623682537815288E-003  -3.1640440129556122E-002
  -3.8049245562424496E-003  -3.2325966153149782E-002
  -1.7179901208329116E-003  -3.2169357702374737E-002
   2.2226553735823462E-004  -3.1206826859490115E-002
   1.9307362348128724E-003  -2.9517465980388593E-002
   3.3285311730889256E-003  -2.7227875209292849E-002
   4.3605667784420953E-003  -2.4505031464200227E-002
   5.0085725131463719E-003  -2.1537366776128740E-002
   5.2940469999734601E-003  -1.8509698050440983E-002
   5.2706576917688755E-003  -1.5580450917699709E-002
   5.0104014691577546E-003  -1.2867636284710462E-002
   4.5893340870716559E-003  -1.0445219395051013E-002
   4.0768321854201227E-003  -8.3474913723081950E-003
   3.5295608657037185E-003  -6.5776563922769603E-003
   2.9894898321651299E-003  -5.1174406585690327E-003
   2.4846569253926540E-003  -3.9357490856474220E-003
   2.0313958947148106E-003  -2.9954830968459689E-003
   1.6370525881771662E-003  -2.2583793783913625E-003
   1.3026013540836923E-003  -1.6881206199518069E-003
   1.0248808997481266E-003  -1.2520958948935368E-003
   7.9835181490970925E-004  -9.2218462019654629E-004
   6.1638197285760507E-004  -6.7488749487166599E-004
   4.7212367315851067E-004  -4.9105899833620000E-004
   3.5906623193744858E-004  -3.5542602382007948E-004
   2.7134504257209373E-004  -2.5601919090736627E-004
   2.0387834162668484E-004  -1.8359893057672366E-004
   1.5239048026888973E-004  -1.3112453987151188E-004
   1.1336657935538184E-004  -9.3290016656195652E-005
   8.3970718833937440E-005  -6.6134534247541254E-005
   6.1949591328750044E-005  -4.6725635895133130E-005
   4.5535504152088962E-005  -3.2907771187786199E-005
   3.3356570166455476E-005  -2.3106486378947333E-005
   2.4357831615653372E-005  -1.6178288901677697E-005
   1.7734488466903071E-005  -1.1296968540076535E-005
   1.2876872935050000E-005  -7.8684000792956593E-006
   9.3260145718500270E-006  -5.4672392287045031E-006
   6.7383277857202582E-006  -3.7902364173322936E-006
   4.8579133736768189E-006  -2.6220323170130336E-006
   3.4950666219137429E-006  -1.8102462431290319E-006
   2.5097545886975072E-006  -1.2474318390322642E-006
   1.7990160569023889E-006  -8.5807348964830542E-007
   1.2874214590927837E-006  -5.8925976398723708E-007
   9.1989566218694495E-007  -4.0402392359601307E-007
   6.5634951659659571E-007  -2.7660874832557326E-007
   4.6768539904621143E-007  -1.8911285037734735E-007
   3.3283927071627595E-007  -1.2912415455900415E-007
   2.3659983632303907E-007  -8.8055722845747974E-008
   1.6800707617072946E-007  -5.9979246972555491E-008
   1.1918054018357135E-007  -4.0809837142636104E-008
   8.4464954640863938E-008  -2.7737909990619373E-008
   5.9809133018151872E-008  -1.8834312553452799E-008
   4.2315765231754800E-008  -1.2776525057928884E-008
   2.9915922977804190E-008  -8.6592472518808104E-009
   2.1134297284666179E-008  -5.8636384377458546E-009
   1.4920250485374503E-008  -3.9672261619556767E-009
   1.0526479019688889E-008  -2.6819486215316269E-009
   7.4220331067345447E-009  -1.8116179605353724E-009
   5.2300726416355086E-009  -1.2227633851005665E-009
   3.6833954431033478E-009  -8.2467518617469929E-010
   2.5927099692893521E-009  -5.5576512710409212E-010
   1.8240309029119258E-009  -3.7425606694086077E-010
   1.2825945494649517E-009  -2.5183443545839977E-010
   9.0142676083651359E-010  -1.6932762451063663E-010
   6.3322631726122840E-010  -1.1376348918787790E-010
   4.4460795167908379E-010  -7.6372069026773060E-011
   3.1202278348217054E-010  -5.1228916694472784E-011
   2.1886988723742579E-010  -3.4334865564336641E-011
   1.5345284275701757E-010  -2.2992376676162834E-011
   1.0753515088227389E-010  -1.5383232944446590E-011
   7.5319718685886529E-011  -1.0282804424693607E-011
   5.2728396208918584E-011  -6.8668682316790816E-012
   3.6893656721805142E-011  -4.5811014392385325E-012
   2.5800162616464517E-011  -3.0529791270015583E-012
   1.8032160512856407E-011  -2.0323421982803443E-012
   1.2595552783920399E-011  -1.3513341668707980E-012
   8.7926324680537893E-012  -8.9741387215187713E-013
   6.1339370539574925E-012  -5.9518938973787107E-013
   4.2762511404172180E-012  -3.9419862088008720E-013
   2.9790207788901569E-012  -2.6069591894981315E-013
   2.0737254199117318E-012  -1.7213551401673491E-013
   1.4423647975205981E-012  -1.1346908497316203E-013
   1.0023547547018711E-012  -7.4662836224275012E-014
   6.9592736349539205E-013  -4.9033746349874183E-014
   4.8269535105701050E-013  -3.2135661369026381E-014
   3.3443852182108028E-013  -2.1014169129655125E-014
   2.3144981152126028E-013  -1.3708617669358808E-014
   1.5997558623011281E-013  -8.9196232442731347E-015
   1.1042333700629493E-013  -5.7872958532130446E-015
   7.6107314439924220E-014  -3.7434711286664660E-015
   5.2371087621069063E-014  -2.4133630794908550E-015
   3.5974086205237790E-014  -1.5501867832345457E-015
   2.4662938829505152E-014  -9.9175307279982575E-016
   1.6872111683601980E-014  -6.3168962380379300E-016
   1.1514971315836147E-014  -4.0038712077315829E-016
   7.8380509632420434E-015  -2.5240351679586406E-016
   5.3194696164656725E-015  -1.5815117002447870E-016
   3.5981773984304959E-015  -9.8420251531107277E-017
   2.4247099108899762E-015  -6.0777569416131644E-017
   1.6269406798533441E-015  -3.7203440899755344E-017
   1.0862845167878355E-015  -2.2544421741446324E-017
   7.2117791791438538E-016  -1.3502658422892787E-017
   4.7562254713457218E-016  -7.9774786748647614E-018
   3.1124845448490742E-016  -4.6376799811879155E-018
   2.0182189829415362E-016  -2.6445513726529145E-018
   1.2944934148019349E-016  -1.4731246556014581E-018
   8.1956987195363949E-017  -7.9725774785663989E-019
   5.1083955555773849E-017  -4.1607108353729352E-019
   3.1237671329883627E-017  -2.0708320756552681E-019
   1.8636666352740208E-017  -9.6520584738802818E-020
   1.0720516154286185E-017  -4.0673470527112318E-020
   5.7413792640771226E-018  -1.4238427061766469E-020
   2.4675652359336501E-018  -2.9802609018643915E-021
   0.0000000000000000        0.0000000000000000     
