  -0.801603E-001   0.100000E+001  -0.283531E-001   0.153751E+000
   0.000000E+000   0.100000E+001   0.897491E-002   0.148267E+000
   0.801603E-001   0.100000E+001   0.178036E-002   0.148202E+000
   0.160321E+000   0.100000E+001  -0.472170E-002   0.145395E+000
   0.240481E+000   0.100000E+001  -0.105104E-001   0.140170E+000
   0.320641E+000   0.100000E+001  -0.155871E-001   0.132847E+000
   0.400802E+000   0.100000E+001  -0.199888E-001   0.123712E+000
   0.480962E+000   0.100000E+001  -0.237599E-001   0.113031E+000
   0.561122E+000   0.100000E+001  -0.269534E-001   0.101038E+000
   0.641283E+000   0.100000E+001  -0.296238E-001   0.879471E-001
   0.721443E+000   0.100000E+001  -0.318234E-001   0.739462E-001
   0.801603E+000   0.100000E+001  -0.336002E-001   0.592038E-001
   0.881764E+000   0.100000E+001  -0.349965E-001   0.438712E-001
   0.961924E+000   0.100000E+001  -0.360490E-001   0.280851E-001
   0.104208E+001   0.100000E+001  -0.367890E-001   0.119717E-001
   0.112224E+001   0.100000E+001  -0.372435E-001  -0.434909E-002
   0.120240E+001   0.100000E+001  -0.374380E-001  -0.207582E-001
   0.128257E+001   0.100000E+001  -0.373992E-001  -0.371288E-001
   0.136273E+001   0.100000E+001  -0.371576E-001  -0.533147E-001
   0.144289E+001   0.100000E+001  -0.367456E-001  -0.691343E-001
   0.152305E+001   0.100000E+001  -0.361850E-001  -0.843576E-001
   0.160321E+001   0.100000E+001  -0.354645E-001  -0.987053E-001
   0.168337E+001   0.100000E+001  -0.345148E-001  -0.111872E+000
   0.176353E+001   0.100000E+001  -0.332011E-001  -0.123569E+000
   0.184369E+001   0.100000E+001  -0.313466E-001  -0.133567E+000
   0.192385E+001   0.100000E+001  -0.287814E-001  -0.141712E+000
   0.200401E+001   0.100000E+001  -0.253906E-001  -0.147903E+000
   0.208417E+001   0.100000E+001  -0.211330E-001  -0.152046E+000
   0.216433E+001   0.100000E+001  -0.160268E-001  -0.154024E+000
   0.224449E+001   0.100000E+001  -0.101236E-001  -0.153675E+000
   0.232465E+001   0.100000E+001  -0.349565E-002  -0.150808E+000
   0.240481E+001   0.100000E+001   0.375727E-002  -0.145202E+000
   0.248497E+001   0.100000E+001   0.114955E-001  -0.136616E+000
   0.256513E+001   0.100000E+001   0.195305E-001  -0.124801E+000
   0.264529E+001   0.100000E+001   0.276211E-001  -0.109529E+000
   0.272545E+001   0.100000E+001   0.354663E-001  -0.906533E-001
   0.280561E+001   0.100000E+001   0.426951E-001  -0.681638E-001
   0.288577E+001   0.100000E+001   0.488701E-001  -0.422713E-001
   0.296593E+001   0.100000E+001   0.535310E-001  -0.134764E-001
   0.304609E+001   0.100000E+001   0.562814E-001   0.173978E-001
   0.312625E+001   0.100000E+001   0.568881E-001   0.492627E-001
   0.320641E+001   0.100000E+001   0.553429E-001   0.809164E-001
   0.328657E+001   0.100000E+001   0.518542E-001   0.111229E+000
   0.336673E+001   0.100000E+001   0.467722E-001   0.139271E+000
   0.344689E+001   0.100000E+001   0.405027E-001   0.164364E+000
   0.352705E+001   0.100000E+001   0.334523E-001   0.186076E+000
   0.360721E+001   0.100000E+001   0.260019E-001   0.204211E+000
   0.368737E+001   0.100000E+001   0.184859E-001   0.218759E+000
   0.376754E+001   0.100000E+001   0.111761E-001   0.229849E+000
   0.384770E+001   0.100000E+001   0.427874E-002   0.237694E+000
   0.392786E+001   0.100000E+001  -0.206367E-002   0.242565E+000
   0.400802E+001   0.100000E+001  -0.777193E-002   0.244760E+000
   0.408818E+001   0.100000E+001  -0.128260E-001   0.244584E+000
   0.416834E+001   0.100000E+001  -0.172523E-001   0.242336E+000
   0.424850E+001   0.100000E+001  -0.211043E-001   0.238297E+000
   0.432866E+001   0.100000E+001  -0.244434E-001   0.232724E+000
   0.440882E+001   0.100000E+001  -0.273250E-001   0.225846E+000
   0.448898E+001   0.100000E+001  -0.297914E-001   0.217872E+000
   0.456914E+001   0.100000E+001  -0.318723E-001   0.208989E+000
   0.464930E+001   0.100000E+001  -0.335885E-001   0.199366E+000
   0.472946E+001   0.100000E+001  -0.349572E-001   0.189160E+000
   0.480962E+001   0.100000E+001  -0.359954E-001   0.178520E+000
   0.488978E+001   0.100000E+001  -0.367215E-001   0.167587E+000
   0.496994E+001   0.100000E+001  -0.371564E-001   0.156495E+000
   0.505010E+001   0.100000E+001  -0.373219E-001   0.145366E+000
   0.513026E+001   0.100000E+001  -0.372387E-001   0.134311E+000
   0.521042E+001   0.100000E+001  -0.369228E-001   0.123427E+000
   0.529058E+001   0.100000E+001  -0.363809E-001   0.112804E+000
   0.537074E+001   0.100000E+001  -0.356074E-001   0.102532E+000
   0.545090E+001   0.100000E+001  -0.345824E-001   0.927100E-001
   0.553106E+001   0.100000E+001  -0.332726E-001   0.834603E-001
   0.561122E+001   0.100000E+001  -0.316330E-001   0.749302E-001
   0.569138E+001   0.100000E+001  -0.296110E-001   0.672934E-001
   0.577154E+001   0.100000E+001  -0.271505E-001   0.607444E-001
   0.585170E+001   0.100000E+001  -0.241959E-001   0.554925E-001
   0.593186E+001   0.100000E+001  -0.206957E-001   0.517570E-001
   0.601202E+001   0.100000E+001  -0.166036E-001   0.497647E-001
   0.609218E+001   0.100000E+001  -0.118786E-001   0.497529E-001
   0.617234E+001   0.100000E+001  -0.649150E-002   0.519775E-001
   0.625251E+001   0.100000E+001  -0.428862E-003   0.567165E-001
   0.633267E+001   0.100000E+001   0.629247E-002   0.642693E-001
   0.641283E+001   0.100000E+001   0.135947E-001   0.749454E-001
   0.649299E+001   0.100000E+001   0.213257E-001   0.890328E-001
   0.657315E+001   0.100000E+001   0.292298E-001   0.106750E+000
   0.665331E+001   0.100000E+001   0.369237E-001   0.128185E+000
   0.673347E+001   0.100000E+001   0.439128E-001   0.153212E+000
   0.681363E+001   0.100000E+001   0.496741E-001   0.181415E+000
   0.689379E+001   0.100000E+001   0.537082E-001   0.212063E+000
   0.697395E+001   0.100000E+001   0.556401E-001   0.244136E+000
   0.705411E+001   0.100000E+001   0.553103E-001   0.276419E+000
   0.713427E+001   0.100000E+001   0.527805E-001   0.307671E+000
   0.721443E+001   0.100000E+001   0.483264E-001   0.336793E+000
   0.729459E+001   0.100000E+001   0.423418E-001   0.362955E+000
   0.737475E+001   0.100000E+001   0.352732E-001   0.385626E+000
   0.745491E+001   0.100000E+001   0.276209E-001   0.404546E+000
   0.753507E+001   0.100000E+001   0.198259E-001   0.419695E+000
   0.761523E+001   0.100000E+001   0.121982E-001   0.431244E+000
   0.769539E+001   0.100000E+001   0.499845E-002   0.439462E+000
   0.777555E+001   0.100000E+001  -0.161216E-002   0.444651E+000
   0.785571E+001   0.100000E+001  -0.757000E-002   0.447122E+000
   0.793587E+001   0.100000E+001  -0.128542E-001   0.447173E+000
   0.801603E+001   0.100000E+001  -0.174919E-001   0.445087E+000
   0.809619E+001   0.100000E+001  -0.215333E-001   0.441133E+000
   0.817635E+001   0.100000E+001  -0.250447E-001   0.435557E+000
   0.825651E+001   0.100000E+001  -0.281020E-001   0.428567E+000
   0.833667E+001   0.100000E+001  -0.307701E-001   0.420350E+000
   0.841683E+001   0.100000E+001  -0.331057E-001   0.411084E+000
   0.849699E+001   0.100000E+001  -0.351327E-001   0.400989E+000
   0.857715E+001   0.100000E+001  -0.368330E-001   0.390370E+000
   0.865731E+001   0.100000E+001  -0.381654E-001   0.379645E+000
   0.873747E+001   0.100000E+001  -0.390769E-001   0.369293E+000
   0.881764E+001   0.100000E+001  -0.395457E-001   0.359738E+000
   0.889780E+001   0.100000E+001  -0.395824E-001   0.351148E+000
   0.897796E+001   0.100000E+001  -0.391939E-001   0.343218E+000
   0.905812E+001   0.100000E+001  -0.384047E-001   0.335009E+000
   0.913828E+001   0.100000E+001  -0.373096E-001   0.324928E+000
   0.921844E+001   0.100000E+001  -0.360543E-001   0.310923E+000
   0.929860E+001   0.100000E+001  -0.347708E-001   0.290872E+000
   0.937876E+001   0.100000E+001  -0.335100E-001   0.263069E+000
   0.945892E+001   0.100000E+001  -0.322055E-001   0.226618E+000
   0.953908E+001   0.100000E+001  -0.307191E-001   0.181588E+000
   0.961924E+001   0.100000E+001  -0.289215E-001   0.128917E+000
   0.969940E+001   0.100000E+001  -0.267032E-001   0.701727E-001
   0.977956E+001   0.100000E+001  -0.239743E-001   0.728676E-002
   0.985972E+001   0.100000E+001  -0.206668E-001  -0.575937E-001
   0.993988E+001   0.100000E+001  -0.167186E-001  -0.122189E+000
   0.100200E+002   0.100000E+001  -0.120898E-001  -0.184184E+000
   0.101002E+002   0.100000E+001  -0.677367E-002  -0.241405E+000
   0.101804E+002   0.100000E+001  -0.788655E-003  -0.292049E+000
   0.102605E+002   0.100000E+001   0.581746E-002  -0.334857E+000
   0.103407E+002   0.100000E+001   0.129209E-001  -0.369162E+000
   0.104208E+002   0.100000E+001   0.203496E-001  -0.394841E+000
   0.105010E+002   0.100000E+001   0.279048E-001  -0.412157E+000
   0.105812E+002   0.100000E+001   0.351522E-001  -0.421591E+000
   0.106613E+002   0.100000E+001   0.416397E-001  -0.423761E+000
   0.107415E+002   0.100000E+001   0.469373E-001  -0.419396E+000
   0.108216E+002   0.100000E+001   0.505354E-001  -0.409424E+000
   0.109018E+002   0.100000E+001   0.519736E-001  -0.395107E+000
   0.109820E+002   0.100000E+001   0.510628E-001  -0.378115E+000
   0.110621E+002   0.100000E+001   0.478185E-001  -0.360449E+000
   0.111423E+002   0.100000E+001   0.425109E-001  -0.344183E+000
   0.112224E+002   0.100000E+001   0.356076E-001  -0.331145E+000
   0.113026E+002   0.100000E+001   0.277797E-001  -0.322686E+000
   0.113828E+002   0.100000E+001   0.195318E-001  -0.319551E+000
   0.114629E+002   0.100000E+001   0.112629E-001  -0.321939E+000
   0.115431E+002   0.100000E+001   0.337171E-002  -0.329659E+000
   0.116232E+002   0.100000E+001  -0.388438E-002  -0.342283E+000
   0.117034E+002   0.100000E+001  -0.104109E-001  -0.359307E+000
   0.117836E+002   0.100000E+001  -0.161237E-001  -0.380237E+000
   0.118637E+002   0.100000E+001  -0.210561E-001  -0.404616E+000
   0.119439E+002   0.100000E+001  -0.252850E-001  -0.432025E+000
   0.120240E+002   0.100000E+001  -0.288991E-001  -0.462048E+000
   0.121042E+002   0.100000E+001  -0.319700E-001  -0.494247E+000
   0.121844E+002   0.100000E+001  -0.345597E-001  -0.528142E+000
   0.122645E+002   0.100000E+001  -0.367343E-001  -0.563195E+000
   0.123447E+002   0.100000E+001  -0.385350E-001  -0.598832E+000
   0.124248E+002   0.100000E+001  -0.399656E-001  -0.634459E+000
   0.125050E+002   0.100000E+001  -0.410286E-001  -0.669503E+000
   0.125852E+002   0.100000E+001  -0.417809E-001  -0.703445E+000
   0.126653E+002   0.100000E+001  -0.423005E-001  -0.735873E+000
   0.127455E+002   0.100000E+001  -0.426302E-001  -0.766525E+000
   0.128257E+002   0.100000E+001  -0.427646E-001  -0.795311E+000
   0.129058E+002   0.100000E+001  -0.426701E-001  -0.822312E+000
   0.129860E+002   0.100000E+001  -0.422842E-001  -0.847740E+000
   0.130661E+002   0.100000E+001  -0.415661E-001  -0.871885E+000
   0.131463E+002   0.100000E+001  -0.405337E-001  -0.895058E+000
   0.132265E+002   0.100000E+001  -0.392234E-001  -0.917553E+000
   0.133066E+002   0.100000E+001  -0.376037E-001  -0.939634E+000
   0.133868E+002   0.100000E+001  -0.355973E-001  -0.961510E+000
   0.134669E+002   0.100000E+001  -0.331322E-001  -0.983307E+000
   0.135471E+002   0.100000E+001  -0.301648E-001  -0.100505E+001
   0.136273E+002   0.100000E+001  -0.266885E-001  -0.102663E+001
   0.137074E+002   0.100000E+001  -0.227133E-001  -0.104780E+001
   0.137876E+002   0.100000E+001  -0.182116E-001  -0.106818E+001
   0.138677E+002   0.100000E+001  -0.131166E-001  -0.108725E+001
   0.139479E+002   0.100000E+001  -0.738345E-002  -0.110441E+001
   0.140281E+002   0.100000E+001  -0.102745E-002  -0.111900E+001
   0.141082E+002   0.100000E+001   0.585062E-002  -0.113030E+001
   0.141884E+002   0.100000E+001   0.131432E-001  -0.113756E+001
   0.142685E+002   0.100000E+001   0.207398E-001  -0.114003E+001
   0.143487E+002   0.100000E+001   0.284830E-001  -0.113708E+001
   0.144289E+002   0.100000E+001   0.359660E-001  -0.112836E+001
   0.145090E+002   0.100000E+001   0.425948E-001  -0.111390E+001
   0.145892E+002   0.100000E+001   0.478477E-001  -0.109419E+001
   0.146693E+002   0.100000E+001   0.511540E-001  -0.107018E+001
   0.147495E+002   0.100000E+001   0.520619E-001  -0.104329E+001
   0.148297E+002   0.100000E+001   0.505464E-001  -0.101544E+001
   0.149098E+002   0.100000E+001   0.467709E-001  -0.988792E+000
   0.149900E+002   0.100000E+001   0.410159E-001  -0.965411E+000
   0.150701E+002   0.100000E+001   0.338229E-001  -0.946895E+000
   0.151503E+002   0.100000E+001   0.258563E-001  -0.934191E+000
   0.152305E+002   0.100000E+001   0.176901E-001  -0.927612E+000
   0.153106E+002   0.100000E+001   0.967214E-002  -0.927006E+000
   0.153908E+002   0.100000E+001   0.214773E-002  -0.931914E+000
   0.154709E+002   0.100000E+001  -0.467656E-002  -0.941668E+000
   0.155511E+002   0.100000E+001  -0.108122E-001  -0.955465E+000
   0.156313E+002   0.100000E+001  -0.162442E-001  -0.972469E+000
   0.157114E+002   0.100000E+001  -0.209685E-001  -0.991898E+000
   0.157916E+002   0.100000E+001  -0.250823E-001  -0.101305E+001
   0.158717E+002   0.100000E+001  -0.286258E-001  -0.103536E+001
   0.159519E+002   0.100000E+001  -0.316673E-001  -0.105835E+001
   0.160321E+002   0.100000E+001  -0.342369E-001  -0.108170E+001
   0.161122E+002   0.100000E+001  -0.363459E-001  -0.110512E+001
   0.161924E+002   0.100000E+001  -0.380472E-001  -0.112833E+001
   0.162725E+002   0.100000E+001  -0.393904E-001  -0.115102E+001
   0.163527E+002   0.100000E+001  -0.404320E-001  -0.117282E+001
   0.164329E+002   0.100000E+001  -0.412544E-001  -0.119337E+001
   0.165130E+002   0.100000E+001  -0.419208E-001  -0.121233E+001
   0.165932E+002   0.100000E+001  -0.424140E-001  -0.122950E+001
   0.166733E+002   0.100000E+001  -0.426609E-001  -0.124485E+001
   0.167535E+002   0.100000E+001  -0.426090E-001  -0.125857E+001
   0.168337E+002   0.100000E+001  -0.422317E-001  -0.127104E+001
   0.169138E+002   0.100000E+001  -0.414838E-001  -0.128281E+001
   0.169940E+002   0.100000E+001  -0.403780E-001  -0.129449E+001
   0.170741E+002   0.100000E+001  -0.389815E-001  -0.130665E+001
   0.171543E+002   0.100000E+001  -0.373556E-001  -0.131973E+001
   0.172345E+002   0.100000E+001  -0.355398E-001  -0.133395E+001
   0.173146E+002   0.100000E+001  -0.335418E-001  -0.134926E+001
   0.173948E+002   0.100000E+001  -0.312920E-001  -0.136535E+001
   0.174749E+002   0.100000E+001  -0.286524E-001  -0.138176E+001
   0.175551E+002   0.100000E+001  -0.254904E-001  -0.139796E+001
   0.176353E+002   0.100000E+001  -0.217579E-001  -0.141336E+001
   0.177154E+002   0.100000E+001  -0.174613E-001  -0.142734E+001
   0.177956E+002   0.100000E+001  -0.126323E-001  -0.143909E+001
   0.178758E+002   0.100000E+001  -0.724356E-002  -0.144771E+001
   0.179559E+002   0.100000E+001  -0.125721E-002  -0.145215E+001
   0.180361E+002   0.100000E+001   0.523337E-002  -0.145134E+001
   0.181162E+002   0.100000E+001   0.121424E-001  -0.144432E+001
   0.181964E+002   0.100000E+001   0.194923E-001  -0.143021E+001
   0.182766E+002   0.100000E+001   0.270714E-001  -0.140831E+001
   0.183567E+002   0.100000E+001   0.343367E-001  -0.137822E+001
   0.184369E+002   0.100000E+001   0.407082E-001  -0.134002E+001
   0.185170E+002   0.100000E+001   0.455761E-001  -0.129450E+001
   0.185972E+002   0.100000E+001   0.483564E-001  -0.124310E+001
   0.186774E+002   0.100000E+001   0.488742E-001  -0.118765E+001
   0.187575E+002   0.100000E+001   0.473884E-001  -0.113020E+001
   0.188377E+002   0.100000E+001   0.442119E-001  -0.107275E+001
   0.189178E+002   0.100000E+001   0.396490E-001  -0.101726E+001
   0.189980E+002   0.100000E+001   0.341771E-001  -0.965758E+000
   0.190782E+002   0.100000E+001   0.283434E-001  -0.920087E+000
   0.191583E+002   0.100000E+001   0.224678E-001  -0.881713E+000
   0.192385E+002   0.100000E+001   0.167364E-001  -0.851445E+000
   0.193186E+002   0.100000E+001   0.112622E-001  -0.829284E+000
   0.193988E+002   0.100000E+001   0.603835E-002  -0.814553E+000
   0.194790E+002   0.100000E+001   0.107789E-002  -0.806097E+000
   0.195591E+002   0.100000E+001  -0.352012E-002  -0.802548E+000
   0.196393E+002   0.100000E+001  -0.768634E-002  -0.802555E+000
   0.197194E+002   0.100000E+001  -0.114013E-001  -0.804951E+000
   0.197996E+002   0.100000E+001  -0.146894E-001  -0.808857E+000
   0.198798E+002   0.100000E+001  -0.175501E-001  -0.813686E+000
   0.199599E+002   0.100000E+001  -0.199854E-001  -0.819108E+000
   0.200401E+002   0.100000E+001  -0.220327E-001  -0.824979E+000
   0.201202E+002   0.100000E+001  -0.237340E-001  -0.831253E+000
   0.202004E+002   0.100000E+001  -0.251081E-001  -0.837925E+000
   0.202806E+002   0.100000E+001  -0.261622E-001  -0.844978E+000
   0.203607E+002   0.100000E+001  -0.268966E-001  -0.852356E+000
   0.204409E+002   0.100000E+001  -0.273350E-001  -0.859967E+000
   0.205210E+002   0.100000E+001  -0.275321E-001  -0.867704E+000
   0.206012E+002   0.100000E+001  -0.275688E-001  -0.875470E+000
   0.206814E+002   0.100000E+001  -0.275295E-001  -0.883204E+000
   0.207615E+002   0.100000E+001  -0.274738E-001  -0.890884E+000
   0.208417E+002   0.100000E+001  -0.274141E-001  -0.898521E+000
   0.209218E+002   0.100000E+001  -0.273071E-001  -0.906135E+000
   0.210020E+002   0.100000E+001  -0.270505E-001  -0.913721E+000
   0.210822E+002   0.100000E+001  -0.265201E-001  -0.921227E+000
   0.211623E+002   0.100000E+001  -0.255849E-001  -0.928536E+000
   0.212425E+002   0.100000E+001  -0.241363E-001  -0.935467E+000
   0.213226E+002   0.100000E+001  -0.221069E-001  -0.941787E+000
   0.214028E+002   0.100000E+001  -0.194517E-001  -0.947235E+000
   0.214830E+002   0.100000E+001  -0.161778E-001  -0.951539E+000
   0.215631E+002   0.100000E+001  -0.123043E-001  -0.954434E+000
   0.216433E+002   0.100000E+001  -0.787819E-002  -0.955666E+000
   0.217234E+002   0.100000E+001  -0.293647E-002  -0.954999E+000
   0.218036E+002   0.100000E+001   0.247944E-002  -0.952215E+000
   0.218838E+002   0.100000E+001   0.830380E-002  -0.947105E+000
   0.219639E+002   0.100000E+001   0.144705E-001  -0.939481E+000
   0.220441E+002   0.100000E+001   0.208752E-001  -0.929178E+000
   0.221242E+002   0.100000E+001   0.273835E-001  -0.916059E+000
   0.222044E+002   0.100000E+001   0.338119E-001  -0.900074E+000
   0.222846E+002   0.100000E+001   0.399669E-001  -0.881222E+000
   0.223647E+002   0.100000E+001   0.455572E-001  -0.859639E+000
   0.224449E+002   0.100000E+001   0.503275E-001  -0.835592E+000
   0.225251E+002   0.100000E+001   0.540143E-001  -0.809492E+000
   0.226052E+002   0.100000E+001   0.563887E-001  -0.781918E+000
   0.226854E+002   0.100000E+001   0.572841E-001  -0.753584E+000
   0.227655E+002   0.100000E+001   0.567009E-001  -0.725210E+000
   0.228457E+002   0.100000E+001   0.546951E-001  -0.697514E+000
   0.229259E+002   0.100000E+001   0.514362E-001  -0.671123E+000
   0.230060E+002   0.100000E+001   0.471574E-001  -0.646539E+000
   0.230862E+002   0.100000E+001   0.421315E-001  -0.624087E+000
   0.231663E+002   0.100000E+001   0.366343E-001  -0.603948E+000
   0.232465E+002   0.100000E+001   0.308221E-001  -0.586229E+000
   0.233267E+002   0.100000E+001   0.247785E-001  -0.571014E+000
   0.234068E+002   0.100000E+001   0.186132E-001  -0.558357E+000
   0.234870E+002   0.100000E+001   0.124679E-001  -0.548266E+000
   0.235671E+002   0.100000E+001   0.647771E-002  -0.540686E+000
   0.236473E+002   0.100000E+001   0.757265E-003  -0.535505E+000
   0.237275E+002   0.100000E+001  -0.459654E-002  -0.532570E+000
   0.238076E+002   0.100000E+001  -0.950490E-002  -0.531695E+000
   0.238878E+002   0.100000E+001  -0.139103E-001  -0.532668E+000
   0.239679E+002   0.100000E+001  -0.177800E-001  -0.535259E+000
   0.240481E+002   0.100000E+001  -0.211072E-001  -0.539238E+000
   0.241283E+002   0.100000E+001  -0.239065E-001  -0.544380E+000
   0.242084E+002   0.100000E+001  -0.262043E-001  -0.550477E+000
   0.242886E+002   0.100000E+001  -0.280281E-001  -0.557338E+000
   0.243687E+002   0.100000E+001  -0.294012E-001  -0.564782E+000
   0.244489E+002   0.100000E+001  -0.303439E-001  -0.572634E+000
   0.245291E+002   0.100000E+001  -0.308800E-001  -0.580723E+000
   0.246092E+002   0.100000E+001  -0.310425E-001  -0.588887E+000
   0.246894E+002   0.100000E+001  -0.308774E-001  -0.596977E+000
   0.247695E+002   0.100000E+001  -0.304401E-001  -0.604871E+000
   0.248497E+002   0.100000E+001  -0.297899E-001  -0.612472E+000
   0.249299E+002   0.100000E+001  -0.289823E-001  -0.619716E+000
   0.250100E+002   0.100000E+001  -0.280613E-001  -0.626565E+000
   0.250902E+002   0.100000E+001  -0.270534E-001  -0.632999E+000
   0.251703E+002   0.100000E+001  -0.259620E-001  -0.639011E+000
   0.252505E+002   0.100000E+001  -0.247658E-001  -0.644589E+000
   0.253307E+002   0.100000E+001  -0.234198E-001  -0.649706E+000
   0.254108E+002   0.100000E+001  -0.218604E-001  -0.654311E+000
   0.254910E+002   0.100000E+001  -0.200096E-001  -0.658319E+000
   0.255711E+002   0.100000E+001  -0.177783E-001  -0.661613E+000
   0.256513E+002   0.100000E+001  -0.150679E-001  -0.664034E+000
   0.257315E+002   0.100000E+001  -0.117701E-001  -0.665380E+000
   0.258116E+002   0.100000E+001  -0.777167E-002  -0.665398E+000
   0.258918E+002   0.100000E+001  -0.296381E-002  -0.663779E+000
   0.259719E+002   0.100000E+001   0.274153E-002  -0.660152E+000
   0.260521E+002   0.100000E+001   0.938964E-002  -0.654089E+000
   0.261323E+002   0.100000E+001   0.169562E-001  -0.645113E+000
   0.262124E+002   0.100000E+001   0.253162E-001  -0.632727E+000
   0.262926E+002   0.100000E+001   0.342093E-001  -0.616448E+000
   0.263727E+002   0.100000E+001   0.432097E-001  -0.595895E+000
   0.264529E+002   0.100000E+001   0.517200E-001  -0.570895E+000
   0.265331E+002   0.100000E+001   0.590175E-001  -0.541643E+000
   0.266132E+002   0.100000E+001   0.643734E-001  -0.508814E+000
   0.266934E+002   0.100000E+001   0.672238E-001  -0.473585E+000
   0.267735E+002   0.100000E+001   0.673229E-001  -0.437469E+000
   0.268537E+002   0.100000E+001   0.647978E-001  -0.402026E+000
   0.269339E+002   0.100000E+001   0.600788E-001  -0.368577E+000
   0.270140E+002   0.100000E+001   0.537549E-001  -0.338039E+000
   0.270942E+002   0.100000E+001   0.464299E-001  -0.310909E+000
   0.271743E+002   0.100000E+001   0.386259E-001  -0.287347E+000
   0.272545E+002   0.100000E+001   0.307424E-001  -0.267292E+000
   0.273347E+002   0.100000E+001   0.230573E-001  -0.250555E+000
   0.274148E+002   0.100000E+001   0.157474E-001  -0.236891E+000
   0.274950E+002   0.100000E+001   0.891191E-002  -0.226037E+000
   0.275752E+002   0.100000E+001   0.259404E-002  -0.217737E+000
   0.276553E+002   0.100000E+001  -0.319962E-002  -0.211756E+000
   0.277355E+002   0.100000E+001  -0.848167E-002  -0.207883E+000
   0.278156E+002   0.100000E+001  -0.132710E-001  -0.205925E+000
   0.278958E+002   0.100000E+001  -0.175844E-001  -0.205709E+000
   0.279760E+002   0.100000E+001  -0.214328E-001  -0.207068E+000
   0.280561E+002   0.100000E+001  -0.248200E-001  -0.209841E+000
   0.281363E+002   0.100000E+001  -0.277430E-001  -0.213865E+000
   0.282164E+002   0.100000E+001  -0.301931E-001  -0.218973E+000
   0.282966E+002   0.100000E+001  -0.321572E-001  -0.224992E+000
   0.283768E+002   0.100000E+001  -0.336196E-001  -0.231740E+000
   0.284569E+002   0.100000E+001  -0.345647E-001  -0.239027E+000
   0.285371E+002   0.100000E+001  -0.349788E-001  -0.246653E+000
   0.286172E+002   0.100000E+001  -0.348524E-001  -0.254417E+000
   0.286974E+002   0.100000E+001  -0.341818E-001  -0.262111E+000
   0.287776E+002   0.100000E+001  -0.329691E-001  -0.269529E+000
   0.288577E+002   0.100000E+001  -0.312212E-001  -0.276471E+000
   0.289379E+002   0.100000E+001  -0.289487E-001  -0.282742E+000
   0.290180E+002   0.100000E+001  -0.261630E-001  -0.288154E+000
   0.290982E+002   0.100000E+001  -0.228749E-001  -0.292525E+000
   0.291784E+002   0.100000E+001  -0.190933E-001  -0.295681E+000
   0.292585E+002   0.100000E+001  -0.148263E-001  -0.297446E+000
   0.293387E+002   0.100000E+001  -0.100840E-001  -0.297646E+000
   0.294188E+002   0.100000E+001  -0.488317E-002  -0.296106E+000
   0.294990E+002   0.100000E+001   0.747490E-003  -0.292649E+000
   0.295792E+002   0.100000E+001   0.676220E-002  -0.287103E+000
   0.296593E+002   0.100000E+001   0.130942E-001  -0.279300E+000
   0.297395E+002   0.100000E+001   0.196508E-001  -0.269087E+000
   0.298196E+002   0.100000E+001   0.263027E-001  -0.256327E+000
   0.298998E+002   0.100000E+001   0.328627E-001  -0.240914E+000
   0.299800E+002   0.100000E+001   0.390520E-001  -0.222813E+000
   0.300601E+002   0.100000E+001   0.444698E-001  -0.202135E+000
   0.301403E+002   0.100000E+001   0.486053E-001  -0.179255E+000
   0.302204E+002   0.100000E+001   0.509334E-001  -0.154915E+000
   0.303006E+002   0.100000E+001   0.510928E-001  -0.130220E+000
   0.303808E+002   0.100000E+001   0.490571E-001  -0.106446E+000
   0.304609E+002   0.100000E+001   0.451773E-001  -0.847275E-001
   0.305411E+002   0.100000E+001   0.400550E-001  -0.658089E-001
   0.306212E+002   0.100000E+001   0.343380E-001  -0.499794E-001
   0.307014E+002   0.100000E+001   0.285698E-001  -0.371721E-001
   0.307816E+002   0.100000E+001   0.231349E-001  -0.271068E-001
   0.308617E+002   0.100000E+001   0.182669E-001  -0.194039E-001
   0.309419E+002   0.100000E+001   0.140774E-001  -0.136597E-001
   0.310220E+002   0.100000E+001   0.105901E-001  -0.948922E-002
   0.311022E+002   0.100000E+001   0.777208E-002  -0.654831E-002
   0.311824E+002   0.100000E+001   0.555734E-002  -0.454119E-002
   0.312625E+002   0.100000E+001   0.386310E-002  -0.322261E-002
   0.313427E+002   0.100000E+001   0.260205E-002  -0.239575E-002
   0.314228E+002   0.100000E+001   0.169077E-002  -0.190739E-002
   0.315030E+002   0.100000E+001   0.105488E-002  -0.164157E-002
   0.315832E+002   0.100000E+001   0.631331E-003  -0.151238E-002
   0.316633E+002   0.100000E+001   0.368293E-003  -0.145725E-002
   0.317435E+002   0.100000E+001   0.223378E-003  -0.143144E-002
   0.318236E+002   0.100000E+001   0.161371E-003  -0.140443E-002
   0.319038E+002   0.100000E+001   0.152674E-003  -0.135764E-002
   0.319840E+002   0.100000E+001   0.172858E-003  -0.128284E-002
   0.320641E+002   0.100000E+001   0.203002E-003  -0.118017E-002
   0.321443E+002   0.100000E+001   0.230088E-003  -0.105571E-002
   0.322244E+002   0.100000E+001   0.246812E-003  -0.918616E-003
   0.323046E+002   0.100000E+001   0.250637E-003  -0.778565E-003
   0.323848E+002   0.100000E+001   0.242368E-003  -0.643910E-003
   0.324649E+002   0.100000E+001   0.224673E-003  -0.520725E-003
   0.325451E+002   0.100000E+001   0.200868E-003  -0.412605E-003
   0.326253E+002   0.100000E+001   0.174106E-003  -0.320963E-003
   0.327054E+002   0.100000E+001   0.146947E-003  -0.245564E-003
   0.327856E+002   0.100000E+001   0.121210E-003  -0.185093E-003
   0.328657E+002   0.100000E+001   0.980122E-004  -0.137656E-003
   0.329459E+002   0.100000E+001   0.778941E-004  -0.101152E-003
   0.330261E+002   0.100000E+001   0.609769E-004  -0.735321E-004
   0.331062E+002   0.100000E+001   0.471065E-004  -0.529404E-004
   0.331864E+002   0.100000E+001   0.359710E-004  -0.377878E-004
   0.332665E+002   0.100000E+001   0.271889E-004  -0.267653E-004
   0.333467E+002   0.100000E+001   0.203672E-004  -0.188284E-004
   0.334269E+002   0.100000E+001   0.151369E-004  -0.131645E-004
   0.335070E+002   0.100000E+001   0.111716E-004  -0.915475E-005
   0.335872E+002   0.100000E+001   0.819464E-005  -0.633588E-005
   0.336673E+002   0.100000E+001   0.597853E-005  -0.436645E-005
   0.337475E+002   0.100000E+001   0.434100E-005  -0.299799E-005
   0.338277E+002   0.100000E+001   0.313878E-005  -0.205166E-005
   0.339078E+002   0.100000E+001   0.226113E-005  -0.140000E-005
   0.339880E+002   0.100000E+001   0.162358E-005  -0.952920E-006
   0.340681E+002   0.100000E+001   0.116245E-005  -0.647178E-006
   0.341483E+002   0.100000E+001   0.830181E-006  -0.438685E-006
   0.342285E+002   0.100000E+001   0.591563E-006  -0.296858E-006
   0.343086E+002   0.100000E+001   0.420699E-006  -0.200589E-006
   0.343888E+002   0.100000E+001   0.298665E-006  -0.135365E-006
   0.344689E+002   0.100000E+001   0.211704E-006  -0.912477E-007
   0.345491E+002   0.100000E+001   0.149858E-006  -0.614486E-007
   0.346293E+002   0.100000E+001   0.105951E-006  -0.413458E-007
   0.347094E+002   0.100000E+001   0.748278E-007  -0.277987E-007
   0.347896E+002   0.100000E+001   0.527967E-007  -0.186781E-007
   0.348697E+002   0.100000E+001   0.372202E-007  -0.125426E-007
   0.349499E+002   0.100000E+001   0.262193E-007  -0.841810E-008
   0.350301E+002   0.100000E+001   0.184571E-007  -0.564727E-008
   0.351102E+002   0.100000E+001   0.129850E-007  -0.378686E-008
   0.351904E+002   0.100000E+001   0.913008E-008  -0.253834E-008
   0.352705E+002   0.100000E+001   0.641635E-008  -0.170083E-008
   0.353507E+002   0.100000E+001   0.450712E-008  -0.113926E-008
   0.354309E+002   0.100000E+001   0.316464E-008  -0.762845E-009
   0.355110E+002   0.100000E+001   0.222114E-008  -0.510633E-009
   0.355912E+002   0.100000E+001   0.155835E-008  -0.341694E-009
   0.356713E+002   0.100000E+001   0.109295E-008  -0.228571E-009
   0.357515E+002   0.100000E+001   0.766284E-009  -0.152847E-009
   0.358317E+002   0.100000E+001   0.537076E-009  -0.102173E-009
   0.359118E+002   0.100000E+001   0.376307E-009  -0.682733E-010
   0.359920E+002   0.100000E+001   0.263580E-009  -0.456029E-010
   0.360721E+002   0.100000E+001   0.184563E-009  -0.304473E-010
   0.361523E+002   0.100000E+001   0.129193E-009  -0.203192E-010
   0.362325E+002   0.100000E+001   0.904049E-010  -0.135535E-010
   0.363126E+002   0.100000E+001   0.632413E-010  -0.903574E-011
   0.363928E+002   0.100000E+001   0.442243E-010  -0.602045E-011
   0.364729E+002   0.100000E+001   0.309147E-010  -0.400890E-011
   0.365531E+002   0.100000E+001   0.216027E-010  -0.266767E-011
   0.366333E+002   0.100000E+001   0.150896E-010  -0.177388E-011
   0.367134E+002   0.100000E+001   0.105359E-010  -0.117863E-011
   0.367936E+002   0.100000E+001   0.735312E-011  -0.782463E-012
   0.368737E+002   0.100000E+001   0.512944E-011  -0.518985E-012
   0.369539E+002   0.100000E+001   0.357646E-011  -0.343889E-012
   0.370341E+002   0.100000E+001   0.249233E-011  -0.227624E-012
   0.371142E+002   0.100000E+001   0.173585E-011  -0.150495E-012
   0.371944E+002   0.100000E+001   0.120824E-011  -0.993770E-013
   0.372745E+002   0.100000E+001   0.840455E-012  -0.655343E-013
   0.373547E+002   0.100000E+001   0.584212E-012  -0.431543E-013
   0.374349E+002   0.100000E+001   0.405788E-012  -0.283727E-013
   0.375150E+002   0.100000E+001   0.281628E-012  -0.186228E-013
   0.375952E+002   0.100000E+001   0.195287E-012  -0.122010E-013
   0.376754E+002   0.100000E+001   0.135287E-012  -0.797792E-014
   0.377555E+002   0.100000E+001   0.936261E-013  -0.520538E-014
   0.378357E+002   0.100000E+001   0.647221E-013  -0.338848E-014
   0.379158E+002   0.100000E+001   0.446872E-013  -0.220020E-014
   0.379960E+002   0.100000E+001   0.308135E-013  -0.142470E-014
   0.380762E+002   0.100000E+001   0.212165E-013  -0.919772E-015
   0.381563E+002   0.100000E+001   0.145855E-013  -0.591850E-015
   0.382365E+002   0.100000E+001   0.100096E-013  -0.379471E-015
   0.383166E+002   0.100000E+001   0.685621E-014  -0.242340E-015
   0.383968E+002   0.100000E+001   0.468633E-014  -0.154089E-015
   0.384770E+002   0.100000E+001   0.319568E-014  -0.975019E-016
   0.385571E+002   0.100000E+001   0.217350E-014  -0.613636E-016
   0.386373E+002   0.100000E+001   0.147394E-014  -0.383872E-016
   0.387174E+002   0.100000E+001   0.996251E-015  -0.238514E-016
   0.387976E+002   0.100000E+001   0.670858E-015  -0.147063E-016
   0.388778E+002   0.100000E+001   0.449819E-015  -0.898852E-017
   0.389579E+002   0.100000E+001   0.300135E-015  -0.543881E-017
   0.390381E+002   0.100000E+001   0.199128E-015  -0.325282E-017
   0.391182E+002   0.100000E+001   0.131244E-015  -0.191909E-017
   0.391984E+002   0.100000E+001   0.858347E-016  -0.111413E-017
   0.392786E+002   0.100000E+001   0.556254E-016  -0.634468E-018
   0.393587E+002   0.100000E+001   0.356587E-016  -0.352968E-018
   0.394389E+002   0.100000E+001   0.225645E-016  -0.190789E-018
   0.395190E+002   0.100000E+001   0.140576E-016  -0.994490E-019
   0.395992E+002   0.100000E+001   0.859232E-017  -0.494405E-019
   0.396794E+002   0.100000E+001   0.512420E-017  -0.230193E-019
   0.397595E+002   0.100000E+001   0.294661E-017  -0.969070E-020
   0.398397E+002   0.100000E+001   0.157760E-017  -0.338940E-020
   0.399198E+002   0.100000E+001   0.677846E-018  -0.708806E-021
   0.400000E+002   0.100000E+001   0.000000E+000  -0.000000E+000
   0.400802E+002   0.100000E+001   0.315692E-017  -0.550758E-021

