  -0.801603E-001   0.100000E+001  -0.241104E-001   0.164235E+000
   0.000000E+000   0.100000E+001   0.157772E-001   0.144659E+000
   0.801603E-001   0.100000E+001   0.803921E-002   0.147294E+000
   0.160321E+000   0.100000E+001   0.930960E-003   0.146889E+000
   0.240481E+000   0.100000E+001  -0.548864E-002   0.143776E+000
   0.320641E+000   0.100000E+001  -0.111827E-001   0.138288E+000
   0.400802E+000   0.100000E+001  -0.161754E-001   0.130735E+000
   0.480962E+000   0.100000E+001  -0.204956E-001   0.121404E+000
   0.561122E+000   0.100000E+001  -0.241913E-001   0.110555E+000
   0.641283E+000   0.100000E+001  -0.273163E-001   0.984210E-001
   0.721443E+000   0.100000E+001  -0.299246E-001   0.852115E-001
   0.801603E+000   0.100000E+001  -0.320678E-001   0.711127E-001
   0.881764E+000   0.100000E+001  -0.337931E-001   0.562906E-001
   0.961924E+000   0.100000E+001  -0.351417E-001   0.408942E-001
   0.104208E+001   0.100000E+001  -0.361487E-001   0.250585E-001
   0.112224E+001   0.100000E+001  -0.368434E-001   0.890802E-002
   0.120240E+001   0.100000E+001  -0.372506E-001  -0.743883E-002
   0.128257E+001   0.100000E+001  -0.373919E-001  -0.238645E-001
   0.136273E+001   0.100000E+001  -0.372880E-001  -0.402446E-001
   0.144289E+001   0.100000E+001  -0.369586E-001  -0.564374E-001
   0.152305E+001   0.100000E+001  -0.364161E-001  -0.722739E-001
   0.160321E+001   0.100000E+001  -0.356523E-001  -0.875539E-001
   0.168337E+001   0.100000E+001  -0.346218E-001  -0.102056E+000
   0.176353E+001   0.100000E+001  -0.332355E-001  -0.115562E+000
   0.184369E+001   0.100000E+001  -0.313759E-001  -0.127880E+000
   0.192385E+001   0.100000E+001  -0.289277E-001  -0.138855E+000
   0.200401E+001   0.100000E+001  -0.258080E-001  -0.148349E+000
   0.208417E+001   0.100000E+001  -0.219759E-001  -0.156214E+000
   0.216433E+001   0.100000E+001  -0.174216E-001  -0.162268E+000
   0.224449E+001   0.100000E+001  -0.121504E-001  -0.166295E+000
   0.232465E+001   0.100000E+001  -0.617744E-002  -0.168048E+000
   0.240481E+001   0.100000E+001   0.462677E-003  -0.167261E+000
   0.248497E+001   0.100000E+001   0.770072E-002  -0.163652E+000
   0.256513E+001   0.100000E+001   0.154187E-001  -0.156932E+000
   0.264529E+001   0.100000E+001   0.234392E-001  -0.146821E+000
   0.272545E+001   0.100000E+001   0.315130E-001  -0.133089E+000
   0.280561E+001   0.100000E+001   0.393064E-001  -0.115610E+000
   0.288577E+001   0.100000E+001   0.463989E-001  -0.944393E-001
   0.296593E+001   0.100000E+001   0.523140E-001  -0.698996E-001
   0.304609E+001   0.100000E+001   0.565892E-001  -0.426350E-001
   0.312625E+001   0.100000E+001   0.588669E-001  -0.135954E-001
   0.320641E+001   0.100000E+001   0.589693E-001   0.160651E-001
   0.328657E+001   0.100000E+001   0.569243E-001   0.451403E-001
   0.336673E+001   0.100000E+001   0.529405E-001   0.725136E-001
   0.344689E+001   0.100000E+001   0.473575E-001   0.972624E-001
   0.352705E+001   0.100000E+001   0.405963E-001   0.118725E+000
   0.360721E+001   0.100000E+001   0.331081E-001   0.136526E+000
   0.368737E+001   0.100000E+001   0.253213E-001   0.150552E+000
   0.376754E+001   0.100000E+001   0.175995E-001   0.160891E+000
   0.384770E+001   0.100000E+001   0.102234E-001   0.167767E+000
   0.392786E+001   0.100000E+001   0.338745E-002   0.171481E+000
   0.400802E+001   0.100000E+001  -0.279695E-002   0.172374E+000
   0.408818E+001   0.100000E+001  -0.829119E-002   0.170791E+000
   0.416834E+001   0.100000E+001  -0.131113E-001   0.167063E+000
   0.424850E+001   0.100000E+001  -0.173053E-001   0.161487E+000
   0.432866E+001   0.100000E+001  -0.209324E-001   0.154326E+000
   0.440882E+001   0.100000E+001  -0.240484E-001   0.145812E+000
   0.448898E+001   0.100000E+001  -0.266989E-001   0.136146E+000
   0.456914E+001   0.100000E+001  -0.289204E-001   0.125514E+000
   0.464930E+001   0.100000E+001  -0.307441E-001   0.114088E+000
   0.472946E+001   0.100000E+001  -0.321996E-001   0.102035E+000
   0.480962E+001   0.100000E+001  -0.333164E-001   0.895176E-001
   0.488978E+001   0.100000E+001  -0.341228E-001   0.766892E-001
   0.496994E+001   0.100000E+001  -0.346449E-001   0.636913E-001
   0.505010E+001   0.100000E+001  -0.349057E-001   0.506478E-001
   0.513026E+001   0.100000E+001  -0.349240E-001   0.376634E-001
   0.521042E+001   0.100000E+001  -0.347130E-001   0.248264E-001
   0.529058E+001   0.100000E+001  -0.342766E-001   0.122159E-001
   0.537074E+001   0.100000E+001  -0.336061E-001  -0.874902E-004
   0.545090E+001   0.100000E+001  -0.326773E-001  -0.119902E-001
   0.553106E+001   0.100000E+001  -0.314503E-001  -0.233773E-001
   0.561122E+001   0.100000E+001  -0.298731E-001  -0.341095E-001
   0.569138E+001   0.100000E+001  -0.278891E-001  -0.440241E-001
   0.577154E+001   0.100000E+001  -0.254442E-001  -0.529400E-001
   0.585170E+001   0.100000E+001  -0.224914E-001  -0.606625E-001
   0.593186E+001   0.100000E+001  -0.189918E-001  -0.669873E-001
   0.601202E+001   0.100000E+001  -0.149158E-001  -0.717025E-001
   0.609218E+001   0.100000E+001  -0.102402E-001  -0.745854E-001
   0.617234E+001   0.100000E+001  -0.494854E-002  -0.753965E-001
   0.625251E+001   0.100000E+001   0.967370E-003  -0.738766E-001
   0.633267E+001   0.100000E+001   0.749638E-002  -0.697495E-001
   0.641283E+001   0.100000E+001   0.145806E-001  -0.627300E-001
   0.649299E+001   0.100000E+001   0.221023E-001  -0.525450E-001
   0.657315E+001   0.100000E+001   0.298582E-001  -0.389591E-001
   0.665331E+001   0.100000E+001   0.375340E-001  -0.218141E-001
   0.673347E+001   0.100000E+001   0.447081E-001  -0.110236E-002
   0.681363E+001   0.100000E+001   0.508993E-001   0.229486E-001
   0.689379E+001   0.100000E+001   0.556143E-001   0.498169E-001
   0.697395E+001   0.100000E+001   0.584742E-001   0.786740E-001
   0.705411E+001   0.100000E+001   0.593003E-001   0.108457E+000
   0.713427E+001   0.100000E+001   0.580717E-001   0.138013E+000
   0.721443E+001   0.100000E+001   0.549346E-001   0.166252E+000
   0.729459E+001   0.100000E+001   0.501851E-001   0.192266E+000
   0.737475E+001   0.100000E+001   0.442067E-001   0.215399E+000
   0.745491E+001   0.100000E+001   0.374437E-001   0.235256E+000
   0.753507E+001   0.100000E+001   0.303051E-001   0.251670E+000
   0.761523E+001   0.100000E+001   0.231036E-001   0.264671E+000
   0.769539E+001   0.100000E+001   0.161092E-001   0.274406E+000
   0.777555E+001   0.100000E+001   0.950814E-002   0.281084E+000
   0.785571E+001   0.100000E+001   0.339848E-002   0.284965E+000
   0.793587E+001   0.100000E+001  -0.216950E-002   0.286329E+000
   0.801603E+001   0.100000E+001  -0.719293E-002   0.285463E+000
   0.809619E+001   0.100000E+001  -0.116822E-001   0.282643E+000
   0.817635E+001   0.100000E+001  -0.156658E-001   0.278123E+000
   0.825651E+001   0.100000E+001  -0.191804E-001   0.272125E+000
   0.833667E+001   0.100000E+001  -0.222545E-001   0.264836E+000
   0.841683E+001   0.100000E+001  -0.249210E-001   0.256431E+000
   0.849699E+001   0.100000E+001  -0.272075E-001   0.247091E+000
   0.857715E+001   0.100000E+001  -0.291271E-001   0.237035E+000
   0.865731E+001   0.100000E+001  -0.306856E-001   0.226534E+000
   0.873747E+001   0.100000E+001  -0.318756E-001   0.215880E+000
   0.881764E+001   0.100000E+001  -0.326926E-001   0.205321E+000
   0.889780E+001   0.100000E+001  -0.331562E-001   0.194957E+000
   0.897796E+001   0.100000E+001  -0.332955E-001   0.184625E+000
   0.905812E+001   0.100000E+001  -0.331385E-001   0.173800E+000
   0.913828E+001   0.100000E+001  -0.327181E-001   0.161583E+000
   0.921844E+001   0.100000E+001  -0.320582E-001   0.146780E+000
   0.929860E+001   0.100000E+001  -0.311870E-001   0.128088E+000
   0.937876E+001   0.100000E+001  -0.301568E-001   0.104348E+000
   0.945892E+001   0.100000E+001  -0.289873E-001   0.747629E-001
   0.953908E+001   0.100000E+001  -0.276414E-001   0.390491E-001
   0.961924E+001   0.100000E+001  -0.260514E-001  -0.251697E-002
   0.969940E+001   0.100000E+001  -0.241310E-001  -0.491403E-001
   0.977956E+001   0.100000E+001  -0.218067E-001  -0.996018E-001
   0.985972E+001   0.100000E+001  -0.190344E-001  -0.152353E+000
   0.993988E+001   0.100000E+001  -0.157766E-001  -0.205606E+000
   0.100200E+002   0.100000E+001  -0.119940E-001  -0.257433E+000
   0.101002E+002   0.100000E+001  -0.764247E-002  -0.305938E+000
   0.101804E+002   0.100000E+001  -0.269470E-002  -0.349442E+000
   0.102605E+002   0.100000E+001   0.284846E-002  -0.386639E+000
   0.103407E+002   0.100000E+001   0.894372E-002  -0.416686E+000
   0.104208E+002   0.100000E+001   0.155263E-001  -0.439171E+000
   0.105010E+002   0.100000E+001   0.224911E-001  -0.454016E+000
   0.105812E+002   0.100000E+001   0.296951E-001  -0.461344E+000
   0.106613E+002   0.100000E+001   0.369254E-001  -0.461410E+000
   0.107415E+002   0.100000E+001   0.438464E-001  -0.454627E+000
   0.108216E+002   0.100000E+001   0.500123E-001  -0.441624E+000
   0.109018E+002   0.100000E+001   0.549377E-001  -0.423333E+000
   0.109820E+002   0.100000E+001   0.581328E-001  -0.401004E+000
   0.110621E+002   0.100000E+001   0.592422E-001  -0.376136E+000
   0.111423E+002   0.100000E+001   0.580993E-001  -0.350351E+000
   0.112224E+002   0.100000E+001   0.547859E-001  -0.325253E+000
   0.113026E+002   0.100000E+001   0.495802E-001  -0.302338E+000
   0.113828E+002   0.100000E+001   0.428998E-001  -0.282961E+000
   0.114629E+002   0.100000E+001   0.352234E-001  -0.268226E+000
   0.115431E+002   0.100000E+001   0.270379E-001  -0.258891E+000
   0.116232E+002   0.100000E+001   0.187705E-001  -0.255253E+000
   0.117034E+002   0.100000E+001   0.107920E-001  -0.257125E+000
   0.117836E+002   0.100000E+001   0.335634E-002  -0.263979E+000
   0.118637E+002   0.100000E+001  -0.337730E-002  -0.275113E+000
   0.119439E+002   0.100000E+001  -0.936131E-002  -0.289817E+000
   0.120240E+002   0.100000E+001  -0.146028E-001  -0.307452E+000
   0.121042E+002   0.100000E+001  -0.191350E-001  -0.327442E+000
   0.121844E+002   0.100000E+001  -0.229943E-001  -0.349268E+000
   0.122645E+002   0.100000E+001  -0.262381E-001  -0.372443E+000
   0.123447E+002   0.100000E+001  -0.289374E-001  -0.396512E+000
   0.124248E+002   0.100000E+001  -0.311673E-001  -0.421080E+000
   0.125050E+002   0.100000E+001  -0.329869E-001  -0.445818E+000
   0.125852E+002   0.100000E+001  -0.344450E-001  -0.470475E+000
   0.126653E+002   0.100000E+001  -0.355678E-001  -0.494870E+000
   0.127455E+002   0.100000E+001  -0.363651E-001  -0.518882E+000
   0.128257E+002   0.100000E+001  -0.368585E-001  -0.542434E+000
   0.129058E+002   0.100000E+001  -0.370903E-001  -0.565470E+000
   0.129860E+002   0.100000E+001  -0.370901E-001  -0.587950E+000
   0.130661E+002   0.100000E+001  -0.368586E-001  -0.609834E+000
   0.131463E+002   0.100000E+001  -0.363857E-001  -0.631083E+000
   0.132265E+002   0.100000E+001  -0.356376E-001  -0.651662E+000
   0.133066E+002   0.100000E+001  -0.345579E-001  -0.671550E+000
   0.133868E+002   0.100000E+001  -0.331009E-001  -0.690751E+000
   0.134669E+002   0.100000E+001  -0.312692E-001  -0.709284E+000
   0.135471E+002   0.100000E+001  -0.290741E-001  -0.727169E+000
   0.136273E+002   0.100000E+001  -0.264942E-001  -0.744401E+000
   0.137074E+002   0.100000E+001  -0.234778E-001  -0.760920E+000
   0.137876E+002   0.100000E+001  -0.199466E-001  -0.776568E+000
   0.138677E+002   0.100000E+001  -0.158360E-001  -0.791030E+000
   0.139479E+002   0.100000E+001  -0.111285E-001  -0.803835E+000
   0.140281E+002   0.100000E+001  -0.583406E-002  -0.814361E+000
   0.141082E+002   0.100000E+001   0.289180E-004  -0.821895E+000
   0.141884E+002   0.100000E+001   0.648520E-002  -0.825692E+000
   0.142685E+002   0.100000E+001   0.135611E-001  -0.824971E+000
   0.143487E+002   0.100000E+001   0.212225E-001  -0.818969E+000
   0.144289E+002   0.100000E+001   0.294115E-001  -0.807033E+000
   0.145090E+002   0.100000E+001   0.378346E-001  -0.788794E+000
   0.145892E+002   0.100000E+001   0.458927E-001  -0.764347E+000
   0.146693E+002   0.100000E+001   0.527973E-001  -0.734357E+000
   0.147495E+002   0.100000E+001   0.577530E-001  -0.700057E+000
   0.148297E+002   0.100000E+001   0.600831E-001  -0.663148E+000
   0.149098E+002   0.100000E+001   0.594526E-001  -0.625667E+000
   0.149900E+002   0.100000E+001   0.560103E-001  -0.589784E+000
   0.150701E+002   0.100000E+001   0.502684E-001  -0.557459E+000
   0.151503E+002   0.100000E+001   0.427804E-001  -0.530210E+000
   0.152305E+002   0.100000E+001   0.341901E-001  -0.508935E+000
   0.153106E+002   0.100000E+001   0.251572E-001  -0.493903E+000
   0.153908E+002   0.100000E+001   0.161771E-001  -0.484919E+000
   0.154709E+002   0.100000E+001   0.761016E-002  -0.481477E+000
   0.155511E+002   0.100000E+001  -0.228938E-003  -0.482883E+000
   0.156313E+002   0.100000E+001  -0.716769E-002  -0.488357E+000
   0.157114E+002   0.100000E+001  -0.132168E-001  -0.497076E+000
   0.157916E+002   0.100000E+001  -0.184647E-001  -0.508271E+000
   0.158717E+002   0.100000E+001  -0.229639E-001  -0.521271E+000
   0.159519E+002   0.100000E+001  -0.267752E-001  -0.535536E+000
   0.160321E+002   0.100000E+001  -0.299843E-001  -0.550643E+000
   0.161122E+002   0.100000E+001  -0.326624E-001  -0.566221E+000
   0.161924E+002   0.100000E+001  -0.348829E-001  -0.581911E+000
   0.162725E+002   0.100000E+001  -0.367100E-001  -0.597334E+000
   0.163527E+002   0.100000E+001  -0.381836E-001  -0.612134E+000
   0.164329E+002   0.100000E+001  -0.393216E-001  -0.626060E+000
   0.165130E+002   0.100000E+001  -0.401371E-001  -0.639037E+000
   0.165932E+002   0.100000E+001  -0.406428E-001  -0.651166E+000
   0.166733E+002   0.100000E+001  -0.408580E-001  -0.662665E+000
   0.167535E+002   0.100000E+001  -0.407859E-001  -0.673748E+000
   0.168337E+002   0.100000E+001  -0.404178E-001  -0.684553E+000
   0.169138E+002   0.100000E+001  -0.397402E-001  -0.695151E+000
   0.169940E+002   0.100000E+001  -0.387453E-001  -0.705596E+000
   0.170741E+002   0.100000E+001  -0.374303E-001  -0.715992E+000
   0.171543E+002   0.100000E+001  -0.357882E-001  -0.726478E+000
   0.172345E+002   0.100000E+001  -0.338114E-001  -0.737134E+000
   0.173146E+002   0.100000E+001  -0.314713E-001  -0.747902E+000
   0.173948E+002   0.100000E+001  -0.287083E-001  -0.758571E+000
   0.174749E+002   0.100000E+001  -0.254515E-001  -0.768823E+000
   0.175551E+002   0.100000E+001  -0.216312E-001  -0.778318E+000
   0.176353E+002   0.100000E+001  -0.172104E-001  -0.786658E+000
   0.177154E+002   0.100000E+001  -0.121754E-001  -0.793308E+000
   0.177956E+002   0.100000E+001  -0.650227E-002  -0.797577E+000
   0.178758E+002   0.100000E+001  -0.168033E-003  -0.798584E+000
   0.179559E+002   0.100000E+001   0.683905E-002  -0.795397E+000
   0.180361E+002   0.100000E+001   0.144027E-001  -0.787093E+000
   0.181162E+002   0.100000E+001   0.223987E-001  -0.772713E+000
   0.181964E+002   0.100000E+001   0.305971E-001  -0.751374E+000
   0.182766E+002   0.100000E+001   0.384687E-001  -0.722358E+000
   0.183567E+002   0.100000E+001   0.453573E-001  -0.685358E+000
   0.184369E+002   0.100000E+001   0.506372E-001  -0.640770E+000
   0.185170E+002   0.100000E+001   0.536875E-001  -0.589757E+000
   0.185972E+002   0.100000E+001   0.541223E-001  -0.534334E+000
   0.186774E+002   0.100000E+001   0.518631E-001  -0.477192E+000
   0.187575E+002   0.100000E+001   0.471800E-001  -0.421287E+000
   0.188377E+002   0.100000E+001   0.406372E-001  -0.369383E+000
   0.189178E+002   0.100000E+001   0.330647E-001  -0.323573E+000
   0.189980E+002   0.100000E+001   0.253457E-001  -0.285032E+000
   0.190782E+002   0.100000E+001   0.180165E-001  -0.254124E+000
   0.191583E+002   0.100000E+001   0.112160E-001  -0.230644E+000
   0.192385E+002   0.100000E+001   0.491924E-002  -0.214126E+000
   0.193186E+002   0.100000E+001  -0.966423E-003  -0.203931E+000
   0.193988E+002   0.100000E+001  -0.640160E-002  -0.199283E+000
   0.194790E+002   0.100000E+001  -0.112314E-001  -0.199281E+000
   0.195591E+002   0.100000E+001  -0.153958E-001  -0.202906E+000
   0.196393E+002   0.100000E+001  -0.189475E-001  -0.209154E+000
   0.197194E+002   0.100000E+001  -0.219810E-001  -0.217147E+000
   0.197996E+002   0.100000E+001  -0.245778E-001  -0.226210E+000
   0.198798E+002   0.100000E+001  -0.267819E-001  -0.235906E+000
   0.199599E+002   0.100000E+001  -0.286021E-001  -0.246003E+000
   0.200401E+002   0.100000E+001  -0.300449E-001  -0.256405E+000
   0.201202E+002   0.100000E+001  -0.311338E-001  -0.267080E+000
   0.202004E+002   0.100000E+001  -0.319079E-001  -0.278007E+000
   0.202806E+002   0.100000E+001  -0.324165E-001  -0.289149E+000
   0.203607E+002   0.100000E+001  -0.327152E-001  -0.300454E+000
   0.204409E+002   0.100000E+001  -0.328523E-001  -0.311867E+000
   0.205210E+002   0.100000E+001  -0.328461E-001  -0.323339E+000
   0.206012E+002   0.100000E+001  -0.326697E-001  -0.334825E+000
   0.206814E+002   0.100000E+001  -0.322506E-001  -0.346268E+000
   0.207615E+002   0.100000E+001  -0.314713E-001  -0.357575E+000
   0.208417E+002   0.100000E+001  -0.302195E-001  -0.368598E+000
   0.209218E+002   0.100000E+001  -0.283986E-001  -0.379123E+000
   0.210020E+002   0.100000E+001  -0.259316E-001  -0.388881E+000
   0.210822E+002   0.100000E+001  -0.227997E-001  -0.397560E+000
   0.211623E+002   0.100000E+001  -0.189712E-001  -0.404835E+000
   0.212425E+002   0.100000E+001  -0.144462E-001  -0.410381E+000
   0.213226E+002   0.100000E+001  -0.924257E-002  -0.413891E+000
   0.214028E+002   0.100000E+001  -0.337645E-002  -0.415087E+000
   0.214830E+002   0.100000E+001   0.307677E-002  -0.413713E+000
   0.215631E+002   0.100000E+001   0.100299E-001  -0.409542E+000
   0.216433E+002   0.100000E+001   0.173578E-001  -0.402380E+000
   0.217234E+002   0.100000E+001   0.248881E-001  -0.392058E+000
   0.218036E+002   0.100000E+001   0.323584E-001  -0.378484E+000
   0.218838E+002   0.100000E+001   0.395078E-001  -0.361636E+000
   0.219639E+002   0.100000E+001   0.459778E-001  -0.341627E+000
   0.220441E+002   0.100000E+001   0.514334E-001  -0.318762E+000
   0.221242E+002   0.100000E+001   0.555299E-001  -0.293546E+000
   0.222044E+002   0.100000E+001   0.579712E-001  -0.266693E+000
   0.222846E+002   0.100000E+001   0.585878E-001  -0.239113E+000
   0.223647E+002   0.100000E+001   0.573356E-001  -0.211774E+000
   0.224449E+002   0.100000E+001   0.542745E-001  -0.185621E+000
   0.225251E+002   0.100000E+001   0.496365E-001  -0.161500E+000
   0.226052E+002   0.100000E+001   0.437147E-001  -0.140032E+000
   0.226854E+002   0.100000E+001   0.368542E-001  -0.121618E+000
   0.227655E+002   0.100000E+001   0.294741E-001  -0.106503E+000
   0.228457E+002   0.100000E+001   0.218823E-001  -0.947448E-001
   0.229259E+002   0.100000E+001   0.143545E-001  -0.862565E-001
   0.230060E+002   0.100000E+001   0.709778E-002  -0.809042E-001
   0.230862E+002   0.100000E+001   0.245063E-003  -0.784880E-001
   0.231663E+002   0.100000E+001  -0.606633E-002  -0.787437E-001
   0.232465E+002   0.100000E+001  -0.117306E-001  -0.813765E-001
   0.233267E+002   0.100000E+001  -0.166963E-001  -0.860789E-001
   0.234068E+002   0.100000E+001  -0.209627E-001  -0.925445E-001
   0.234870E+002   0.100000E+001  -0.245476E-001  -0.100481E+000
   0.235671E+002   0.100000E+001  -0.274838E-001  -0.109616E+000
   0.236473E+002   0.100000E+001  -0.298141E-001  -0.119699E+000
   0.237275E+002   0.100000E+001  -0.315821E-001  -0.130499E+000
   0.238076E+002   0.100000E+001  -0.328345E-001  -0.141801E+000
   0.238878E+002   0.100000E+001  -0.336255E-001  -0.153412E+000
   0.239679E+002   0.100000E+001  -0.340164E-001  -0.165162E+000
   0.240481E+002   0.100000E+001  -0.340695E-001  -0.176913E+000
   0.241283E+002   0.100000E+001  -0.338409E-001  -0.188556E+000
   0.242084E+002   0.100000E+001  -0.333756E-001  -0.200008E+000
   0.242886E+002   0.100000E+001  -0.327032E-001  -0.211204E+000
   0.243687E+002   0.100000E+001  -0.318378E-001  -0.222089E+000
   0.244489E+002   0.100000E+001  -0.307771E-001  -0.232612E+000
   0.245291E+002   0.100000E+001  -0.295014E-001  -0.242719E+000
   0.246092E+002   0.100000E+001  -0.279744E-001  -0.252343E+000
   0.246894E+002   0.100000E+001  -0.261450E-001  -0.261396E+000
   0.247695E+002   0.100000E+001  -0.239518E-001  -0.269766E+000
   0.248497E+002   0.100000E+001  -0.213270E-001  -0.277312E+000
   0.249299E+002   0.100000E+001  -0.181984E-001  -0.283859E+000
   0.250100E+002   0.100000E+001  -0.144911E-001  -0.289202E+000
   0.250902E+002   0.100000E+001  -0.101300E-001  -0.293098E+000
   0.251703E+002   0.100000E+001  -0.504805E-002  -0.295260E+000
   0.252505E+002   0.100000E+001   0.800395E-003  -0.295359E+000
   0.253307E+002   0.100000E+001   0.741868E-002  -0.293024E+000
   0.254108E+002   0.100000E+001   0.147433E-001  -0.287858E+000
   0.254910E+002   0.100000E+001   0.226172E-001  -0.279468E+000
   0.255711E+002   0.100000E+001   0.307667E-001  -0.267506E+000
   0.256513E+002   0.100000E+001   0.387893E-001  -0.251748E+000
   0.257315E+002   0.100000E+001   0.461667E-001  -0.232187E+000
   0.258116E+002   0.100000E+001   0.523143E-001  -0.209126E+000
   0.258918E+002   0.100000E+001   0.566719E-001  -0.183246E+000
   0.259719E+002   0.100000E+001   0.588153E-001  -0.155591E+000
   0.260521E+002   0.100000E+001   0.585563E-001  -0.127443E+000
   0.261323E+002   0.100000E+001   0.559875E-001  -0.100123E+000
   0.262124E+002   0.100000E+001   0.514516E-001  -0.747753E-001
   0.262926E+002   0.100000E+001   0.454490E-001  -0.522259E-001
   0.263727E+002   0.100000E+001   0.385240E-001  -0.329387E-001
   0.264529E+002   0.100000E+001   0.311714E-001  -0.170664E-001
   0.265331E+002   0.100000E+001   0.237874E-001  -0.453912E-002
   0.266132E+002   0.100000E+001   0.166568E-001   0.484895E-002
   0.266934E+002   0.100000E+001   0.996257E-002   0.113714E-001
   0.267735E+002   0.100000E+001   0.380367E-002   0.153234E-001
   0.268537E+002   0.100000E+001  -0.178399E-002   0.169924E-001
   0.269339E+002   0.100000E+001  -0.680760E-002   0.166423E-001
   0.270140E+002   0.100000E+001  -0.113003E-001   0.145058E-001
   0.270942E+002   0.100000E+001  -0.153078E-001   0.107834E-001
   0.271743E+002   0.100000E+001  -0.188777E-001   0.564617E-002
   0.272545E+002   0.100000E+001  -0.220522E-001  -0.758790E-003
   0.273347E+002   0.100000E+001  -0.248652E-001  -0.830148E-002
   0.274148E+002   0.100000E+001  -0.273412E-001  -0.168628E-001
   0.274950E+002   0.100000E+001  -0.294975E-001  -0.263299E-001
   0.275752E+002   0.100000E+001  -0.313450E-001  -0.365943E-001
   0.276553E+002   0.100000E+001  -0.328882E-001  -0.475496E-001
   0.277355E+002   0.100000E+001  -0.341237E-001  -0.590896E-001
   0.278156E+002   0.100000E+001  -0.350379E-001  -0.711044E-001
   0.278958E+002   0.100000E+001  -0.356063E-001  -0.834748E-001
   0.279760E+002   0.100000E+001  -0.357947E-001  -0.960677E-001
   0.280561E+002   0.100000E+001  -0.355627E-001  -0.108731E+000
   0.281363E+002   0.100000E+001  -0.348678E-001  -0.121294E+000
   0.282164E+002   0.100000E+001  -0.336705E-001  -0.133566E+000
   0.282966E+002   0.100000E+001  -0.319374E-001  -0.145340E+000
   0.283768E+002   0.100000E+001  -0.296440E-001  -0.156397E+000
   0.284569E+002   0.100000E+001  -0.267756E-001  -0.166513E+000
   0.285371E+002   0.100000E+001  -0.233272E-001  -0.175459E+000
   0.286172E+002   0.100000E+001  -0.193031E-001  -0.183008E+000
   0.286974E+002   0.100000E+001  -0.147173E-001  -0.188935E+000
   0.287776E+002   0.100000E+001  -0.959483E-002  -0.193018E+000
   0.288577E+002   0.100000E+001  -0.397713E-002  -0.195040E+000
   0.289379E+002   0.100000E+001   0.207107E-002  -0.194794E+000
   0.290180E+002   0.100000E+001   0.845328E-002  -0.192093E+000
   0.290982E+002   0.100000E+001   0.150348E-001  -0.186781E+000
   0.291784E+002   0.100000E+001   0.216408E-001  -0.178757E+000
   0.292585E+002   0.100000E+001   0.280595E-001  -0.167995E+000
   0.293387E+002   0.100000E+001   0.340500E-001  -0.154564E+000
   0.294188E+002   0.100000E+001   0.393518E-001  -0.138650E+000
   0.294990E+002   0.100000E+001   0.436921E-001  -0.120568E+000
   0.295792E+002   0.100000E+001   0.467914E-001  -0.100778E+000
   0.296593E+002   0.100000E+001   0.483786E-001  -0.799117E-001
   0.297395E+002   0.100000E+001   0.482319E-001  -0.587730E-001
   0.298196E+002   0.100000E+001   0.462539E-001  -0.383031E-001
   0.298998E+002   0.100000E+001   0.425522E-001  -0.194621E-001
   0.299800E+002   0.100000E+001   0.374660E-001  -0.305608E-002
   0.300601E+002   0.100000E+001   0.315007E-001   0.104109E-001
   0.301403E+002   0.100000E+001   0.252012E-001   0.207822E-001
   0.302204E+002   0.100000E+001   0.190360E-001   0.281876E-001
   0.303006E+002   0.100000E+001   0.133418E-001   0.329362E-001
   0.303808E+002   0.100000E+001   0.832366E-002   0.354218E-001
   0.304609E+002   0.100000E+001   0.407988E-002   0.360592E-001
   0.305411E+002   0.100000E+001   0.631494E-003   0.352482E-001
   0.306212E+002   0.100000E+001  -0.205180E-002   0.333546E-001
   0.307014E+002   0.100000E+001  -0.403201E-002   0.307026E-001
   0.307816E+002   0.100000E+001  -0.538961E-002   0.275715E-001
   0.308617E+002   0.100000E+001  -0.621475E-002   0.241957E-001
   0.309419E+002   0.100000E+001  -0.660078E-002   0.207648E-001
   0.310220E+002   0.100000E+001  -0.663894E-002   0.174257E-001
   0.311022E+002   0.100000E+001  -0.641407E-002   0.142853E-001
   0.311824E+002   0.100000E+001  -0.600092E-002   0.114151E-001
   0.312625E+002   0.100000E+001  -0.546196E-002   0.885757E-002
   0.313427E+002   0.100000E+001  -0.484696E-002   0.663279E-002
   0.314228E+002   0.100000E+001  -0.419448E-002   0.474482E-002
   0.315030E+002   0.100000E+001  -0.353476E-002   0.318655E-002
   0.315832E+002   0.100000E+001  -0.289264E-002   0.194239E-002
   0.316633E+002   0.100000E+001  -0.228958E-002   0.989257E-003
   0.317435E+002   0.100000E+001  -0.174386E-002   0.296832E-003
   0.318236E+002   0.100000E+001  -0.126954E-002  -0.171622E-003
   0.319038E+002   0.100000E+001  -0.874888E-003  -0.457169E-003
   0.319840E+002   0.100000E+001  -0.561529E-003  -0.602001E-003
   0.320641E+002   0.100000E+001  -0.324883E-003  -0.645940E-003
   0.321443E+002   0.100000E+001  -0.155690E-003  -0.623575E-003
   0.322244E+002   0.100000E+001  -0.421114E-004  -0.562640E-003
   0.323046E+002   0.100000E+001   0.282915E-004  -0.483671E-003
   0.323848E+002   0.100000E+001   0.670800E-004  -0.400648E-003
   0.324649E+002   0.100000E+001   0.840833E-004  -0.322170E-003
   0.325451E+002   0.100000E+001   0.870753E-004  -0.252803E-003
   0.326253E+002   0.100000E+001   0.818279E-004  -0.194329E-003
   0.327054E+002   0.100000E+001   0.723771E-004  -0.146775E-003
   0.327856E+002   0.100000E+001   0.613732E-004  -0.109185E-003
   0.328657E+002   0.100000E+001   0.504309E-004  -0.801541E-004
   0.329459E+002   0.100000E+001   0.404355E-004  -0.581634E-004
   0.330261E+002   0.100000E+001   0.317877E-004  -0.417773E-004
   0.331062E+002   0.100000E+001   0.245870E-004  -0.297385E-004
   0.331864E+002   0.100000E+001   0.187610E-004  -0.210009E-004
   0.332665E+002   0.100000E+001   0.141520E-004  -0.147264E-004
   0.333467E+002   0.100000E+001   0.105711E-004  -0.102623E-004
   0.334269E+002   0.100000E+001   0.782999E-005  -0.711213E-005
   0.335070E+002   0.100000E+001   0.575756E-005  -0.490496E-005
   0.335872E+002   0.100000E+001   0.420700E-005  -0.336823E-005
   0.336673E+002   0.100000E+001   0.305718E-005  -0.230421E-005
   0.337475E+002   0.100000E+001   0.221101E-005  -0.157107E-005
   0.338277E+002   0.100000E+001   0.159237E-005  -0.106806E-005
   0.339078E+002   0.100000E+001   0.114265E-005  -0.724250E-006
   0.339880E+002   0.100000E+001   0.817323E-006  -0.490015E-006
   0.340681E+002   0.100000E+001   0.582989E-006  -0.330890E-006
   0.341483E+002   0.100000E+001   0.414824E-006  -0.223061E-006
   0.342285E+002   0.100000E+001   0.294534E-006  -0.150150E-006
   0.343086E+002   0.100000E+001   0.208733E-006  -0.100942E-006
   0.343888E+002   0.100000E+001   0.147682E-006  -0.677866E-007
   0.344689E+002   0.100000E+001   0.104337E-006  -0.454780E-007
   0.345491E+002   0.100000E+001   0.736197E-007  -0.304860E-007
   0.346293E+002   0.100000E+001   0.518876E-007  -0.204216E-007
   0.347094E+002   0.100000E+001   0.365347E-007  -0.136714E-007
   0.347896E+002   0.100000E+001   0.257021E-007  -0.914746E-008
   0.348697E+002   0.100000E+001   0.180675E-007  -0.611764E-008
   0.349499E+002   0.100000E+001   0.126921E-007  -0.408966E-008
   0.350301E+002   0.100000E+001   0.891051E-008  -0.273293E-008
   0.351102E+002   0.100000E+001   0.625228E-008  -0.182568E-008
   0.351904E+002   0.100000E+001   0.438494E-008  -0.121923E-008
   0.352705E+002   0.100000E+001   0.307397E-008  -0.813997E-009
   0.353507E+002   0.100000E+001   0.215408E-008  -0.543299E-009
   0.354309E+002   0.100000E+001   0.150893E-008  -0.362524E-009
   0.355110E+002   0.100000E+001   0.105664E-008  -0.241834E-009
   0.355912E+002   0.100000E+001   0.739694E-009  -0.161279E-009
   0.356713E+002   0.100000E+001   0.517664E-009  -0.107527E-009
   0.357515E+002   0.100000E+001   0.362177E-009  -0.716679E-010
   0.358317E+002   0.100000E+001   0.253324E-009  -0.477525E-010
   0.359118E+002   0.100000E+001   0.177140E-009  -0.318069E-010
   0.359920E+002   0.100000E+001   0.123834E-009  -0.211782E-010
   0.360721E+002   0.100000E+001   0.865464E-010  -0.140957E-010
   0.361523E+002   0.100000E+001   0.604702E-010  -0.937778E-011
   0.362325E+002   0.100000E+001   0.422390E-010  -0.623612E-011
   0.363126E+002   0.100000E+001   0.294959E-010  -0.414489E-011
   0.363928E+002   0.100000E+001   0.205912E-010  -0.275345E-011
   0.364729E+002   0.100000E+001   0.143702E-010  -0.182804E-011
   0.365531E+002   0.100000E+001   0.100255E-010  -0.121288E-011
   0.366333E+002   0.100000E+001   0.699189E-011  -0.804180E-012
   0.367134E+002   0.100000E+001   0.487442E-011  -0.532800E-012
   0.367936E+002   0.100000E+001   0.339687E-011  -0.352715E-012
   0.368737E+002   0.100000E+001   0.236620E-011  -0.233295E-012
   0.369539E+002   0.100000E+001   0.164751E-011  -0.154162E-012
   0.370341E+002   0.100000E+001   0.114654E-011  -0.101766E-012
   0.371142E+002   0.100000E+001   0.797491E-012  -0.671049E-013
   0.371944E+002   0.100000E+001   0.554391E-012  -0.441964E-013
   0.372745E+002   0.100000E+001   0.385160E-012  -0.290710E-013
   0.373547E+002   0.100000E+001   0.267411E-012  -0.190954E-013
   0.374349E+002   0.100000E+001   0.185528E-012  -0.125240E-013
   0.375150E+002   0.100000E+001   0.128619E-012  -0.820067E-014
   0.375952E+002   0.100000E+001   0.890912E-013  -0.536031E-014
   0.376754E+002   0.100000E+001   0.616555E-013  -0.349702E-014
   0.377555E+002   0.100000E+001   0.426266E-013  -0.227670E-014
   0.378357E+002   0.100000E+001   0.294389E-013  -0.147887E-014
   0.379158E+002   0.100000E+001   0.203074E-013  -0.958270E-015
   0.379960E+002   0.100000E+001   0.139904E-013  -0.619269E-015
   0.380762E+002   0.100000E+001   0.962486E-014  -0.399022E-015
   0.381563E+002   0.100000E+001   0.661134E-014  -0.256282E-015
   0.382365E+002   0.100000E+001   0.453364E-014  -0.164023E-015
   0.383166E+002   0.100000E+001   0.310306E-014  -0.104569E-015
   0.383968E+002   0.100000E+001   0.211948E-014  -0.663783E-016
   0.384770E+002   0.100000E+001   0.144432E-014  -0.419348E-016
   0.385571E+002   0.100000E+001   0.981689E-015  -0.263516E-016
   0.386373E+002   0.100000E+001   0.665310E-015  -0.164606E-016
   0.387174E+002   0.100000E+001   0.449419E-015  -0.102132E-016
   0.387976E+002   0.100000E+001   0.302457E-015  -0.628873E-017
   0.388778E+002   0.100000E+001   0.202690E-015  -0.383872E-017
   0.389579E+002   0.100000E+001   0.135171E-015  -0.231987E-017
   0.390381E+002   0.100000E+001   0.896356E-016  -0.138580E-017
   0.391182E+002   0.100000E+001   0.590498E-016  -0.816656E-018
   0.391984E+002   0.100000E+001   0.386013E-016  -0.473589E-018
   0.392786E+002   0.100000E+001   0.250046E-016  -0.269410E-018
   0.393587E+002   0.100000E+001   0.160225E-016  -0.149726E-018
   0.394389E+002   0.100000E+001   0.101348E-016  -0.808514E-019
   0.395190E+002   0.100000E+001   0.631163E-017  -0.421042E-019
   0.395992E+002   0.100000E+001   0.385648E-017  -0.209130E-019
   0.396794E+002   0.100000E+001   0.229918E-017  -0.972861E-020
   0.397595E+002   0.100000E+001   0.132176E-017  -0.409226E-020
   0.398397E+002   0.100000E+001   0.707501E-018  -0.143023E-020
   0.399198E+002   0.100000E+001   0.303925E-018  -0.298868E-021
   0.400000E+002   0.100000E+001   0.000000E+000  -0.000000E+000
   0.400802E+002   0.100000E+001   0.141520E-017  -0.231644E-021

