  -0.801603E-001   0.100000E+001  -0.382339E-001  -0.547398E-001
   0.000000E+000   0.100000E+001  -0.367928E-001   0.264570E-001
   0.801603E-001   0.100000E+001  -0.370296E-001   0.101510E-001
   0.160321E+000   0.100000E+001  -0.370592E-001  -0.624421E-002
   0.240481E+000   0.100000E+001  -0.368113E-001  -0.226116E-001
   0.320641E+000   0.100000E+001  -0.363132E-001  -0.388682E-001
   0.400802E+000   0.100000E+001  -0.354957E-001  -0.548583E-001
   0.480962E+000   0.100000E+001  -0.343532E-001  -0.704859E-001
   0.561122E+000   0.100000E+001  -0.328531E-001  -0.856174E-001
   0.641283E+000   0.100000E+001  -0.309566E-001  -0.100111E+000
   0.721443E+000   0.100000E+001  -0.286233E-001  -0.113810E+000
   0.801603E+000   0.100000E+001  -0.258077E-001  -0.126538E+000
   0.881764E+000   0.100000E+001  -0.224627E-001  -0.138096E+000
   0.961924E+000   0.100000E+001  -0.185448E-001  -0.148257E+000
   0.104208E+001   0.100000E+001  -0.140192E-001  -0.156768E+000
   0.112224E+001   0.100000E+001  -0.886884E-002  -0.163336E+000
   0.120240E+001   0.100000E+001  -0.310628E-002  -0.167634E+000
   0.128257E+001   0.100000E+001   0.321030E-002  -0.169288E+000
   0.136273E+001   0.100000E+001   0.995701E-002  -0.167880E+000
   0.144289E+001   0.100000E+001   0.169201E-001  -0.162944E+000
   0.152305E+001   0.100000E+001   0.237734E-001  -0.153969E+000
   0.160321E+001   0.100000E+001   0.300764E-001  -0.140416E+000
   0.168337E+001   0.100000E+001   0.353222E-001  -0.121774E+000
   0.176353E+001   0.100000E+001   0.390595E-001  -0.976874E-001
   0.184369E+001   0.100000E+001   0.410717E-001  -0.681548E-001
   0.192385E+001   0.100000E+001   0.415241E-001  -0.337256E-001
   0.200401E+001   0.100000E+001   0.409263E-001   0.442668E-002
   0.208417E+001   0.100000E+001   0.398391E-001   0.446258E-001
   0.216433E+001   0.100000E+001   0.385112E-001   0.849848E-001
   0.224449E+001   0.100000E+001   0.367751E-001   0.123764E+000
   0.232465E+001   0.100000E+001   0.342850E-001   0.159658E+000
   0.240481E+001   0.100000E+001   0.308264E-001   0.191892E+000
   0.248497E+001   0.100000E+001   0.264244E-001   0.220162E+000
   0.256513E+001   0.100000E+001   0.212672E-001   0.244489E+000
   0.264529E+001   0.100000E+001   0.156045E-001   0.265101E+000
   0.272545E+001   0.100000E+001   0.969051E-002   0.282343E+000
   0.280561E+001   0.100000E+001   0.375250E-002   0.296618E+000
   0.288577E+001   0.100000E+001  -0.202495E-002   0.308336E+000
   0.296593E+001   0.100000E+001  -0.749762E-002   0.317867E+000
   0.304609E+001   0.100000E+001  -0.125633E-001   0.325521E+000
   0.312625E+001   0.100000E+001  -0.171753E-001   0.331536E+000
   0.320641E+001   0.100000E+001  -0.213333E-001   0.336097E+000
   0.328657E+001   0.100000E+001  -0.250457E-001   0.339368E+000
   0.336673E+001   0.100000E+001  -0.283121E-001   0.341506E+000
   0.344689E+001   0.100000E+001  -0.311364E-001   0.342660E+000
   0.352705E+001   0.100000E+001  -0.335364E-001   0.342973E+000
   0.360721E+001   0.100000E+001  -0.355395E-001   0.342580E+000
   0.368737E+001   0.100000E+001  -0.371762E-001   0.341611E+000
   0.376754E+001   0.100000E+001  -0.384790E-001   0.340189E+000
   0.384770E+001   0.100000E+001  -0.394808E-001   0.338440E+000
   0.392786E+001   0.100000E+001  -0.402149E-001   0.336496E+000
   0.400802E+001   0.100000E+001  -0.407159E-001   0.334491E+000
   0.408818E+001   0.100000E+001  -0.410157E-001   0.332554E+000
   0.416834E+001   0.100000E+001  -0.411362E-001   0.330798E+000
   0.424850E+001   0.100000E+001  -0.410799E-001   0.329321E+000
   0.432866E+001   0.100000E+001  -0.408250E-001   0.328204E+000
   0.440882E+001   0.100000E+001  -0.403277E-001   0.327520E+000
   0.448898E+001   0.100000E+001  -0.395302E-001   0.327343E+000
   0.456914E+001   0.100000E+001  -0.383719E-001   0.327755E+000
   0.464930E+001   0.100000E+001  -0.367979E-001   0.328846E+000
   0.472946E+001   0.100000E+001  -0.347626E-001   0.330716E+000
   0.480962E+001   0.100000E+001  -0.322297E-001   0.333470E+000
   0.488978E+001   0.100000E+001  -0.291714E-001   0.337225E+000
   0.496994E+001   0.100000E+001  -0.255685E-001   0.342107E+000
   0.505010E+001   0.100000E+001  -0.214116E-001   0.348262E+000
   0.513026E+001   0.100000E+001  -0.167015E-001   0.355858E+000
   0.521042E+001   0.100000E+001  -0.114459E-001   0.365087E+000
   0.529058E+001   0.100000E+001  -0.565548E-002   0.376174E+000
   0.537074E+001   0.100000E+001   0.657297E-003   0.389378E+000
   0.545090E+001   0.100000E+001   0.746801E-002   0.404994E+000
   0.553106E+001   0.100000E+001   0.147162E-001   0.423344E+000
   0.561122E+001   0.100000E+001   0.222714E-001   0.444750E+000
   0.569138E+001   0.100000E+001   0.299049E-001   0.469473E+000
   0.577154E+001   0.100000E+001   0.372798E-001   0.497639E+000
   0.585170E+001   0.100000E+001   0.439702E-001   0.529145E+000
   0.593186E+001   0.100000E+001   0.495058E-001   0.563585E+000
   0.601202E+001   0.100000E+001   0.534386E-001   0.600223E+000
   0.609218E+001   0.100000E+001   0.554160E-001   0.638045E+000
   0.617234E+001   0.100000E+001   0.552439E-001   0.675876E+000
   0.625251E+001   0.100000E+001   0.529145E-001   0.712552E+000
   0.633267E+001   0.100000E+001   0.485896E-001   0.747048E+000
   0.641283E+001   0.100000E+001   0.425710E-001   0.778578E+000
   0.649299E+001   0.100000E+001   0.352605E-001   0.806627E+000
   0.657315E+001   0.100000E+001   0.271238E-001   0.830964E+000
   0.665331E+001   0.100000E+001   0.186454E-001   0.851611E+000
   0.673347E+001   0.100000E+001   0.102612E-001   0.868785E+000
   0.681363E+001   0.100000E+001   0.231009E-002   0.882820E+000
   0.689379E+001   0.100000E+001  -0.497526E-002   0.894092E+000
   0.697395E+001   0.100000E+001  -0.114732E-001   0.902962E+000
   0.705411E+001   0.100000E+001  -0.171551E-001   0.909753E+000
   0.713427E+001   0.100000E+001  -0.220499E-001   0.914741E+000
   0.721443E+001   0.100000E+001  -0.262260E-001   0.918162E+000
   0.729459E+001   0.100000E+001  -0.297642E-001   0.920226E+000
   0.737475E+001   0.100000E+001  -0.327549E-001   0.921122E+000
   0.745491E+001   0.100000E+001  -0.352880E-001   0.921028E+000
   0.753507E+001   0.100000E+001  -0.374241E-001   0.920110E+000
   0.761523E+001   0.100000E+001  -0.391998E-001   0.918539E+000
   0.769539E+001   0.100000E+001  -0.406506E-001   0.916489E+000
   0.777555E+001   0.100000E+001  -0.418108E-001   0.914124E+000
   0.785571E+001   0.100000E+001  -0.427141E-001   0.911598E+000
   0.793587E+001   0.100000E+001  -0.433808E-001   0.909052E+000
   0.801603E+001   0.100000E+001  -0.437992E-001   0.906609E+000
   0.809619E+001   0.100000E+001  -0.439326E-001   0.904346E+000
   0.817635E+001   0.100000E+001  -0.437624E-001   0.902253E+000
   0.825651E+001   0.100000E+001  -0.433210E-001   0.900163E+000
   0.833667E+001   0.100000E+001  -0.426935E-001   0.897737E+000
   0.841683E+001   0.100000E+001  -0.419712E-001   0.894591E+000
   0.849699E+001   0.100000E+001  -0.411436E-001   0.890619E+000
   0.857715E+001   0.100000E+001  -0.399992E-001   0.886433E+000
   0.865731E+001   0.100000E+001  -0.381359E-001   0.883710E+000
   0.873747E+001   0.100000E+001  -0.351221E-001   0.885119E+000
   0.881764E+001   0.100000E+001  -0.305936E-001   0.893556E+000
   0.889780E+001   0.100000E+001  -0.244486E-001   0.910647E+000
   0.897796E+001   0.100000E+001  -0.170702E-001   0.934745E+000
   0.905812E+001   0.100000E+001  -0.942621E-002   0.959315E+000
   0.913828E+001   0.100000E+001  -0.270933E-002   0.973420E+000
   0.921844E+001   0.100000E+001   0.232145E-002   0.965713E+000
   0.929860E+001   0.100000E+001   0.585158E-002   0.930220E+000
   0.937876E+001   0.100000E+001   0.879004E-002   0.869325E+000
   0.945892E+001   0.100000E+001   0.121739E-001   0.791584E+000
   0.953908E+001   0.100000E+001   0.166031E-001   0.707100E+000
   0.961924E+001   0.100000E+001   0.221344E-001   0.624224E+000
   0.969940E+001   0.100000E+001   0.284357E-001   0.548497E+000
   0.977956E+001   0.100000E+001   0.348905E-001   0.482917E+000
   0.985972E+001   0.100000E+001   0.407374E-001   0.428590E+000
   0.993988E+001   0.100000E+001   0.453247E-001   0.385150E+000
   0.100200E+002   0.100000E+001   0.481599E-001   0.351013E+000
   0.101002E+002   0.100000E+001   0.489303E-001   0.323682E+000
   0.101804E+002   0.100000E+001   0.475226E-001   0.300170E+000
   0.102605E+002   0.100000E+001   0.440082E-001   0.277631E+000
   0.103407E+002   0.100000E+001   0.386150E-001   0.253939E+000
   0.104208E+002   0.100000E+001   0.317749E-001   0.227996E+000
   0.105010E+002   0.100000E+001   0.240325E-001   0.199726E+000
   0.105812E+002   0.100000E+001   0.158984E-001   0.169721E+000
   0.106613E+002   0.100000E+001   0.771343E-002   0.138878E+000
   0.107415E+002   0.100000E+001  -0.269301E-003   0.108090E+000
   0.108216E+002   0.100000E+001  -0.783851E-002   0.779897E-001
   0.109018E+002   0.100000E+001  -0.147922E-001   0.488947E-001
   0.109820E+002   0.100000E+001  -0.209611E-001   0.208021E-001
   0.110621E+002   0.100000E+001  -0.262427E-001  -0.652022E-002
   0.111423E+002   0.100000E+001  -0.306476E-001  -0.334010E-001
   0.112224E+002   0.100000E+001  -0.342314E-001  -0.602222E-001
   0.113026E+002   0.100000E+001  -0.370848E-001  -0.873735E-001
   0.113828E+002   0.100000E+001  -0.393058E-001  -0.115271E+000
   0.114629E+002   0.100000E+001  -0.409835E-001  -0.144384E+000
   0.115431E+002   0.100000E+001  -0.421903E-001  -0.175208E+000
   0.116232E+002   0.100000E+001  -0.429924E-001  -0.208235E+000
   0.117034E+002   0.100000E+001  -0.434487E-001  -0.243893E+000
   0.117836E+002   0.100000E+001  -0.436136E-001  -0.282493E+000
   0.118637E+002   0.100000E+001  -0.435387E-001  -0.324176E+000
   0.119439E+002   0.100000E+001  -0.432841E-001  -0.368877E+000
   0.120240E+002   0.100000E+001  -0.428954E-001  -0.416309E+000
   0.121042E+002   0.100000E+001  -0.423765E-001  -0.465964E+000
   0.121844E+002   0.100000E+001  -0.416956E-001  -0.517140E+000
   0.122645E+002   0.100000E+001  -0.408047E-001  -0.568980E+000
   0.123447E+002   0.100000E+001  -0.396653E-001  -0.620528E+000
   0.124248E+002   0.100000E+001  -0.382783E-001  -0.670804E+000
   0.125050E+002   0.100000E+001  -0.366839E-001  -0.718887E+000
   0.125852E+002   0.100000E+001  -0.349179E-001  -0.763992E+000
   0.126653E+002   0.100000E+001  -0.329884E-001  -0.805532E+000
   0.127455E+002   0.100000E+001  -0.308661E-001  -0.843147E+000
   0.128257E+002   0.100000E+001  -0.285099E-001  -0.876703E+000
   0.129058E+002   0.100000E+001  -0.258879E-001  -0.906260E+000
   0.129860E+002   0.100000E+001  -0.229527E-001  -0.932024E+000
   0.130661E+002   0.100000E+001  -0.196368E-001  -0.954272E+000
   0.131463E+002   0.100000E+001  -0.158566E-001  -0.973312E+000
   0.132265E+002   0.100000E+001  -0.115033E-001  -0.989448E+000
   0.133066E+002   0.100000E+001  -0.645602E-002  -0.100301E+001
   0.133868E+002   0.100000E+001  -0.734378E-003  -0.101431E+001
   0.134669E+002   0.100000E+001   0.559935E-002  -0.102368E+001
   0.135471E+002   0.100000E+001   0.124360E-001  -0.103136E+001
   0.136273E+002   0.100000E+001   0.196068E-001  -0.103746E+001
   0.137074E+002   0.100000E+001   0.267901E-001  -0.104194E+001
   0.137876E+002   0.100000E+001   0.335521E-001  -0.104468E+001
   0.138677E+002   0.100000E+001   0.393134E-001  -0.104551E+001
   0.139479E+002   0.100000E+001   0.434913E-001  -0.104436E+001
   0.140281E+002   0.100000E+001   0.455784E-001  -0.104136E+001
   0.141082E+002   0.100000E+001   0.453538E-001  -0.103696E+001
   0.141884E+002   0.100000E+001   0.428064E-001  -0.103188E+001
   0.142685E+002   0.100000E+001   0.382147E-001  -0.102709E+001
   0.143487E+002   0.100000E+001   0.320304E-001  -0.102364E+001
   0.144289E+002   0.100000E+001   0.247786E-001  -0.102245E+001
   0.145090E+002   0.100000E+001   0.169804E-001  -0.102412E+001
   0.145892E+002   0.100000E+001   0.912861E-002  -0.102887E+001
   0.146693E+002   0.100000E+001   0.160300E-002  -0.103657E+001
   0.147495E+002   0.100000E+001  -0.529357E-002  -0.104685E+001
   0.148297E+002   0.100000E+001  -0.113969E-001  -0.105936E+001
   0.149098E+002   0.100000E+001  -0.166435E-001  -0.107393E+001
   0.149900E+002   0.100000E+001  -0.210600E-001  -0.109059E+001
   0.150701E+002   0.100000E+001  -0.247317E-001  -0.110953E+001
   0.151503E+002   0.100000E+001  -0.277514E-001  -0.113096E+001
   0.152305E+002   0.100000E+001  -0.302249E-001  -0.115505E+001
   0.153106E+002   0.100000E+001  -0.322514E-001  -0.118185E+001
   0.153908E+002   0.100000E+001  -0.339272E-001  -0.121132E+001
   0.154709E+002   0.100000E+001  -0.353021E-001  -0.124329E+001
   0.155511E+002   0.100000E+001  -0.363896E-001  -0.127753E+001
   0.156313E+002   0.100000E+001  -0.372179E-001  -0.131380E+001
   0.157114E+002   0.100000E+001  -0.378162E-001  -0.135182E+001
   0.157916E+002   0.100000E+001  -0.382155E-001  -0.139130E+001
   0.158717E+002   0.100000E+001  -0.384757E-001  -0.143185E+001
   0.159519E+002   0.100000E+001  -0.386440E-001  -0.147294E+001
   0.160321E+002   0.100000E+001  -0.387466E-001  -0.151392E+001
   0.161122E+002   0.100000E+001  -0.388206E-001  -0.155398E+001
   0.161924E+002   0.100000E+001  -0.388825E-001  -0.159225E+001
   0.162725E+002   0.100000E+001  -0.388806E-001  -0.162789E+001
   0.163527E+002   0.100000E+001  -0.387315E-001  -0.166021E+001
   0.164329E+002   0.100000E+001  -0.383931E-001  -0.168875E+001
   0.165130E+002   0.100000E+001  -0.378120E-001  -0.171338E+001
   0.165932E+002   0.100000E+001  -0.368887E-001  -0.173431E+001
   0.166733E+002   0.100000E+001  -0.355387E-001  -0.175202E+001
   0.167535E+002   0.100000E+001  -0.337232E-001  -0.176717E+001
   0.168337E+002   0.100000E+001  -0.313872E-001  -0.178052E+001
   0.169138E+002   0.100000E+001  -0.285055E-001  -0.179278E+001
   0.169940E+002   0.100000E+001  -0.251812E-001  -0.180455E+001
   0.170741E+002   0.100000E+001  -0.215094E-001  -0.181627E+001
   0.171543E+002   0.100000E+001  -0.174119E-001  -0.182816E+001
   0.172345E+002   0.100000E+001  -0.127653E-001  -0.184019E+001
   0.173146E+002   0.100000E+001  -0.756220E-002  -0.185205E+001
   0.173948E+002   0.100000E+001  -0.186887E-002  -0.186318E+001
   0.174749E+002   0.100000E+001   0.428383E-002  -0.187285E+001
   0.175551E+002   0.100000E+001   0.108080E-001  -0.188026E+001
   0.176353E+002   0.100000E+001   0.175140E-001  -0.188458E+001
   0.177154E+002   0.100000E+001   0.241290E-001  -0.188500E+001
   0.177956E+002   0.100000E+001   0.302538E-001  -0.188069E+001
   0.178758E+002   0.100000E+001   0.354047E-001  -0.187084E+001
   0.179559E+002   0.100000E+001   0.391179E-001  -0.185486E+001
   0.180361E+002   0.100000E+001   0.410135E-001  -0.183265E+001
   0.181162E+002   0.100000E+001   0.407805E-001  -0.180479E+001
   0.181964E+002   0.100000E+001   0.382518E-001  -0.177259E+001
   0.182766E+002   0.100000E+001   0.336695E-001  -0.173770E+001
   0.183567E+002   0.100000E+001   0.277029E-001  -0.170166E+001
   0.184369E+002   0.100000E+001   0.210931E-001  -0.166554E+001
   0.185170E+002   0.100000E+001   0.143987E-001  -0.162980E+001
   0.185972E+002   0.100000E+001   0.793756E-002  -0.159452E+001
   0.186774E+002   0.100000E+001   0.188367E-002  -0.155963E+001
   0.187575E+002   0.100000E+001  -0.365117E-002  -0.152525E+001
   0.188377E+002   0.100000E+001  -0.850740E-002  -0.149180E+001
   0.189178E+002   0.100000E+001  -0.125459E-001  -0.145996E+001
   0.189980E+002   0.100000E+001  -0.158013E-001  -0.143059E+001
   0.190782E+002   0.100000E+001  -0.184241E-001  -0.140458E+001
   0.191583E+002   0.100000E+001  -0.205157E-001  -0.138268E+001
   0.192385E+002   0.100000E+001  -0.221846E-001  -0.136537E+001
   0.193186E+002   0.100000E+001  -0.235694E-001  -0.135278E+001
   0.193988E+002   0.100000E+001  -0.248000E-001  -0.134468E+001
   0.194790E+002   0.100000E+001  -0.259523E-001  -0.134053E+001
   0.195591E+002   0.100000E+001  -0.270807E-001  -0.133958E+001
   0.196393E+002   0.100000E+001  -0.281766E-001  -0.134104E+001
   0.197194E+002   0.100000E+001  -0.291728E-001  -0.134417E+001
   0.197996E+002   0.100000E+001  -0.299835E-001  -0.134831E+001
   0.198798E+002   0.100000E+001  -0.305270E-001  -0.135297E+001
   0.199599E+002   0.100000E+001  -0.307499E-001  -0.135775E+001
   0.200401E+002   0.100000E+001  -0.306464E-001  -0.136239E+001
   0.201202E+002   0.100000E+001  -0.302540E-001  -0.136668E+001
   0.202004E+002   0.100000E+001  -0.296382E-001  -0.137053E+001
   0.202806E+002   0.100000E+001  -0.288920E-001  -0.137390E+001
   0.203607E+002   0.100000E+001  -0.281049E-001  -0.137683E+001
   0.204409E+002   0.100000E+001  -0.273142E-001  -0.137938E+001
   0.205210E+002   0.100000E+001  -0.264817E-001  -0.138165E+001
   0.206012E+002   0.100000E+001  -0.254880E-001  -0.138366E+001
   0.206814E+002   0.100000E+001  -0.241905E-001  -0.138538E+001
   0.207615E+002   0.100000E+001  -0.224212E-001  -0.138669E+001
   0.208417E+002   0.100000E+001  -0.200366E-001  -0.138735E+001
   0.209218E+002   0.100000E+001  -0.169404E-001  -0.138707E+001
   0.210020E+002   0.100000E+001  -0.130595E-001  -0.138547E+001
   0.210822E+002   0.100000E+001  -0.842041E-002  -0.138219E+001
   0.211623E+002   0.100000E+001  -0.306763E-002  -0.137684E+001
   0.212425E+002   0.100000E+001   0.292700E-002  -0.136908E+001
   0.213226E+002   0.100000E+001   0.946626E-002  -0.135859E+001
   0.214028E+002   0.100000E+001   0.164684E-001  -0.134510E+001
   0.214830E+002   0.100000E+001   0.238000E-001  -0.132839E+001
   0.215631E+002   0.100000E+001   0.312209E-001  -0.130836E+001
   0.216433E+002   0.100000E+001   0.384964E-001  -0.128499E+001
   0.217234E+002   0.100000E+001   0.452626E-001  -0.125840E+001
   0.218036E+002   0.100000E+001   0.510922E-001  -0.122888E+001
   0.218838E+002   0.100000E+001   0.555856E-001  -0.119688E+001
   0.219639E+002   0.100000E+001   0.583029E-001  -0.116315E+001
   0.220441E+002   0.100000E+001   0.590285E-001  -0.112861E+001
   0.221242E+002   0.100000E+001   0.577858E-001  -0.109429E+001
   0.222044E+002   0.100000E+001   0.547296E-001  -0.106116E+001
   0.222846E+002   0.100000E+001   0.501706E-001  -0.103001E+001
   0.223647E+002   0.100000E+001   0.445021E-001  -0.100149E+001
   0.224449E+002   0.100000E+001   0.380889E-001  -0.975953E+000
   0.225251E+002   0.100000E+001   0.313584E-001  -0.953513E+000
   0.226052E+002   0.100000E+001   0.246421E-001  -0.934072E+000
   0.226854E+002   0.100000E+001   0.181538E-001  -0.917367E+000
   0.227655E+002   0.100000E+001   0.120313E-001  -0.903158E+000
   0.228457E+002   0.100000E+001   0.629561E-002  -0.891244E+000
   0.229259E+002   0.100000E+001   0.927787E-003  -0.881451E+000
   0.230060E+002   0.100000E+001  -0.408528E-002  -0.873652E+000
   0.230862E+002   0.100000E+001  -0.875486E-002  -0.867725E+000
   0.231663E+002   0.100000E+001  -0.130610E-001  -0.863534E+000
   0.232465E+002   0.100000E+001  -0.169650E-001  -0.860932E+000
   0.233267E+002   0.100000E+001  -0.204412E-001  -0.859755E+000
   0.234068E+002   0.100000E+001  -0.234810E-001  -0.859823E+000
   0.234870E+002   0.100000E+001  -0.260848E-001  -0.860955E+000
   0.235671E+002   0.100000E+001  -0.282633E-001  -0.862982E+000
   0.236473E+002   0.100000E+001  -0.300329E-001  -0.865739E+000
   0.237275E+002   0.100000E+001  -0.314096E-001  -0.869066E+000
   0.238076E+002   0.100000E+001  -0.324128E-001  -0.872804E+000
   0.238878E+002   0.100000E+001  -0.330760E-001  -0.876808E+000
   0.239679E+002   0.100000E+001  -0.334475E-001  -0.880953E+000
   0.240481E+002   0.100000E+001  -0.335743E-001  -0.885150E+000
   0.241283E+002   0.100000E+001  -0.334795E-001  -0.889335E+000
   0.242084E+002   0.100000E+001  -0.331487E-001  -0.893449E+000
   0.242886E+002   0.100000E+001  -0.325345E-001  -0.897411E+000
   0.243687E+002   0.100000E+001  -0.315773E-001  -0.901104E+000
   0.244489E+002   0.100000E+001  -0.302293E-001  -0.904375E+000
   0.245291E+002   0.100000E+001  -0.284677E-001  -0.907051E+000
   0.246092E+002   0.100000E+001  -0.262934E-001  -0.908958E+000
   0.246894E+002   0.100000E+001  -0.237176E-001  -0.909934E+000
   0.247695E+002   0.100000E+001  -0.207488E-001  -0.909826E+000
   0.248497E+002   0.100000E+001  -0.173883E-001  -0.908488E+000
   0.249299E+002   0.100000E+001  -0.136356E-001  -0.905770E+000
   0.250100E+002   0.100000E+001  -0.949342E-002  -0.901523E+000
   0.250902E+002   0.100000E+001  -0.496475E-002  -0.895604E+000
   0.251703E+002   0.100000E+001  -0.381655E-004  -0.887867E+000
   0.252505E+002   0.100000E+001   0.532216E-002  -0.878153E+000
   0.253307E+002   0.100000E+001   0.111628E-001  -0.866255E+000
   0.254108E+002   0.100000E+001   0.174952E-001  -0.851907E+000
   0.254910E+002   0.100000E+001   0.242356E-001  -0.834806E+000
   0.255711E+002   0.100000E+001   0.311669E-001  -0.814679E+000
   0.256513E+002   0.100000E+001   0.379532E-001  -0.791373E+000
   0.257315E+002   0.100000E+001   0.442022E-001  -0.764937E+000
   0.258116E+002   0.100000E+001   0.495364E-001  -0.735638E+000
   0.258918E+002   0.100000E+001   0.536314E-001  -0.703945E+000
   0.259719E+002   0.100000E+001   0.562243E-001  -0.670500E+000
   0.260521E+002   0.100000E+001   0.571269E-001  -0.636083E+000
   0.261323E+002   0.100000E+001   0.562531E-001  -0.601564E+000
   0.262124E+002   0.100000E+001   0.536296E-001  -0.567831E+000
   0.262926E+002   0.100000E+001   0.493737E-001  -0.535723E+000
   0.263727E+002   0.100000E+001   0.436794E-001  -0.505993E+000
   0.264529E+002   0.100000E+001   0.368412E-001  -0.479266E+000
   0.265331E+002   0.100000E+001   0.292710E-001  -0.455954E+000
   0.266132E+002   0.100000E+001   0.214439E-001  -0.436194E+000
   0.266934E+002   0.100000E+001   0.137894E-001  -0.419862E+000
   0.267735E+002   0.100000E+001   0.660968E-002  -0.406667E+000
   0.268537E+002   0.100000E+001   0.683292E-004  -0.396254E+000
   0.269339E+002   0.100000E+001  -0.577350E-002  -0.388264E+000
   0.270140E+002   0.100000E+001  -0.109169E-001  -0.382369E+000
   0.270942E+002   0.100000E+001  -0.153968E-001  -0.378276E+000
   0.271743E+002   0.100000E+001  -0.192651E-001  -0.375728E+000
   0.272545E+002   0.100000E+001  -0.225789E-001  -0.374504E+000
   0.273347E+002   0.100000E+001  -0.253906E-001  -0.374415E+000
   0.274148E+002   0.100000E+001  -0.277382E-001  -0.375294E+000
   0.274950E+002   0.100000E+001  -0.296424E-001  -0.376983E+000
   0.275752E+002   0.100000E+001  -0.311108E-001  -0.379323E+000
   0.276553E+002   0.100000E+001  -0.321512E-001  -0.382151E+000
   0.277355E+002   0.100000E+001  -0.327836E-001  -0.385301E+000
   0.278156E+002   0.100000E+001  -0.330462E-001  -0.388619E+000
   0.278958E+002   0.100000E+001  -0.329925E-001  -0.391976E+000
   0.279760E+002   0.100000E+001  -0.326796E-001  -0.395278E+000
   0.280561E+002   0.100000E+001  -0.321539E-001  -0.398461E+000
   0.281363E+002   0.100000E+001  -0.314401E-001  -0.401486E+000
   0.282164E+002   0.100000E+001  -0.305362E-001  -0.404322E+000
   0.282966E+002   0.100000E+001  -0.294141E-001  -0.406930E+000
   0.283768E+002   0.100000E+001  -0.280249E-001  -0.409252E+000
   0.284569E+002   0.100000E+001  -0.263046E-001  -0.411202E+000
   0.285371E+002   0.100000E+001  -0.241822E-001  -0.412659E+000
   0.286172E+002   0.100000E+001  -0.215888E-001  -0.413467E+000
   0.286974E+002   0.100000E+001  -0.184667E-001  -0.413439E+000
   0.287776E+002   0.100000E+001  -0.147764E-001  -0.412362E+000
   0.288577E+002   0.100000E+001  -0.104985E-001  -0.410015E+000
   0.289379E+002   0.100000E+001  -0.562820E-002  -0.406171E+000
   0.290180E+002   0.100000E+001  -0.167545E-003  -0.400603E+000
   0.290982E+002   0.100000E+001   0.587895E-002  -0.393077E+000
   0.291784E+002   0.100000E+001   0.124965E-001  -0.383340E+000
   0.292585E+002   0.100000E+001   0.196355E-001  -0.371114E+000
   0.293387E+002   0.100000E+001   0.271737E-001  -0.356107E+000
   0.294188E+002   0.100000E+001   0.348739E-001  -0.338054E+000
   0.294990E+002   0.100000E+001   0.423547E-001  -0.316796E+000
   0.295792E+002   0.100000E+001   0.490968E-001  -0.292396E+000
   0.296593E+002   0.100000E+001   0.545072E-001  -0.265252E+000
   0.297395E+002   0.100000E+001   0.580474E-001  -0.236163E+000
   0.298196E+002   0.100000E+001   0.593855E-001  -0.206261E+000
   0.298998E+002   0.100000E+001   0.584941E-001  -0.176811E+000
   0.299800E+002   0.100000E+001   0.556370E-001  -0.148961E+000
   0.300601E+002   0.100000E+001   0.512626E-001  -0.123562E+000
   0.301403E+002   0.100000E+001   0.458813E-001  -0.101122E+000
   0.302204E+002   0.100000E+001   0.399813E-001  -0.818398E-001
   0.303006E+002   0.100000E+001   0.339847E-001  -0.656725E-001
   0.303808E+002   0.100000E+001   0.282229E-001  -0.524099E-001
   0.304609E+002   0.100000E+001   0.229263E-001  -0.417414E-001
   0.305411E+002   0.100000E+001   0.182313E-001  -0.333121E-001
   0.306212E+002   0.100000E+001   0.141969E-001  -0.267626E-001
   0.307014E+002   0.100000E+001   0.108252E-001  -0.217529E-001
   0.307816E+002   0.100000E+001   0.807996E-002  -0.179760E-001
   0.308617E+002   0.100000E+001   0.590132E-002  -0.151637E-001
   0.309419E+002   0.100000E+001   0.421802E-002  -0.130883E-001
   0.310220E+002   0.100000E+001   0.295556E-002  -0.115606E-001
   0.311022E+002   0.100000E+001   0.204165E-002  -0.104273E-001
   0.311824E+002   0.100000E+001   0.140939E-002  -0.956634E-002
   0.312625E+002   0.100000E+001   0.998874E-003  -0.888348E-002
   0.313427E+002   0.100000E+001   0.757846E-003  -0.830792E-002
   0.314228E+002   0.100000E+001   0.642159E-003  -0.778856E-002
   0.315030E+002   0.100000E+001   0.615719E-003  -0.728994E-002
   0.315832E+002   0.100000E+001   0.649603E-003  -0.678848E-002
   0.316633E+002   0.100000E+001   0.720241E-003  -0.626944E-002
   0.317435E+002   0.100000E+001   0.807351E-003  -0.572551E-002
   0.318236E+002   0.100000E+001   0.892758E-003  -0.515647E-002
   0.319038E+002   0.100000E+001   0.960771E-003  -0.456927E-002
   0.319840E+002   0.100000E+001   0.999744E-003  -0.397706E-002
   0.320641E+002   0.100000E+001   0.100363E-002  -0.339690E-002
   0.321443E+002   0.100000E+001   0.972421E-003  -0.284644E-002
   0.322244E+002   0.100000E+001   0.911096E-003  -0.234085E-002
   0.323046E+002   0.100000E+001   0.827700E-003  -0.189074E-002
   0.323848E+002   0.100000E+001   0.731236E-003  -0.150150E-002
   0.324649E+002   0.100000E+001   0.630053E-003  -0.117369E-002
   0.325451E+002   0.100000E+001   0.530892E-003  -0.904121E-003
   0.326253E+002   0.100000E+001   0.438543E-003  -0.687154E-003
   0.327054E+002   0.100000E+001   0.355914E-003  -0.515842E-003
   0.327856E+002   0.100000E+001   0.284343E-003  -0.382882E-003
   0.328657E+002   0.100000E+001   0.223998E-003  -0.281268E-003
   0.329459E+002   0.100000E+001   0.174261E-003  -0.204679E-003
   0.330261E+002   0.100000E+001   0.134056E-003  -0.147668E-003
   0.331062E+002   0.100000E+001   0.102097E-003  -0.105704E-003
   0.331864E+002   0.100000E+001   0.770614E-004  -0.751281E-004
   0.332665E+002   0.100000E+001   0.576982E-004  -0.530519E-004
   0.333467E+002   0.100000E+001   0.428896E-004  -0.372438E-004
   0.334269E+002   0.100000E+001   0.316762E-004  -0.260078E-004
   0.335070E+002   0.100000E+001   0.232594E-004  -0.180748E-004
   0.335872E+002   0.100000E+001   0.169907E-004  -0.125075E-004
   0.336673E+002   0.100000E+001   0.123540E-004  -0.862150E-005
   0.337475E+002   0.100000E+001   0.894539E-005  -0.592217E-005
   0.338277E+002   0.100000E+001   0.645323E-005  -0.405527E-005
   0.339078E+002   0.100000E+001   0.463994E-005  -0.276913E-005
   0.339880E+002   0.100000E+001   0.332628E-005  -0.188617E-005
   0.340681E+002   0.100000E+001   0.237822E-005  -0.128187E-005
   0.341483E+002   0.100000E+001   0.169636E-005  -0.869440E-006
   0.342285E+002   0.100000E+001   0.120743E-005  -0.588655E-006
   0.343086E+002   0.100000E+001   0.857799E-006  -0.397916E-006
   0.343888E+002   0.100000E+001   0.608380E-006  -0.268599E-006
   0.344689E+002   0.100000E+001   0.430831E-006  -0.181078E-006
   0.345491E+002   0.100000E+001   0.304686E-006  -0.121937E-006
   0.346293E+002   0.100000E+001   0.215215E-006  -0.820287E-007
   0.347094E+002   0.100000E+001   0.151853E-006  -0.551314E-007
   0.347896E+002   0.100000E+001   0.107041E-006  -0.370233E-007
   0.348697E+002   0.100000E+001   0.753871E-007  -0.248445E-007
   0.349499E+002   0.100000E+001   0.530523E-007  -0.166606E-007
   0.350301E+002   0.100000E+001   0.373081E-007  -0.111656E-007
   0.351102E+002   0.100000E+001   0.262194E-007  -0.747868E-008
   0.351904E+002   0.100000E+001   0.184158E-007  -0.500654E-008
   0.352705E+002   0.100000E+001   0.129279E-007  -0.334992E-008
   0.353507E+002   0.100000E+001   0.907095E-008  -0.224039E-008
   0.354309E+002   0.100000E+001   0.636186E-008  -0.149767E-008
   0.355110E+002   0.100000E+001   0.446000E-008  -0.100073E-008
   0.355912E+002   0.100000E+001   0.312549E-008  -0.668387E-009
   0.356713E+002   0.100000E+001   0.218949E-008  -0.446222E-009
   0.357515E+002   0.100000E+001   0.153326E-008  -0.297773E-009
   0.358317E+002   0.100000E+001   0.107336E-008  -0.198622E-009
   0.359118E+002   0.100000E+001   0.751164E-009  -0.132426E-009
   0.359920E+002   0.100000E+001   0.525517E-009  -0.882497E-010
   0.360721E+002   0.100000E+001   0.367540E-009  -0.587818E-010
   0.361523E+002   0.100000E+001   0.256972E-009  -0.391337E-010
   0.362325E+002   0.100000E+001   0.179611E-009  -0.260390E-010
   0.363126E+002   0.100000E+001   0.125499E-009  -0.173162E-010
   0.363928E+002   0.100000E+001   0.876604E-010  -0.115084E-010
   0.364729E+002   0.100000E+001   0.612097E-010  -0.764369E-011
   0.365531E+002   0.100000E+001   0.427252E-010  -0.507331E-011
   0.366333E+002   0.100000E+001   0.298117E-010  -0.336483E-011
   0.367134E+002   0.100000E+001   0.207932E-010  -0.222994E-011
   0.367936E+002   0.100000E+001   0.144969E-010  -0.147659E-011
   0.368737E+002   0.100000E+001   0.101027E-010  -0.976867E-012
   0.369539E+002   0.100000E+001   0.703722E-011  -0.645641E-012
   0.370341E+002   0.100000E+001   0.489944E-011  -0.426281E-012
   0.371142E+002   0.100000E+001   0.340925E-011  -0.281135E-012
   0.371944E+002   0.100000E+001   0.237096E-011  -0.185188E-012
   0.372745E+002   0.100000E+001   0.164786E-011  -0.121828E-012
   0.373547E+002   0.100000E+001   0.114453E-011  -0.800339E-013
   0.374349E+002   0.100000E+001   0.794369E-012  -0.524985E-013
   0.375150E+002   0.100000E+001   0.550911E-012  -0.343805E-013
   0.375952E+002   0.100000E+001   0.381747E-012  -0.224757E-013
   0.376754E+002   0.100000E+001   0.264286E-012  -0.146651E-013
   0.377555E+002   0.100000E+001   0.182785E-012  -0.954903E-014
   0.378357E+002   0.100000E+001   0.126282E-012  -0.620379E-014
   0.379158E+002   0.100000E+001   0.871429E-013  -0.402061E-014
   0.379960E+002   0.100000E+001   0.600571E-013  -0.259878E-014
   0.380762E+002   0.100000E+001   0.413319E-013  -0.167486E-014
   0.381563E+002   0.100000E+001   0.284012E-013  -0.107597E-014
   0.382365E+002   0.100000E+001   0.194826E-013  -0.688810E-015
   0.383166E+002   0.100000E+001   0.133396E-013  -0.439254E-015
   0.383968E+002   0.100000E+001   0.911453E-014  -0.278916E-015
   0.384770E+002   0.100000E+001   0.621325E-014  -0.176264E-015
   0.385571E+002   0.100000E+001   0.422454E-014  -0.110803E-015
   0.386373E+002   0.100000E+001   0.286402E-014  -0.692401E-016
   0.387174E+002   0.100000E+001   0.193531E-014  -0.429786E-016
   0.387976E+002   0.100000E+001   0.130289E-014  -0.264756E-016
   0.388778E+002   0.100000E+001   0.873409E-015  -0.161686E-016
   0.389579E+002   0.100000E+001   0.582650E-015  -0.977609E-017
   0.390381E+002   0.100000E+001   0.386493E-015  -0.584291E-017
   0.391182E+002   0.100000E+001   0.254691E-015  -0.344513E-017
   0.391984E+002   0.100000E+001   0.166544E-015  -0.199901E-017
   0.392786E+002   0.100000E+001   0.107913E-015  -0.113784E-017
   0.393587E+002   0.100000E+001   0.691681E-016  -0.632740E-018
   0.394389E+002   0.100000E+001   0.437632E-016  -0.341885E-018
   0.395190E+002   0.100000E+001   0.272610E-016  -0.178149E-018
   0.395992E+002   0.100000E+001   0.166605E-016  -0.885395E-019
   0.396794E+002   0.100000E+001   0.993470E-017  -0.412125E-019
   0.397595E+002   0.100000E+001   0.571219E-017  -0.173454E-019
   0.398397E+002   0.100000E+001   0.305793E-017  -0.606530E-020
   0.399198E+002   0.100000E+001   0.131375E-017  -0.126811E-020
   0.400000E+002   0.100000E+001   0.000000E+000  -0.000000E+000
   0.400802E+002   0.100000E+001   0.611797E-017  -0.984715E-021

