  -0.801603E-001   0.100000E+001  -0.365361E-001  -0.773584E-001
   0.000000E+000   0.100000E+001  -0.372309E-001   0.457635E-002
   0.801603E-001   0.100000E+001  -0.370428E-001  -0.118140E-001
   0.160321E+000   0.100000E+001  -0.366475E-001  -0.281354E-001
   0.240481E+000   0.100000E+001  -0.359633E-001  -0.442692E-001
   0.320641E+000   0.100000E+001  -0.350061E-001  -0.601261E-001
   0.400802E+000   0.100000E+001  -0.336960E-001  -0.755404E-001
   0.480962E+000   0.100000E+001  -0.320161E-001  -0.904007E-001
   0.561122E+000   0.100000E+001  -0.299233E-001  -0.104554E+000
   0.641283E+000   0.100000E+001  -0.273691E-001  -0.117836E+000
   0.721443E+000   0.100000E+001  -0.243049E-001  -0.130061E+000
   0.801603E+000   0.100000E+001  -0.206797E-001  -0.141021E+000
   0.881764E+000   0.100000E+001  -0.164450E-001  -0.150483E+000
   0.961924E+000   0.100000E+001  -0.115616E-001  -0.158184E+000
   0.104208E+001   0.100000E+001  -0.600702E-002  -0.163834E+000
   0.112224E+001   0.100000E+001   0.212402E-003  -0.167111E+000
   0.120240E+001   0.100000E+001   0.704651E-002  -0.167668E+000
   0.128257E+001   0.100000E+001   0.143816E-001  -0.165135E+000
   0.136273E+001   0.100000E+001   0.220165E-001  -0.159135E+000
   0.144289E+001   0.100000E+001   0.296352E-001  -0.149301E+000
   0.152305E+001   0.100000E+001   0.367825E-001  -0.135303E+000
   0.160321E+001   0.100000E+001   0.428645E-001  -0.116884E+000
   0.168337E+001   0.100000E+001   0.472194E-001  -0.939095E-001
   0.176353E+001   0.100000E+001   0.493010E-001  -0.664634E-001
   0.184369E+001   0.100000E+001   0.489436E-001  -0.349822E-001
   0.192385E+001   0.100000E+001   0.465375E-001  -0.363201E-003
   0.200401E+001   0.100000E+001   0.428914E-001   0.360409E-001
   0.208417E+001   0.100000E+001   0.387966E-001   0.725963E-001
   0.216433E+001   0.100000E+001   0.346499E-001   0.107697E+000
   0.224449E+001   0.100000E+001   0.304646E-001   0.140078E+000
   0.232465E+001   0.100000E+001   0.261472E-001   0.168970E+000
   0.240481E+001   0.100000E+001   0.216759E-001   0.194038E+000
   0.248497E+001   0.100000E+001   0.170683E-001   0.215248E+000
   0.256513E+001   0.100000E+001   0.123182E-001   0.232745E+000
   0.264529E+001   0.100000E+001   0.741499E-002   0.246787E+000
   0.272545E+001   0.100000E+001   0.238810E-002   0.257688E+000
   0.280561E+001   0.100000E+001  -0.268258E-002   0.265794E+000
   0.288577E+001   0.100000E+001  -0.767780E-002   0.271473E+000
   0.296593E+001   0.100000E+001  -0.124552E-001   0.275108E+000
   0.304609E+001   0.100000E+001  -0.168848E-001   0.277076E+000
   0.312625E+001   0.100000E+001  -0.208914E-001   0.277725E+000
   0.320641E+001   0.100000E+001  -0.244587E-001   0.277357E+000
   0.328657E+001   0.100000E+001  -0.275916E-001   0.276219E+000
   0.336673E+001   0.100000E+001  -0.302895E-001   0.274498E+000
   0.344689E+001   0.100000E+001  -0.325511E-001   0.272320E+000
   0.352705E+001   0.100000E+001  -0.343841E-001   0.269761E+000
   0.360721E+001   0.100000E+001  -0.358090E-001   0.266868E+000
   0.368737E+001   0.100000E+001  -0.368609E-001   0.263665E+000
   0.376754E+001   0.100000E+001  -0.375866E-001   0.260180E+000
   0.384770E+001   0.100000E+001  -0.380365E-001   0.256458E+000
   0.392786E+001   0.100000E+001  -0.382546E-001   0.252584E+000
   0.400802E+001   0.100000E+001  -0.382738E-001   0.248686E+000
   0.408818E+001   0.100000E+001  -0.381138E-001   0.244933E+000
   0.416834E+001   0.100000E+001  -0.377798E-001   0.241524E+000
   0.424850E+001   0.100000E+001  -0.372612E-001   0.238657E+000
   0.432866E+001   0.100000E+001  -0.365292E-001   0.236508E+000
   0.440882E+001   0.100000E+001  -0.355351E-001   0.235213E+000
   0.448898E+001   0.100000E+001  -0.342119E-001   0.234857E+000
   0.456914E+001   0.100000E+001  -0.324808E-001   0.235481E+000
   0.464930E+001   0.100000E+001  -0.302618E-001   0.237094E+000
   0.472946E+001   0.100000E+001  -0.274859E-001   0.239701E+000
   0.480962E+001   0.100000E+001  -0.241041E-001   0.243320E+000
   0.488978E+001   0.100000E+001  -0.200929E-001   0.248008E+000
   0.496994E+001   0.100000E+001  -0.154555E-001   0.253876E+000
   0.505010E+001   0.100000E+001  -0.102204E-001   0.261109E+000
   0.513026E+001   0.100000E+001  -0.443846E-002   0.269972E+000
   0.521042E+001   0.100000E+001   0.182064E-002   0.280806E+000
   0.529058E+001   0.100000E+001   0.847287E-002   0.294007E+000
   0.537074E+001   0.100000E+001   0.154227E-001   0.309988E+000
   0.545090E+001   0.100000E+001   0.225622E-001   0.329115E+000
   0.553106E+001   0.100000E+001   0.297640E-001   0.351649E+000
   0.561122E+001   0.100000E+001   0.368619E-001   0.377688E+000
   0.569138E+001   0.100000E+001   0.436241E-001   0.407118E+000
   0.577154E+001   0.100000E+001   0.497256E-001   0.439580E+000
   0.585170E+001   0.100000E+001   0.547402E-001   0.474440E+000
   0.593186E+001   0.100000E+001   0.581756E-001   0.510809E+000
   0.601202E+001   0.100000E+001   0.595752E-001   0.547609E+000
   0.609218E+001   0.100000E+001   0.586508E-001   0.583710E+000
   0.617234E+001   0.100000E+001   0.553772E-001   0.618090E+000
   0.625251E+001   0.100000E+001   0.500189E-001   0.649961E+000
   0.633267E+001   0.100000E+001   0.430720E-001   0.678823E+000
   0.641283E+001   0.100000E+001   0.351490E-001   0.704453E+000
   0.649299E+001   0.100000E+001   0.268456E-001   0.726852E+000
   0.657315E+001   0.100000E+001   0.186436E-001   0.746153E+000
   0.665331E+001   0.100000E+001   0.108761E-001   0.762549E+000
   0.673347E+001   0.100000E+001   0.373684E-002   0.776243E+000
   0.681363E+001   0.100000E+001  -0.269142E-002   0.787439E+000
   0.689379E+001   0.100000E+001  -0.838974E-002   0.796340E+000
   0.697395E+001   0.100000E+001  -0.133848E-001   0.803167E+000
   0.705411E+001   0.100000E+001  -0.177373E-001   0.808168E+000
   0.713427E+001   0.100000E+001  -0.215215E-001   0.811614E+000
   0.721443E+001   0.100000E+001  -0.248211E-001   0.813788E+000
   0.729459E+001   0.100000E+001  -0.277169E-001   0.814964E+000
   0.737475E+001   0.100000E+001  -0.302683E-001   0.815396E+000
   0.745491E+001   0.100000E+001  -0.325217E-001   0.815306E+000
   0.753507E+001   0.100000E+001  -0.345141E-001   0.814878E+000
   0.761523E+001   0.100000E+001  -0.362604E-001   0.814248E+000
   0.769539E+001   0.100000E+001  -0.377480E-001   0.813505E+000
   0.777555E+001   0.100000E+001  -0.389478E-001   0.812705E+000
   0.785571E+001   0.100000E+001  -0.398251E-001   0.811882E+000
   0.793587E+001   0.100000E+001  -0.403508E-001   0.811051E+000
   0.801603E+001   0.100000E+001  -0.405239E-001   0.810200E+000
   0.809619E+001   0.100000E+001  -0.403912E-001   0.809258E+000
   0.817635E+001   0.100000E+001  -0.400546E-001   0.808083E+000
   0.825651E+001   0.100000E+001  -0.396258E-001   0.806510E+000
   0.833667E+001   0.100000E+001  -0.391244E-001   0.804494E+000
   0.841683E+001   0.100000E+001  -0.384426E-001   0.802359E+000
   0.849699E+001   0.100000E+001  -0.373158E-001   0.801015E+000
   0.857715E+001   0.100000E+001  -0.353476E-001   0.801961E+000
   0.865731E+001   0.100000E+001  -0.321585E-001   0.806927E+000
   0.873747E+001   0.100000E+001  -0.276219E-001   0.817072E+000
   0.881764E+001   0.100000E+001  -0.220070E-001   0.831826E+000
   0.889780E+001   0.100000E+001  -0.159956E-001   0.847857E+000
   0.897796E+001   0.100000E+001  -0.104135E-001   0.859002E+000
   0.905812E+001   0.100000E+001  -0.588468E-002   0.858006E+000
   0.913828E+001   0.100000E+001  -0.252941E-002   0.839669E+000
   0.921844E+001   0.100000E+001   0.151327E-003   0.803314E+000
   0.929860E+001   0.100000E+001   0.297457E-002   0.752740E+000
   0.937876E+001   0.100000E+001   0.656495E-002   0.694069E+000
   0.945892E+001   0.100000E+001   0.111948E-001   0.633299E+000
   0.953908E+001   0.100000E+001   0.168129E-001   0.574866E+000
   0.961924E+001   0.100000E+001   0.231068E-001   0.521300E+000
   0.969940E+001   0.100000E+001   0.295960E-001   0.473522E+000
   0.977956E+001   0.100000E+001   0.357299E-001   0.431295E+000
   0.985972E+001   0.100000E+001   0.409771E-001   0.393724E+000
   0.993988E+001   0.100000E+001   0.450108E-001   0.359589E+000
   0.100200E+002   0.100000E+001   0.476131E-001   0.327545E+000
   0.101002E+002   0.100000E+001   0.485457E-001   0.296296E+000
   0.101804E+002   0.100000E+001   0.476090E-001   0.264665E+000
   0.102605E+002   0.100000E+001   0.447461E-001   0.231687E+000
   0.103407E+002   0.100000E+001   0.400860E-001   0.196716E+000
   0.104208E+002   0.100000E+001   0.340369E-001   0.159459E+000
   0.105010E+002   0.100000E+001   0.271282E-001   0.120051E+000
   0.105812E+002   0.100000E+001   0.198063E-001   0.789945E-001
   0.106613E+002   0.100000E+001   0.123205E-001   0.370456E-001
   0.107415E+002   0.100000E+001   0.483694E-002  -0.492451E-002
   0.108216E+002   0.100000E+001  -0.245672E-002  -0.461411E-001
   0.109018E+002   0.100000E+001  -0.937404E-002  -0.860414E-001
   0.109820E+002   0.100000E+001  -0.157643E-001  -0.124318E+000
   0.110621E+002   0.100000E+001  -0.215019E-001  -0.160935E+000
   0.111423E+002   0.100000E+001  -0.265339E-001  -0.196070E+000
   0.112224E+002   0.100000E+001  -0.308357E-001  -0.230084E+000
   0.113026E+002   0.100000E+001  -0.344146E-001  -0.263465E+000
   0.113828E+002   0.100000E+001  -0.373036E-001  -0.296783E+000
   0.114629E+002   0.100000E+001  -0.395590E-001  -0.330670E+000
   0.115431E+002   0.100000E+001  -0.412701E-001  -0.365773E+000
   0.116232E+002   0.100000E+001  -0.425312E-001  -0.402719E+000
   0.117034E+002   0.100000E+001  -0.434044E-001  -0.442089E+000
   0.117836E+002   0.100000E+001  -0.439235E-001  -0.484351E+000
   0.118637E+002   0.100000E+001  -0.441056E-001  -0.529823E+000
   0.119439E+002   0.100000E+001  -0.439630E-001  -0.578627E+000
   0.120240E+002   0.100000E+001  -0.435418E-001  -0.630662E+000
   0.121042E+002   0.100000E+001  -0.429347E-001  -0.685604E+000
   0.121844E+002   0.100000E+001  -0.422261E-001  -0.742917E+000
   0.122645E+002   0.100000E+001  -0.414293E-001  -0.801883E+000
   0.123447E+002   0.100000E+001  -0.405070E-001  -0.861638E+000
   0.124248E+002   0.100000E+001  -0.394290E-001  -0.921203E+000
   0.125050E+002   0.100000E+001  -0.381989E-001  -0.979546E+000
   0.125852E+002   0.100000E+001  -0.368240E-001  -0.103566E+001
   0.126653E+002   0.100000E+001  -0.353095E-001  -0.108866E+001
   0.127455E+002   0.100000E+001  -0.336485E-001  -0.113784E+001
   0.128257E+002   0.100000E+001  -0.317835E-001  -0.118275E+001
   0.129058E+002   0.100000E+001  -0.296513E-001  -0.122318E+001
   0.129860E+002   0.100000E+001  -0.272618E-001  -0.125920E+001
   0.130661E+002   0.100000E+001  -0.246762E-001  -0.129106E+001
   0.131463E+002   0.100000E+001  -0.219071E-001  -0.131920E+001
   0.132265E+002   0.100000E+001  -0.188937E-001  -0.134415E+001
   0.133066E+002   0.100000E+001  -0.155918E-001  -0.136650E+001
   0.133868E+002   0.100000E+001  -0.119638E-001  -0.138684E+001
   0.134669E+002   0.100000E+001  -0.793620E-002  -0.140566E+001
   0.135471E+002   0.100000E+001  -0.343783E-002  -0.142336E+001
   0.136273E+002   0.100000E+001   0.158724E-002  -0.144025E+001
   0.137074E+002   0.100000E+001   0.713093E-002  -0.145654E+001
   0.137876E+002   0.100000E+001   0.130835E-001  -0.147231E+001
   0.138677E+002   0.100000E+001   0.192359E-001  -0.148744E+001
   0.139479E+002   0.100000E+001   0.253005E-001  -0.150157E+001
   0.140281E+002   0.100000E+001   0.310186E-001  -0.151409E+001
   0.141082E+002   0.100000E+001   0.361135E-001  -0.152423E+001
   0.141884E+002   0.100000E+001   0.401698E-001  -0.153132E+001
   0.142685E+002   0.100000E+001   0.426451E-001  -0.153505E+001
   0.143487E+002   0.100000E+001   0.430757E-001  -0.153567E+001
   0.144289E+002   0.100000E+001   0.412949E-001  -0.153407E+001
   0.145090E+002   0.100000E+001   0.374617E-001  -0.153160E+001
   0.145892E+002   0.100000E+001   0.319754E-001  -0.152977E+001
   0.146693E+002   0.100000E+001   0.253966E-001  -0.152990E+001
   0.147495E+002   0.100000E+001   0.182322E-001  -0.153284E+001
   0.148297E+002   0.100000E+001   0.108882E-001  -0.153891E+001
   0.149098E+002   0.100000E+001   0.373035E-002  -0.154805E+001
   0.149900E+002   0.100000E+001  -0.297737E-002  -0.156007E+001
   0.150701E+002   0.100000E+001  -0.910640E-002  -0.157484E+001
   0.151503E+002   0.100000E+001  -0.145555E-001  -0.159239E+001
   0.152305E+002   0.100000E+001  -0.192241E-001  -0.161282E+001
   0.153106E+002   0.100000E+001  -0.230974E-001  -0.163624E+001
   0.153908E+002   0.100000E+001  -0.262571E-001  -0.166268E+001
   0.154709E+002   0.100000E+001  -0.288227E-001  -0.169214E+001
   0.155511E+002   0.100000E+001  -0.309206E-001  -0.172451E+001
   0.156313E+002   0.100000E+001  -0.326225E-001  -0.175968E+001
   0.157114E+002   0.100000E+001  -0.339158E-001  -0.179744E+001
   0.157916E+002   0.100000E+001  -0.348276E-001  -0.183745E+001
   0.158717E+002   0.100000E+001  -0.354944E-001  -0.187920E+001
   0.159519E+002   0.100000E+001  -0.360649E-001  -0.192195E+001
   0.160321E+002   0.100000E+001  -0.366157E-001  -0.196483E+001
   0.161122E+002   0.100000E+001  -0.371643E-001  -0.200690E+001
   0.161924E+002   0.100000E+001  -0.376828E-001  -0.204732E+001
   0.162725E+002   0.100000E+001  -0.381264E-001  -0.208547E+001
   0.163527E+002   0.100000E+001  -0.384813E-001  -0.212099E+001
   0.164329E+002   0.100000E+001  -0.387563E-001  -0.215386E+001
   0.165130E+002   0.100000E+001  -0.389453E-001  -0.218421E+001
   0.165932E+002   0.100000E+001  -0.390464E-001  -0.221225E+001
   0.166733E+002   0.100000E+001  -0.390876E-001  -0.223815E+001
   0.167535E+002   0.100000E+001  -0.390739E-001  -0.226207E+001
   0.168337E+002   0.100000E+001  -0.389438E-001  -0.228418E+001
   0.169138E+002   0.100000E+001  -0.386072E-001  -0.230481E+001
   0.169940E+002   0.100000E+001  -0.379834E-001  -0.232448E+001
   0.170741E+002   0.100000E+001  -0.370188E-001  -0.234388E+001
   0.171543E+002   0.100000E+001  -0.357242E-001  -0.236380E+001
   0.172345E+002   0.100000E+001  -0.341356E-001  -0.238495E+001
   0.173146E+002   0.100000E+001  -0.322284E-001  -0.240787E+001
   0.173948E+002   0.100000E+001  -0.299232E-001  -0.243287E+001
   0.174749E+002   0.100000E+001  -0.271328E-001  -0.245993E+001
   0.175551E+002   0.100000E+001  -0.237985E-001  -0.248861E+001
   0.176353E+002   0.100000E+001  -0.198663E-001  -0.251805E+001
   0.177154E+002   0.100000E+001  -0.152622E-001  -0.254694E+001
   0.177956E+002   0.100000E+001  -0.988811E-002  -0.257353E+001
   0.178758E+002   0.100000E+001  -0.376879E-002  -0.259586E+001
   0.179559E+002   0.100000E+001   0.303482E-002  -0.261185E+001
   0.180361E+002   0.100000E+001   0.102415E-001  -0.261951E+001
   0.181162E+002   0.100000E+001   0.176844E-001  -0.261713E+001
   0.181964E+002   0.100000E+001   0.251881E-001  -0.260338E+001
   0.182766E+002   0.100000E+001   0.324168E-001  -0.257763E+001
   0.183567E+002   0.100000E+001   0.388071E-001  -0.254001E+001
   0.184369E+002   0.100000E+001   0.437740E-001  -0.249159E+001
   0.185170E+002   0.100000E+001   0.467091E-001  -0.243429E+001
   0.185972E+002   0.100000E+001   0.474676E-001  -0.237057E+001
   0.186774E+002   0.100000E+001   0.461198E-001  -0.230313E+001
   0.187575E+002   0.100000E+001   0.429954E-001  -0.223453E+001
   0.188377E+002   0.100000E+001   0.383829E-001  -0.216710E+001
   0.189178E+002   0.100000E+001   0.326971E-001  -0.210289E+001
   0.189980E+002   0.100000E+001   0.264751E-001  -0.204356E+001
   0.190782E+002   0.100000E+001   0.202717E-001  -0.199032E+001
   0.191583E+002   0.100000E+001   0.144251E-001  -0.194385E+001
   0.192385E+002   0.100000E+001   0.914479E-002  -0.190431E+001
   0.193186E+002   0.100000E+001   0.433057E-002  -0.187164E+001
   0.193988E+002   0.100000E+001  -0.115189E-003  -0.184557E+001
   0.194790E+002   0.100000E+001  -0.424372E-002  -0.182566E+001
   0.195591E+002   0.100000E+001  -0.806853E-002  -0.181119E+001
   0.196393E+002   0.100000E+001  -0.115829E-001  -0.180118E+001
   0.197194E+002   0.100000E+001  -0.147735E-001  -0.179455E+001
   0.197996E+002   0.100000E+001  -0.176430E-001  -0.179023E+001
   0.198798E+002   0.100000E+001  -0.201683E-001  -0.178736E+001
   0.199599E+002   0.100000E+001  -0.223067E-001  -0.178532E+001
   0.200401E+002   0.100000E+001  -0.240320E-001  -0.178372E+001
   0.201202E+002   0.100000E+001  -0.253309E-001  -0.178236E+001
   0.202004E+002   0.100000E+001  -0.262169E-001  -0.178112E+001
   0.202806E+002   0.100000E+001  -0.267291E-001  -0.177992E+001
   0.203607E+002   0.100000E+001  -0.269276E-001  -0.177870E+001
   0.204409E+002   0.100000E+001  -0.268918E-001  -0.177738E+001
   0.205210E+002   0.100000E+001  -0.267120E-001  -0.177589E+001
   0.206012E+002   0.100000E+001  -0.264708E-001  -0.177420E+001
   0.206814E+002   0.100000E+001  -0.262267E-001  -0.177230E+001
   0.207615E+002   0.100000E+001  -0.259987E-001  -0.177026E+001
   0.208417E+002   0.100000E+001  -0.257616E-001  -0.176815E+001
   0.209218E+002   0.100000E+001  -0.254528E-001  -0.176605E+001
   0.210020E+002   0.100000E+001  -0.249799E-001  -0.176399E+001
   0.210822E+002   0.100000E+001  -0.242477E-001  -0.176193E+001
   0.211623E+002   0.100000E+001  -0.231490E-001  -0.175976E+001
   0.212425E+002   0.100000E+001  -0.215843E-001  -0.175728E+001
   0.213226E+002   0.100000E+001  -0.194633E-001  -0.175426E+001
   0.214028E+002   0.100000E+001  -0.167010E-001  -0.175042E+001
   0.214830E+002   0.100000E+001  -0.132622E-001  -0.174545E+001
   0.215631E+002   0.100000E+001  -0.909389E-002  -0.173904E+001
   0.216433E+002   0.100000E+001  -0.418297E-002  -0.173085E+001
   0.217234E+002   0.100000E+001   0.147082E-002  -0.172056E+001
   0.218036E+002   0.100000E+001   0.784863E-002  -0.170782E+001
   0.218838E+002   0.100000E+001   0.148424E-001  -0.169231E+001
   0.219639E+002   0.100000E+001   0.223148E-001  -0.167374E+001
   0.220441E+002   0.100000E+001   0.301019E-001  -0.165187E+001
   0.221242E+002   0.100000E+001   0.379739E-001  -0.162654E+001
   0.222044E+002   0.100000E+001   0.456140E-001  -0.159772E+001
   0.222846E+002   0.100000E+001   0.526625E-001  -0.156548E+001
   0.223647E+002   0.100000E+001   0.586503E-001  -0.153008E+001
   0.224449E+002   0.100000E+001   0.631845E-001  -0.149204E+001
   0.225251E+002   0.100000E+001   0.658572E-001  -0.145214E+001
   0.226052E+002   0.100000E+001   0.663596E-001  -0.141137E+001
   0.226854E+002   0.100000E+001   0.646265E-001  -0.137093E+001
   0.227655E+002   0.100000E+001   0.608623E-001  -0.133197E+001
   0.228457E+002   0.100000E+001   0.553759E-001  -0.129542E+001
   0.229259E+002   0.100000E+001   0.486840E-001  -0.126195E+001
   0.230060E+002   0.100000E+001   0.413637E-001  -0.123186E+001
   0.230862E+002   0.100000E+001   0.338783E-001  -0.120510E+001
   0.231663E+002   0.100000E+001   0.265357E-001  -0.118147E+001
   0.232465E+002   0.100000E+001   0.194543E-001  -0.116078E+001
   0.233267E+002   0.100000E+001   0.126929E-001  -0.114287E+001
   0.234068E+002   0.100000E+001   0.633048E-002  -0.112755E+001
   0.234870E+002   0.100000E+001   0.444152E-003  -0.111462E+001
   0.235671E+002   0.100000E+001  -0.491457E-002  -0.110388E+001
   0.236473E+002   0.100000E+001  -0.971815E-002  -0.109509E+001
   0.237275E+002   0.100000E+001  -0.139596E-001  -0.108804E+001
   0.238076E+002   0.100000E+001  -0.176472E-001  -0.108250E+001
   0.238878E+002   0.100000E+001  -0.207924E-001  -0.107827E+001
   0.239679E+002   0.100000E+001  -0.234061E-001  -0.107513E+001
   0.240481E+002   0.100000E+001  -0.255110E-001  -0.107288E+001
   0.241283E+002   0.100000E+001  -0.271587E-001  -0.107131E+001
   0.242084E+002   0.100000E+001  -0.284306E-001  -0.107026E+001
   0.242886E+002   0.100000E+001  -0.294164E-001  -0.106962E+001
   0.243687E+002   0.100000E+001  -0.301842E-001  -0.106931E+001
   0.244489E+002   0.100000E+001  -0.307582E-001  -0.106932E+001
   0.245291E+002   0.100000E+001  -0.311155E-001  -0.106958E+001
   0.246092E+002   0.100000E+001  -0.312033E-001  -0.107002E+001
   0.246894E+002   0.100000E+001  -0.309622E-001  -0.107054E+001
   0.247695E+002   0.100000E+001  -0.303453E-001  -0.107097E+001
   0.248497E+002   0.100000E+001  -0.293238E-001  -0.107115E+001
   0.249299E+002   0.100000E+001  -0.278832E-001  -0.107091E+001
   0.250100E+002   0.100000E+001  -0.260134E-001  -0.107007E+001
   0.250902E+002   0.100000E+001  -0.237027E-001  -0.106845E+001
   0.251703E+002   0.100000E+001  -0.209389E-001  -0.106586E+001
   0.252505E+002   0.100000E+001  -0.177145E-001  -0.106211E+001
   0.253307E+002   0.100000E+001  -0.140310E-001  -0.105702E+001
   0.254108E+002   0.100000E+001  -0.989316E-002  -0.105039E+001
   0.254910E+002   0.100000E+001  -0.529453E-002  -0.104206E+001
   0.255711E+002   0.100000E+001  -0.204652E-003  -0.103184E+001
   0.256513E+002   0.100000E+001   0.542557E-002  -0.101951E+001
   0.257315E+002   0.100000E+001   0.116312E-001  -0.100479E+001
   0.258116E+002   0.100000E+001   0.183812E-001  -0.987366E+000
   0.258918E+002   0.100000E+001   0.255322E-001  -0.966904E+000
   0.259719E+002   0.100000E+001   0.328156E-001  -0.943143E+000
   0.260521E+002   0.100000E+001   0.398688E-001  -0.915971E+000
   0.261323E+002   0.100000E+001   0.462908E-001  -0.885477E+000
   0.262124E+002   0.100000E+001   0.516919E-001  -0.851977E+000
   0.262926E+002   0.100000E+001   0.557215E-001  -0.816004E+000
   0.263727E+002   0.100000E+001   0.580949E-001  -0.778295E+000
   0.264529E+002   0.100000E+001   0.586362E-001  -0.739748E+000
   0.265331E+002   0.100000E+001   0.573159E-001  -0.701332E+000
   0.266132E+002   0.100000E+001   0.542410E-001  -0.663984E+000
   0.266934E+002   0.100000E+001   0.496037E-001  -0.628531E+000
   0.267735E+002   0.100000E+001   0.436514E-001  -0.595672E+000
   0.268537E+002   0.100000E+001   0.367055E-001  -0.565954E+000
   0.269339E+002   0.100000E+001   0.291755E-001  -0.539706E+000
   0.270140E+002   0.100000E+001   0.215082E-001  -0.517001E+000
   0.270942E+002   0.100000E+001   0.140928E-001  -0.497677E+000
   0.271743E+002   0.100000E+001   0.719318E-002  -0.481430E+000
   0.272545E+002   0.100000E+001   0.942833E-003  -0.467905E+000
   0.273347E+002   0.100000E+001  -0.462014E-002  -0.456757E+000
   0.274148E+002   0.100000E+001  -0.951209E-002  -0.447675E+000
   0.274950E+002   0.100000E+001  -0.137750E-001  -0.440388E+000
   0.275752E+002   0.100000E+001  -0.174612E-001  -0.434659E+000
   0.276553E+002   0.100000E+001  -0.206271E-001  -0.430285E+000
   0.277355E+002   0.100000E+001  -0.233266E-001  -0.427091E+000
   0.278156E+002   0.100000E+001  -0.256018E-001  -0.424927E+000
   0.278958E+002   0.100000E+001  -0.274753E-001  -0.423656E+000
   0.279760E+002   0.100000E+001  -0.289491E-001  -0.423143E+000
   0.280561E+002   0.100000E+001  -0.300134E-001  -0.423238E+000
   0.281363E+002   0.100000E+001  -0.306612E-001  -0.423779E+000
   0.282164E+002   0.100000E+001  -0.309009E-001  -0.424599E+000
   0.282966E+002   0.100000E+001  -0.307612E-001  -0.425538E+000
   0.283768E+002   0.100000E+001  -0.302840E-001  -0.426460E+000
   0.284569E+002   0.100000E+001  -0.295106E-001  -0.427257E+000
   0.285371E+002   0.100000E+001  -0.284667E-001  -0.427847E+000
   0.286172E+002   0.100000E+001  -0.271538E-001  -0.428157E+000
   0.286974E+002   0.100000E+001  -0.255501E-001  -0.428114E+000
   0.287776E+002   0.100000E+001  -0.236171E-001  -0.427629E+000
   0.288577E+002   0.100000E+001  -0.213070E-001  -0.426591E+000
   0.289379E+002   0.100000E+001  -0.185683E-001  -0.424869E+000
   0.290180E+002   0.100000E+001  -0.153474E-001  -0.422309E+000
   0.290982E+002   0.100000E+001  -0.115929E-001  -0.418728E+000
   0.291784E+002   0.100000E+001  -0.726468E-002  -0.413916E+000
   0.292585E+002   0.100000E+001  -0.234750E-002  -0.407640E+000
   0.293387E+002   0.100000E+001   0.313559E-002  -0.399656E+000
   0.294188E+002   0.100000E+001   0.911838E-002  -0.389728E+000
   0.294990E+002   0.100000E+001   0.154972E-001  -0.377647E+000
   0.295792E+002   0.100000E+001   0.221417E-001  -0.363244E+000
   0.296593E+002   0.100000E+001   0.288960E-001  -0.346390E+000
   0.297395E+002   0.100000E+001   0.355612E-001  -0.327002E+000
   0.298196E+002   0.100000E+001   0.418626E-001  -0.305072E+000
   0.298998E+002   0.100000E+001   0.474287E-001  -0.280736E+000
   0.299800E+002   0.100000E+001   0.518141E-001  -0.254363E+000
   0.300601E+002   0.100000E+001   0.545848E-001  -0.226623E+000
   0.301403E+002   0.100000E+001   0.554452E-001  -0.198460E+000
   0.302204E+002   0.100000E+001   0.543473E-001  -0.170955E+000
   0.303006E+002   0.100000E+001   0.515190E-001  -0.145106E+000
   0.303808E+002   0.100000E+001   0.473918E-001  -0.121648E+000
   0.304609E+002   0.100000E+001   0.424713E-001  -0.100971E+000
   0.305411E+002   0.100000E+001   0.372215E-001  -0.831667E-001
   0.306212E+002   0.100000E+001   0.320042E-001  -0.681150E-001
   0.307014E+002   0.100000E+001   0.270707E-001  -0.555769E-001
   0.307816E+002   0.100000E+001   0.225772E-001  -0.452584E-001
   0.308617E+002   0.100000E+001   0.186062E-001  -0.368496E-001
   0.309419E+002   0.100000E+001   0.151847E-001  -0.300494E-001
   0.310220E+002   0.100000E+001   0.123005E-001  -0.245790E-001
   0.311022E+002   0.100000E+001   0.991469E-002  -0.201900E-001
   0.311824E+002   0.100000E+001   0.797304E-002  -0.166677E-001
   0.312625E+002   0.100000E+001   0.641360E-002  -0.138319E-001
   0.313427E+002   0.100000E+001   0.517343E-002  -0.115359E-001
   0.314228E+002   0.100000E+001   0.419344E-002  -0.966281E-002
   0.315030E+002   0.100000E+001   0.342164E-002  -0.812167E-002
   0.315832E+002   0.100000E+001   0.281456E-002  -0.684226E-002
   0.316633E+002   0.100000E+001   0.233702E-002  -0.577024E-002
   0.317435E+002   0.100000E+001   0.196078E-002  -0.486324E-002
   0.318236E+002   0.100000E+001   0.166270E-002  -0.408823E-002
   0.319038E+002   0.100000E+001   0.142343E-002  -0.342001E-002
   0.319840E+002   0.100000E+001   0.122688E-002  -0.284022E-002
   0.320641E+002   0.100000E+001   0.106032E-002  -0.233624E-002
   0.321443E+002   0.100000E+001   0.914558E-003  -0.189978E-002
   0.322244E+002   0.100000E+001   0.783840E-003  -0.152518E-002
   0.323046E+002   0.100000E+001   0.665235E-003  -0.120793E-002
   0.323848E+002   0.100000E+001   0.557738E-003  -0.943517E-003
   0.324649E+002   0.100000E+001   0.461344E-003  -0.726965E-003
   0.325451E+002   0.100000E+001   0.376317E-003  -0.552751E-003
   0.326253E+002   0.100000E+001   0.302741E-003  -0.415030E-003
   0.327054E+002   0.100000E+001   0.240326E-003  -0.307962E-003
   0.327856E+002   0.100000E+001   0.188396E-003  -0.226018E-003
   0.328657E+002   0.100000E+001   0.145971E-003  -0.164205E-003
   0.329459E+002   0.100000E+001   0.111889E-003  -0.118194E-003
   0.330261E+002   0.100000E+001   0.849267E-004  -0.843584E-004
   0.331062E+002   0.100000E+001   0.638898E-004  -0.597491E-004
   0.331864E+002   0.100000E+001   0.476790E-004  -0.420274E-004
   0.332665E+002   0.100000E+001   0.353253E-004  -0.293792E-004
   0.333467E+002   0.100000E+001   0.260037E-004  -0.204240E-004
   0.334269E+002   0.100000E+001   0.190318E-004  -0.141288E-004
   0.335070E+002   0.100000E+001   0.138579E-004  -0.973149E-005
   0.335872E+002   0.100000E+001   0.100447E-004  -0.667706E-005
   0.336673E+002   0.100000E+001   0.725153E-005  -0.456592E-005
   0.337475E+002   0.100000E+001   0.521645E-005  -0.311310E-005
   0.338277E+002   0.100000E+001   0.374073E-005  -0.211711E-005
   0.339078E+002   0.100000E+001   0.267508E-005  -0.143657E-005
   0.339880E+002   0.100000E+001   0.190835E-005  -0.972911E-006
   0.340681E+002   0.100000E+001   0.135847E-005  -0.657804E-006
   0.341483E+002   0.100000E+001   0.965206E-006  -0.444117E-006
   0.342285E+002   0.100000E+001   0.684654E-006  -0.299477E-006
   0.343086E+002   0.100000E+001   0.484940E-006  -0.201730E-006
   0.343888E+002   0.100000E+001   0.343042E-006  -0.135763E-006
   0.344689E+002   0.100000E+001   0.242389E-006  -0.912964E-007
   0.345491E+002   0.100000E+001   0.171097E-006  -0.613527E-007
   0.346293E+002   0.100000E+001   0.120667E-006  -0.412061E-007
   0.347094E+002   0.100000E+001   0.850347E-007  -0.276612E-007
   0.347896E+002   0.100000E+001   0.598824E-007  -0.185605E-007
   0.348697E+002   0.100000E+001   0.421437E-007  -0.124492E-007
   0.349499E+002   0.100000E+001   0.296431E-007  -0.834718E-008
   0.350301E+002   0.100000E+001   0.208401E-007  -0.559504E-008
   0.351102E+002   0.100000E+001   0.146446E-007  -0.374923E-008
   0.351904E+002   0.100000E+001   0.102868E-007  -0.251167E-008
   0.352705E+002   0.100000E+001   0.722301E-008  -0.168217E-008
   0.353507E+002   0.100000E+001   0.506999E-008  -0.112634E-008
   0.354309E+002   0.100000E+001   0.355759E-008  -0.753974E-009
   0.355110E+002   0.100000E+001   0.249559E-008  -0.504582E-009
   0.355912E+002   0.100000E+001   0.175011E-008  -0.337592E-009
   0.356713E+002   0.100000E+001   0.122698E-008  -0.225803E-009
   0.357515E+002   0.100000E+001   0.859992E-009  -0.150988E-009
   0.358317E+002   0.100000E+001   0.602610E-009  -0.100929E-009
   0.359118E+002   0.100000E+001   0.422147E-009  -0.674437E-010
   0.359920E+002   0.100000E+001   0.295650E-009  -0.450515E-010
   0.360721E+002   0.100000E+001   0.207002E-009  -0.300820E-010
   0.361523E+002   0.100000E+001   0.144895E-009  -0.200778E-010
   0.362325E+002   0.100000E+001   0.101393E-009  -0.133945E-010
   0.363126E+002   0.100000E+001   0.709309E-010  -0.893134E-011
   0.363928E+002   0.100000E+001   0.496054E-010  -0.595209E-011
   0.364729E+002   0.100000E+001   0.346801E-010  -0.396429E-011
   0.365531E+002   0.100000E+001   0.242373E-010  -0.263865E-011
   0.366333E+002   0.100000E+001   0.169328E-010  -0.175508E-011
   0.367134E+002   0.100000E+001   0.118251E-010  -0.116650E-011
   0.367936E+002   0.100000E+001   0.825465E-011  -0.774667E-012
   0.368737E+002   0.100000E+001   0.575972E-011  -0.514001E-012
   0.369539E+002   0.100000E+001   0.401697E-011  -0.340720E-012
   0.370341E+002   0.100000E+001   0.280010E-011  -0.225623E-012
   0.371142E+002   0.100000E+001   0.195079E-011  -0.149240E-012
   0.371944E+002   0.100000E+001   0.135829E-011  -0.985964E-013
   0.372745E+002   0.100000E+001   0.945141E-012  -0.650537E-013
   0.373547E+002   0.100000E+001   0.657211E-012  -0.428618E-013
   0.374349E+002   0.100000E+001   0.456658E-012  -0.281973E-013
   0.375150E+002   0.100000E+001   0.317053E-012  -0.185194E-013
   0.375952E+002   0.100000E+001   0.219936E-012  -0.121414E-013
   0.376754E+002   0.100000E+001   0.152424E-012  -0.794461E-014
   0.377555E+002   0.100000E+001   0.105528E-012  -0.518755E-014
   0.378357E+002   0.100000E+001   0.729801E-013  -0.337955E-014
   0.379158E+002   0.100000E+001   0.504101E-013  -0.219622E-014
   0.379960E+002   0.100000E+001   0.347744E-013  -0.142336E-014
   0.380762E+002   0.100000E+001   0.239541E-013  -0.919742E-015
   0.381563E+002   0.100000E+001   0.164746E-013  -0.592390E-015
   0.382365E+002   0.100000E+001   0.113109E-013  -0.380190E-015
   0.383166E+002   0.100000E+001   0.775085E-014  -0.243045E-015
   0.383968E+002   0.100000E+001   0.530010E-014  -0.154699E-015
   0.384770E+002   0.100000E+001   0.361576E-014  -0.979932E-016
   0.385571E+002   0.100000E+001   0.246023E-014  -0.617407E-016
   0.386373E+002   0.100000E+001   0.166908E-014  -0.386666E-016
   0.387174E+002   0.100000E+001   0.112860E-014  -0.240524E-016
   0.387976E+002   0.100000E+001   0.760276E-015  -0.148474E-016
   0.388778E+002   0.100000E+001   0.509970E-015  -0.908536E-017
   0.389579E+002   0.100000E+001   0.340394E-015  -0.550385E-017
   0.390381E+002   0.100000E+001   0.225918E-015  -0.329557E-017
   0.391182E+002   0.100000E+001   0.148952E-015  -0.194658E-017
   0.391984E+002   0.100000E+001   0.974465E-016  -0.113139E-017
   0.392786E+002   0.100000E+001   0.631692E-016  -0.645021E-018
   0.393587E+002   0.100000E+001   0.405058E-016  -0.359234E-018
   0.394389E+002   0.100000E+001   0.256380E-016  -0.194381E-018
   0.395190E+002   0.100000E+001   0.159759E-016  -0.101424E-018
   0.395992E+002   0.100000E+001   0.976667E-017  -0.504703E-019
   0.396794E+002   0.100000E+001   0.582540E-017  -0.235194E-019
   0.397595E+002   0.100000E+001   0.335017E-017  -0.990898E-020
   0.398397E+002   0.100000E+001   0.179376E-017  -0.346804E-020
   0.399198E+002   0.100000E+001   0.770742E-018  -0.725700E-021
   0.400000E+002   0.100000E+001   0.000000E+000  -0.000000E+000
   0.400802E+002   0.100000E+001   0.358960E-017  -0.564955E-021

