  -0.801603E-001   0.100000E+001   0.761285E-001  -0.510617E-001
   0.000000E+000   0.100000E+001   0.361039E-001  -0.120070E+000
   0.801603E-001   0.100000E+001   0.439634E-001  -0.104751E+000
   0.160321E+000   0.100000E+001   0.510958E-001  -0.856907E-001
   0.240481E+000   0.100000E+001   0.568751E-001  -0.632518E-001
   0.320641E+000   0.100000E+001   0.608264E-001  -0.382221E-001
   0.400802E+000   0.100000E+001   0.625013E-001  -0.116107E-001
   0.480962E+000   0.100000E+001   0.617318E-001   0.152495E-001
   0.561122E+000   0.100000E+001   0.586005E-001   0.410206E-001
   0.641283E+000   0.100000E+001   0.534300E-001   0.645264E-001
   0.721443E+000   0.100000E+001   0.467047E-001   0.848941E-001
   0.801603E+000   0.100000E+001   0.389642E-001   0.101607E+000
   0.881764E+000   0.100000E+001   0.307171E-001   0.114465E+000
   0.961924E+000   0.100000E+001   0.223881E-001   0.123510E+000
   0.104208E+001   0.100000E+001   0.142971E-001   0.128941E+000
   0.112224E+001   0.100000E+001   0.665962E-002   0.131050E+000
   0.120240E+001   0.100000E+001  -0.401744E-003   0.130172E+000
   0.128257E+001   0.100000E+001  -0.684381E-002   0.126665E+000
   0.136273E+001   0.100000E+001  -0.126881E-001   0.120898E+000
   0.144289E+001   0.100000E+001  -0.180019E-001   0.113261E+000
   0.152305E+001   0.100000E+001  -0.228683E-001   0.104172E+000
   0.160321E+001   0.100000E+001  -0.273464E-001   0.940704E-001
   0.168337E+001   0.100000E+001  -0.314362E-001   0.833822E-001
   0.176353E+001   0.100000E+001  -0.350701E-001   0.724681E-001
   0.184369E+001   0.100000E+001  -0.381372E-001   0.615756E-001
   0.192385E+001   0.100000E+001  -0.405313E-001   0.508239E-001
   0.200401E+001   0.100000E+001  -0.421952E-001   0.402259E-001
   0.208417E+001   0.100000E+001  -0.431411E-001   0.297343E-001
   0.216433E+001   0.100000E+001  -0.434402E-001   0.192890E-001
   0.224449E+001   0.100000E+001  -0.431969E-001   0.884909E-002
   0.232465E+001   0.100000E+001  -0.425219E-001  -0.159266E-002
   0.240481E+001   0.100000E+001  -0.415157E-001  -0.120068E-001
   0.248497E+001   0.100000E+001  -0.402572E-001  -0.223310E-001
   0.256513E+001   0.100000E+001  -0.387964E-001  -0.324789E-001
   0.264529E+001   0.100000E+001  -0.371503E-001  -0.423518E-001
   0.272545E+001   0.100000E+001  -0.353034E-001  -0.518456E-001
   0.280561E+001   0.100000E+001  -0.332130E-001  -0.608523E-001
   0.288577E+001   0.100000E+001  -0.308160E-001  -0.692545E-001
   0.296593E+001   0.100000E+001  -0.280367E-001  -0.769173E-001
   0.304609E+001   0.100000E+001  -0.248000E-001  -0.836805E-001
   0.312625E+001   0.100000E+001  -0.210452E-001  -0.893572E-001
   0.320641E+001   0.100000E+001  -0.167262E-001  -0.937307E-001
   0.328657E+001   0.100000E+001  -0.118021E-001  -0.965497E-001
   0.336673E+001   0.100000E+001  -0.623869E-002  -0.975275E-001
   0.344689E+001   0.100000E+001  -0.264923E-004  -0.963486E-001
   0.352705E+001   0.100000E+001   0.679851E-002  -0.926796E-001
   0.360721E+001   0.100000E+001   0.141417E-001  -0.861888E-001
   0.368737E+001   0.100000E+001   0.218437E-001  -0.765690E-001
   0.376754E+001   0.100000E+001   0.296799E-001  -0.635651E-001
   0.384770E+001   0.100000E+001   0.373632E-001  -0.470078E-001
   0.392786E+001   0.100000E+001   0.445481E-001  -0.268590E-001
   0.400802E+001   0.100000E+001   0.508351E-001  -0.327061E-002
   0.408818E+001   0.100000E+001   0.557863E-001   0.233540E-001
   0.416834E+001   0.100000E+001   0.589650E-001   0.523150E-001
   0.424850E+001   0.100000E+001   0.600089E-001   0.826182E-001
   0.432866E+001   0.100000E+001   0.587304E-001   0.113056E+000
   0.440882E+001   0.100000E+001   0.551995E-001   0.142376E+000
   0.448898E+001   0.100000E+001   0.497482E-001   0.169485E+000
   0.456914E+001   0.100000E+001   0.428790E-001   0.193601E+000
   0.464930E+001   0.100000E+001   0.351277E-001   0.214290E+000
   0.472946E+001   0.100000E+001   0.269610E-001   0.231409E+000
   0.480962E+001   0.100000E+001   0.187418E-001   0.245013E+000
   0.488978E+001   0.100000E+001   0.107394E-001   0.255285E+000
   0.496994E+001   0.100000E+001   0.315111E-002   0.262480E+000
   0.505010E+001   0.100000E+001  -0.388130E-002   0.266894E+000
   0.513026E+001   0.100000E+001  -0.102608E-001   0.268835E+000
   0.521042E+001   0.100000E+001  -0.159307E-001   0.268609E+000
   0.529058E+001   0.100000E+001  -0.208723E-001   0.266506E+000
   0.537074E+001   0.100000E+001  -0.251010E-001   0.262793E+000
   0.545090E+001   0.100000E+001  -0.286597E-001   0.257711E+000
   0.553106E+001   0.100000E+001  -0.316085E-001   0.251472E+000
   0.561122E+001   0.100000E+001  -0.340143E-001   0.244258E+000
   0.569138E+001   0.100000E+001  -0.359429E-001   0.236223E+000
   0.577154E+001   0.100000E+001  -0.374527E-001   0.227495E+000
   0.585170E+001   0.100000E+001  -0.385927E-001   0.218184E+000
   0.593186E+001   0.100000E+001  -0.394015E-001   0.208388E+000
   0.601202E+001   0.100000E+001  -0.399077E-001   0.198201E+000
   0.609218E+001   0.100000E+001  -0.401324E-001   0.187716E+000
   0.617234E+001   0.100000E+001  -0.400909E-001   0.177033E+000
   0.625251E+001   0.100000E+001  -0.397914E-001   0.166259E+000
   0.633267E+001   0.100000E+001  -0.392350E-001   0.155507E+000
   0.641283E+001   0.100000E+001  -0.384147E-001   0.144888E+000
   0.649299E+001   0.100000E+001  -0.373157E-001   0.134513E+000
   0.657315E+001   0.100000E+001  -0.359159E-001   0.124488E+000
   0.665331E+001   0.100000E+001  -0.341839E-001   0.114920E+000
   0.673347E+001   0.100000E+001  -0.320766E-001   0.105924E+000
   0.681363E+001   0.100000E+001  -0.295395E-001   0.976385E-001
   0.689379E+001   0.100000E+001  -0.265158E-001   0.902342E-001
   0.697395E+001   0.100000E+001  -0.229559E-001   0.839133E-001
   0.705411E+001   0.100000E+001  -0.188027E-001   0.789041E-001
   0.713427E+001   0.100000E+001  -0.139968E-001   0.754694E-001
   0.721443E+001   0.100000E+001  -0.851946E-002   0.739102E-001
   0.729459E+001   0.100000E+001  -0.236702E-002   0.745471E-001
   0.737475E+001   0.100000E+001   0.441108E-002   0.777111E-001
   0.745491E+001   0.100000E+001   0.117077E-001   0.837331E-001
   0.753507E+001   0.100000E+001   0.193693E-001   0.929287E-001
   0.761523E+001   0.100000E+001   0.271637E-001   0.105578E+000
   0.769539E+001   0.100000E+001   0.347451E-001   0.121872E+000
   0.777555E+001   0.100000E+001   0.417414E-001   0.141838E+000
   0.785571E+001   0.100000E+001   0.477581E-001   0.165276E+000
   0.793587E+001   0.100000E+001   0.523965E-001   0.191735E+000
   0.801603E+001   0.100000E+001   0.553453E-001   0.220500E+000
   0.809619E+001   0.100000E+001   0.563479E-001   0.250648E+000
   0.817635E+001   0.100000E+001   0.552574E-001   0.281105E+000
   0.825651E+001   0.100000E+001   0.520763E-001   0.310736E+000
   0.833667E+001   0.100000E+001   0.469658E-001   0.338476E+000
   0.841683E+001   0.100000E+001   0.402762E-001   0.363442E+000
   0.849699E+001   0.100000E+001   0.325217E-001   0.385081E+000
   0.857715E+001   0.100000E+001   0.242355E-001   0.403301E+000
   0.865731E+001   0.100000E+001   0.159560E-001   0.418409E+000
   0.873747E+001   0.100000E+001   0.810053E-002   0.430925E+000
   0.881764E+001   0.100000E+001   0.920754E-003   0.441315E+000
   0.889780E+001   0.100000E+001  -0.547704E-002   0.449664E+000
   0.897796E+001   0.100000E+001  -0.111438E-001   0.455436E+000
   0.905812E+001   0.100000E+001  -0.161794E-001   0.457384E+000
   0.913828E+001   0.100000E+001  -0.206905E-001   0.453767E+000
   0.921844E+001   0.100000E+001  -0.248055E-001   0.442779E+000
   0.929860E+001   0.100000E+001  -0.286061E-001   0.423060E+000
   0.937876E+001   0.100000E+001  -0.320961E-001   0.394077E+000
   0.945892E+001   0.100000E+001  -0.352021E-001   0.356189E+000
   0.953908E+001   0.100000E+001  -0.378024E-001   0.310454E+000
   0.961924E+001   0.100000E+001  -0.398179E-001   0.258272E+000
   0.969940E+001   0.100000E+001  -0.412495E-001   0.201058E+000
   0.977956E+001   0.100000E+001  -0.421637E-001   0.140042E+000
   0.985972E+001   0.100000E+001  -0.426564E-001   0.762296E-001
   0.993988E+001   0.100000E+001  -0.428016E-001   0.105088E-001
   0.100200E+002   0.100000E+001  -0.426437E-001  -0.561714E-001
   0.101002E+002   0.100000E+001  -0.422077E-001  -0.122710E+000
   0.101804E+002   0.100000E+001  -0.415152E-001  -0.187870E+000
   0.102605E+002   0.100000E+001  -0.405727E-001  -0.250407E+000
   0.103407E+002   0.100000E+001  -0.393718E-001  -0.309234E+000
   0.104208E+002   0.100000E+001  -0.378836E-001  -0.363576E+000
   0.105010E+002   0.100000E+001  -0.360604E-001  -0.413011E+000
   0.105812E+002   0.100000E+001  -0.338795E-001  -0.457428E+000
   0.106613E+002   0.100000E+001  -0.313395E-001  -0.496945E+000
   0.107415E+002   0.100000E+001  -0.284289E-001  -0.531810E+000
   0.108216E+002   0.100000E+001  -0.251134E-001  -0.562311E+000
   0.109018E+002   0.100000E+001  -0.213492E-001  -0.588701E+000
   0.109820E+002   0.100000E+001  -0.171038E-001  -0.611182E+000
   0.110621E+002   0.100000E+001  -0.123387E-001  -0.629908E+000
   0.111423E+002   0.100000E+001  -0.702275E-002  -0.644984E+000
   0.112224E+002   0.100000E+001  -0.117651E-002  -0.656492E+000
   0.113026E+002   0.100000E+001   0.521079E-002  -0.664486E+000
   0.113828E+002   0.100000E+001   0.120641E-001  -0.668985E+000
   0.114629E+002   0.100000E+001   0.192250E-001  -0.669983E+000
   0.115431E+002   0.100000E+001   0.264965E-001  -0.667461E+000
   0.116232E+002   0.100000E+001   0.335592E-001  -0.661408E+000
   0.117034E+002   0.100000E+001   0.399807E-001  -0.651873E+000
   0.117836E+002   0.100000E+001   0.452794E-001  -0.639075E+000
   0.118637E+002   0.100000E+001   0.489227E-001  -0.623593E+000
   0.119439E+002   0.100000E+001   0.504697E-001  -0.606487E+000
   0.120240E+002   0.100000E+001   0.496159E-001  -0.589199E+000
   0.121042E+002   0.100000E+001   0.463716E-001  -0.573348E+000
   0.121844E+002   0.100000E+001   0.410554E-001  -0.560390E+000
   0.122645E+002   0.100000E+001   0.341729E-001  -0.551370E+000
   0.123447E+002   0.100000E+001   0.263456E-001  -0.546823E+000
   0.124248E+002   0.100000E+001   0.181396E-001  -0.546771E+000
   0.125050E+002   0.100000E+001   0.996999E-002  -0.550839E+000
   0.125852E+002   0.100000E+001   0.215336E-002  -0.558400E+000
   0.126653E+002   0.100000E+001  -0.511258E-002  -0.568743E+000
   0.127455E+002   0.100000E+001  -0.116503E-001  -0.581263E+000
   0.128257E+002   0.100000E+001  -0.173660E-001  -0.595529E+000
   0.129058E+002   0.100000E+001  -0.222843E-001  -0.611291E+000
   0.129860E+002   0.100000E+001  -0.264266E-001  -0.628456E+000
   0.130661E+002   0.100000E+001  -0.298173E-001  -0.646979E+000
   0.131463E+002   0.100000E+001  -0.325146E-001  -0.666824E+000
   0.132265E+002   0.100000E+001  -0.345981E-001  -0.687952E+000
   0.133066E+002   0.100000E+001  -0.361796E-001  -0.710325E+000
   0.133868E+002   0.100000E+001  -0.373626E-001  -0.733936E+000
   0.134669E+002   0.100000E+001  -0.382243E-001  -0.758814E+000
   0.135471E+002   0.100000E+001  -0.387986E-001  -0.785011E+000
   0.136273E+002   0.100000E+001  -0.391174E-001  -0.812560E+000
   0.137074E+002   0.100000E+001  -0.392414E-001  -0.841437E+000
   0.137876E+002   0.100000E+001  -0.392081E-001  -0.871524E+000
   0.138677E+002   0.100000E+001  -0.390125E-001  -0.902601E+000
   0.139479E+002   0.100000E+001  -0.386396E-001  -0.934340E+000
   0.140281E+002   0.100000E+001  -0.380678E-001  -0.966326E+000
   0.141082E+002   0.100000E+001  -0.373113E-001  -0.998096E+000
   0.141884E+002   0.100000E+001  -0.364235E-001  -0.102919E+001
   0.142685E+002   0.100000E+001  -0.354243E-001  -0.105917E+001
   0.143487E+002   0.100000E+001  -0.342645E-001  -0.108766E+001
   0.144289E+002   0.100000E+001  -0.328718E-001  -0.111435E+001
   0.145090E+002   0.100000E+001  -0.311707E-001  -0.113894E+001
   0.145892E+002   0.100000E+001  -0.290925E-001  -0.116117E+001
   0.146693E+002   0.100000E+001  -0.266088E-001  -0.118080E+001
   0.147495E+002   0.100000E+001  -0.237403E-001  -0.119767E+001
   0.148297E+002   0.100000E+001  -0.204967E-001  -0.121171E+001
   0.149098E+002   0.100000E+001  -0.168302E-001  -0.122297E+001
   0.149900E+002   0.100000E+001  -0.126207E-001  -0.123161E+001
   0.150701E+002   0.100000E+001  -0.778288E-002  -0.123783E+001
   0.151503E+002   0.100000E+001  -0.231318E-002  -0.124173E+001
   0.152305E+002   0.100000E+001   0.374166E-002  -0.124329E+001
   0.153106E+002   0.100000E+001   0.102216E-001  -0.124225E+001
   0.153908E+002   0.100000E+001   0.169196E-001  -0.123819E+001
   0.154709E+002   0.100000E+001   0.237259E-001  -0.123065E+001
   0.155511E+002   0.100000E+001   0.304491E-001  -0.121922E+001
   0.156313E+002   0.100000E+001   0.366669E-001  -0.120377E+001
   0.157114E+002   0.100000E+001   0.417714E-001  -0.118450E+001
   0.157916E+002   0.100000E+001   0.451642E-001  -0.116197E+001
   0.158717E+002   0.100000E+001   0.463998E-001  -0.113713E+001
   0.159519E+002   0.100000E+001   0.452903E-001  -0.111118E+001
   0.160321E+002   0.100000E+001   0.420307E-001  -0.108549E+001
   0.161122E+002   0.100000E+001   0.370457E-001  -0.106147E+001
   0.161924E+002   0.100000E+001   0.307407E-001  -0.104030E+001
   0.162725E+002   0.100000E+001   0.236421E-001  -0.102280E+001
   0.163527E+002   0.100000E+001   0.163040E-001  -0.100927E+001
   0.164329E+002   0.100000E+001   0.912081E-002  -0.999520E+000
   0.165130E+002   0.100000E+001   0.235318E-002  -0.993124E+000
   0.165932E+002   0.100000E+001  -0.379449E-002  -0.989509E+000
   0.166733E+002   0.100000E+001  -0.920426E-002  -0.988143E+000
   0.167535E+002   0.100000E+001  -0.138782E-001  -0.988637E+000
   0.168337E+002   0.100000E+001  -0.178860E-001  -0.990786E+000
   0.169138E+002   0.100000E+001  -0.212657E-001  -0.994611E+000
   0.169940E+002   0.100000E+001  -0.241061E-001  -0.100035E+001
   0.170741E+002   0.100000E+001  -0.264910E-001  -0.100838E+001
   0.171543E+002   0.100000E+001  -0.284612E-001  -0.101909E+001
   0.172345E+002   0.100000E+001  -0.300819E-001  -0.103274E+001
   0.173146E+002   0.100000E+001  -0.314530E-001  -0.104935E+001
   0.173948E+002   0.100000E+001  -0.326365E-001  -0.106866E+001
   0.174749E+002   0.100000E+001  -0.336020E-001  -0.109016E+001
   0.175551E+002   0.100000E+001  -0.343084E-001  -0.111320E+001
   0.176353E+002   0.100000E+001  -0.348237E-001  -0.113708E+001
   0.177154E+002   0.100000E+001  -0.352417E-001  -0.116119E+001
   0.177956E+002   0.100000E+001  -0.355921E-001  -0.118499E+001
   0.178758E+002   0.100000E+001  -0.358493E-001  -0.120800E+001
   0.179559E+002   0.100000E+001  -0.359678E-001  -0.122978E+001
   0.180361E+002   0.100000E+001  -0.359438E-001  -0.124980E+001
   0.181162E+002   0.100000E+001  -0.358118E-001  -0.126745E+001
   0.181964E+002   0.100000E+001  -0.355743E-001  -0.128208E+001
   0.182766E+002   0.100000E+001  -0.351627E-001  -0.129307E+001
   0.183567E+002   0.100000E+001  -0.344541E-001  -0.129984E+001
   0.184369E+002   0.100000E+001  -0.333245E-001  -0.130201E+001
   0.185170E+002   0.100000E+001  -0.317094E-001  -0.129936E+001
   0.185972E+002   0.100000E+001  -0.296173E-001  -0.129188E+001
   0.186774E+002   0.100000E+001  -0.271050E-001  -0.127978E+001
   0.187575E+002   0.100000E+001  -0.241789E-001  -0.126345E+001
   0.188377E+002   0.100000E+001  -0.207596E-001  -0.124341E+001
   0.189178E+002   0.100000E+001  -0.167558E-001  -0.122024E+001
   0.189980E+002   0.100000E+001  -0.120863E-001  -0.119457E+001
   0.190782E+002   0.100000E+001  -0.665460E-002  -0.116699E+001
   0.191583E+002   0.100000E+001  -0.384227E-003  -0.113802E+001
   0.192385E+002   0.100000E+001   0.667075E-002  -0.110811E+001
   0.193186E+002   0.100000E+001   0.144207E-001  -0.107755E+001
   0.193988E+002   0.100000E+001   0.227473E-001  -0.104650E+001
   0.194790E+002   0.100000E+001   0.316054E-001  -0.101499E+001
   0.195591E+002   0.100000E+001   0.408702E-001  -0.982933E+000
   0.196393E+002   0.100000E+001   0.500024E-001  -0.950201E+000
   0.197194E+002   0.100000E+001   0.580072E-001  -0.916728E+000
   0.197996E+002   0.100000E+001   0.637456E-001  -0.882697E+000
   0.198798E+002   0.100000E+001   0.663011E-001  -0.848643E+000
   0.199599E+002   0.100000E+001   0.654819E-001  -0.815446E+000
   0.200401E+002   0.100000E+001   0.617829E-001  -0.784157E+000
   0.201202E+002   0.100000E+001   0.561318E-001  -0.755721E+000
   0.202004E+002   0.100000E+001   0.494235E-001  -0.730734E+000
   0.202806E+002   0.100000E+001   0.423072E-001  -0.709354E+000
   0.203607E+002   0.100000E+001   0.352577E-001  -0.691390E+000
   0.204409E+002   0.100000E+001   0.285449E-001  -0.676480E+000
   0.205210E+002   0.100000E+001   0.221794E-001  -0.664268E+000
   0.206012E+002   0.100000E+001   0.161398E-001  -0.654510E+000
   0.206814E+002   0.100000E+001   0.103964E-001  -0.647074E+000
   0.207615E+002   0.100000E+001   0.498465E-002  -0.641872E+000
   0.208417E+002   0.100000E+001  -0.291942E-005  -0.638787E+000
   0.209218E+002   0.100000E+001  -0.447748E-002  -0.637628E+000
   0.210020E+002   0.100000E+001  -0.836243E-002  -0.638131E+000
   0.210822E+002   0.100000E+001  -0.116415E-001  -0.639995E+000
   0.211623E+002   0.100000E+001  -0.143678E-001  -0.642935E+000
   0.212425E+002   0.100000E+001  -0.166468E-001  -0.646720E+000
   0.213226E+002   0.100000E+001  -0.186144E-001  -0.651197E+000
   0.214028E+002   0.100000E+001  -0.204009E-001  -0.656289E+000
   0.214830E+002   0.100000E+001  -0.220986E-001  -0.661976E+000
   0.215631E+002   0.100000E+001  -0.237527E-001  -0.668268E+000
   0.216433E+002   0.100000E+001  -0.253544E-001  -0.675177E+000
   0.217234E+002   0.100000E+001  -0.268557E-001  -0.682702E+000
   0.218036E+002   0.100000E+001  -0.281793E-001  -0.690811E+000
   0.218838E+002   0.100000E+001  -0.292485E-001  -0.699439E+000
   0.219639E+002   0.100000E+001  -0.299929E-001  -0.708485E+000
   0.220441E+002   0.100000E+001  -0.303573E-001  -0.717806E+000
   0.221242E+002   0.100000E+001  -0.303131E-001  -0.727237E+000
   0.222044E+002   0.100000E+001  -0.298439E-001  -0.736598E+000
   0.222846E+002   0.100000E+001  -0.289382E-001  -0.745698E+000
   0.223647E+002   0.100000E+001  -0.275906E-001  -0.754354E+000
   0.224449E+002   0.100000E+001  -0.257949E-001  -0.762379E+000
   0.225251E+002   0.100000E+001  -0.235445E-001  -0.769575E+000
   0.226052E+002   0.100000E+001  -0.208398E-001  -0.775747E+000
   0.226854E+002   0.100000E+001  -0.176848E-001  -0.780708E+000
   0.227655E+002   0.100000E+001  -0.140864E-001  -0.784282E+000
   0.228457E+002   0.100000E+001  -0.100379E-001  -0.786311E+000
   0.229259E+002   0.100000E+001  -0.554213E-002  -0.786639E+000
   0.230060E+002   0.100000E+001  -0.599488E-003  -0.785115E+000
   0.230862E+002   0.100000E+001   0.478382E-002  -0.781587E+000
   0.231663E+002   0.100000E+001   0.105816E-001  -0.775887E+000
   0.232465E+002   0.100000E+001   0.167520E-001  -0.767826E+000
   0.233267E+002   0.100000E+001   0.232491E-001  -0.757218E+000
   0.234068E+002   0.100000E+001   0.299986E-001  -0.743890E+000
   0.234870E+002   0.100000E+001   0.368795E-001  -0.727704E+000
   0.235671E+002   0.100000E+001   0.437316E-001  -0.708560E+000
   0.236473E+002   0.100000E+001   0.503673E-001  -0.686408E+000
   0.237275E+002   0.100000E+001   0.565501E-001  -0.661258E+000
   0.238076E+002   0.100000E+001   0.619462E-001  -0.633229E+000
   0.238878E+002   0.100000E+001   0.661005E-001  -0.602647E+000
   0.239679E+002   0.100000E+001   0.684953E-001  -0.570153E+000
   0.240481E+002   0.100000E+001   0.686832E-001  -0.536759E+000
   0.241283E+002   0.100000E+001   0.664334E-001  -0.503758E+000
   0.242084E+002   0.100000E+001   0.618187E-001  -0.472514E+000
   0.242886E+002   0.100000E+001   0.552048E-001  -0.444207E+000
   0.243687E+002   0.100000E+001   0.471519E-001  -0.419657E+000
   0.244489E+002   0.100000E+001   0.382785E-001  -0.399274E+000
   0.245291E+002   0.100000E+001   0.291509E-001  -0.383119E+000
   0.246092E+002   0.100000E+001   0.202290E-001  -0.371006E+000
   0.246894E+002   0.100000E+001   0.118581E-001  -0.362593E+000
   0.247695E+002   0.100000E+001   0.427360E-002  -0.357451E+000
   0.248497E+002   0.100000E+001  -0.239166E-002  -0.355116E+000
   0.249299E+002   0.100000E+001  -0.809468E-002  -0.355123E+000
   0.250100E+002   0.100000E+001  -0.128611E-001  -0.357042E+000
   0.250902E+002   0.100000E+001  -0.167626E-001  -0.360485E+000
   0.251703E+002   0.100000E+001  -0.198974E-001  -0.365118E+000
   0.252505E+002   0.100000E+001  -0.223768E-001  -0.370658E+000
   0.253307E+002   0.100000E+001  -0.243153E-001  -0.376877E+000
   0.254108E+002   0.100000E+001  -0.258236E-001  -0.383599E+000
   0.254910E+002   0.100000E+001  -0.270008E-001  -0.390692E+000
   0.255711E+002   0.100000E+001  -0.279271E-001  -0.398069E+000
   0.256513E+002   0.100000E+001  -0.286591E-001  -0.405671E+000
   0.257315E+002   0.100000E+001  -0.292275E-001  -0.413454E+000
   0.258116E+002   0.100000E+001  -0.296396E-001  -0.421384E+000
   0.258918E+002   0.100000E+001  -0.298831E-001  -0.429420E+000
   0.259719E+002   0.100000E+001  -0.299283E-001  -0.437513E+000
   0.260521E+002   0.100000E+001  -0.297307E-001  -0.445595E+000
   0.261323E+002   0.100000E+001  -0.292318E-001  -0.453576E+000
   0.262124E+002   0.100000E+001  -0.283610E-001  -0.461339E+000
   0.262926E+002   0.100000E+001  -0.270391E-001  -0.468735E+000
   0.263727E+002   0.100000E+001  -0.251817E-001  -0.475579E+000
   0.264529E+002   0.100000E+001  -0.227027E-001  -0.481652E+000
   0.265331E+002   0.100000E+001  -0.195177E-001  -0.486696E+000
   0.266132E+002   0.100000E+001  -0.155481E-001  -0.490418E+000
   0.266934E+002   0.100000E+001  -0.107276E-001  -0.492487E+000
   0.267735E+002   0.100000E+001  -0.501259E-002  -0.492535E+000
   0.268537E+002   0.100000E+001   0.160349E-002  -0.490164E+000
   0.269339E+002   0.100000E+001   0.907229E-002  -0.484951E+000
   0.270140E+002   0.100000E+001   0.172712E-001  -0.476474E+000
   0.270942E+002   0.100000E+001   0.259849E-001  -0.464341E+000
   0.271743E+002   0.100000E+001   0.348914E-001  -0.448236E+000
   0.272545E+002   0.100000E+001   0.435594E-001  -0.427992E+000
   0.273347E+002   0.100000E+001   0.514680E-001  -0.403674E+000
   0.274148E+002   0.100000E+001   0.580600E-001  -0.375661E+000
   0.274950E+002   0.100000E+001   0.628308E-001  -0.344686E+000
   0.275752E+002   0.100000E+001   0.654263E-001  -0.311796E+000
   0.276553E+002   0.100000E+001   0.657106E-001  -0.278220E+000
   0.277355E+002   0.100000E+001   0.637733E-001  -0.245196E+000
   0.278156E+002   0.100000E+001   0.598827E-001  -0.213814E+000
   0.278958E+002   0.100000E+001   0.544161E-001  -0.184923E+000
   0.279760E+002   0.100000E+001   0.477954E-001  -0.159104E+000
   0.280561E+002   0.100000E+001   0.404376E-001  -0.136683E+000
   0.281363E+002   0.100000E+001   0.327174E-001  -0.117774E+000
   0.282164E+002   0.100000E+001   0.249448E-001  -0.102332E+000
   0.282966E+002   0.100000E+001   0.173564E-001  -0.902092E-001
   0.283768E+002   0.100000E+001   0.101210E-001  -0.811953E-001
   0.284569E+002   0.100000E+001   0.335350E-002  -0.750524E-001
   0.285371E+002   0.100000E+001  -0.286810E-002  -0.715297E-001
   0.286172E+002   0.100000E+001  -0.848776E-002  -0.703696E-001
   0.286974E+002   0.100000E+001  -0.134625E-001  -0.713081E-001
   0.287776E+002   0.100000E+001  -0.177590E-001  -0.740729E-001
   0.288577E+002   0.100000E+001  -0.213545E-001  -0.783842E-001
   0.289379E+002   0.100000E+001  -0.242385E-001  -0.839575E-001
   0.290180E+002   0.100000E+001  -0.264142E-001  -0.905080E-001
   0.290982E+002   0.100000E+001  -0.278983E-001  -0.977571E-001
   0.291784E+002   0.100000E+001  -0.287188E-001  -0.105438E+000
   0.292585E+002   0.100000E+001  -0.289116E-001  -0.113299E+000
   0.293387E+002   0.100000E+001  -0.285175E-001  -0.121107E+000
   0.294188E+002   0.100000E+001  -0.275788E-001  -0.128650E+000
   0.294990E+002   0.100000E+001  -0.261377E-001  -0.135732E+000
   0.295792E+002   0.100000E+001  -0.242355E-001  -0.142177E+000
   0.296593E+002   0.100000E+001  -0.219134E-001  -0.147826E+000
   0.297395E+002   0.100000E+001  -0.192121E-001  -0.152536E+000
   0.298196E+002   0.100000E+001  -0.161725E-001  -0.156184E+000
   0.298998E+002   0.100000E+001  -0.128338E-001  -0.158662E+000
   0.299800E+002   0.100000E+001  -0.923138E-002  -0.159876E+000
   0.300601E+002   0.100000E+001  -0.539454E-002  -0.159746E+000
   0.301403E+002   0.100000E+001  -0.134590E-002  -0.158192E+000
   0.302204E+002   0.100000E+001   0.289358E-002  -0.155130E+000
   0.303006E+002   0.100000E+001   0.729141E-002  -0.150464E+000
   0.303808E+002   0.100000E+001   0.117799E-001  -0.144090E+000
   0.304609E+002   0.100000E+001   0.162248E-001  -0.135918E+000
   0.305411E+002   0.100000E+001   0.203982E-001  -0.125923E+000
   0.306212E+002   0.100000E+001   0.239794E-001  -0.114224E+000
   0.307014E+002   0.100000E+001   0.266082E-001  -0.101158E+000
   0.307816E+002   0.100000E+001   0.279900E-001  -0.872980E-001
   0.308617E+002   0.100000E+001   0.280075E-001  -0.733796E-001
   0.309419E+002   0.100000E+001   0.267702E-001  -0.601356E-001
   0.310220E+002   0.100000E+001   0.245688E-001  -0.481377E-001
   0.311022E+002   0.100000E+001   0.217688E-001  -0.377173E-001
   0.311824E+002   0.100000E+001   0.187131E-001  -0.289791E-001
   0.312625E+002   0.100000E+001   0.156713E-001  -0.218636E-001
   0.313427E+002   0.100000E+001   0.128274E-001  -0.162133E-001
   0.314228E+002   0.100000E+001   0.102892E-001  -0.118249E-001
   0.315030E+002   0.100000E+001   0.810389E-002  -0.848481E-002
   0.315832E+002   0.100000E+001   0.627666E-002  -0.599102E-002
   0.316633E+002   0.100000E+001   0.478627E-002  -0.416376E-002
   0.317435E+002   0.100000E+001   0.359672E-002  -0.284976E-002
   0.318236E+002   0.100000E+001   0.266565E-002  -0.192279E-002
   0.319038E+002   0.100000E+001   0.195011E-002  -0.128162E-002
   0.319840E+002   0.100000E+001   0.140982E-002  -0.846928E-003
   0.320641E+002   0.100000E+001   0.100879E-002  -0.557937E-003
   0.321443E+002   0.100000E+001   0.716024E-003  -0.369156E-003
   0.322244E+002   0.100000E+001   0.505558E-003  -0.247437E-003
   0.323046E+002   0.100000E+001   0.356266E-003  -0.169367E-003
   0.323848E+002   0.100000E+001   0.251438E-003  -0.118992E-003
   0.324649E+002   0.100000E+001   0.178276E-003  -0.858517E-004
   0.325451E+002   0.100000E+001   0.127279E-003  -0.633528E-004
   0.326253E+002   0.100000E+001   0.916098E-004  -0.474858E-004
   0.327054E+002   0.100000E+001   0.664726E-004  -0.358804E-004
   0.327856E+002   0.100000E+001   0.485758E-004  -0.271510E-004
   0.328657E+002   0.100000E+001   0.356906E-004  -0.204750E-004
   0.329459E+002   0.100000E+001   0.263150E-004  -0.153388E-004
   0.330261E+002   0.100000E+001   0.194338E-004  -0.113952E-004
   0.331062E+002   0.100000E+001   0.143521E-004  -0.838862E-005
   0.331864E+002   0.100000E+001   0.105860E-004  -0.611899E-005
   0.332665E+002   0.100000E+001   0.779134E-005  -0.442441E-005
   0.333467E+002   0.100000E+001   0.571891E-005  -0.317315E-005
   0.334269E+002   0.100000E+001   0.418505E-005  -0.225899E-005
   0.335070E+002   0.100000E+001   0.305299E-005  -0.159761E-005
   0.335872E+002   0.100000E+001   0.222027E-005  -0.112331E-005
   0.336673E+002   0.100000E+001   0.160988E-005  -0.785820E-006
   0.337475E+002   0.100000E+001   0.116405E-005  -0.547309E-006
   0.338277E+002   0.100000E+001   0.839517E-006  -0.379744E-006
   0.339078E+002   0.100000E+001   0.604039E-006  -0.262621E-006
   0.339880E+002   0.100000E+001   0.433684E-006  -0.181112E-006
   0.340681E+002   0.100000E+001   0.310773E-006  -0.124599E-006
   0.341483E+002   0.100000E+001   0.222310E-006  -0.855414E-007
   0.342285E+002   0.100000E+001   0.158780E-006  -0.586212E-007
   0.343086E+002   0.100000E+001   0.113245E-006  -0.401098E-007
   0.343888E+002   0.100000E+001   0.806656E-007  -0.274061E-007
   0.344689E+002   0.100000E+001   0.573930E-007  -0.187032E-007
   0.345491E+002   0.100000E+001   0.407920E-007  -0.127500E-007
   0.346293E+002   0.100000E+001   0.289653E-007  -0.868314E-008
   0.347094E+002   0.100000E+001   0.205496E-007  -0.590821E-008
   0.347896E+002   0.100000E+001   0.145674E-007  -0.401678E-008
   0.348697E+002   0.100000E+001   0.103191E-007  -0.272878E-008
   0.349499E+002   0.100000E+001   0.730475E-008  -0.185246E-008
   0.350301E+002   0.100000E+001   0.516766E-008  -0.125670E-008
   0.351102E+002   0.100000E+001   0.365364E-008  -0.851998E-009
   0.351904E+002   0.100000E+001   0.258176E-008  -0.577265E-009
   0.352705E+002   0.100000E+001   0.182339E-008  -0.390887E-009
   0.353507E+002   0.100000E+001   0.128715E-008  -0.264530E-009
   0.354309E+002   0.100000E+001   0.908182E-009  -0.178916E-009
   0.355110E+002   0.100000E+001   0.640502E-009  -0.120942E-009
   0.355912E+002   0.100000E+001   0.451521E-009  -0.817080E-010
   0.356713E+002   0.100000E+001   0.318166E-009  -0.551706E-010
   0.357515E+002   0.100000E+001   0.224104E-009  -0.372311E-010
   0.358317E+002   0.100000E+001   0.157786E-009  -0.251106E-010
   0.359118E+002   0.100000E+001   0.111049E-009  -0.169261E-010
   0.359920E+002   0.100000E+001   0.781249E-010  -0.114025E-010
   0.360721E+002   0.100000E+001   0.549402E-010  -0.767675E-011
   0.361523E+002   0.100000E+001   0.386204E-010  -0.516514E-011
   0.362325E+002   0.100000E+001   0.271373E-010  -0.347298E-011
   0.363126E+002   0.100000E+001   0.190606E-010  -0.233360E-011
   0.363928E+002   0.100000E+001   0.133820E-010  -0.156690E-011
   0.364729E+002   0.100000E+001   0.939110E-011  -0.105130E-011
   0.365531E+002   0.100000E+001   0.658740E-011  -0.704804E-012
   0.366333E+002   0.100000E+001   0.461856E-011  -0.472111E-012
   0.367134E+002   0.100000E+001   0.323656E-011  -0.315961E-012
   0.367936E+002   0.100000E+001   0.226693E-011  -0.211256E-012
   0.368737E+002   0.100000E+001   0.158692E-011  -0.141106E-012
   0.369539E+002   0.100000E+001   0.111026E-011  -0.941485E-013
   0.370341E+002   0.100000E+001   0.776301E-012  -0.627449E-013
   0.371142E+002   0.100000E+001   0.542447E-012  -0.417644E-013
   0.371944E+002   0.100000E+001   0.378781E-012  -0.277624E-013
   0.372745E+002   0.100000E+001   0.264304E-012  -0.184284E-013
   0.373547E+002   0.100000E+001   0.184282E-012  -0.122139E-013
   0.374349E+002   0.100000E+001   0.128381E-012  -0.808169E-014
   0.375150E+002   0.100000E+001   0.893586E-013  -0.533802E-014
   0.375952E+002   0.100000E+001   0.621382E-013  -0.351906E-014
   0.376754E+002   0.100000E+001   0.431655E-013  -0.231512E-014
   0.377555E+002   0.100000E+001   0.299528E-013  -0.151967E-014
   0.378357E+002   0.100000E+001   0.207597E-013  -0.995120E-015
   0.379158E+002   0.100000E+001   0.143697E-013  -0.649919E-015
   0.379960E+002   0.100000E+001   0.993273E-014  -0.423256E-015
   0.380762E+002   0.100000E+001   0.685538E-014  -0.274788E-015
   0.381563E+002   0.100000E+001   0.472364E-014  -0.177794E-015
   0.382365E+002   0.100000E+001   0.324891E-014  -0.114610E-015
   0.383166E+002   0.100000E+001   0.223016E-014  -0.735794E-016
   0.383968E+002   0.100000E+001   0.152751E-014  -0.470259E-016
   0.384770E+002   0.100000E+001   0.104371E-014  -0.299059E-016
   0.385571E+002   0.100000E+001   0.711229E-015  -0.189138E-016
   0.386373E+002   0.100000E+001   0.483207E-015  -0.118883E-016
   0.387174E+002   0.100000E+001   0.327182E-015  -0.742077E-017
   0.387976E+002   0.100000E+001   0.220693E-015  -0.459600E-017
   0.388778E+002   0.100000E+001   0.148218E-015  -0.282127E-017
   0.389579E+002   0.100000E+001   0.990501E-016  -0.171425E-017
   0.390381E+002   0.100000E+001   0.658133E-016  -0.102938E-017
   0.391182E+002   0.100000E+001   0.434384E-016  -0.609665E-018
   0.391984E+002   0.100000E+001   0.284472E-016  -0.355255E-018
   0.392786E+002   0.100000E+001   0.184586E-016  -0.203025E-018
   0.393587E+002   0.100000E+001   0.118471E-016  -0.113328E-018
   0.394389E+002   0.100000E+001   0.750506E-017  -0.614525E-019
   0.395190E+002   0.100000E+001   0.468045E-017  -0.321285E-019
   0.395992E+002   0.100000E+001   0.286345E-017  -0.160172E-019
   0.396794E+002   0.100000E+001   0.170906E-017  -0.747680E-020
   0.397595E+002   0.100000E+001   0.983443E-018  -0.315492E-020
   0.398397E+002   0.100000E+001   0.526820E-018  -0.110571E-020
   0.399198E+002   0.100000E+001   0.226473E-018  -0.231700E-021
   0.400000E+002   0.100000E+001   0.000000E+000  -0.000000E+000
   0.400802E+002   0.100000E+001   0.105521E-017  -0.181235E-021

