  -0.801603E-001   0.100000E+001  -0.268313E-001   0.157881E+000
   0.000000E+000   0.100000E+001   0.115092E-001   0.147192E+000
   0.801603E-001   0.100000E+001   0.410127E-002   0.148122E+000
   0.160321E+000   0.100000E+001  -0.263450E-002   0.146197E+000
   0.240481E+000   0.100000E+001  -0.866282E-002   0.141746E+000
   0.320641E+000   0.100000E+001  -0.139724E-001   0.135093E+000
   0.400802E+000   0.100000E+001  -0.185954E-001   0.126535E+000
   0.480962E+000   0.100000E+001  -0.225714E-001   0.116345E+000
   0.561122E+000   0.100000E+001  -0.259520E-001   0.104767E+000
   0.641283E+000   0.100000E+001  -0.287919E-001   0.920234E-001
   0.721443E+000   0.100000E+001  -0.311446E-001   0.783090E-001
   0.801603E+000   0.100000E+001  -0.330602E-001   0.637992E-001
   0.881764E+000   0.100000E+001  -0.345837E-001   0.486509E-001
   0.961924E+000   0.100000E+001  -0.357551E-001   0.330057E-001
   0.104208E+001   0.100000E+001  -0.366095E-001   0.169938E-001
   0.112224E+001   0.100000E+001  -0.371793E-001   0.738614E-003
   0.120240E+001   0.100000E+001  -0.374972E-001  -0.156370E-001
   0.128257E+001   0.100000E+001  -0.376007E-001  -0.320011E-001
   0.136273E+001   0.100000E+001  -0.375378E-001  -0.481970E-001
   0.144289E+001   0.100000E+001  -0.373675E-001  -0.640205E-001
   0.152305E+001   0.100000E+001  -0.371480E-001  -0.791961E-001
   0.160321E+001   0.100000E+001  -0.369046E-001  -0.933655E-001
   0.168337E+001   0.100000E+001  -0.365872E-001  -0.106111E+000
   0.176353E+001   0.100000E+001  -0.360375E-001  -0.117020E+000
   0.184369E+001   0.100000E+001  -0.349975E-001  -0.125768E+000
   0.192385E+001   0.100000E+001  -0.331709E-001  -0.132185E+000
   0.200401E+001   0.100000E+001  -0.303172E-001  -0.136253E+000
   0.208417E+001   0.100000E+001  -0.263339E-001  -0.138048E+000
   0.216433E+001   0.100000E+001  -0.212768E-001  -0.137637E+000
   0.224449E+001   0.100000E+001  -0.153136E-001  -0.135007E+000
   0.232465E+001   0.100000E+001  -0.864820E-002  -0.130033E+000
   0.240481E+001   0.100000E+001  -0.146651E-002  -0.122507E+000
   0.248497E+001   0.100000E+001   0.607498E-002  -0.112171E+000
   0.256513E+001   0.100000E+001   0.138305E-001  -0.987617E-001
   0.264529E+001   0.100000E+001   0.216373E-001  -0.820455E-001
   0.272545E+001   0.100000E+001   0.292903E-001  -0.618588E-001
   0.280561E+001   0.100000E+001   0.365256E-001  -0.381425E-001
   0.288577E+001   0.100000E+001   0.430171E-001  -0.109837E-001
   0.296593E+001   0.100000E+001   0.483915E-001   0.193270E-001
   0.304609E+001   0.100000E+001   0.522569E-001   0.522296E-001
   0.312625E+001   0.100000E+001   0.542590E-001   0.868584E-001
   0.320641E+001   0.100000E+001   0.541791E-001   0.122108E+000
   0.328657E+001   0.100000E+001   0.520329E-001   0.156814E+000
   0.336673E+001   0.100000E+001   0.480767E-001   0.189953E+000
   0.344689E+001   0.100000E+001   0.427046E-001   0.220757E+000
   0.352705E+001   0.100000E+001   0.363318E-001   0.248714E+000
   0.360721E+001   0.100000E+001   0.293405E-001   0.273509E+000
   0.368737E+001   0.100000E+001   0.220695E-001   0.294990E+000
   0.376754E+001   0.100000E+001   0.148024E-001   0.313132E+000
   0.384770E+001   0.100000E+001   0.775964E-002   0.328015E+000
   0.392786E+001   0.100000E+001   0.110639E-002   0.339794E+000
   0.400802E+001   0.100000E+001  -0.503274E-002   0.348683E+000
   0.408818E+001   0.100000E+001  -0.105707E-001   0.354943E+000
   0.416834E+001   0.100000E+001  -0.154642E-001   0.358862E+000
   0.424850E+001   0.100000E+001  -0.197173E-001   0.360735E+000
   0.432866E+001   0.100000E+001  -0.233769E-001   0.360849E+000
   0.440882E+001   0.100000E+001  -0.265180E-001   0.359465E+000
   0.448898E+001   0.100000E+001  -0.292226E-001   0.356816E+000
   0.456914E+001   0.100000E+001  -0.315616E-001   0.353098E+000
   0.464930E+001   0.100000E+001  -0.335836E-001   0.348485E+000
   0.472946E+001   0.100000E+001  -0.353134E-001   0.343130E+000
   0.480962E+001   0.100000E+001  -0.367584E-001   0.337175E+000
   0.488978E+001   0.100000E+001  -0.379152E-001   0.330757E+000
   0.496994E+001   0.100000E+001  -0.387760E-001   0.324011E+000
   0.505010E+001   0.100000E+001  -0.393337E-001   0.317070E+000
   0.513026E+001   0.100000E+001  -0.395852E-001   0.310068E+000
   0.521042E+001   0.100000E+001  -0.395357E-001   0.303131E+000
   0.529058E+001   0.100000E+001  -0.392007E-001   0.296378E+000
   0.537074E+001   0.100000E+001  -0.386059E-001   0.289917E+000
   0.545090E+001   0.100000E+001  -0.377821E-001   0.283844E+000
   0.553106E+001   0.100000E+001  -0.367555E-001   0.278249E+000
   0.561122E+001   0.100000E+001  -0.355359E-001   0.273226E+000
   0.569138E+001   0.100000E+001  -0.341081E-001   0.268885E+000
   0.577154E+001   0.100000E+001  -0.324299E-001   0.265361E+000
   0.585170E+001   0.100000E+001  -0.304373E-001   0.262826E+000
   0.593186E+001   0.100000E+001  -0.280555E-001   0.261479E+000
   0.601202E+001   0.100000E+001  -0.252109E-001   0.261545E+000
   0.609218E+001   0.100000E+001  -0.218419E-001   0.263260E+000
   0.617234E+001   0.100000E+001  -0.179044E-001   0.266863E+000
   0.625251E+001   0.100000E+001  -0.133694E-001   0.272585E+000
   0.633267E+001   0.100000E+001  -0.822645E-002   0.280646E+000
   0.641283E+001   0.100000E+001  -0.248924E-002   0.291257E+000
   0.649299E+001   0.100000E+001   0.381307E-002   0.304612E+000
   0.657315E+001   0.100000E+001   0.106115E-001   0.320896E+000
   0.665331E+001   0.100000E+001   0.177643E-001   0.340290E+000
   0.673347E+001   0.100000E+001   0.250481E-001   0.362944E+000
   0.681363E+001   0.100000E+001   0.321450E-001   0.388940E+000
   0.689379E+001   0.100000E+001   0.386079E-001   0.418230E+000
   0.697395E+001   0.100000E+001   0.438944E-001   0.450531E+000
   0.705411E+001   0.100000E+001   0.475013E-001   0.485235E+000
   0.713427E+001   0.100000E+001   0.490971E-001   0.521427E+000
   0.721443E+001   0.100000E+001   0.485688E-001   0.558007E+000
   0.729459E+001   0.100000E+001   0.459653E-001   0.593861E+000
   0.737475E+001   0.100000E+001   0.415353E-001   0.627964E+000
   0.745491E+001   0.100000E+001   0.357418E-001   0.659457E+000
   0.753507E+001   0.100000E+001   0.290613E-001   0.687749E+000
   0.761523E+001   0.100000E+001   0.218822E-001   0.712532E+000
   0.769539E+001   0.100000E+001   0.145651E-001   0.733705E+000
   0.777555E+001   0.100000E+001   0.740571E-002   0.751320E+000
   0.785571E+001   0.100000E+001   0.614697E-003   0.765550E+000
   0.793587E+001   0.100000E+001  -0.566313E-002   0.776665E+000
   0.801603E+001   0.100000E+001  -0.113670E-001   0.784995E+000
   0.809619E+001   0.100000E+001  -0.164786E-001   0.790871E+000
   0.817635E+001   0.100000E+001  -0.210390E-001   0.794563E+000
   0.825651E+001   0.100000E+001  -0.251415E-001   0.796252E+000
   0.833667E+001   0.100000E+001  -0.288642E-001   0.796065E+000
   0.841683E+001   0.100000E+001  -0.322417E-001   0.794201E+000
   0.849699E+001   0.100000E+001  -0.352384E-001   0.791128E+000
   0.857715E+001   0.100000E+001  -0.377546E-001   0.787736E+000
   0.865731E+001   0.100000E+001  -0.396151E-001   0.785344E+000
   0.873747E+001   0.100000E+001  -0.406422E-001   0.785446E+000
   0.881764E+001   0.100000E+001  -0.407716E-001   0.789125E+000
   0.889780E+001   0.100000E+001  -0.401252E-001   0.796226E+000
   0.897796E+001   0.100000E+001  -0.390342E-001   0.804532E+000
   0.905812E+001   0.100000E+001  -0.379672E-001   0.809467E+000
   0.913828E+001   0.100000E+001  -0.373792E-001   0.804904E+000
   0.921844E+001   0.100000E+001  -0.375632E-001   0.785150E+000
   0.929860E+001   0.100000E+001  -0.384491E-001   0.747138E+000
   0.937876E+001   0.100000E+001  -0.396284E-001   0.691460E+000
   0.945892E+001   0.100000E+001  -0.406099E-001   0.621671E+000
   0.953908E+001   0.100000E+001  -0.410303E-001   0.542577E+000
   0.961924E+001   0.100000E+001  -0.407514E-001   0.458696E+000
   0.969940E+001   0.100000E+001  -0.398121E-001   0.373474E+000
   0.977956E+001   0.100000E+001  -0.383229E-001   0.289191E+000
   0.985972E+001   0.100000E+001  -0.363784E-001   0.207277E+000
   0.993988E+001   0.100000E+001  -0.340142E-001   0.128709E+000
   0.100200E+002   0.100000E+001  -0.312232E-001   0.543180E-001
   0.101002E+002   0.100000E+001  -0.279695E-001  -0.151041E-001
   0.101804E+002   0.100000E+001  -0.242047E-001  -0.788461E-001
   0.102605E+002   0.100000E+001  -0.198819E-001  -0.136358E+000
   0.103407E+002   0.100000E+001  -0.149710E-001  -0.187292E+000
   0.104208E+002   0.100000E+001  -0.951188E-002  -0.231503E+000
   0.105010E+002   0.100000E+001  -0.357060E-002  -0.268969E+000
   0.105812E+002   0.100000E+001   0.275144E-002  -0.299724E+000
   0.106613E+002   0.100000E+001   0.933253E-002  -0.323809E+000
   0.107415E+002   0.100000E+001   0.160148E-001  -0.341249E+000
   0.108216E+002   0.100000E+001   0.226217E-001  -0.352088E+000
   0.109018E+002   0.100000E+001   0.288320E-001  -0.356426E+000
   0.109820E+002   0.100000E+001   0.342402E-001  -0.354543E+000
   0.110621E+002   0.100000E+001   0.384440E-001  -0.347058E+000
   0.111423E+002   0.100000E+001   0.411142E-001  -0.335014E+000
   0.112224E+002   0.100000E+001   0.419584E-001  -0.319890E+000
   0.113026E+002   0.100000E+001   0.408642E-001  -0.303530E+000
   0.113828E+002   0.100000E+001   0.378460E-001  -0.287978E+000
   0.114629E+002   0.100000E+001   0.330590E-001  -0.275282E+000
   0.115431E+002   0.100000E+001   0.267821E-001  -0.267261E+000
   0.116232E+002   0.100000E+001   0.194839E-001  -0.265327E+000
   0.117034E+002   0.100000E+001   0.116583E-001  -0.270345E+000
   0.117836E+002   0.100000E+001   0.376996E-002  -0.282573E+000
   0.118637E+002   0.100000E+001  -0.380282E-002  -0.301733E+000
   0.119439E+002   0.100000E+001  -0.107941E-001  -0.327140E+000
   0.120240E+002   0.100000E+001  -0.170987E-001  -0.357848E+000
   0.121042E+002   0.100000E+001  -0.226568E-001  -0.392803E+000
   0.121844E+002   0.100000E+001  -0.274627E-001  -0.430966E+000
   0.122645E+002   0.100000E+001  -0.315463E-001  -0.471357E+000
   0.123447E+002   0.100000E+001  -0.349685E-001  -0.513056E+000
   0.124248E+002   0.100000E+001  -0.377945E-001  -0.555202E+000
   0.125050E+002   0.100000E+001  -0.401153E-001  -0.596989E+000
   0.125852E+002   0.100000E+001  -0.419972E-001  -0.637692E+000
   0.126653E+002   0.100000E+001  -0.434729E-001  -0.676688E+000
   0.127455E+002   0.100000E+001  -0.445753E-001  -0.713491E+000
   0.128257E+002   0.100000E+001  -0.453344E-001  -0.747772E+000
   0.129058E+002   0.100000E+001  -0.457933E-001  -0.779376E+000
   0.129860E+002   0.100000E+001  -0.460221E-001  -0.808347E+000
   0.130661E+002   0.100000E+001  -0.460729E-001  -0.834953E+000
   0.131463E+002   0.100000E+001  -0.459577E-001  -0.859693E+000
   0.132265E+002   0.100000E+001  -0.456624E-001  -0.883266E+000
   0.133066E+002   0.100000E+001  -0.451792E-001  -0.906493E+000
   0.133868E+002   0.100000E+001  -0.445260E-001  -0.930204E+000
   0.134669E+002   0.100000E+001  -0.437349E-001  -0.955113E+000
   0.135471E+002   0.100000E+001  -0.428272E-001  -0.981720E+000
   0.136273E+002   0.100000E+001  -0.417545E-001  -0.101026E+001
   0.137074E+002   0.100000E+001  -0.404287E-001  -0.104071E+001
   0.137876E+002   0.100000E+001  -0.387620E-001  -0.107282E+001
   0.138677E+002   0.100000E+001  -0.366857E-001  -0.110620E+001
   0.139479E+002   0.100000E+001  -0.341439E-001  -0.114041E+001
   0.140281E+002   0.100000E+001  -0.311089E-001  -0.117491E+001
   0.141082E+002   0.100000E+001  -0.275437E-001  -0.120909E+001
   0.141884E+002   0.100000E+001  -0.234098E-001  -0.124220E+001
   0.142685E+002   0.100000E+001  -0.186990E-001  -0.127331E+001
   0.143487E+002   0.100000E+001  -0.134345E-001  -0.130135E+001
   0.144289E+002   0.100000E+001  -0.763783E-002  -0.132517E+001
   0.145090E+002   0.100000E+001  -0.134620E-002  -0.134365E+001
   0.145892E+002   0.100000E+001   0.542371E-002  -0.135586E+001
   0.146693E+002   0.100000E+001   0.126706E-001  -0.136117E+001
   0.147495E+002   0.100000E+001   0.204208E-001  -0.135930E+001
   0.148297E+002   0.100000E+001   0.284043E-001  -0.135044E+001
   0.149098E+002   0.100000E+001   0.361047E-001  -0.133527E+001
   0.149900E+002   0.100000E+001   0.428285E-001  -0.131500E+001
   0.150701E+002   0.100000E+001   0.477180E-001  -0.129130E+001
   0.151503E+002   0.100000E+001   0.500463E-001  -0.126616E+001
   0.152305E+002   0.100000E+001   0.495830E-001  -0.124169E+001
   0.153106E+002   0.100000E+001   0.464858E-001  -0.121982E+001
   0.153908E+002   0.100000E+001   0.411889E-001  -0.120214E+001
   0.154709E+002   0.100000E+001   0.342013E-001  -0.118983E+001
   0.155511E+002   0.100000E+001   0.261600E-001  -0.118366E+001
   0.156313E+002   0.100000E+001   0.176267E-001  -0.118400E+001
   0.157114E+002   0.100000E+001   0.906186E-002  -0.119074E+001
   0.157916E+002   0.100000E+001   0.910563E-003  -0.120325E+001
   0.158717E+002   0.100000E+001  -0.655312E-002  -0.122047E+001
   0.159519E+002   0.100000E+001  -0.132686E-001  -0.124111E+001
   0.160321E+002   0.100000E+001  -0.192051E-001  -0.126393E+001
   0.161122E+002   0.100000E+001  -0.243645E-001  -0.128781E+001
   0.161924E+002   0.100000E+001  -0.287538E-001  -0.131187E+001
   0.162725E+002   0.100000E+001  -0.324414E-001  -0.133539E+001
   0.163527E+002   0.100000E+001  -0.355261E-001  -0.135780E+001
   0.164329E+002   0.100000E+001  -0.380917E-001  -0.137876E+001
   0.165130E+002   0.100000E+001  -0.402142E-001  -0.139816E+001
   0.165932E+002   0.100000E+001  -0.419419E-001  -0.141610E+001
   0.166733E+002   0.100000E+001  -0.433228E-001  -0.143286E+001
   0.167535E+002   0.100000E+001  -0.443872E-001  -0.144889E+001
   0.168337E+002   0.100000E+001  -0.451580E-001  -0.146468E+001
   0.169138E+002   0.100000E+001  -0.456323E-001  -0.148083E+001
   0.169940E+002   0.100000E+001  -0.457798E-001  -0.149788E+001
   0.170741E+002   0.100000E+001  -0.456310E-001  -0.151628E+001
   0.171543E+002   0.100000E+001  -0.452631E-001  -0.153637E+001
   0.172345E+002   0.100000E+001  -0.447177E-001  -0.155832E+001
   0.173146E+002   0.100000E+001  -0.440101E-001  -0.158220E+001
   0.173948E+002   0.100000E+001  -0.431439E-001  -0.160797E+001
   0.174749E+002   0.100000E+001  -0.420846E-001  -0.163551E+001
   0.175551E+002   0.100000E+001  -0.407674E-001  -0.166456E+001
   0.176353E+002   0.100000E+001  -0.391755E-001  -0.169468E+001
   0.177154E+002   0.100000E+001  -0.373424E-001  -0.172523E+001
   0.177956E+002   0.100000E+001  -0.352844E-001  -0.175536E+001
   0.178758E+002   0.100000E+001  -0.329577E-001  -0.178409E+001
   0.179559E+002   0.100000E+001  -0.303109E-001  -0.181026E+001
   0.180361E+002   0.100000E+001  -0.272404E-001  -0.183262E+001
   0.181162E+002   0.100000E+001  -0.236322E-001  -0.184988E+001
   0.181964E+002   0.100000E+001  -0.194571E-001  -0.186071E+001
   0.182766E+002   0.100000E+001  -0.146846E-001  -0.186395E+001
   0.183567E+002   0.100000E+001  -0.923662E-002  -0.185862E+001
   0.184369E+002   0.100000E+001  -0.318483E-002  -0.184406E+001
   0.185170E+002   0.100000E+001   0.335696E-002  -0.182000E+001
   0.185972E+002   0.100000E+001   0.102886E-001  -0.178656E+001
   0.186774E+002   0.100000E+001   0.174892E-001  -0.174427E+001
   0.187575E+002   0.100000E+001   0.247879E-001  -0.169402E+001
   0.188377E+002   0.100000E+001   0.319451E-001  -0.163706E+001
   0.189178E+002   0.100000E+001   0.386396E-001  -0.157497E+001
   0.189980E+002   0.100000E+001   0.444759E-001  -0.150950E+001
   0.190782E+002   0.100000E+001   0.491363E-001  -0.144244E+001
   0.191583E+002   0.100000E+001   0.524415E-001  -0.137566E+001
   0.192385E+002   0.100000E+001   0.539906E-001  -0.131119E+001
   0.193186E+002   0.100000E+001   0.531937E-001  -0.125139E+001
   0.193988E+002   0.100000E+001   0.496964E-001  -0.119875E+001
   0.194790E+002   0.100000E+001   0.436120E-001  -0.115532E+001
   0.195591E+002   0.100000E+001   0.356391E-001  -0.112200E+001
   0.196393E+002   0.100000E+001   0.268694E-001  -0.109821E+001
   0.197194E+002   0.100000E+001   0.183196E-001  -0.108216E+001
   0.197996E+002   0.100000E+001   0.105785E-001  -0.107158E+001
   0.198798E+002   0.100000E+001   0.381118E-002  -0.106441E+001
   0.199599E+002   0.100000E+001  -0.201085E-002  -0.105923E+001
   0.200401E+002   0.100000E+001  -0.699104E-002  -0.105530E+001
   0.201202E+002   0.100000E+001  -0.112958E-001  -0.105240E+001
   0.202004E+002   0.100000E+001  -0.150457E-001  -0.105059E+001
   0.202806E+002   0.100000E+001  -0.183074E-001  -0.104998E+001
   0.203607E+002   0.100000E+001  -0.211046E-001  -0.105061E+001
   0.204409E+002   0.100000E+001  -0.234224E-001  -0.105239E+001
   0.205210E+002   0.100000E+001  -0.252287E-001  -0.105509E+001
   0.206012E+002   0.100000E+001  -0.265275E-001  -0.105847E+001
   0.206814E+002   0.100000E+001  -0.273787E-001  -0.106223E+001
   0.207615E+002   0.100000E+001  -0.278984E-001  -0.106618E+001
   0.208417E+002   0.100000E+001  -0.282266E-001  -0.107017E+001
   0.209218E+002   0.100000E+001  -0.284907E-001  -0.107418E+001
   0.210020E+002   0.100000E+001  -0.287766E-001  -0.107824E+001
   0.210822E+002   0.100000E+001  -0.291101E-001  -0.108242E+001
   0.211623E+002   0.100000E+001  -0.294543E-001  -0.108680E+001
   0.212425E+002   0.100000E+001  -0.297247E-001  -0.109142E+001
   0.213226E+002   0.100000E+001  -0.298121E-001  -0.109625E+001
   0.214028E+002   0.100000E+001  -0.295947E-001  -0.110121E+001
   0.214830E+002   0.100000E+001  -0.289708E-001  -0.110614E+001
   0.215631E+002   0.100000E+001  -0.278560E-001  -0.111084E+001
   0.216433E+002   0.100000E+001  -0.261914E-001  -0.111507E+001
   0.217234E+002   0.100000E+001  -0.239410E-001  -0.111856E+001
   0.218036E+002   0.100000E+001  -0.210894E-001  -0.112104E+001
   0.218838E+002   0.100000E+001  -0.176269E-001  -0.112224E+001
   0.219639E+002   0.100000E+001  -0.135664E-001  -0.112190E+001
   0.220441E+002   0.100000E+001  -0.892517E-002  -0.111976E+001
   0.221242E+002   0.100000E+001  -0.370844E-002  -0.111557E+001
   0.222044E+002   0.100000E+001   0.205317E-002  -0.110907E+001
   0.222846E+002   0.100000E+001   0.831608E-002  -0.110002E+001
   0.223647E+002   0.100000E+001   0.150025E-001  -0.108819E+001
   0.224449E+002   0.100000E+001   0.220216E-001  -0.107337E+001
   0.225251E+002   0.100000E+001   0.292120E-001  -0.105538E+001
   0.226052E+002   0.100000E+001   0.363115E-001  -0.103417E+001
   0.226854E+002   0.100000E+001   0.430014E-001  -0.100976E+001
   0.227655E+002   0.100000E+001   0.489371E-001  -0.982304E+000
   0.228457E+002   0.100000E+001   0.537209E-001  -0.952211E+000
   0.229259E+002   0.100000E+001   0.569765E-001  -0.920090E+000
   0.230060E+002   0.100000E+001   0.583492E-001  -0.886752E+000
   0.230862E+002   0.100000E+001   0.576469E-001  -0.853207E+000
   0.231663E+002   0.100000E+001   0.550454E-001  -0.820555E+000
   0.232465E+002   0.100000E+001   0.509808E-001  -0.789723E+000
   0.233267E+002   0.100000E+001   0.459086E-001  -0.761246E+000
   0.234068E+002   0.100000E+001   0.401592E-001  -0.735368E+000
   0.234870E+002   0.100000E+001   0.339362E-001  -0.712239E+000
   0.235671E+002   0.100000E+001   0.274115E-001  -0.691977E+000
   0.236473E+002   0.100000E+001   0.207744E-001  -0.674628E+000
   0.237275E+002   0.100000E+001   0.142104E-001  -0.660143E+000
   0.238076E+002   0.100000E+001   0.786948E-002  -0.648409E+000
   0.238878E+002   0.100000E+001   0.186531E-002  -0.639271E+000
   0.239679E+002   0.100000E+001  -0.370926E-002  -0.632541E+000
   0.240481E+002   0.100000E+001  -0.877397E-002  -0.627998E+000
   0.241283E+002   0.100000E+001  -0.132667E-001  -0.625390E+000
   0.242084E+002   0.100000E+001  -0.171624E-001  -0.624443E+000
   0.242886E+002   0.100000E+001  -0.204900E-001  -0.624885E+000
   0.243687E+002   0.100000E+001  -0.233251E-001  -0.626486E+000
   0.244489E+002   0.100000E+001  -0.257575E-001  -0.629071E+000
   0.245291E+002   0.100000E+001  -0.278562E-001  -0.632515E+000
   0.246092E+002   0.100000E+001  -0.296510E-001  -0.636718E+000
   0.246894E+002   0.100000E+001  -0.311368E-001  -0.641574E+000
   0.247695E+002   0.100000E+001  -0.322920E-001  -0.646961E+000
   0.248497E+002   0.100000E+001  -0.330966E-001  -0.652736E+000
   0.249299E+002   0.100000E+001  -0.335400E-001  -0.658745E+000
   0.250100E+002   0.100000E+001  -0.336200E-001  -0.664833E+000
   0.250902E+002   0.100000E+001  -0.333377E-001  -0.670843E+000
   0.251703E+002   0.100000E+001  -0.326966E-001  -0.676621E+000
   0.252505E+002   0.100000E+001  -0.317070E-001  -0.682013E+000
   0.253307E+002   0.100000E+001  -0.303908E-001  -0.686874E+000
   0.254108E+002   0.100000E+001  -0.287796E-001  -0.691078E+000
   0.254910E+002   0.100000E+001  -0.269024E-001  -0.694522E+000
   0.255711E+002   0.100000E+001  -0.247670E-001  -0.697128E+000
   0.256513E+002   0.100000E+001  -0.223455E-001  -0.698817E+000
   0.257315E+002   0.100000E+001  -0.195751E-001  -0.699494E+000
   0.258116E+002   0.100000E+001  -0.163736E-001  -0.699017E+000
   0.258918E+002   0.100000E+001  -0.126634E-001  -0.697199E+000
   0.259719E+002   0.100000E+001  -0.839083E-002  -0.693813E+000
   0.260521E+002   0.100000E+001  -0.353473E-002  -0.688609E+000
   0.261323E+002   0.100000E+001   0.189528E-002  -0.681330E+000
   0.262124E+002   0.100000E+001   0.786148E-002  -0.671722E+000
   0.262926E+002   0.100000E+001   0.142965E-001  -0.659541E+000
   0.263727E+002   0.100000E+001   0.210974E-001  -0.644562E+000
   0.264529E+002   0.100000E+001   0.281205E-001  -0.626592E+000
   0.265331E+002   0.100000E+001   0.351776E-001  -0.605485E+000
   0.266132E+002   0.100000E+001   0.420238E-001  -0.581163E+000
   0.266934E+002   0.100000E+001   0.483289E-001  -0.553646E+000
   0.267735E+002   0.100000E+001   0.536483E-001  -0.523136E+000
   0.268537E+002   0.100000E+001   0.574451E-001  -0.490133E+000
   0.269339E+002   0.100000E+001   0.592072E-001  -0.455523E+000
   0.270140E+002   0.100000E+001   0.586283E-001  -0.420534E+000
   0.270942E+002   0.100000E+001   0.557388E-001  -0.386515E+000
   0.271743E+002   0.100000E+001   0.508878E-001  -0.354644E+000
   0.272545E+002   0.100000E+001   0.446016E-001  -0.325748E+000
   0.273347E+002   0.100000E+001   0.374308E-001  -0.300271E+000
   0.274148E+002   0.100000E+001   0.298615E-001  -0.278354E+000
   0.274950E+002   0.100000E+001   0.222804E-001  -0.259923E+000
   0.275752E+002   0.100000E+001   0.149636E-001  -0.244776E+000
   0.276553E+002   0.100000E+001   0.808794E-002  -0.232647E+000
   0.277355E+002   0.100000E+001   0.176274E-002  -0.223255E+000
   0.278156E+002   0.100000E+001  -0.394194E-002  -0.216306E+000
   0.278958E+002   0.100000E+001  -0.898330E-002  -0.211506E+000
   0.279760E+002   0.100000E+001  -0.133473E-001  -0.208554E+000
   0.280561E+002   0.100000E+001  -0.170530E-001  -0.207159E+000
   0.281363E+002   0.100000E+001  -0.201514E-001  -0.207058E+000
   0.282164E+002   0.100000E+001  -0.227165E-001  -0.208020E+000
   0.282966E+002   0.100000E+001  -0.248284E-001  -0.209863E+000
   0.283768E+002   0.100000E+001  -0.265581E-001  -0.212445E+000
   0.284569E+002   0.100000E+001  -0.279565E-001  -0.215655E+000
   0.285371E+002   0.100000E+001  -0.290524E-001  -0.219398E+000
   0.286172E+002   0.100000E+001  -0.298537E-001  -0.223587E+000
   0.286974E+002   0.100000E+001  -0.303524E-001  -0.228131E+000
   0.287776E+002   0.100000E+001  -0.305278E-001  -0.232929E+000
   0.288577E+002   0.100000E+001  -0.303497E-001  -0.237866E+000
   0.289379E+002   0.100000E+001  -0.297828E-001  -0.242811E+000
   0.290180E+002   0.100000E+001  -0.287929E-001  -0.247611E+000
   0.290982E+002   0.100000E+001  -0.273539E-001  -0.252100E+000
   0.291784E+002   0.100000E+001  -0.254529E-001  -0.256101E+000
   0.292585E+002   0.100000E+001  -0.230919E-001  -0.259438E+000
   0.293387E+002   0.100000E+001  -0.202828E-001  -0.261943E+000
   0.294188E+002   0.100000E+001  -0.170409E-001  -0.263458E+000
   0.294990E+002   0.100000E+001  -0.133767E-001  -0.263835E+000
   0.295792E+002   0.100000E+001  -0.929386E-002  -0.262926E+000
   0.296593E+002   0.100000E+001  -0.479351E-002  -0.260577E+000
   0.297395E+002   0.100000E+001   0.114702E-003  -0.256618E+000
   0.298196E+002   0.100000E+001   0.539686E-002  -0.250870E+000
   0.298998E+002   0.100000E+001   0.109784E-001  -0.243151E+000
   0.299800E+002   0.100000E+001   0.167298E-001  -0.233303E+000
   0.300601E+002   0.100000E+001   0.224570E-001  -0.221217E+000
   0.301403E+002   0.100000E+001   0.278994E-001  -0.206882E+000
   0.302204E+002   0.100000E+001   0.327417E-001  -0.190427E+000
   0.303006E+002   0.100000E+001   0.366434E-001  -0.172168E+000
   0.303808E+002   0.100000E+001   0.392897E-001  -0.152626E+000
   0.304609E+002   0.100000E+001   0.404583E-001  -0.132508E+000
   0.305411E+002   0.100000E+001   0.400809E-001  -0.112627E+000
   0.306212E+002   0.100000E+001   0.382754E-001  -0.937712E-001
   0.307014E+002   0.100000E+001   0.353245E-001  -0.765821E-001
   0.307816E+002   0.100000E+001   0.316081E-001  -0.614648E-001
   0.308617E+002   0.100000E+001   0.275171E-001  -0.485780E-001
   0.309419E+002   0.100000E+001   0.233862E-001  -0.378786E-001
   0.310220E+002   0.100000E+001   0.194616E-001  -0.291907E-001
   0.311022E+002   0.100000E+001   0.158993E-001  -0.222691E-001
   0.311824E+002   0.100000E+001   0.127790E-001  -0.168455E-001
   0.312625E+002   0.100000E+001   0.101237E-001  -0.126576E-001
   0.313427E+002   0.100000E+001   0.791799E-002  -0.946641E-002
   0.314228E+002   0.100000E+001   0.612348E-002  -0.706309E-002
   0.315030E+002   0.100000E+001   0.468995E-002  -0.527147E-002
   0.315832E+002   0.100000E+001   0.356338E-002  -0.394683E-002
   0.316633E+002   0.100000E+001   0.269103E-002  -0.297312E-002
   0.317435E+002   0.100000E+001   0.202459E-002  -0.225923E-002
   0.318236E+002   0.100000E+001   0.152169E-002  -0.173497E-002
   0.319038E+002   0.100000E+001   0.114625E-002  -0.134728E-002
   0.319840E+002   0.100000E+001   0.868315E-003  -0.105685E-002
   0.320641E+002   0.100000E+001   0.663461E-003  -0.835287E-003
   0.321443E+002   0.100000E+001   0.512255E-003  -0.662683E-003
   0.322244E+002   0.100000E+001   0.399688E-003  -0.525546E-003
   0.323046E+002   0.100000E+001   0.314600E-003  -0.414993E-003
   0.323848E+002   0.100000E+001   0.249029E-003  -0.325232E-003
   0.324649E+002   0.100000E+001   0.197516E-003  -0.252384E-003
   0.325451E+002   0.100000E+001   0.156420E-003  -0.193653E-003
   0.326253E+002   0.100000E+001   0.123328E-003  -0.146821E-003
   0.327054E+002   0.100000E+001   0.966046E-004  -0.109978E-003
   0.327856E+002   0.100000E+001   0.750808E-004  -0.814175E-004
   0.328657E+002   0.100000E+001   0.578577E-004  -0.596043E-004
   0.329459E+002   0.100000E+001   0.441995E-004  -0.431831E-004
   0.330261E+002   0.100000E+001   0.334791E-004  -0.309880E-004
   0.331062E+002   0.100000E+001   0.251539E-004  -0.220445E-004
   0.331864E+002   0.100000E+001   0.187563E-004  -0.155602E-004
   0.332665E+002   0.100000E+001   0.138889E-004  -0.109070E-004
   0.333467E+002   0.100000E+001   0.102199E-004  -0.759833E-005
   0.334269E+002   0.100000E+001   0.747760E-005  -0.526480E-005
   0.335070E+002   0.100000E+001   0.544346E-005  -0.363070E-005
   0.335872E+002   0.100000E+001   0.394488E-005  -0.249353E-005
   0.336673E+002   0.100000E+001   0.284751E-005  -0.170645E-005
   0.337475E+002   0.100000E+001   0.204821E-005  -0.116425E-005
   0.338277E+002   0.100000E+001   0.146875E-005  -0.792236E-006
   0.339078E+002   0.100000E+001   0.105038E-005  -0.537884E-006
   0.339880E+002   0.100000E+001   0.749401E-006  -0.364494E-006
   0.340681E+002   0.100000E+001   0.533558E-006  -0.246595E-006
   0.341483E+002   0.100000E+001   0.379191E-006  -0.166600E-006
   0.342285E+002   0.100000E+001   0.269054E-006  -0.112424E-006
   0.343086E+002   0.100000E+001   0.190639E-006  -0.757895E-007
   0.343888E+002   0.100000E+001   0.134911E-006  -0.510496E-007
   0.344689E+002   0.100000E+001   0.953697E-007  -0.343609E-007
   0.345491E+002   0.100000E+001   0.673528E-007  -0.231139E-007
   0.346293E+002   0.100000E+001   0.475260E-007  -0.155401E-007
   0.347094E+002   0.100000E+001   0.335102E-007  -0.104433E-007
   0.347896E+002   0.100000E+001   0.236119E-007  -0.701539E-008
   0.348697E+002   0.100000E+001   0.166273E-007  -0.471103E-008
   0.349499E+002   0.100000E+001   0.117024E-007  -0.316261E-008
   0.350301E+002   0.100000E+001   0.823220E-008  -0.212252E-008
   0.351102E+002   0.100000E+001   0.578844E-008  -0.142410E-008
   0.351904E+002   0.100000E+001   0.406845E-008  -0.955256E-009
   0.352705E+002   0.100000E+001   0.285845E-008  -0.640605E-009
   0.353507E+002   0.100000E+001   0.200761E-008  -0.429488E-009
   0.354309E+002   0.100000E+001   0.140956E-008  -0.287873E-009
   0.355110E+002   0.100000E+001   0.989349E-009  -0.192901E-009
   0.355912E+002   0.100000E+001   0.694199E-009  -0.129224E-009
   0.356713E+002   0.100000E+001   0.486957E-009  -0.865416E-010
   0.357515E+002   0.100000E+001   0.341485E-009  -0.579383E-010
   0.358317E+002   0.100000E+001   0.239403E-009  -0.387754E-010
   0.359118E+002   0.100000E+001   0.167789E-009  -0.259409E-010
   0.359920E+002   0.100000E+001   0.117563E-009  -0.173475E-010
   0.360721E+002   0.100000E+001   0.823480E-010  -0.115958E-010
   0.361523E+002   0.100000E+001   0.576640E-010  -0.774744E-011
   0.362325E+002   0.100000E+001   0.403666E-010  -0.517360E-011
   0.363126E+002   0.100000E+001   0.282488E-010  -0.345292E-011
   0.363928E+002   0.100000E+001   0.197621E-010  -0.230314E-011
   0.364729E+002   0.100000E+001   0.138202E-010  -0.153523E-011
   0.365531E+002   0.100000E+001   0.966127E-011  -0.102263E-011
   0.366333E+002   0.100000E+001   0.675126E-011  -0.680677E-012
   0.367134E+002   0.100000E+001   0.471581E-011  -0.452698E-012
   0.367936E+002   0.100000E+001   0.329258E-011  -0.300812E-012
   0.368737E+002   0.100000E+001   0.229781E-011  -0.199698E-012
   0.369539E+002   0.100000E+001   0.160279E-011  -0.132437E-012
   0.370341E+002   0.100000E+001   0.111739E-011  -0.877347E-013
   0.371142E+002   0.100000E+001   0.778556E-012  -0.580527E-013
   0.371944E+002   0.100000E+001   0.542136E-012  -0.383640E-013
   0.372745E+002   0.100000E+001   0.377261E-012  -0.253183E-013
   0.373547E+002   0.100000E+001   0.262344E-012  -0.166842E-013
   0.374349E+002   0.100000E+001   0.182294E-012  -0.109772E-013
   0.375150E+002   0.100000E+001   0.126566E-012  -0.721003E-014
   0.375952E+002   0.100000E+001   0.877975E-013  -0.472696E-014
   0.376754E+002   0.100000E+001   0.608462E-013  -0.309288E-014
   0.377555E+002   0.100000E+001   0.421248E-013  -0.201934E-014
   0.378357E+002   0.100000E+001   0.291311E-013  -0.131535E-014
   0.379158E+002   0.100000E+001   0.201209E-013  -0.854620E-015
   0.379960E+002   0.100000E+001   0.138792E-013  -0.553742E-015
   0.380762E+002   0.100000E+001   0.955994E-014  -0.357714E-015
   0.381563E+002   0.100000E+001   0.657443E-014  -0.230323E-015
   0.382365E+002   0.100000E+001   0.451343E-014  -0.147766E-015
   0.383166E+002   0.100000E+001   0.309260E-014  -0.944258E-016
   0.383968E+002   0.100000E+001   0.211456E-014  -0.600768E-016
   0.384770E+002   0.100000E+001   0.144244E-014  -0.380381E-016
   0.385571E+002   0.100000E+001   0.981375E-015  -0.239545E-016
   0.386373E+002   0.100000E+001   0.665729E-015  -0.149946E-016
   0.387174E+002   0.100000E+001   0.450114E-015  -0.932249E-017
   0.387976E+002   0.100000E+001   0.303192E-015  -0.575165E-017
   0.388778E+002   0.100000E+001   0.203356E-015  -0.351762E-017
   0.389579E+002   0.100000E+001   0.135726E-015  -0.212979E-017
   0.390381E+002   0.100000E+001   0.900746E-016  -0.127456E-017
   0.391182E+002   0.100000E+001   0.593841E-016  -0.752427E-018
   0.391984E+002   0.100000E+001   0.388481E-016  -0.437089E-018
   0.392786E+002   0.100000E+001   0.251821E-016  -0.249060E-018
   0.393587E+002   0.100000E+001   0.161469E-016  -0.138639E-018
   0.394389E+002   0.100000E+001   0.102200E-016  -0.749810E-019
   0.395190E+002   0.100000E+001   0.636835E-017  -0.391056E-019
   0.395992E+002   0.100000E+001   0.389321E-017  -0.194513E-019
   0.396794E+002   0.100000E+001   0.232216E-017  -0.906084E-020
   0.397595E+002   0.100000E+001   0.133549E-017  -0.381612E-020
   0.398397E+002   0.100000E+001   0.715074E-018  -0.133522E-020
   0.399198E+002   0.100000E+001   0.307267E-018  -0.279335E-021
   0.400000E+002   0.100000E+001   0.000000E+000  -0.000000E+000
   0.400802E+002   0.100000E+001   0.143113E-017  -0.217352E-021

