  -0.801603E-001   0.100000E+001   0.477714E-001  -0.137086E+000
   0.000000E+000   0.100000E+001   0.998095E-002  -0.147879E+000
   0.801603E-001   0.100000E+001   0.177582E-001  -0.144406E+000
   0.160321E+000   0.100000E+001   0.259548E-001  -0.137493E+000
   0.240481E+000   0.100000E+001   0.342830E-001  -0.126873E+000
   0.320641E+000   0.100000E+001   0.423803E-001  -0.112408E+000
   0.400802E+000   0.100000E+001   0.497700E-001  -0.941364E-001
   0.480962E+000   0.100000E+001   0.559210E-001  -0.723845E-001
   0.561122E+000   0.100000E+001   0.603032E-001  -0.478137E-001
   0.641283E+000   0.100000E+001   0.624837E-001  -0.214332E-001
   0.721443E+000   0.100000E+001   0.622282E-001   0.548780E-002
   0.801603E+000   0.100000E+001   0.595609E-001   0.315962E-001
   0.881764E+000   0.100000E+001   0.547563E-001   0.556629E-001
   0.961924E+000   0.100000E+001   0.482657E-001   0.767445E-001
   0.104208E+001   0.100000E+001   0.406124E-001   0.942514E-001
   0.112224E+001   0.100000E+001   0.322961E-001   0.107930E+000
   0.120240E+001   0.100000E+001   0.237251E-001   0.117794E+000
   0.128257E+001   0.100000E+001   0.151798E-001   0.124060E+000
   0.136273E+001   0.100000E+001   0.679973E-002   0.127096E+000
   0.144289E+001   0.100000E+001  -0.140467E-002   0.127421E+000
   0.152305E+001   0.100000E+001  -0.949761E-002   0.125715E+000
   0.160321E+001   0.100000E+001  -0.175220E-001   0.122808E+000
   0.168337E+001   0.100000E+001  -0.253993E-001   0.119584E+000
   0.176353E+001   0.100000E+001  -0.328842E-001   0.116826E+000
   0.184369E+001   0.100000E+001  -0.396031E-001   0.115072E+000
   0.192385E+001   0.100000E+001  -0.451456E-001   0.114543E+000
   0.200401E+001   0.100000E+001  -0.491607E-001   0.115154E+000
   0.208417E+001   0.100000E+001  -0.514401E-001   0.116575E+000
   0.216433E+001   0.100000E+001  -0.520011E-001   0.118329E+000
   0.224449E+001   0.100000E+001  -0.511351E-001   0.119937E+000
   0.232465E+001   0.100000E+001  -0.493495E-001   0.121085E+000
   0.240481E+001   0.100000E+001  -0.471969E-001   0.121720E+000
   0.248497E+001   0.100000E+001  -0.451029E-001   0.122010E+000
   0.256513E+001   0.100000E+001  -0.433006E-001   0.122214E+000
   0.264529E+001   0.100000E+001  -0.418629E-001   0.122566E+000
   0.272545E+001   0.100000E+001  -0.407558E-001   0.123230E+000
   0.280561E+001   0.100000E+001  -0.398722E-001   0.124294E+000
   0.288577E+001   0.100000E+001  -0.390504E-001   0.125779E+000
   0.296593E+001   0.100000E+001  -0.380942E-001   0.127655E+000
   0.304609E+001   0.100000E+001  -0.368179E-001   0.129874E+000
   0.312625E+001   0.100000E+001  -0.351027E-001   0.132396E+000
   0.320641E+001   0.100000E+001  -0.329126E-001   0.135208E+000
   0.328657E+001   0.100000E+001  -0.302591E-001   0.138357E+000
   0.336673E+001   0.100000E+001  -0.271687E-001   0.141949E+000
   0.344689E+001   0.100000E+001  -0.236762E-001   0.146160E+000
   0.352705E+001   0.100000E+001  -0.198194E-001   0.151232E+000
   0.360721E+001   0.100000E+001  -0.156276E-001   0.157455E+000
   0.368737E+001   0.100000E+001  -0.111151E-001   0.165148E+000
   0.376754E+001   0.100000E+001  -0.628080E-002   0.174621E+000
   0.384770E+001   0.100000E+001  -0.110403E-002   0.186156E+000
   0.392786E+001   0.100000E+001   0.445630E-002   0.199990E+000
   0.400802E+001   0.100000E+001   0.104506E-001   0.216318E+000
   0.408818E+001   0.100000E+001   0.169108E-001   0.235310E+000
   0.416834E+001   0.100000E+001   0.238089E-001   0.257130E+000
   0.424850E+001   0.100000E+001   0.310105E-001   0.281936E+000
   0.432866E+001   0.100000E+001   0.382354E-001   0.309849E+000
   0.440882E+001   0.100000E+001   0.450447E-001   0.340894E+000
   0.448898E+001   0.100000E+001   0.508731E-001   0.374909E+000
   0.456914E+001   0.100000E+001   0.551155E-001   0.411474E+000
   0.464930E+001   0.100000E+001   0.572560E-001   0.449877E+000
   0.472946E+001   0.100000E+001   0.570003E-001   0.489156E+000
   0.480962E+001   0.100000E+001   0.543586E-001   0.528231E+000
   0.488978E+001   0.100000E+001   0.496380E-001   0.566062E+000
   0.496994E+001   0.100000E+001   0.433450E-001   0.601805E+000
   0.505010E+001   0.100000E+001   0.360419E-001   0.634889E+000
   0.513026E+001   0.100000E+001   0.282265E-001   0.664998E+000
   0.521042E+001   0.100000E+001   0.202783E-001   0.692006E+000
   0.529058E+001   0.100000E+001   0.124675E-001   0.715905E+000
   0.537074E+001   0.100000E+001   0.498592E-002   0.736767E+000
   0.545090E+001   0.100000E+001  -0.202756E-002   0.754732E+000
   0.553106E+001   0.100000E+001  -0.847649E-002   0.769995E+000
   0.561122E+001   0.100000E+001  -0.143017E-001   0.782800E+000
   0.569138E+001   0.100000E+001  -0.194758E-001   0.793422E+000
   0.577154E+001   0.100000E+001  -0.239954E-001   0.802149E+000
   0.585170E+001   0.100000E+001  -0.278741E-001   0.809269E+000
   0.593186E+001   0.100000E+001  -0.311378E-001   0.815054E+000
   0.601202E+001   0.100000E+001  -0.338255E-001   0.819754E+000
   0.609218E+001   0.100000E+001  -0.359902E-001   0.823592E+000
   0.617234E+001   0.100000E+001  -0.376956E-001   0.826752E+000
   0.625251E+001   0.100000E+001  -0.390080E-001   0.829374E+000
   0.633267E+001   0.100000E+001  -0.399868E-001   0.831546E+000
   0.641283E+001   0.100000E+001  -0.406785E-001   0.833319E+000
   0.649299E+001   0.100000E+001  -0.411127E-001   0.834712E+000
   0.657315E+001   0.100000E+001  -0.413023E-001   0.835741E+000
   0.665331E+001   0.100000E+001  -0.412481E-001   0.836429E+000
   0.673347E+001   0.100000E+001  -0.409482E-001   0.836817E+000
   0.681363E+001   0.100000E+001  -0.404084E-001   0.836964E+000
   0.689379E+001   0.100000E+001  -0.396378E-001   0.836941E+000
   0.697395E+001   0.100000E+001  -0.386455E-001   0.836837E+000
   0.705411E+001   0.100000E+001  -0.374514E-001   0.836754E+000
   0.713427E+001   0.100000E+001  -0.360888E-001   0.836810E+000
   0.721443E+001   0.100000E+001  -0.345871E-001   0.837132E+000
   0.729459E+001   0.100000E+001  -0.329493E-001   0.837853E+000
   0.737475E+001   0.100000E+001  -0.311460E-001   0.839127E+000
   0.745491E+001   0.100000E+001  -0.291264E-001   0.841120E+000
   0.753507E+001   0.100000E+001  -0.268212E-001   0.844017E+000
   0.761523E+001   0.100000E+001  -0.241258E-001   0.848004E+000
   0.769539E+001   0.100000E+001  -0.208976E-001   0.853279E+000
   0.777555E+001   0.100000E+001  -0.170558E-001   0.860065E+000
   0.785571E+001   0.100000E+001  -0.125504E-001   0.868619E+000
   0.793587E+001   0.100000E+001  -0.735971E-002   0.879227E+000
   0.801603E+001   0.100000E+001  -0.154887E-002   0.892206E+000
   0.809619E+001   0.100000E+001   0.477032E-002   0.907853E+000
   0.817635E+001   0.100000E+001   0.114684E-001   0.926386E+000
   0.825651E+001   0.100000E+001   0.182706E-001   0.947887E+000
   0.833667E+001   0.100000E+001   0.247930E-001   0.972283E+000
   0.841683E+001   0.100000E+001   0.306651E-001   0.999424E+000
   0.849699E+001   0.100000E+001   0.355484E-001   0.102941E+001
   0.857715E+001   0.100000E+001   0.393877E-001   0.106303E+001
   0.865731E+001   0.100000E+001   0.425610E-001   0.110204E+001
   0.873747E+001   0.100000E+001   0.456008E-001   0.114873E+001
   0.881764E+001   0.100000E+001   0.486674E-001   0.120444E+001
   0.889780E+001   0.100000E+001   0.510892E-001   0.126706E+001
   0.897796E+001   0.100000E+001   0.515677E-001   0.132873E+001
   0.905812E+001   0.100000E+001   0.487801E-001   0.137603E+001
   0.913828E+001   0.100000E+001   0.421346E-001   0.139517E+001
   0.921844E+001   0.100000E+001   0.323440E-001   0.138000E+001
   0.929860E+001   0.100000E+001   0.211390E-001   0.133551E+001
   0.937876E+001   0.100000E+001   0.102314E-001   0.127356E+001
   0.945892E+001   0.100000E+001   0.719515E-003   0.120580E+001
   0.953908E+001   0.100000E+001  -0.712411E-002   0.113958E+001
   0.961924E+001   0.100000E+001  -0.134573E-001   0.107756E+001
   0.969940E+001   0.100000E+001  -0.185303E-001   0.101917E+001
   0.977956E+001   0.100000E+001  -0.226335E-001   0.962220E+000
   0.985972E+001   0.100000E+001  -0.260444E-001   0.904203E+000
   0.993988E+001   0.100000E+001  -0.289955E-001   0.843073E+000
   0.100200E+002   0.100000E+001  -0.316874E-001   0.777576E+000
   0.101002E+002   0.100000E+001  -0.341982E-001   0.707280E+000
   0.101804E+002   0.100000E+001  -0.364973E-001   0.632460E+000
   0.102605E+002   0.100000E+001  -0.385083E-001   0.553914E+000
   0.103407E+002   0.100000E+001  -0.401582E-001   0.472769E+000
   0.104208E+002   0.100000E+001  -0.414226E-001   0.390289E+000
   0.105010E+002   0.100000E+001  -0.423244E-001   0.307742E+000
   0.105812E+002   0.100000E+001  -0.429410E-001   0.226307E+000
   0.106613E+002   0.100000E+001  -0.433751E-001   0.147015E+000
   0.107415E+002   0.100000E+001  -0.436957E-001   0.707352E-001
   0.108216E+002   0.100000E+001  -0.439119E-001  -0.181551E-002
   0.109018E+002   0.100000E+001  -0.439894E-001  -0.700530E-001
   0.109820E+002   0.100000E+001  -0.438880E-001  -0.133522E+000
   0.110621E+002   0.100000E+001  -0.435768E-001  -0.191928E+000
   0.111423E+002   0.100000E+001  -0.430447E-001  -0.245191E+000
   0.112224E+002   0.100000E+001  -0.422869E-001  -0.293520E+000
   0.113026E+002   0.100000E+001  -0.412882E-001  -0.337453E+000
   0.113828E+002   0.100000E+001  -0.400229E-001  -0.377856E+000
   0.114629E+002   0.100000E+001  -0.384827E-001  -0.415851E+000
   0.115431E+002   0.100000E+001  -0.366672E-001  -0.452688E+000
   0.116232E+002   0.100000E+001  -0.345639E-001  -0.489568E+000
   0.117034E+002   0.100000E+001  -0.321402E-001  -0.527465E+000
   0.117836E+002   0.100000E+001  -0.293557E-001  -0.566987E+000
   0.118637E+002   0.100000E+001  -0.261957E-001  -0.608317E+000
   0.119439E+002   0.100000E+001  -0.226764E-001  -0.651245E+000
   0.120240E+002   0.100000E+001  -0.187730E-001  -0.695264E+000
   0.121042E+002   0.100000E+001  -0.144187E-001  -0.739681E+000
   0.121844E+002   0.100000E+001  -0.957529E-002  -0.783704E+000
   0.122645E+002   0.100000E+001  -0.420241E-002  -0.826485E+000
   0.123447E+002   0.100000E+001   0.168665E-002  -0.867138E+000
   0.124248E+002   0.100000E+001   0.802212E-002  -0.904697E+000
   0.125050E+002   0.100000E+001   0.146991E-001  -0.938119E+000
   0.125852E+002   0.100000E+001   0.215481E-001  -0.966337E+000
   0.126653E+002   0.100000E+001   0.282465E-001  -0.988310E+000
   0.127455E+002   0.100000E+001   0.343135E-001  -0.100327E+001
   0.128257E+002   0.100000E+001   0.392659E-001  -0.101098E+001
   0.129058E+002   0.100000E+001   0.426267E-001  -0.101198E+001
   0.129860E+002   0.100000E+001   0.439484E-001  -0.100759E+001
   0.130661E+002   0.100000E+001   0.430238E-001  -0.999826E+000
   0.131463E+002   0.100000E+001   0.399169E-001  -0.991088E+000
   0.132265E+002   0.100000E+001   0.348589E-001  -0.983791E+000
   0.133066E+002   0.100000E+001   0.282788E-001  -0.980032E+000
   0.133868E+002   0.100000E+001   0.207493E-001  -0.981463E+000
   0.134669E+002   0.100000E+001   0.128762E-001  -0.989224E+000
   0.135471E+002   0.100000E+001   0.512485E-002  -0.100400E+001
   0.136273E+002   0.100000E+001  -0.215666E-002  -0.102610E+001
   0.137074E+002   0.100000E+001  -0.877743E-002  -0.105553E+001
   0.137876E+002   0.100000E+001  -0.147165E-001  -0.109196E+001
   0.138677E+002   0.100000E+001  -0.200210E-001  -0.113478E+001
   0.139479E+002   0.100000E+001  -0.247300E-001  -0.118311E+001
   0.140281E+002   0.100000E+001  -0.288923E-001  -0.123587E+001
   0.141082E+002   0.100000E+001  -0.325321E-001  -0.129183E+001
   0.141884E+002   0.100000E+001  -0.356706E-001  -0.134972E+001
   0.142685E+002   0.100000E+001  -0.383034E-001  -0.140826E+001
   0.143487E+002   0.100000E+001  -0.404464E-001  -0.146628E+001
   0.144289E+002   0.100000E+001  -0.421375E-001  -0.152269E+001
   0.145090E+002   0.100000E+001  -0.434199E-001  -0.157663E+001
   0.145892E+002   0.100000E+001  -0.443587E-001  -0.162745E+001
   0.146693E+002   0.100000E+001  -0.450036E-001  -0.167473E+001
   0.147495E+002   0.100000E+001  -0.453967E-001  -0.171838E+001
   0.148297E+002   0.100000E+001  -0.455868E-001  -0.175856E+001
   0.149098E+002   0.100000E+001  -0.456183E-001  -0.179576E+001
   0.149900E+002   0.100000E+001  -0.455065E-001  -0.183076E+001
   0.150701E+002   0.100000E+001  -0.452622E-001  -0.186453E+001
   0.151503E+002   0.100000E+001  -0.449049E-001  -0.189813E+001
   0.152305E+002   0.100000E+001  -0.444693E-001  -0.193252E+001
   0.153106E+002   0.100000E+001  -0.439814E-001  -0.196845E+001
   0.153908E+002   0.100000E+001  -0.434203E-001  -0.200635E+001
   0.154709E+002   0.100000E+001  -0.426953E-001  -0.204628E+001
   0.155511E+002   0.100000E+001  -0.416919E-001  -0.208799E+001
   0.156313E+002   0.100000E+001  -0.403332E-001  -0.213098E+001
   0.157114E+002   0.100000E+001  -0.385580E-001  -0.217462E+001
   0.157916E+002   0.100000E+001  -0.363097E-001  -0.221826E+001
   0.158717E+002   0.100000E+001  -0.335590E-001  -0.226129E+001
   0.159519E+002   0.100000E+001  -0.302702E-001  -0.230311E+001
   0.160321E+002   0.100000E+001  -0.264055E-001  -0.234309E+001
   0.161122E+002   0.100000E+001  -0.219435E-001  -0.238047E+001
   0.161924E+002   0.100000E+001  -0.168356E-001  -0.241436E+001
   0.162725E+002   0.100000E+001  -0.110506E-001  -0.244374E+001
   0.163527E+002   0.100000E+001  -0.465221E-002  -0.246749E+001
   0.164329E+002   0.100000E+001   0.226931E-002  -0.248460E+001
   0.165130E+002   0.100000E+001   0.963833E-002  -0.249429E+001
   0.165932E+002   0.100000E+001   0.173845E-001  -0.249624E+001
   0.166733E+002   0.100000E+001   0.253242E-001  -0.249068E+001
   0.167535E+002   0.100000E+001   0.331399E-001  -0.247841E+001
   0.168337E+002   0.100000E+001   0.401872E-001  -0.246078E+001
   0.169138E+002   0.100000E+001   0.456728E-001  -0.243962E+001
   0.169940E+002   0.100000E+001   0.488280E-001  -0.241716E+001
   0.170741E+002   0.100000E+001   0.491565E-001  -0.239590E+001
   0.171543E+002   0.100000E+001   0.465228E-001  -0.237829E+001
   0.172345E+002   0.100000E+001   0.413243E-001  -0.236643E+001
   0.173146E+002   0.100000E+001   0.342901E-001  -0.236188E+001
   0.173948E+002   0.100000E+001   0.263269E-001  -0.236551E+001
   0.174749E+002   0.100000E+001   0.181170E-001  -0.237746E+001
   0.175551E+002   0.100000E+001   0.100514E-001  -0.239713E+001
   0.176353E+002   0.100000E+001   0.221403E-002  -0.242326E+001
   0.177154E+002   0.100000E+001  -0.529612E-002  -0.245408E+001
   0.177956E+002   0.100000E+001  -0.123174E-001  -0.248754E+001
   0.178758E+002   0.100000E+001  -0.186358E-001  -0.252155E+001
   0.179559E+002   0.100000E+001  -0.241208E-001  -0.255413E+001
   0.180361E+002   0.100000E+001  -0.287461E-001  -0.258354E+001
   0.181162E+002   0.100000E+001  -0.326434E-001  -0.260829E+001
   0.181964E+002   0.100000E+001  -0.359107E-001  -0.262722E+001
   0.182766E+002   0.100000E+001  -0.385800E-001  -0.263961E+001
   0.183567E+002   0.100000E+001  -0.406794E-001  -0.264518E+001
   0.184369E+002   0.100000E+001  -0.422891E-001  -0.264412E+001
   0.185170E+002   0.100000E+001  -0.434847E-001  -0.263697E+001
   0.185972E+002   0.100000E+001  -0.443353E-001  -0.262447E+001
   0.186774E+002   0.100000E+001  -0.448964E-001  -0.260744E+001
   0.187575E+002   0.100000E+001  -0.452289E-001  -0.258674E+001
   0.188377E+002   0.100000E+001  -0.453784E-001  -0.256328E+001
   0.189178E+002   0.100000E+001  -0.452874E-001  -0.253810E+001
   0.189980E+002   0.100000E+001  -0.448199E-001  -0.251234E+001
   0.190782E+002   0.100000E+001  -0.438632E-001  -0.248711E+001
   0.191583E+002   0.100000E+001  -0.423297E-001  -0.246344E+001
   0.192385E+002   0.100000E+001  -0.402344E-001  -0.244213E+001
   0.193186E+002   0.100000E+001  -0.377329E-001  -0.242365E+001
   0.193988E+002   0.100000E+001  -0.350339E-001  -0.240818E+001
   0.194790E+002   0.100000E+001  -0.322629E-001  -0.239559E+001
   0.195591E+002   0.100000E+001  -0.294800E-001  -0.238557E+001
   0.196393E+002   0.100000E+001  -0.267418E-001  -0.237763E+001
   0.197194E+002   0.100000E+001  -0.241097E-001  -0.237120E+001
   0.197996E+002   0.100000E+001  -0.215685E-001  -0.236571E+001
   0.198798E+002   0.100000E+001  -0.191127E-001  -0.236060E+001
   0.199599E+002   0.100000E+001  -0.166991E-001  -0.235538E+001
   0.200401E+002   0.100000E+001  -0.141925E-001  -0.234962E+001
   0.201202E+002   0.100000E+001  -0.114091E-001  -0.234296E+001
   0.202004E+002   0.100000E+001  -0.811368E-002  -0.233503E+001
   0.202806E+002   0.100000E+001  -0.406805E-002  -0.232548E+001
   0.203607E+002   0.100000E+001   0.879924E-003  -0.231391E+001
   0.204409E+002   0.100000E+001   0.678158E-002  -0.229987E+001
   0.205210E+002   0.100000E+001   0.135364E-001  -0.228292E+001
   0.206012E+002   0.100000E+001   0.209277E-001  -0.226266E+001
   0.206814E+002   0.100000E+001   0.286659E-001  -0.223886E+001
   0.207615E+002   0.100000E+001   0.363647E-001  -0.221142E+001
   0.208417E+002   0.100000E+001   0.435464E-001  -0.218047E+001
   0.209218E+002   0.100000E+001   0.497026E-001  -0.214635E+001
   0.210020E+002   0.100000E+001   0.543369E-001  -0.210964E+001
   0.210822E+002   0.100000E+001   0.571271E-001  -0.207115E+001
   0.211623E+002   0.100000E+001   0.579504E-001  -0.203180E+001
   0.212425E+002   0.100000E+001   0.568813E-001  -0.199251E+001
   0.213226E+002   0.100000E+001   0.541399E-001  -0.195415E+001
   0.214028E+002   0.100000E+001   0.499967E-001  -0.191746E+001
   0.214830E+002   0.100000E+001   0.447389E-001  -0.188307E+001
   0.215631E+002   0.100000E+001   0.386708E-001  -0.185146E+001
   0.216433E+002   0.100000E+001   0.320800E-001  -0.182285E+001
   0.217234E+002   0.100000E+001   0.252737E-001  -0.179733E+001
   0.218036E+002   0.100000E+001   0.185522E-001  -0.177479E+001
   0.218838E+002   0.100000E+001   0.121474E-001  -0.175506E+001
   0.219639E+002   0.100000E+001   0.626533E-002  -0.173787E+001
   0.220441E+002   0.100000E+001   0.997795E-003  -0.172290E+001
   0.221242E+002   0.100000E+001  -0.362716E-002  -0.170981E+001
   0.222044E+002   0.100000E+001  -0.762623E-002  -0.169832E+001
   0.222846E+002   0.100000E+001  -0.110738E-001  -0.168816E+001
   0.223647E+002   0.100000E+001  -0.140524E-001  -0.167913E+001
   0.224449E+002   0.100000E+001  -0.166547E-001  -0.167111E+001
   0.225251E+002   0.100000E+001  -0.189780E-001  -0.166397E+001
   0.226052E+002   0.100000E+001  -0.210782E-001  -0.165766E+001
   0.226854E+002   0.100000E+001  -0.230034E-001  -0.165210E+001
   0.227655E+002   0.100000E+001  -0.247844E-001  -0.164725E+001
   0.228457E+002   0.100000E+001  -0.264224E-001  -0.164305E+001
   0.229259E+002   0.100000E+001  -0.279038E-001  -0.163943E+001
   0.230060E+002   0.100000E+001  -0.292004E-001  -0.163634E+001
   0.230862E+002   0.100000E+001  -0.302828E-001  -0.163369E+001
   0.231663E+002   0.100000E+001  -0.311394E-001  -0.163139E+001
   0.232465E+002   0.100000E+001  -0.317656E-001  -0.162933E+001
   0.233267E+002   0.100000E+001  -0.321574E-001  -0.162740E+001
   0.234068E+002   0.100000E+001  -0.323125E-001  -0.162549E+001
   0.234870E+002   0.100000E+001  -0.322294E-001  -0.162349E+001
   0.235671E+002   0.100000E+001  -0.319077E-001  -0.162131E+001
   0.236473E+002   0.100000E+001  -0.313483E-001  -0.161885E+001
   0.237275E+002   0.100000E+001  -0.305526E-001  -0.161601E+001
   0.238076E+002   0.100000E+001  -0.295211E-001  -0.161268E+001
   0.238878E+002   0.100000E+001  -0.282514E-001  -0.160880E+001
   0.239679E+002   0.100000E+001  -0.267295E-001  -0.160426E+001
   0.240481E+002   0.100000E+001  -0.249203E-001  -0.159899E+001
   0.241283E+002   0.100000E+001  -0.227641E-001  -0.159288E+001
   0.242084E+002   0.100000E+001  -0.201852E-001  -0.158579E+001
   0.242886E+002   0.100000E+001  -0.171076E-001  -0.157753E+001
   0.243687E+002   0.100000E+001  -0.134746E-001  -0.156788E+001
   0.244489E+002   0.100000E+001  -0.926570E-002  -0.155657E+001
   0.245291E+002   0.100000E+001  -0.450720E-002  -0.154336E+001
   0.246092E+002   0.100000E+001   0.728258E-003  -0.152799E+001
   0.246894E+002   0.100000E+001   0.633279E-002  -0.151026E+001
   0.247695E+002   0.100000E+001   0.121801E-001  -0.149002E+001
   0.248497E+002   0.100000E+001   0.181371E-001  -0.146717E+001
   0.249299E+002   0.100000E+001   0.240611E-001  -0.144168E+001
   0.250100E+002   0.100000E+001   0.297890E-001  -0.141355E+001
   0.250902E+002   0.100000E+001   0.351358E-001  -0.138288E+001
   0.251703E+002   0.100000E+001   0.399144E-001  -0.134985E+001
   0.252505E+002   0.100000E+001   0.439618E-001  -0.131474E+001
   0.253307E+002   0.100000E+001   0.471371E-001  -0.127787E+001
   0.254108E+002   0.100000E+001   0.492826E-001  -0.123965E+001
   0.254910E+002   0.100000E+001   0.501924E-001  -0.120056E+001
   0.255711E+002   0.100000E+001   0.496513E-001  -0.116126E+001
   0.256513E+002   0.100000E+001   0.475487E-001  -0.112255E+001
   0.257315E+002   0.100000E+001   0.439841E-001  -0.108527E+001
   0.258116E+002   0.100000E+001   0.392661E-001  -0.105008E+001
   0.258918E+002   0.100000E+001   0.338021E-001  -0.101740E+001
   0.259719E+002   0.100000E+001   0.279656E-001  -0.987368E+000
   0.260521E+002   0.100000E+001   0.220311E-001  -0.959960E+000
   0.261323E+002   0.100000E+001   0.161801E-001  -0.935069E+000
   0.262124E+002   0.100000E+001   0.105304E-001  -0.912545E+000
   0.262926E+002   0.100000E+001   0.515383E-002  -0.892222E+000
   0.263727E+002   0.100000E+001   0.801829E-004  -0.873932E+000
   0.264529E+002   0.100000E+001  -0.469658E-002  -0.857525E+000
   0.265331E+002   0.100000E+001  -0.919817E-002  -0.842882E+000
   0.266132E+002   0.100000E+001  -0.134329E-001  -0.829910E+000
   0.266934E+002   0.100000E+001  -0.173752E-001  -0.818517E+000
   0.267735E+002   0.100000E+001  -0.209681E-001  -0.808580E+000
   0.268537E+002   0.100000E+001  -0.241471E-001  -0.799935E+000
   0.269339E+002   0.100000E+001  -0.268691E-001  -0.792378E+000
   0.270140E+002   0.100000E+001  -0.291305E-001  -0.785693E+000
   0.270942E+002   0.100000E+001  -0.309654E-001  -0.779675E+000
   0.271743E+002   0.100000E+001  -0.324290E-001  -0.774154E+000
   0.272545E+002   0.100000E+001  -0.335780E-001  -0.768996E+000
   0.273347E+002   0.100000E+001  -0.344567E-001  -0.764100E+000
   0.274148E+002   0.100000E+001  -0.350936E-001  -0.759385E+000
   0.274950E+002   0.100000E+001  -0.355043E-001  -0.754784E+000
   0.275752E+002   0.100000E+001  -0.356961E-001  -0.750236E+000
   0.276553E+002   0.100000E+001  -0.356684E-001  -0.745687E+000
   0.277355E+002   0.100000E+001  -0.354100E-001  -0.741083E+000
   0.278156E+002   0.100000E+001  -0.348962E-001  -0.736365E+000
   0.278958E+002   0.100000E+001  -0.340939E-001  -0.731460E+000
   0.279760E+002   0.100000E+001  -0.329721E-001  -0.726272E+000
   0.280561E+002   0.100000E+001  -0.315153E-001  -0.720694E+000
   0.281363E+002   0.100000E+001  -0.297316E-001  -0.714620E+000
   0.282164E+002   0.100000E+001  -0.276491E-001  -0.707958E+000
   0.282966E+002   0.100000E+001  -0.252992E-001  -0.700646E+000
   0.283768E+002   0.100000E+001  -0.226950E-001  -0.692649E+000
   0.284569E+002   0.100000E+001  -0.198145E-001  -0.683937E+000
   0.285371E+002   0.100000E+001  -0.165974E-001  -0.674464E+000
   0.286172E+002   0.100000E+001  -0.129576E-001  -0.664139E+000
   0.286974E+002   0.100000E+001  -0.880473E-002  -0.652823E+000
   0.287776E+002   0.100000E+001  -0.406333E-002  -0.640321E+000
   0.288577E+002   0.100000E+001   0.131529E-002  -0.626402E+000
   0.289379E+002   0.100000E+001   0.734679E-002  -0.610805E+000
   0.290180E+002   0.100000E+001   0.140057E-001  -0.593248E+000
   0.290982E+002   0.100000E+001   0.212109E-001  -0.573450E+000
   0.291784E+002   0.100000E+001   0.288094E-001  -0.551149E+000
   0.292585E+002   0.100000E+001   0.365727E-001  -0.526150E+000
   0.293387E+002   0.100000E+001   0.442144E-001  -0.498363E+000
   0.294188E+002   0.100000E+001   0.514193E-001  -0.467832E+000
   0.294990E+002   0.100000E+001   0.578548E-001  -0.434745E+000
   0.295792E+002   0.100000E+001   0.631504E-001  -0.399452E+000
   0.296593E+002   0.100000E+001   0.668829E-001  -0.362534E+000
   0.297395E+002   0.100000E+001   0.686376E-001  -0.324864E+000
   0.298196E+002   0.100000E+001   0.681613E-001  -0.287598E+000
   0.298998E+002   0.100000E+001   0.655129E-001  -0.251980E+000
   0.299800E+002   0.100000E+001   0.610833E-001  -0.219061E+000
   0.300601E+002   0.100000E+001   0.554602E-001  -0.189496E+000
   0.301403E+002   0.100000E+001   0.492471E-001  -0.163523E+000
   0.302204E+002   0.100000E+001   0.429469E-001  -0.141063E+000
   0.303006E+002   0.100000E+001   0.369240E-001  -0.121847E+000
   0.303808E+002   0.100000E+001   0.314078E-001  -0.105511E+000
   0.304609E+002   0.100000E+001   0.265132E-001  -0.916678E-001
   0.305411E+002   0.100000E+001   0.222741E-001  -0.799467E-001
   0.306212E+002   0.100000E+001   0.186759E-001  -0.700121E-001
   0.307014E+002   0.100000E+001   0.156764E-001  -0.615659E-001
   0.307816E+002   0.100000E+001   0.132187E-001  -0.543474E-001
   0.308617E+002   0.100000E+001   0.112373E-001  -0.481306E-001
   0.309419E+002   0.100000E+001   0.966210E-002  -0.427236E-001
   0.310220E+002   0.100000E+001   0.842112E-002  -0.379681E-001
   0.311022E+002   0.100000E+001   0.744409E-002  -0.337384E-001
   0.311824E+002   0.100000E+001   0.666641E-002  -0.299396E-001
   0.312625E+002   0.100000E+001   0.603275E-002  -0.265040E-001
   0.313427E+002   0.100000E+001   0.549976E-002  -0.233851E-001
   0.314228E+002   0.100000E+001   0.503725E-002  -0.205509E-001
   0.315030E+002   0.100000E+001   0.462693E-002  -0.179772E-001
   0.315832E+002   0.100000E+001   0.425874E-002  -0.156419E-001
   0.316633E+002   0.100000E+001   0.392582E-002  -0.135229E-001
   0.317435E+002   0.100000E+001   0.362024E-002  -0.115990E-001
   0.318236E+002   0.100000E+001   0.333158E-002  -0.985283E-002
   0.319038E+002   0.100000E+001   0.304849E-002  -0.827347E-002
   0.319840E+002   0.100000E+001   0.276215E-002  -0.685661E-002
   0.320641E+002   0.100000E+001   0.246908E-002  -0.560210E-002
   0.321443E+002   0.100000E+001   0.217176E-002  -0.451015E-002
   0.322244E+002   0.100000E+001   0.187710E-002  -0.357801E-002
   0.323046E+002   0.100000E+001   0.159384E-002  -0.279824E-002
   0.323848E+002   0.100000E+001   0.133009E-002  -0.215882E-002
   0.324649E+002   0.100000E+001   0.109192E-002  -0.164434E-002
   0.325451E+002   0.100000E+001   0.882823E-003  -0.123763E-002
   0.326253E+002   0.100000E+001   0.703811E-003  -0.921296E-003
   0.327054E+002   0.100000E+001   0.553946E-003  -0.678889E-003
   0.327856E+002   0.100000E+001   0.430935E-003  -0.495621E-003
   0.328657E+002   0.100000E+001   0.331712E-003  -0.358756E-003
   0.329459E+002   0.100000E+001   0.252905E-003  -0.257677E-003
   0.330261E+002   0.100000E+001   0.191162E-003  -0.183775E-003
   0.331062E+002   0.100000E+001   0.143373E-003  -0.130233E-003
   0.331864E+002   0.100000E+001   0.106781E-003  -0.917594E-004
   0.332665E+002   0.100000E+001   0.790294E-004  -0.643174E-004
   0.333467E+002   0.100000E+001   0.581616E-004  -0.448731E-004
   0.334269E+002   0.100000E+001   0.425885E-004  -0.311772E-004
   0.335070E+002   0.100000E+001   0.310447E-004  -0.215813E-004
   0.335872E+002   0.100000E+001   0.225387E-004  -0.148896E-004
   0.336673E+002   0.100000E+001   0.163045E-004  -0.102427E-004
   0.337475E+002   0.100000E+001   0.117567E-004  -0.702768E-005
   0.338277E+002   0.100000E+001   0.845306E-005  -0.481066E-005
   0.339078E+002   0.100000E+001   0.606216E-005  -0.328627E-005
   0.339880E+002   0.100000E+001   0.433754E-005  -0.224082E-005
   0.340681E+002   0.100000E+001   0.309718E-005  -0.152546E-005
   0.341483E+002   0.100000E+001   0.220744E-005  -0.103697E-005
   0.342285E+002   0.100000E+001   0.157070E-005  -0.703979E-006
   0.343086E+002   0.100000E+001   0.111597E-005  -0.477358E-006
   0.343888E+002   0.100000E+001   0.791828E-006  -0.323347E-006
   0.344689E+002   0.100000E+001   0.561157E-006  -0.218813E-006
   0.345491E+002   0.100000E+001   0.397250E-006  -0.147944E-006
   0.346293E+002   0.100000E+001   0.280940E-006  -0.999470E-007
   0.347094E+002   0.100000E+001   0.198505E-006  -0.674712E-007
   0.347896E+002   0.100000E+001   0.140144E-006  -0.455162E-007
   0.348697E+002   0.100000E+001   0.988677E-007  -0.306853E-007
   0.349499E+002   0.100000E+001   0.697004E-007  -0.206743E-007
   0.350301E+002   0.100000E+001   0.491068E-007  -0.139212E-007
   0.351102E+002   0.100000E+001   0.345777E-007  -0.936881E-008
   0.351904E+002   0.100000E+001   0.243342E-007  -0.630170E-008
   0.352705E+002   0.100000E+001   0.171166E-007  -0.423649E-008
   0.353507E+002   0.100000E+001   0.120342E-007  -0.284665E-008
   0.354309E+002   0.100000E+001   0.845710E-008  -0.191181E-008
   0.355110E+002   0.100000E+001   0.594081E-008  -0.128333E-008
   0.355912E+002   0.100000E+001   0.417154E-008  -0.861031E-009
   0.356713E+002   0.100000E+001   0.292806E-008  -0.577406E-009
   0.357515E+002   0.100000E+001   0.205449E-008  -0.387012E-009
   0.358317E+002   0.100000E+001   0.144102E-008  -0.259264E-009
   0.359118E+002   0.100000E+001   0.101038E-008  -0.173593E-009
   0.359920E+002   0.100000E+001   0.708184E-009  -0.116167E-009
   0.360721E+002   0.100000E+001   0.496199E-009  -0.776945E-010
   0.361523E+002   0.100000E+001   0.347546E-009  -0.519327E-010
   0.362325E+002   0.100000E+001   0.243341E-009  -0.346916E-010
   0.363126E+002   0.100000E+001   0.170318E-009  -0.231594E-010
   0.363928E+002   0.100000E+001   0.119164E-009  -0.154502E-010
   0.364729E+002   0.100000E+001   0.833416E-010  -0.102998E-010
   0.365531E+002   0.100000E+001   0.582647E-010  -0.686106E-011
   0.366333E+002   0.100000E+001   0.407164E-010  -0.456672E-011
   0.367134E+002   0.100000E+001   0.284409E-010  -0.303699E-011
   0.367936E+002   0.100000E+001   0.198572E-010  -0.201784E-011
   0.368737E+002   0.100000E+001   0.138574E-010  -0.133938E-011
   0.369539E+002   0.100000E+001   0.966552E-011  -0.888116E-012
   0.370341E+002   0.100000E+001   0.673801E-011  -0.588236E-012
   0.371142E+002   0.100000E+001   0.469446E-011  -0.389148E-012
   0.371944E+002   0.100000E+001   0.326868E-011  -0.257112E-012
   0.372745E+002   0.100000E+001   0.227442E-011  -0.169642E-012
   0.373547E+002   0.100000E+001   0.158147E-011  -0.111764E-012
   0.374349E+002   0.100000E+001   0.109881E-011  -0.735166E-013
   0.375150E+002   0.100000E+001   0.762829E-012  -0.482754E-013
   0.375952E+002   0.100000E+001   0.529114E-012  -0.316421E-013
   0.376754E+002   0.100000E+001   0.366655E-012  -0.206987E-013
   0.377555E+002   0.100000E+001   0.253816E-012  -0.135109E-013
   0.378357E+002   0.100000E+001   0.175507E-012  -0.879863E-014
   0.379158E+002   0.100000E+001   0.121211E-012  -0.571540E-014
   0.379960E+002   0.100000E+001   0.836022E-013  -0.370240E-014
   0.380762E+002   0.100000E+001   0.575791E-013  -0.239120E-014
   0.381563E+002   0.100000E+001   0.395937E-013  -0.153930E-014
   0.382365E+002   0.100000E+001   0.271790E-013  -0.987348E-015
   0.383166E+002   0.100000E+001   0.186213E-013  -0.630809E-015
   0.383968E+002   0.100000E+001   0.127311E-013  -0.401263E-015
   0.384770E+002   0.100000E+001   0.868367E-014  -0.254014E-015
   0.385571E+002   0.100000E+001   0.590749E-014  -0.159935E-015
   0.386373E+002   0.100000E+001   0.400707E-014  -0.100095E-015
   0.387174E+002   0.100000E+001   0.270903E-014  -0.622208E-016
   0.387976E+002   0.100000E+001   0.182463E-014  -0.383815E-016
   0.388778E+002   0.100000E+001   0.122370E-014  -0.234697E-016
   0.389579E+002   0.100000E+001   0.816671E-015  -0.142077E-016
   0.390381E+002   0.100000E+001   0.541942E-015  -0.850122E-017
   0.391182E+002   0.100000E+001   0.357262E-015  -0.501788E-017
   0.391984E+002   0.100000E+001   0.233697E-015  -0.291449E-017
   0.392786E+002   0.100000E+001   0.151475E-015  -0.166048E-017
   0.393587E+002   0.100000E+001   0.971202E-016  -0.924183E-018
   0.394389E+002   0.100000E+001   0.614667E-016  -0.499768E-018
   0.395190E+002   0.100000E+001   0.382993E-016  -0.260618E-018
   0.395992E+002   0.100000E+001   0.234124E-016  -0.129619E-018
   0.396794E+002   0.100000E+001   0.139640E-016  -0.603739E-019
   0.397595E+002   0.100000E+001   0.803051E-017  -0.254257E-019
   0.398397E+002   0.100000E+001   0.429975E-017  -0.889582E-020
   0.399198E+002   0.100000E+001   0.184756E-017  -0.186097E-020
   0.400000E+002   0.100000E+001   0.000000E+000  -0.000000E+000
   0.400802E+002   0.100000E+001   0.860501E-017  -0.144771E-020

