  -0.801603E-001   0.100000E+001   0.362394E-001  -0.155641E+000
   0.000000E+000   0.100000E+001   0.178422E-002  -0.149469E+000
   0.801603E-001   0.100000E+001   0.893514E-002  -0.149538E+000
   0.160321E+000   0.100000E+001   0.166761E-001  -0.146526E+000
   0.240481E+000   0.100000E+001   0.248430E-001  -0.140110E+000
   0.320641E+000   0.100000E+001   0.331805E-001  -0.130017E+000
   0.400802E+000   0.100000E+001   0.413364E-001  -0.116084E+000
   0.480962E+000   0.100000E+001   0.488536E-001  -0.983269E-001
   0.561122E+000   0.100000E+001   0.552068E-001  -0.770251E-001
   0.641283E+000   0.100000E+001   0.598599E-001  -0.527919E-001
   0.721443E+000   0.100000E+001   0.623612E-001  -0.265919E-001
   0.801603E+000   0.100000E+001   0.624441E-001   0.332474E-003
   0.881764E+000   0.100000E+001   0.600957E-001   0.266270E-001
   0.961924E+000   0.100000E+001   0.555588E-001   0.510343E-001
   0.104208E+001   0.100000E+001   0.492654E-001   0.725654E-001
   0.112224E+001   0.100000E+001   0.417339E-001   0.905828E-001
   0.120240E+001   0.100000E+001   0.334696E-001   0.104793E+000
   0.128257E+001   0.100000E+001   0.248933E-001   0.115185E+000
   0.136273E+001   0.100000E+001   0.163034E-001   0.121967E+000
   0.144289E+001   0.100000E+001   0.787202E-002   0.125513E+000
   0.152305E+001   0.100000E+001  -0.321351E-003   0.126345E+000
   0.160321E+001   0.100000E+001  -0.822082E-002   0.125100E+000
   0.168337E+001   0.100000E+001  -0.157168E-001   0.122455E+000
   0.176353E+001   0.100000E+001  -0.226045E-001   0.119016E+000
   0.184369E+001   0.100000E+001  -0.286086E-001   0.115198E+000
   0.192385E+001   0.100000E+001  -0.334679E-001   0.111175E+000
   0.200401E+001   0.100000E+001  -0.370355E-001   0.106901E+000
   0.208417E+001   0.100000E+001  -0.393366E-001   0.102215E+000
   0.216433E+001   0.100000E+001  -0.405516E-001   0.969464E-001
   0.224449E+001   0.100000E+001  -0.409407E-001   0.909936E-001
   0.232465E+001   0.100000E+001  -0.407646E-001   0.843409E-001
   0.240481E+001   0.100000E+001  -0.402364E-001   0.770450E-001
   0.248497E+001   0.100000E+001  -0.395090E-001   0.692082E-001
   0.256513E+001   0.100000E+001  -0.386788E-001   0.609561E-001
   0.264529E+001   0.100000E+001  -0.377949E-001   0.524184E-001
   0.272545E+001   0.100000E+001  -0.368703E-001   0.437178E-001
   0.280561E+001   0.100000E+001  -0.358927E-001   0.349635E-001
   0.288577E+001   0.100000E+001  -0.348274E-001   0.262507E-001
   0.296593E+001   0.100000E+001  -0.336184E-001   0.176687E-001
   0.304609E+001   0.100000E+001  -0.322039E-001   0.931290E-002
   0.312625E+001   0.100000E+001  -0.305390E-001   0.129188E-002
   0.320641E+001   0.100000E+001  -0.285991E-001  -0.626921E-002
   0.328657E+001   0.100000E+001  -0.263581E-001  -0.132240E-001
   0.336673E+001   0.100000E+001  -0.237724E-001  -0.194040E-001
   0.344689E+001   0.100000E+001  -0.207841E-001  -0.246169E-001
   0.352705E+001   0.100000E+001  -0.173291E-001  -0.286403E-001
   0.360721E+001   0.100000E+001  -0.133466E-001  -0.312175E-001
   0.368737E+001   0.100000E+001  -0.879333E-002  -0.320591E-001
   0.376754E+001   0.100000E+001  -0.365562E-002  -0.308505E-001
   0.384770E+001   0.100000E+001   0.204612E-002  -0.272676E-001
   0.392786E+001   0.100000E+001   0.825995E-002  -0.209964E-001
   0.400802E+001   0.100000E+001   0.149052E-001  -0.117510E-001
   0.408818E+001   0.100000E+001   0.218681E-001   0.713760E-003
   0.416834E+001   0.100000E+001   0.289862E-001   0.165890E-001
   0.424850E+001   0.100000E+001   0.360265E-001   0.359914E-001
   0.432866E+001   0.100000E+001   0.426710E-001   0.589256E-001
   0.440882E+001   0.100000E+001   0.485249E-001   0.852301E-001
   0.448898E+001   0.100000E+001   0.531525E-001   0.114518E+000
   0.456914E+001   0.100000E+001   0.561333E-001   0.146132E+000
   0.464930E+001   0.100000E+001   0.571324E-001   0.179143E+000
   0.472946E+001   0.100000E+001   0.559759E-001   0.212416E+000
   0.480962E+001   0.100000E+001   0.527134E-001   0.244756E+000
   0.488978E+001   0.100000E+001   0.476282E-001   0.275097E+000
   0.496994E+001   0.100000E+001   0.411747E-001   0.302648E+000
   0.505010E+001   0.100000E+001   0.338673E-001   0.326941E+000
   0.513026E+001   0.100000E+001   0.261803E-001   0.347784E+000
   0.521042E+001   0.100000E+001   0.184934E-001   0.365176E+000
   0.529058E+001   0.100000E+001   0.110801E-001   0.379234E+000
   0.537074E+001   0.100000E+001   0.412080E-002   0.390138E+000
   0.545090E+001   0.100000E+001  -0.227442E-002   0.398106E+000
   0.553106E+001   0.100000E+001  -0.804220E-002   0.403371E+000
   0.561122E+001   0.100000E+001  -0.131506E-001   0.406179E+000
   0.569138E+001   0.100000E+001  -0.175932E-001   0.406779E+000
   0.577154E+001   0.100000E+001  -0.213875E-001   0.405422E+000
   0.585170E+001   0.100000E+001  -0.245732E-001   0.402358E+000
   0.593186E+001   0.100000E+001  -0.272073E-001   0.397822E+000
   0.601202E+001   0.100000E+001  -0.293570E-001   0.392038E+000
   0.609218E+001   0.100000E+001  -0.310913E-001   0.385208E+000
   0.617234E+001   0.100000E+001  -0.324723E-001   0.377517E+000
   0.625251E+001   0.100000E+001  -0.335482E-001   0.369125E+000
   0.633267E+001   0.100000E+001  -0.343527E-001   0.360176E+000
   0.641283E+001   0.100000E+001  -0.349069E-001   0.350794E+000
   0.649299E+001   0.100000E+001  -0.352226E-001   0.341096E+000
   0.657315E+001   0.100000E+001  -0.353050E-001   0.331197E+000
   0.665331E+001   0.100000E+001  -0.351563E-001   0.321216E+000
   0.673347E+001   0.100000E+001  -0.347761E-001   0.311274E+000
   0.681363E+001   0.100000E+001  -0.341624E-001   0.301489E+000
   0.689379E+001   0.100000E+001  -0.333122E-001   0.291974E+000
   0.697395E+001   0.100000E+001  -0.322165E-001   0.282840E+000
   0.705411E+001   0.100000E+001  -0.308563E-001   0.274188E+000
   0.713427E+001   0.100000E+001  -0.292054E-001   0.266132E+000
   0.721443E+001   0.100000E+001  -0.272337E-001   0.258805E+000
   0.729459E+001   0.100000E+001  -0.249016E-001   0.252377E+000
   0.737475E+001   0.100000E+001  -0.221634E-001   0.247046E+000
   0.745491E+001   0.100000E+001  -0.189524E-001   0.243043E+000
   0.753507E+001   0.100000E+001  -0.152045E-001   0.240638E+000
   0.761523E+001   0.100000E+001  -0.108833E-001   0.240133E+000
   0.769539E+001   0.100000E+001  -0.594370E-002   0.241837E+000
   0.777555E+001   0.100000E+001  -0.383522E-003   0.246060E+000
   0.785571E+001   0.100000E+001   0.574902E-002   0.253103E+000
   0.793587E+001   0.100000E+001   0.123793E-001   0.263237E+000
   0.801603E+001   0.100000E+001   0.193627E-001   0.276692E+000
   0.809619E+001   0.100000E+001   0.264512E-001   0.293625E+000
   0.817635E+001   0.100000E+001   0.333797E-001   0.314043E+000
   0.825651E+001   0.100000E+001   0.398349E-001   0.337767E+000
   0.833667E+001   0.100000E+001   0.454199E-001   0.364399E+000
   0.841683E+001   0.100000E+001   0.497308E-001   0.393352E+000
   0.849699E+001   0.100000E+001   0.523717E-001   0.423988E+000
   0.857715E+001   0.100000E+001   0.531520E-001   0.455761E+000
   0.865731E+001   0.100000E+001   0.520979E-001   0.488470E+000
   0.873747E+001   0.100000E+001   0.493598E-001   0.522197E+000
   0.881764E+001   0.100000E+001   0.452258E-001   0.556917E+000
   0.889780E+001   0.100000E+001   0.401528E-001   0.591846E+000
   0.897796E+001   0.100000E+001   0.344306E-001   0.624794E+000
   0.905812E+001   0.100000E+001   0.282151E-001   0.651935E+000
   0.913828E+001   0.100000E+001   0.214772E-001   0.668545E+000
   0.921844E+001   0.100000E+001   0.142127E-001   0.670432E+000
   0.929860E+001   0.100000E+001   0.661565E-002   0.655565E+000
   0.937876E+001   0.100000E+001  -0.936700E-003   0.624721E+000
   0.945892E+001   0.100000E+001  -0.805337E-002   0.580835E+000
   0.953908E+001   0.100000E+001  -0.144196E-001   0.527638E+000
   0.961924E+001   0.100000E+001  -0.198884E-001   0.468450E+000
   0.969940E+001   0.100000E+001  -0.244230E-001   0.405586E+000
   0.977956E+001   0.100000E+001  -0.281077E-001   0.340328E+000
   0.985972E+001   0.100000E+001  -0.310842E-001   0.273212E+000
   0.993988E+001   0.100000E+001  -0.334849E-001   0.204454E+000
   0.100200E+002   0.100000E+001  -0.354283E-001   0.134343E+000
   0.101002E+002   0.100000E+001  -0.369796E-001   0.634780E-001
   0.101804E+002   0.100000E+001  -0.381697E-001  -0.718877E-002
   0.102605E+002   0.100000E+001  -0.390108E-001  -0.764639E-001
   0.103407E+002   0.100000E+001  -0.395124E-001  -0.143116E+000
   0.104208E+002   0.100000E+001  -0.397056E-001  -0.206096E+000
   0.105010E+002   0.100000E+001  -0.396176E-001  -0.264664E+000
   0.105812E+002   0.100000E+001  -0.392723E-001  -0.318430E+000
   0.106613E+002   0.100000E+001  -0.386998E-001  -0.367331E+000
   0.107415E+002   0.100000E+001  -0.379211E-001  -0.411570E+000
   0.108216E+002   0.100000E+001  -0.369335E-001  -0.451520E+000
   0.109018E+002   0.100000E+001  -0.357190E-001  -0.487638E+000
   0.109820E+002   0.100000E+001  -0.342494E-001  -0.520391E+000
   0.110621E+002   0.100000E+001  -0.324839E-001  -0.550218E+000
   0.111423E+002   0.100000E+001  -0.303858E-001  -0.577511E+000
   0.112224E+002   0.100000E+001  -0.279373E-001  -0.602624E+000
   0.113026E+002   0.100000E+001  -0.251267E-001  -0.625894E+000
   0.113828E+002   0.100000E+001  -0.219230E-001  -0.647653E+000
   0.114629E+002   0.100000E+001  -0.182686E-001  -0.668209E+000
   0.115431E+002   0.100000E+001  -0.141247E-001  -0.687826E+000
   0.116232E+002   0.100000E+001  -0.948223E-002  -0.706673E+000
   0.117034E+002   0.100000E+001  -0.433476E-002  -0.724767E+000
   0.117836E+002   0.100000E+001   0.131006E-002  -0.741946E+000
   0.118637E+002   0.100000E+001   0.743011E-002  -0.757794E+000
   0.119439E+002   0.100000E+001   0.140004E-001  -0.771674E+000
   0.120240E+002   0.100000E+001   0.209361E-001  -0.782804E+000
   0.121042E+002   0.100000E+001   0.280941E-001  -0.790375E+000
   0.121844E+002   0.100000E+001   0.350997E-001  -0.793756E+000
   0.122645E+002   0.100000E+001   0.414144E-001  -0.792565E+000
   0.123447E+002   0.100000E+001   0.463876E-001  -0.786778E+000
   0.124248E+002   0.100000E+001   0.494236E-001  -0.776838E+000
   0.125050E+002   0.100000E+001   0.501766E-001  -0.763662E+000
   0.125852E+002   0.100000E+001   0.486257E-001  -0.748614E+000
   0.126653E+002   0.100000E+001   0.449126E-001  -0.733247E+000
   0.127455E+002   0.100000E+001   0.394504E-001  -0.718980E+000
   0.128257E+002   0.100000E+001   0.326718E-001  -0.706945E+000
   0.129058E+002   0.100000E+001   0.250462E-001  -0.697907E+000
   0.129860E+002   0.100000E+001   0.170696E-001  -0.692398E+000
   0.130661E+002   0.100000E+001   0.921359E-002  -0.690811E+000
   0.131463E+002   0.100000E+001   0.178632E-002  -0.693397E+000
   0.132265E+002   0.100000E+001  -0.500603E-002  -0.700286E+000
   0.133066E+002   0.100000E+001  -0.110365E-001  -0.711457E+000
   0.133868E+002   0.100000E+001  -0.162052E-001  -0.726777E+000
   0.134669E+002   0.100000E+001  -0.205724E-001  -0.746048E+000
   0.135471E+002   0.100000E+001  -0.241971E-001  -0.769010E+000
   0.136273E+002   0.100000E+001  -0.271696E-001  -0.795370E+000
   0.137074E+002   0.100000E+001  -0.296459E-001  -0.824808E+000
   0.137876E+002   0.100000E+001  -0.317424E-001  -0.856995E+000
   0.138677E+002   0.100000E+001  -0.335168E-001  -0.891597E+000
   0.139479E+002   0.100000E+001  -0.350560E-001  -0.928229E+000
   0.140281E+002   0.100000E+001  -0.364160E-001  -0.966428E+000
   0.141082E+002   0.100000E+001  -0.376007E-001  -0.100563E+001
   0.141884E+002   0.100000E+001  -0.385782E-001  -0.104519E+001
   0.142685E+002   0.100000E+001  -0.393222E-001  -0.108438E+001
   0.143487E+002   0.100000E+001  -0.398316E-001  -0.112249E+001
   0.144289E+002   0.100000E+001  -0.401261E-001  -0.115888E+001
   0.145090E+002   0.100000E+001  -0.402169E-001  -0.119303E+001
   0.145892E+002   0.100000E+001  -0.400715E-001  -0.122457E+001
   0.146693E+002   0.100000E+001  -0.396465E-001  -0.125332E+001
   0.147495E+002   0.100000E+001  -0.389473E-001  -0.127923E+001
   0.148297E+002   0.100000E+001  -0.379814E-001  -0.130247E+001
   0.149098E+002   0.100000E+001  -0.367147E-001  -0.132334E+001
   0.149900E+002   0.100000E+001  -0.350865E-001  -0.134232E+001
   0.150701E+002   0.100000E+001  -0.330497E-001  -0.135999E+001
   0.151503E+002   0.100000E+001  -0.305726E-001  -0.137688E+001
   0.152305E+002   0.100000E+001  -0.276607E-001  -0.139344E+001
   0.153106E+002   0.100000E+001  -0.243372E-001  -0.140985E+001
   0.153908E+002   0.100000E+001  -0.205710E-001  -0.142600E+001
   0.154709E+002   0.100000E+001  -0.162822E-001  -0.144155E+001
   0.155511E+002   0.100000E+001  -0.114457E-001  -0.145595E+001
   0.156313E+002   0.100000E+001  -0.605267E-002  -0.146854E+001
   0.157114E+002   0.100000E+001  -0.945169E-004  -0.147864E+001
   0.157916E+002   0.100000E+001   0.643121E-002  -0.148555E+001
   0.158717E+002   0.100000E+001   0.134393E-001  -0.148855E+001
   0.159519E+002   0.100000E+001   0.207770E-001  -0.148689E+001
   0.160321E+002   0.100000E+001   0.281513E-001  -0.147992E+001
   0.161122E+002   0.100000E+001   0.350649E-001  -0.146718E+001
   0.161924E+002   0.100000E+001   0.409269E-001  -0.144861E+001
   0.162725E+002   0.100000E+001   0.451731E-001  -0.142475E+001
   0.163527E+002   0.100000E+001   0.472839E-001  -0.139673E+001
   0.164329E+002   0.100000E+001   0.469330E-001  -0.136623E+001
   0.165130E+002   0.100000E+001   0.440982E-001  -0.133518E+001
   0.165932E+002   0.100000E+001   0.390984E-001  -0.130547E+001
   0.166733E+002   0.100000E+001   0.324865E-001  -0.127872E+001
   0.167535E+002   0.100000E+001   0.249489E-001  -0.125613E+001
   0.168337E+002   0.100000E+001   0.171529E-001  -0.123841E+001
   0.169138E+002   0.100000E+001   0.948048E-002  -0.122579E+001
   0.169940E+002   0.100000E+001   0.211738E-002  -0.121818E+001
   0.170741E+002   0.100000E+001  -0.477988E-002  -0.121535E+001
   0.171543E+002   0.100000E+001  -0.110612E-001  -0.121702E+001
   0.172345E+002   0.100000E+001  -0.165708E-001  -0.122307E+001
   0.173146E+002   0.100000E+001  -0.212319E-001  -0.123339E+001
   0.173948E+002   0.100000E+001  -0.251608E-001  -0.124783E+001
   0.174749E+002   0.100000E+001  -0.285564E-001  -0.126614E+001
   0.175551E+002   0.100000E+001  -0.315904E-001  -0.128786E+001
   0.176353E+002   0.100000E+001  -0.343432E-001  -0.131233E+001
   0.177154E+002   0.100000E+001  -0.368439E-001  -0.133872E+001
   0.177956E+002   0.100000E+001  -0.390552E-001  -0.136609E+001
   0.178758E+002   0.100000E+001  -0.409525E-001  -0.139346E+001
   0.179559E+002   0.100000E+001  -0.425961E-001  -0.141980E+001
   0.180361E+002   0.100000E+001  -0.440247E-001  -0.144406E+001
   0.181162E+002   0.100000E+001  -0.451988E-001  -0.146521E+001
   0.181964E+002   0.100000E+001  -0.460780E-001  -0.148231E+001
   0.182766E+002   0.100000E+001  -0.466070E-001  -0.149467E+001
   0.183567E+002   0.100000E+001  -0.467204E-001  -0.150188E+001
   0.184369E+002   0.100000E+001  -0.464458E-001  -0.150392E+001
   0.185170E+002   0.100000E+001  -0.459162E-001  -0.150114E+001
   0.185972E+002   0.100000E+001  -0.452030E-001  -0.149415E+001
   0.186774E+002   0.100000E+001  -0.442344E-001  -0.148368E+001
   0.187575E+002   0.100000E+001  -0.428901E-001  -0.147047E+001
   0.188377E+002   0.100000E+001  -0.410586E-001  -0.145508E+001
   0.189178E+002   0.100000E+001  -0.386676E-001  -0.143794E+001
   0.189980E+002   0.100000E+001  -0.357094E-001  -0.141931E+001
   0.190782E+002   0.100000E+001  -0.321809E-001  -0.139943E+001
   0.191583E+002   0.100000E+001  -0.280210E-001  -0.137850E+001
   0.192385E+002   0.100000E+001  -0.231482E-001  -0.135678E+001
   0.193186E+002   0.100000E+001  -0.175002E-001  -0.133458E+001
   0.193988E+002   0.100000E+001  -0.110742E-001  -0.131227E+001
   0.194790E+002   0.100000E+001  -0.391512E-002  -0.129021E+001
   0.195591E+002   0.100000E+001   0.394566E-002  -0.126856E+001
   0.196393E+002   0.100000E+001   0.124593E-001  -0.124720E+001
   0.197194E+002   0.100000E+001   0.216056E-001  -0.122564E+001
   0.197996E+002   0.100000E+001   0.312559E-001  -0.120306E+001
   0.198798E+002   0.100000E+001   0.409347E-001  -0.117846E+001
   0.199599E+002   0.100000E+001   0.498286E-001  -0.115096E+001
   0.200401E+002   0.100000E+001   0.569318E-001  -0.112006E+001
   0.201202E+002   0.100000E+001   0.613188E-001  -0.108592E+001
   0.202004E+002   0.100000E+001   0.624998E-001  -0.104953E+001
   0.202806E+002   0.100000E+001   0.605213E-001  -0.101256E+001
   0.203607E+002   0.100000E+001   0.559211E-001  -0.976936E+000
   0.204409E+002   0.100000E+001   0.494601E-001  -0.944365E+000
   0.205210E+002   0.100000E+001   0.418982E-001  -0.915894E+000
   0.206012E+002   0.100000E+001   0.339077E-001  -0.891816E+000
   0.206814E+002   0.100000E+001   0.259523E-001  -0.871859E+000
   0.207615E+002   0.100000E+001   0.182661E-001  -0.855519E+000
   0.208417E+002   0.100000E+001   0.109814E-001  -0.842298E+000
   0.209218E+002   0.100000E+001   0.416992E-002  -0.831828E+000
   0.210020E+002   0.100000E+001  -0.207684E-002  -0.823853E+000
   0.210822E+002   0.100000E+001  -0.767559E-002  -0.818154E+000
   0.211623E+002   0.100000E+001  -0.125713E-001  -0.814498E+000
   0.212425E+002   0.100000E+001  -0.167727E-001  -0.812597E+000
   0.213226E+002   0.100000E+001  -0.203540E-001  -0.812145E+000
   0.214028E+002   0.100000E+001  -0.234170E-001  -0.812859E+000
   0.214830E+002   0.100000E+001  -0.260824E-001  -0.814527E+000
   0.215631E+002   0.100000E+001  -0.284541E-001  -0.817020E+000
   0.216433E+002   0.100000E+001  -0.305974E-001  -0.820278E+000
   0.217234E+002   0.100000E+001  -0.325486E-001  -0.824274E+000
   0.218036E+002   0.100000E+001  -0.343049E-001  -0.828982E+000
   0.218838E+002   0.100000E+001  -0.358362E-001  -0.834357E+000
   0.219639E+002   0.100000E+001  -0.370955E-001  -0.840317E+000
   0.220441E+002   0.100000E+001  -0.380259E-001  -0.846744E+000
   0.221242E+002   0.100000E+001  -0.385806E-001  -0.853489E+000
   0.222044E+002   0.100000E+001  -0.387263E-001  -0.860380E+000
   0.222846E+002   0.100000E+001  -0.384491E-001  -0.867229E+000
   0.223647E+002   0.100000E+001  -0.377464E-001  -0.873852E+000
   0.224449E+002   0.100000E+001  -0.366265E-001  -0.880061E+000
   0.225251E+002   0.100000E+001  -0.351036E-001  -0.885677E+000
   0.226052E+002   0.100000E+001  -0.331872E-001  -0.890528E+000
   0.226854E+002   0.100000E+001  -0.308826E-001  -0.894453E+000
   0.227655E+002   0.100000E+001  -0.281891E-001  -0.897302E+000
   0.228457E+002   0.100000E+001  -0.250983E-001  -0.898939E+000
   0.229259E+002   0.100000E+001  -0.216163E-001  -0.899232E+000
   0.230060E+002   0.100000E+001  -0.177307E-001  -0.898055E+000
   0.230862E+002   0.100000E+001  -0.134249E-001  -0.895281E+000
   0.231663E+002   0.100000E+001  -0.870734E-002  -0.890746E+000
   0.232465E+002   0.100000E+001  -0.358210E-002  -0.884264E+000
   0.233267E+002   0.100000E+001   0.196181E-002  -0.875638E+000
   0.234068E+002   0.100000E+001   0.791300E-002  -0.864663E+000
   0.234870E+002   0.100000E+001   0.141992E-001  -0.851126E+000
   0.235671E+002   0.100000E+001   0.206638E-001  -0.834829E+000
   0.236473E+002   0.100000E+001   0.270744E-001  -0.815652E+000
   0.237275E+002   0.100000E+001   0.331606E-001  -0.793605E+000
   0.238076E+002   0.100000E+001   0.386571E-001  -0.768840E+000
   0.238878E+002   0.100000E+001   0.433165E-001  -0.741635E+000
   0.239679E+002   0.100000E+001   0.468922E-001  -0.712379E+000
   0.240481E+002   0.100000E+001   0.491250E-001  -0.681602E+000
   0.241283E+002   0.100000E+001   0.497769E-001  -0.650000E+000
   0.242084E+002   0.100000E+001   0.486992E-001  -0.618415E+000
   0.242886E+002   0.100000E+001   0.458840E-001  -0.587752E+000
   0.243687E+002   0.100000E+001   0.414670E-001  -0.558875E+000
   0.244489E+002   0.100000E+001   0.357047E-001  -0.532518E+000
   0.245291E+002   0.100000E+001   0.289556E-001  -0.509226E+000
   0.246092E+002   0.100000E+001   0.216491E-001  -0.489299E+000
   0.246894E+002   0.100000E+001   0.142198E-001  -0.472781E+000
   0.247695E+002   0.100000E+001   0.702521E-002  -0.459511E+000
   0.248497E+002   0.100000E+001   0.299625E-003  -0.449207E+000
   0.249299E+002   0.100000E+001  -0.583847E-002  -0.441551E+000
   0.250100E+002   0.100000E+001  -0.113475E-001  -0.436236E+000
   0.250902E+002   0.100000E+001  -0.162242E-001  -0.432980E+000
   0.251703E+002   0.100000E+001  -0.204801E-001  -0.431524E+000
   0.252505E+002   0.100000E+001  -0.241339E-001  -0.431622E+000
   0.253307E+002   0.100000E+001  -0.272117E-001  -0.433044E+000
   0.254108E+002   0.100000E+001  -0.297472E-001  -0.435573E+000
   0.254910E+002   0.100000E+001  -0.317790E-001  -0.439010E+000
   0.255711E+002   0.100000E+001  -0.333443E-001  -0.443173E+000
   0.256513E+002   0.100000E+001  -0.344761E-001  -0.447890E+000
   0.257315E+002   0.100000E+001  -0.352040E-001  -0.453003E+000
   0.258116E+002   0.100000E+001  -0.355609E-001  -0.458355E+000
   0.258918E+002   0.100000E+001  -0.355878E-001  -0.463808E+000
   0.259719E+002   0.100000E+001  -0.353361E-001  -0.469239E+000
   0.260521E+002   0.100000E+001  -0.348617E-001  -0.474553E+000
   0.261323E+002   0.100000E+001  -0.342150E-001  -0.479687E+000
   0.262124E+002   0.100000E+001  -0.334306E-001  -0.484598E+000
   0.262926E+002   0.100000E+001  -0.325207E-001  -0.489256E+000
   0.263727E+002   0.100000E+001  -0.314754E-001  -0.493627E+000
   0.264529E+002   0.100000E+001  -0.302685E-001  -0.497666E+000
   0.265331E+002   0.100000E+001  -0.288639E-001  -0.501308E+000
   0.266132E+002   0.100000E+001  -0.272226E-001  -0.504464E+000
   0.266934E+002   0.100000E+001  -0.253062E-001  -0.507029E+000
   0.267735E+002   0.100000E+001  -0.230795E-001  -0.508877E+000
   0.268537E+002   0.100000E+001  -0.205123E-001  -0.509868E+000
   0.269339E+002   0.100000E+001  -0.175784E-001  -0.509852E+000
   0.270140E+002   0.100000E+001  -0.142534E-001  -0.508669E+000
   0.270942E+002   0.100000E+001  -0.105090E-001  -0.506152E+000
   0.271743E+002   0.100000E+001  -0.630942E-002  -0.502118E+000
   0.272545E+002   0.100000E+001  -0.161303E-002  -0.496362E+000
   0.273347E+002   0.100000E+001   0.361661E-002  -0.488649E+000
   0.274148E+002   0.100000E+001   0.938998E-002  -0.478706E+000
   0.274950E+002   0.100000E+001   0.156649E-001  -0.466238E+000
   0.275752E+002   0.100000E+001   0.223200E-001  -0.450948E+000
   0.276553E+002   0.100000E+001   0.291360E-001  -0.432591E+000
   0.277355E+002   0.100000E+001   0.357925E-001  -0.411024E+000
   0.278156E+002   0.100000E+001   0.418865E-001  -0.386286E+000
   0.278958E+002   0.100000E+001   0.469719E-001  -0.358654E+000
   0.279760E+002   0.100000E+001   0.506152E-001  -0.328682E+000
   0.280561E+002   0.100000E+001   0.524592E-001  -0.297195E+000
   0.281363E+002   0.100000E+001   0.522865E-001  -0.265232E+000
   0.282164E+002   0.100000E+001   0.500748E-001  -0.233932E+000
   0.282966E+002   0.100000E+001   0.460216E-001  -0.204376E+000
   0.283768E+002   0.100000E+001   0.405189E-001  -0.177431E+000
   0.284569E+002   0.100000E+001   0.340732E-001  -0.153644E+000
   0.285371E+002   0.100000E+001   0.272025E-001  -0.133234E+000
   0.286172E+002   0.100000E+001   0.203534E-001  -0.116151E+000
   0.286974E+002   0.100000E+001   0.138600E-001  -0.102166E+000
   0.287776E+002   0.100000E+001   0.793974E-002  -0.909567E-001
   0.288577E+002   0.100000E+001   0.270909E-002  -0.821641E-001
   0.289379E+002   0.100000E+001  -0.179381E-002  -0.754335E-001
   0.290180E+002   0.100000E+001  -0.558547E-002  -0.704367E-001
   0.290982E+002   0.100000E+001  -0.871608E-002  -0.668827E-001
   0.291784E+002   0.100000E+001  -0.112531E-001  -0.645211E-001
   0.292585E+002   0.100000E+001  -0.132690E-001  -0.631407E-001
   0.293387E+002   0.100000E+001  -0.148339E-001  -0.625655E-001
   0.294188E+002   0.100000E+001  -0.160099E-001  -0.626489E-001
   0.294990E+002   0.100000E+001  -0.168491E-001  -0.632686E-001
   0.295792E+002   0.100000E+001  -0.173918E-001  -0.643199E-001
   0.296593E+002   0.100000E+001  -0.176671E-001  -0.657105E-001
   0.297395E+002   0.100000E+001  -0.176935E-001  -0.673544E-001
   0.298196E+002   0.100000E+001  -0.174813E-001  -0.691683E-001
   0.298998E+002   0.100000E+001  -0.170352E-001  -0.710680E-001
   0.299800E+002   0.100000E+001  -0.163565E-001  -0.729669E-001
   0.300601E+002   0.100000E+001  -0.154466E-001  -0.747756E-001
   0.301403E+002   0.100000E+001  -0.143085E-001  -0.764024E-001
   0.302204E+002   0.100000E+001  -0.129491E-001  -0.777547E-001
   0.303006E+002   0.100000E+001  -0.113811E-001  -0.787416E-001
   0.303808E+002   0.100000E+001  -0.962422E-002  -0.792765E-001
   0.304609E+002   0.100000E+001  -0.770656E-002  -0.792811E-001
   0.305411E+002   0.100000E+001  -0.566432E-002  -0.786895E-001
   0.306212E+002   0.100000E+001  -0.354085E-002  -0.774521E-001
   0.307014E+002   0.100000E+001  -0.138412E-002  -0.755389E-001
   0.307816E+002   0.100000E+001   0.756359E-003  -0.729400E-001
   0.308617E+002   0.100000E+001   0.283154E-002  -0.696644E-001
   0.309419E+002   0.100000E+001   0.479155E-002  -0.657388E-001
   0.310220E+002   0.100000E+001   0.658085E-002  -0.612080E-001
   0.311022E+002   0.100000E+001   0.813306E-002  -0.561420E-001
   0.311824E+002   0.100000E+001   0.937208E-002  -0.506467E-001
   0.312625E+002   0.100000E+001   0.102245E-001  -0.448727E-001
   0.313427E+002   0.100000E+001   0.106409E-001  -0.390111E-001
   0.314228E+002   0.100000E+001   0.106161E-001  -0.332733E-001
   0.315030E+002   0.100000E+001   0.101957E-001  -0.278577E-001
   0.315832E+002   0.100000E+001   0.946537E-002  -0.229203E-001
   0.316633E+002   0.100000E+001   0.852911E-002  -0.185578E-001
   0.317435E+002   0.100000E+001   0.748828E-002  -0.148081E-001
   0.318236E+002   0.100000E+001   0.642769E-002  -0.116614E-001
   0.319038E+002   0.100000E+001   0.541009E-002  -0.907450E-002
   0.319840E+002   0.100000E+001   0.447634E-002  -0.698561E-002
   0.320641E+002   0.100000E+001   0.364861E-002  -0.532491E-002
   0.321443E+002   0.100000E+001   0.293485E-002  -0.402263E-002
   0.322244E+002   0.100000E+001   0.233315E-002  -0.301380E-002
   0.323046E+002   0.100000E+001   0.183544E-002  -0.224080E-002
   0.323848E+002   0.100000E+001   0.143035E-002  -0.165433E-002
   0.324649E+002   0.100000E+001   0.110521E-002  -0.121337E-002
   0.325451E+002   0.100000E+001   0.847404E-003  -0.884536E-003
   0.326253E+002   0.100000E+001   0.645177E-003  -0.641165E-003
   0.327054E+002   0.100000E+001   0.488059E-003  -0.462297E-003
   0.327856E+002   0.100000E+001   0.367033E-003  -0.331680E-003
   0.328657E+002   0.100000E+001   0.274526E-003  -0.236867E-003
   0.329459E+002   0.100000E+001   0.204312E-003  -0.168425E-003
   0.330261E+002   0.100000E+001   0.151356E-003  -0.119273E-003
   0.331062E+002   0.100000E+001   0.111650E-003  -0.841459E-004
   0.331864E+002   0.100000E+001   0.820356E-004  -0.591540E-004
   0.332665E+002   0.100000E+001   0.600572E-004  -0.414480E-004
   0.333467E+002   0.100000E+001   0.438194E-004  -0.289528E-004
   0.334269E+002   0.100000E+001   0.318725E-004  -0.201670E-004
   0.335070E+002   0.100000E+001   0.231164E-004  -0.140103E-004
   0.335872E+002   0.100000E+001   0.167215E-004  -0.970951E-005
   0.336673E+002   0.100000E+001   0.120662E-004  -0.671378E-005
   0.337475E+002   0.100000E+001   0.868743E-005  -0.463268E-005
   0.338277E+002   0.100000E+001   0.624185E-005  -0.319053E-005
   0.339078E+002   0.100000E+001   0.447619E-005  -0.219341E-005
   0.339880E+002   0.100000E+001   0.320436E-005  -0.150544E-005
   0.340681E+002   0.100000E+001   0.229020E-005  -0.103168E-005
   0.341483E+002   0.100000E+001   0.163441E-005  -0.706016E-006
   0.342285E+002   0.100000E+001   0.116480E-005  -0.482517E-006
   0.343086E+002   0.100000E+001   0.829070E-006  -0.329366E-006
   0.343888E+002   0.100000E+001   0.589419E-006  -0.224568E-006
   0.344689E+002   0.100000E+001   0.418589E-006  -0.152951E-006
   0.345491E+002   0.100000E+001   0.296973E-006  -0.104069E-006
   0.346293E+002   0.100000E+001   0.210496E-006  -0.707415E-007
   0.347094E+002   0.100000E+001   0.149072E-006  -0.480440E-007
   0.347896E+002   0.100000E+001   0.105488E-006  -0.326011E-007
   0.348697E+002   0.100000E+001   0.745901E-007  -0.221041E-007
   0.349499E+002   0.100000E+001   0.527057E-007  -0.149752E-007
   0.350301E+002   0.100000E+001   0.372178E-007  -0.101379E-007
   0.351102E+002   0.100000E+001   0.262649E-007  -0.685813E-008
   0.351904E+002   0.100000E+001   0.185246E-007  -0.463616E-008
   0.352705E+002   0.100000E+001   0.130583E-007  -0.313193E-008
   0.353507E+002   0.100000E+001   0.920014E-008  -0.211433E-008
   0.354309E+002   0.100000E+001   0.647870E-008  -0.142642E-008
   0.355110E+002   0.100000E+001   0.456011E-008  -0.961688E-009
   0.355912E+002   0.100000E+001   0.320821E-008  -0.647946E-009
   0.356713E+002   0.100000E+001   0.225610E-008  -0.436274E-009
   0.357515E+002   0.100000E+001   0.158587E-008  -0.293560E-009
   0.358317E+002   0.100000E+001   0.111428E-008  -0.197400E-009
   0.359118E+002   0.100000E+001   0.782598E-009  -0.132650E-009
   0.359920E+002   0.100000E+001   0.549421E-009  -0.890782E-010
   0.360721E+002   0.100000E+001   0.385563E-009  -0.597769E-010
   0.361523E+002   0.100000E+001   0.270462E-009  -0.400852E-010
   0.362325E+002   0.100000E+001   0.189644E-009  -0.268605E-010
   0.363126E+002   0.100000E+001   0.132920E-009  -0.179851E-010
   0.363928E+002   0.100000E+001   0.931223E-010  -0.120328E-010
   0.364729E+002   0.100000E+001   0.652122E-010  -0.804376E-011
   0.365531E+002   0.100000E+001   0.456466E-010  -0.537249E-011
   0.366333E+002   0.100000E+001   0.319364E-010  -0.358507E-011
   0.367134E+002   0.100000E+001   0.223333E-010  -0.239003E-011
   0.367936E+002   0.100000E+001   0.156099E-010  -0.159173E-011
   0.368737E+002   0.100000E+001   0.109049E-010  -0.105895E-011
   0.369539E+002   0.100000E+001   0.761372E-011  -0.703700E-012
   0.370341E+002   0.100000E+001   0.531275E-011  -0.467068E-012
   0.371142E+002   0.100000E+001   0.370487E-011  -0.309613E-012
   0.371944E+002   0.100000E+001   0.258191E-011  -0.204960E-012
   0.372745E+002   0.100000E+001   0.179807E-011  -0.135484E-012
   0.373547E+002   0.100000E+001   0.125127E-011  -0.894206E-013
   0.374349E+002   0.100000E+001   0.870055E-012  -0.589206E-013
   0.375150E+002   0.100000E+001   0.604469E-012  -0.387549E-013
   0.375952E+002   0.100000E+001   0.419570E-012  -0.254424E-013
   0.376754E+002   0.100000E+001   0.290944E-012  -0.166686E-013
   0.377555E+002   0.100000E+001   0.201536E-012  -0.108963E-013
   0.378357E+002   0.100000E+001   0.139444E-012  -0.710595E-014
   0.379158E+002   0.100000E+001   0.963626E-013  -0.462214E-014
   0.379960E+002   0.100000E+001   0.665015E-013  -0.299809E-014
   0.380762E+002   0.100000E+001   0.458265E-013  -0.193875E-014
   0.381563E+002   0.100000E+001   0.315286E-013  -0.124954E-014
   0.382365E+002   0.100000E+001   0.216536E-013  -0.802415E-015
   0.383166E+002   0.100000E+001   0.148427E-013  -0.513225E-015
   0.383968E+002   0.100000E+001   0.101524E-013  -0.326813E-015
   0.384770E+002   0.100000E+001   0.692785E-014  -0.207095E-015
   0.385571E+002   0.100000E+001   0.471498E-014  -0.130522E-015
   0.386373E+002   0.100000E+001   0.319947E-014  -0.817632E-016
   0.387174E+002   0.100000E+001   0.216387E-014  -0.508709E-016
   0.387976E+002   0.100000E+001   0.145797E-014  -0.314072E-016
   0.388778E+002   0.100000E+001   0.978142E-015  -0.192208E-016
   0.389579E+002   0.100000E+001   0.653005E-015  -0.116447E-016
   0.390381E+002   0.100000E+001   0.433469E-015  -0.697288E-017
   0.391182E+002   0.100000E+001   0.285840E-015  -0.411871E-017
   0.391984E+002   0.100000E+001   0.187030E-015  -0.239386E-017
   0.392786E+002   0.100000E+001   0.121260E-015  -0.136475E-017
   0.393587E+002   0.100000E+001   0.777668E-016  -0.760051E-018
   0.394389E+002   0.100000E+001   0.492295E-016  -0.411247E-018
   0.395190E+002   0.100000E+001   0.306809E-016  -0.214572E-018
   0.395992E+002   0.100000E+001   0.187589E-016  -0.106770E-018
   0.396794E+002   0.100000E+001   0.111902E-016  -0.497533E-019
   0.397595E+002   0.100000E+001   0.643615E-017  -0.209609E-019
   0.398397E+002   0.100000E+001   0.344640E-017  -0.733601E-020
   0.399198E+002   0.100000E+001   0.148100E-017  -0.153513E-020
   0.400000E+002   0.100000E+001   0.000000E+000  -0.000000E+000
   0.400802E+002   0.100000E+001   0.689825E-017  -0.119551E-020

