  -0.801603E-001   0.100000E+001   0.461172E-001  -0.140112E+000
   0.000000E+000   0.100000E+001   0.875946E-002  -0.148343E+000
   0.801603E-001   0.100000E+001   0.164583E-001  -0.145404E+000
   0.160321E+000   0.100000E+001   0.246075E-001  -0.139071E+000
   0.240481E+000   0.100000E+001   0.329385E-001  -0.129069E+000
   0.320641E+000   0.100000E+001   0.411041E-001  -0.115232E+000
   0.400802E+000   0.100000E+001   0.486440E-001  -0.975665E-001
   0.480962E+000   0.100000E+001   0.550338E-001  -0.763454E-001
   0.561122E+000   0.100000E+001   0.597370E-001  -0.521733E-001
   0.641283E+000   0.100000E+001   0.622977E-001  -0.260060E-001
   0.721443E+000   0.100000E+001   0.624439E-001   0.919363E-003
   0.801603E+000   0.100000E+001   0.601561E-001   0.272490E-001
   0.881764E+000   0.100000E+001   0.556716E-001   0.517207E-001
   0.961924E+000   0.100000E+001   0.494197E-001   0.733372E-001
   0.104208E+001   0.100000E+001   0.419190E-001   0.914511E-001
   0.112224E+001   0.100000E+001   0.336777E-001   0.105758E+000
   0.120240E+001   0.100000E+001   0.251210E-001   0.116236E+000
   0.128257E+001   0.100000E+001   0.165503E-001   0.123075E+000
   0.136273E+001   0.100000E+001   0.812863E-002   0.126629E+000
   0.144289E+001   0.100000E+001  -0.104383E-003   0.127403E+000
   0.152305E+001   0.100000E+001  -0.817700E-002   0.126055E+000
   0.160321E+001   0.100000E+001  -0.160964E-001   0.123370E+000
   0.168337E+001   0.100000E+001  -0.237625E-001   0.120168E+000
   0.176353E+001   0.100000E+001  -0.309336E-001   0.117159E+000
   0.184369E+001   0.100000E+001  -0.372657E-001   0.114818E+000
   0.192385E+001   0.100000E+001  -0.424079E-001   0.113326E+000
   0.200401E+001   0.100000E+001  -0.461111E-001   0.112598E+000
   0.208417E+001   0.100000E+001  -0.483067E-001   0.112370E+000
   0.216433E+001   0.100000E+001  -0.491284E-001   0.112318E+000
   0.224449E+001   0.100000E+001  -0.488714E-001   0.112150E+000
   0.232465E+001   0.100000E+001  -0.479067E-001   0.111670E+000
   0.240481E+001   0.100000E+001  -0.465893E-001   0.110793E+000
   0.248497E+001   0.100000E+001  -0.451914E-001   0.109522E+000
   0.256513E+001   0.100000E+001  -0.438787E-001   0.107922E+000
   0.264529E+001   0.100000E+001  -0.427171E-001   0.106086E+000
   0.272545E+001   0.100000E+001  -0.416964E-001   0.104125E+000
   0.280561E+001   0.100000E+001  -0.407563E-001   0.102156E+000
   0.288577E+001   0.100000E+001  -0.398020E-001   0.100299E+000
   0.296593E+001   0.100000E+001  -0.387115E-001   0.986677E-001
   0.304609E+001   0.100000E+001  -0.373616E-001   0.973709E-001
   0.312625E+001   0.100000E+001  -0.356678E-001   0.965104E-001
   0.320641E+001   0.100000E+001  -0.335945E-001   0.961850E-001
   0.328657E+001   0.100000E+001  -0.311262E-001   0.965039E-001
   0.336673E+001   0.100000E+001  -0.282463E-001   0.975919E-001
   0.344689E+001   0.100000E+001  -0.249398E-001   0.995907E-001
   0.352705E+001   0.100000E+001  -0.211937E-001   0.102665E+000
   0.360721E+001   0.100000E+001  -0.169874E-001   0.107010E+000
   0.368737E+001   0.100000E+001  -0.122885E-001   0.112853E+000
   0.376754E+001   0.100000E+001  -0.706143E-002   0.120465E+000
   0.384770E+001   0.100000E+001  -0.128744E-002   0.130160E+000
   0.392786E+001   0.100000E+001   0.501184E-002   0.142279E+000
   0.400802E+001   0.100000E+001   0.117552E-001   0.157163E+000
   0.408818E+001   0.100000E+001   0.187979E-001   0.175116E+000
   0.416834E+001   0.100000E+001   0.259403E-001   0.196360E+000
   0.424850E+001   0.100000E+001   0.329369E-001   0.221005E+000
   0.432866E+001   0.100000E+001   0.394968E-001   0.249009E+000
   0.440882E+001   0.100000E+001   0.452805E-001   0.280149E+000
   0.448898E+001   0.100000E+001   0.499113E-001   0.313996E+000
   0.456914E+001   0.100000E+001   0.530084E-001   0.349904E+000
   0.464930E+001   0.100000E+001   0.542390E-001   0.387033E+000
   0.472946E+001   0.100000E+001   0.533788E-001   0.424395E+000
   0.480962E+001   0.100000E+001   0.503750E-001   0.460936E+000
   0.488978E+001   0.100000E+001   0.453937E-001   0.495658E+000
   0.496994E+001   0.100000E+001   0.388156E-001   0.527756E+000
   0.505010E+001   0.100000E+001   0.311583E-001   0.556722E+000
   0.513026E+001   0.100000E+001   0.229566E-001   0.582355E+000
   0.521042E+001   0.100000E+001   0.146672E-001   0.604680E+000
   0.529058E+001   0.100000E+001   0.663060E-002   0.623856E+000
   0.537074E+001   0.100000E+001  -0.924010E-003   0.640097E+000
   0.545090E+001   0.100000E+001  -0.786008E-002   0.653634E+000
   0.553106E+001   0.100000E+001  -0.141125E-001   0.664692E+000
   0.561122E+001   0.100000E+001  -0.196653E-001   0.673487E+000
   0.569138E+001   0.100000E+001  -0.245315E-001   0.680227E+000
   0.577154E+001   0.100000E+001  -0.287379E-001   0.685116E+000
   0.585170E+001   0.100000E+001  -0.323178E-001   0.688367E+000
   0.593186E+001   0.100000E+001  -0.353092E-001   0.690199E+000
   0.601202E+001   0.100000E+001  -0.377581E-001   0.690841E+000
   0.609218E+001   0.100000E+001  -0.397198E-001   0.690523E+000
   0.617234E+001   0.100000E+001  -0.412546E-001   0.689461E+000
   0.625251E+001   0.100000E+001  -0.424223E-001   0.687848E+000
   0.633267E+001   0.100000E+001  -0.432755E-001   0.685841E+000
   0.641283E+001   0.100000E+001  -0.438547E-001   0.683558E+000
   0.649299E+001   0.100000E+001  -0.441854E-001   0.681081E+000
   0.657315E+001   0.100000E+001  -0.442769E-001   0.678466E+000
   0.665331E+001   0.100000E+001  -0.441238E-001   0.675753E+000
   0.673347E+001   0.100000E+001  -0.437102E-001   0.672981E+000
   0.681363E+001   0.100000E+001  -0.430160E-001   0.670189E+000
   0.689379E+001   0.100000E+001  -0.420213E-001   0.667425E+000
   0.697395E+001   0.100000E+001  -0.407112E-001   0.664754E+000
   0.705411E+001   0.100000E+001  -0.390848E-001   0.662259E+000
   0.713427E+001   0.100000E+001  -0.371572E-001   0.660032E+000
   0.721443E+001   0.100000E+001  -0.349560E-001   0.658181E+000
   0.729459E+001   0.100000E+001  -0.325050E-001   0.656838E+000
   0.737475E+001   0.100000E+001  -0.298033E-001   0.656166E+000
   0.745491E+001   0.100000E+001  -0.268112E-001   0.656361E+000
   0.753507E+001   0.100000E+001  -0.234654E-001   0.657659E+000
   0.761523E+001   0.100000E+001  -0.196975E-001   0.660341E+000
   0.769539E+001   0.100000E+001  -0.153986E-001   0.664702E+000
   0.777555E+001   0.100000E+001  -0.104959E-001   0.671054E+000
   0.785571E+001   0.100000E+001  -0.496689E-002   0.679715E+000
   0.793587E+001   0.100000E+001   0.119097E-002   0.691002E+000
   0.801603E+001   0.100000E+001   0.792209E-002   0.705213E+000
   0.809619E+001   0.100000E+001   0.150840E-001   0.722595E+000
   0.817635E+001   0.100000E+001   0.224970E-001   0.743247E+000
   0.825651E+001   0.100000E+001   0.298024E-001   0.767049E+000
   0.833667E+001   0.100000E+001   0.364455E-001   0.793607E+000
   0.841683E+001   0.100000E+001   0.418258E-001   0.822332E+000
   0.849699E+001   0.100000E+001   0.454070E-001   0.852809E+000
   0.857715E+001   0.100000E+001   0.470584E-001   0.885385E+000
   0.865731E+001   0.100000E+001   0.471442E-001   0.921636E+000
   0.873747E+001   0.100000E+001   0.462144E-001   0.964128E+000
   0.881764E+001   0.100000E+001   0.448485E-001   0.101501E+001
   0.889780E+001   0.100000E+001   0.432094E-001   0.107334E+001
   0.897796E+001   0.100000E+001   0.407043E-001   0.113247E+001
   0.905812E+001   0.100000E+001   0.362868E-001   0.117927E+001
   0.913828E+001   0.100000E+001   0.291304E-001   0.119835E+001
   0.921844E+001   0.100000E+001   0.194234E-001   0.118074E+001
   0.929860E+001   0.100000E+001   0.852779E-002   0.112956E+001
   0.937876E+001   0.100000E+001  -0.198453E-002   0.105683E+001
   0.945892E+001   0.100000E+001  -0.110609E-001   0.975617E+000
   0.953908E+001   0.100000E+001  -0.183718E-001   0.894962E+000
   0.961924E+001   0.100000E+001  -0.240529E-001   0.818907E+000
   0.969940E+001   0.100000E+001  -0.284264E-001   0.747865E+000
   0.977956E+001   0.100000E+001  -0.318736E-001   0.680332E+000
   0.985972E+001   0.100000E+001  -0.347273E-001   0.614248E+000
   0.993988E+001   0.100000E+001  -0.371937E-001   0.547854E+000
   0.100200E+002   0.100000E+001  -0.393531E-001   0.480129E+000
   0.101002E+002   0.100000E+001  -0.411683E-001   0.410875E+000
   0.101804E+002   0.100000E+001  -0.425804E-001   0.340583E+000
   0.102605E+002   0.100000E+001  -0.435708E-001   0.270190E+000
   0.103407E+002   0.100000E+001  -0.441578E-001   0.200796E+000
   0.104208E+002   0.100000E+001  -0.443832E-001   0.133419E+000
   0.105010E+002   0.100000E+001  -0.442878E-001   0.688624E-001
   0.105812E+002   0.100000E+001  -0.439253E-001   0.768817E-002
   0.106613E+002   0.100000E+001  -0.433532E-001  -0.497676E-001
   0.107415E+002   0.100000E+001  -0.426201E-001  -0.103344E+000
   0.108216E+002   0.100000E+001  -0.417577E-001  -0.152996E+000
   0.109018E+002   0.100000E+001  -0.407733E-001  -0.198758E+000
   0.109820E+002   0.100000E+001  -0.396409E-001  -0.240730E+000
   0.110621E+002   0.100000E+001  -0.383222E-001  -0.279084E+000
   0.111423E+002   0.100000E+001  -0.368017E-001  -0.314083E+000
   0.112224E+002   0.100000E+001  -0.350802E-001  -0.346093E+000
   0.113026E+002   0.100000E+001  -0.331513E-001  -0.375590E+000
   0.113828E+002   0.100000E+001  -0.309754E-001  -0.403145E+000
   0.114629E+002   0.100000E+001  -0.284752E-001  -0.429377E+000
   0.115431E+002   0.100000E+001  -0.255663E-001  -0.454896E+000
   0.116232E+002   0.100000E+001  -0.221937E-001  -0.480230E+000
   0.117034E+002   0.100000E+001  -0.183505E-001  -0.505754E+000
   0.117836E+002   0.100000E+001  -0.140577E-001  -0.531657E+000
   0.118637E+002   0.100000E+001  -0.932351E-002  -0.557920E+000
   0.119439E+002   0.100000E+001  -0.412812E-002  -0.584307E+000
   0.120240E+002   0.100000E+001   0.154199E-002  -0.610351E+000
   0.121042E+002   0.100000E+001   0.766869E-002  -0.635327E+000
   0.121844E+002   0.100000E+001   0.141607E-001  -0.658254E+000
   0.122645E+002   0.100000E+001   0.208857E-001  -0.677936E+000
   0.123447E+002   0.100000E+001   0.276198E-001  -0.693092E+000
   0.124248E+002   0.100000E+001   0.339626E-001  -0.702600E+000
   0.125050E+002   0.100000E+001   0.393578E-001  -0.705754E+000
   0.125852E+002   0.100000E+001   0.431643E-001  -0.702527E+000
   0.126653E+002   0.100000E+001   0.448245E-001  -0.693701E+000
   0.127455E+002   0.100000E+001   0.440789E-001  -0.680824E+000
   0.128257E+002   0.100000E+001   0.410099E-001  -0.666010E+000
   0.129058E+002   0.100000E+001   0.359933E-001  -0.651520E+000
   0.129860E+002   0.100000E+001   0.295959E-001  -0.639331E+000
   0.130661E+002   0.100000E+001   0.224122E-001  -0.630914E+000
   0.131463E+002   0.100000E+001   0.149757E-001  -0.627144E+000
   0.132265E+002   0.100000E+001   0.766026E-002  -0.628411E+000
   0.133066E+002   0.100000E+001   0.712257E-003  -0.634851E+000
   0.133868E+002   0.100000E+001  -0.572921E-002  -0.646498E+000
   0.134669E+002   0.100000E+001  -0.116014E-001  -0.663350E+000
   0.135471E+002   0.100000E+001  -0.168499E-001  -0.685361E+000
   0.136273E+002   0.100000E+001  -0.214237E-001  -0.712364E+000
   0.137074E+002   0.100000E+001  -0.253495E-001  -0.744023E+000
   0.137876E+002   0.100000E+001  -0.286587E-001  -0.779823E+000
   0.138677E+002   0.100000E+001  -0.313788E-001  -0.819092E+000
   0.139479E+002   0.100000E+001  -0.335495E-001  -0.861054E+000
   0.140281E+002   0.100000E+001  -0.352770E-001  -0.904863E+000
   0.141082E+002   0.100000E+001  -0.366905E-001  -0.949660E+000
   0.141884E+002   0.100000E+001  -0.378766E-001  -0.994604E+000
   0.142685E+002   0.100000E+001  -0.388748E-001  -0.103891E+001
   0.143487E+002   0.100000E+001  -0.396995E-001  -0.108188E+001
   0.144289E+002   0.100000E+001  -0.403501E-001  -0.112295E+001
   0.145090E+002   0.100000E+001  -0.408483E-001  -0.116169E+001
   0.145892E+002   0.100000E+001  -0.412484E-001  -0.119785E+001
   0.146693E+002   0.100000E+001  -0.415794E-001  -0.123137E+001
   0.147495E+002   0.100000E+001  -0.417904E-001  -0.126236E+001
   0.148297E+002   0.100000E+001  -0.418024E-001  -0.129115E+001
   0.149098E+002   0.100000E+001  -0.415816E-001  -0.131817E+001
   0.149900E+002   0.100000E+001  -0.411105E-001  -0.134394E+001
   0.150701E+002   0.100000E+001  -0.403690E-001  -0.136898E+001
   0.151503E+002   0.100000E+001  -0.393551E-001  -0.139375E+001
   0.152305E+002   0.100000E+001  -0.380518E-001  -0.141865E+001
   0.153106E+002   0.100000E+001  -0.363897E-001  -0.144399E+001
   0.153908E+002   0.100000E+001  -0.343170E-001  -0.146997E+001
   0.154709E+002   0.100000E+001  -0.318159E-001  -0.149666E+001
   0.155511E+002   0.100000E+001  -0.288245E-001  -0.152394E+001
   0.156313E+002   0.100000E+001  -0.252440E-001  -0.155148E+001
   0.157114E+002   0.100000E+001  -0.210146E-001  -0.157878E+001
   0.157916E+002   0.100000E+001  -0.160599E-001  -0.160518E+001
   0.158717E+002   0.100000E+001  -0.103517E-001  -0.162978E+001
   0.159519E+002   0.100000E+001  -0.396380E-002  -0.165142E+001
   0.160321E+002   0.100000E+001   0.291234E-002  -0.166876E+001
   0.161122E+002   0.100000E+001   0.101566E-001  -0.168044E+001
   0.161924E+002   0.100000E+001   0.176890E-001  -0.168529E+001
   0.162725E+002   0.100000E+001   0.252773E-001  -0.168249E+001
   0.163527E+002   0.100000E+001   0.325121E-001  -0.167179E+001
   0.164329E+002   0.100000E+001   0.389175E-001  -0.165361E+001
   0.165130E+002   0.100000E+001   0.439058E-001  -0.162913E+001
   0.165932E+002   0.100000E+001   0.468876E-001  -0.160020E+001
   0.166733E+002   0.100000E+001   0.474424E-001  -0.156915E+001
   0.167535E+002   0.100000E+001   0.456202E-001  -0.153841E+001
   0.168337E+002   0.100000E+001   0.416847E-001  -0.151020E+001
   0.169138E+002   0.100000E+001   0.360032E-001  -0.148644E+001
   0.169940E+002   0.100000E+001   0.291703E-001  -0.146850E+001
   0.170741E+002   0.100000E+001   0.217835E-001  -0.145725E+001
   0.171543E+002   0.100000E+001   0.141846E-001  -0.145300E+001
   0.172345E+002   0.100000E+001   0.671569E-002  -0.145554E+001
   0.173146E+002   0.100000E+001  -0.268887E-003  -0.146441E+001
   0.173948E+002   0.100000E+001  -0.655148E-002  -0.147894E+001
   0.174749E+002   0.100000E+001  -0.121743E-001  -0.149831E+001
   0.175551E+002   0.100000E+001  -0.171890E-001  -0.152163E+001
   0.176353E+002   0.100000E+001  -0.216499E-001  -0.154793E+001
   0.177154E+002   0.100000E+001  -0.256877E-001  -0.157621E+001
   0.177956E+002   0.100000E+001  -0.293618E-001  -0.160545E+001
   0.178758E+002   0.100000E+001  -0.326225E-001  -0.163456E+001
   0.179559E+002   0.100000E+001  -0.354808E-001  -0.166245E+001
   0.180361E+002   0.100000E+001  -0.379581E-001  -0.168800E+001
   0.181162E+002   0.100000E+001  -0.400748E-001  -0.171018E+001
   0.181964E+002   0.100000E+001  -0.418394E-001  -0.172817E+001
   0.182766E+002   0.100000E+001  -0.432745E-001  -0.174136E+001
   0.183567E+002   0.100000E+001  -0.443956E-001  -0.174933E+001
   0.184369E+002   0.100000E+001  -0.451878E-001  -0.175188E+001
   0.185170E+002   0.100000E+001  -0.456301E-001  -0.174904E+001
   0.185972E+002   0.100000E+001  -0.457405E-001  -0.174113E+001
   0.186774E+002   0.100000E+001  -0.455598E-001  -0.172874E+001
   0.187575E+002   0.100000E+001  -0.450907E-001  -0.171278E+001
   0.188377E+002   0.100000E+001  -0.442916E-001  -0.169428E+001
   0.189178E+002   0.100000E+001  -0.431031E-001  -0.167429E+001
   0.189980E+002   0.100000E+001  -0.414515E-001  -0.165371E+001
   0.190782E+002   0.100000E+001  -0.392521E-001  -0.163325E+001
   0.191583E+002   0.100000E+001  -0.364649E-001  -0.161343E+001
   0.192385E+002   0.100000E+001  -0.330898E-001  -0.159468E+001
   0.193186E+002   0.100000E+001  -0.291877E-001  -0.157729E+001
   0.193988E+002   0.100000E+001  -0.248492E-001  -0.156147E+001
   0.194790E+002   0.100000E+001  -0.201699E-001  -0.154731E+001
   0.195591E+002   0.100000E+001  -0.152206E-001  -0.153469E+001
   0.196393E+002   0.100000E+001  -0.100201E-001  -0.152336E+001
   0.197194E+002   0.100000E+001  -0.452336E-002  -0.151290E+001
   0.197996E+002   0.100000E+001   0.131757E-002  -0.150275E+001
   0.198798E+002   0.100000E+001   0.760445E-002  -0.149221E+001
   0.199599E+002   0.100000E+001   0.144627E-001  -0.148047E+001
   0.200401E+002   0.100000E+001   0.219489E-001  -0.146666E+001
   0.201202E+002   0.100000E+001   0.299699E-001  -0.144993E+001
   0.202004E+002   0.100000E+001   0.382110E-001  -0.142958E+001
   0.202806E+002   0.100000E+001   0.461513E-001  -0.140517E+001
   0.203607E+002   0.100000E+001   0.531522E-001  -0.137663E+001
   0.204409E+002   0.100000E+001   0.585625E-001  -0.134433E+001
   0.205210E+002   0.100000E+001   0.619071E-001  -0.130914E+001
   0.206012E+002   0.100000E+001   0.629200E-001  -0.127234E+001
   0.206814E+002   0.100000E+001   0.615865E-001  -0.123544E+001
   0.207615E+002   0.100000E+001   0.581537E-001  -0.119995E+001
   0.208417E+002   0.100000E+001   0.530307E-001  -0.116711E+001
   0.209218E+002   0.100000E+001   0.467109E-001  -0.113762E+001
   0.210020E+002   0.100000E+001   0.396634E-001  -0.111175E+001
   0.210822E+002   0.100000E+001   0.322545E-001  -0.108942E+001
   0.211623E+002   0.100000E+001   0.247871E-001  -0.107040E+001
   0.212425E+002   0.100000E+001   0.175116E-001  -0.105447E+001
   0.213226E+002   0.100000E+001   0.106515E-001  -0.104143E+001
   0.214028E+002   0.100000E+001   0.440863E-002  -0.103104E+001
   0.214830E+002   0.100000E+001  -0.110786E-002  -0.102299E+001
   0.215631E+002   0.100000E+001  -0.585228E-002  -0.101694E+001
   0.216433E+002   0.100000E+001  -0.986920E-002  -0.101252E+001
   0.217234E+002   0.100000E+001  -0.132684E-001  -0.100943E+001
   0.218036E+002   0.100000E+001  -0.161891E-001  -0.100741E+001
   0.218838E+002   0.100000E+001  -0.187699E-001  -0.100633E+001
   0.219639E+002   0.100000E+001  -0.211089E-001  -0.100612E+001
   0.220441E+002   0.100000E+001  -0.232688E-001  -0.100674E+001
   0.221242E+002   0.100000E+001  -0.252790E-001  -0.100817E+001
   0.222044E+002   0.100000E+001  -0.271301E-001  -0.101039E+001
   0.222846E+002   0.100000E+001  -0.287937E-001  -0.101333E+001
   0.223647E+002   0.100000E+001  -0.302188E-001  -0.101691E+001
   0.224449E+002   0.100000E+001  -0.313582E-001  -0.102100E+001
   0.225251E+002   0.100000E+001  -0.321768E-001  -0.102548E+001
   0.226052E+002   0.100000E+001  -0.326459E-001  -0.103021E+001
   0.226854E+002   0.100000E+001  -0.327509E-001  -0.103505E+001
   0.227655E+002   0.100000E+001  -0.324911E-001  -0.103986E+001
   0.228457E+002   0.100000E+001  -0.318680E-001  -0.104451E+001
   0.229259E+002   0.100000E+001  -0.308953E-001  -0.104887E+001
   0.230060E+002   0.100000E+001  -0.295830E-001  -0.105281E+001
   0.230862E+002   0.100000E+001  -0.279328E-001  -0.105619E+001
   0.231663E+002   0.100000E+001  -0.259344E-001  -0.105887E+001
   0.232465E+002   0.100000E+001  -0.235577E-001  -0.106070E+001
   0.233267E+002   0.100000E+001  -0.207769E-001  -0.106153E+001
   0.234068E+002   0.100000E+001  -0.175768E-001  -0.106122E+001
   0.234870E+002   0.100000E+001  -0.139269E-001  -0.105960E+001
   0.235671E+002   0.100000E+001  -0.976886E-002  -0.105648E+001
   0.236473E+002   0.100000E+001  -0.503596E-002  -0.105163E+001
   0.237275E+002   0.100000E+001   0.306873E-003  -0.104476E+001
   0.238076E+002   0.100000E+001   0.622379E-002  -0.103559E+001
   0.238878E+002   0.100000E+001   0.125915E-001  -0.102379E+001
   0.239679E+002   0.100000E+001   0.192208E-001  -0.100917E+001
   0.240481E+002   0.100000E+001   0.259030E-001  -0.991606E+000
   0.241283E+002   0.100000E+001   0.324453E-001  -0.971072E+000
   0.242084E+002   0.100000E+001   0.386647E-001  -0.947622E+000
   0.242886E+002   0.100000E+001   0.443550E-001  -0.921374E+000
   0.243687E+002   0.100000E+001   0.492681E-001  -0.892546E+000
   0.244489E+002   0.100000E+001   0.531367E-001  -0.861496E+000
   0.245291E+002   0.100000E+001   0.557073E-001  -0.828731E+000
   0.246092E+002   0.100000E+001   0.567480E-001  -0.794904E+000
   0.246894E+002   0.100000E+001   0.560555E-001  -0.760824E+000
   0.247695E+002   0.100000E+001   0.535239E-001  -0.727439E+000
   0.248497E+002   0.100000E+001   0.492597E-001  -0.695737E+000
   0.249299E+002   0.100000E+001   0.436238E-001  -0.666536E+000
   0.250100E+002   0.100000E+001   0.371166E-001  -0.640321E+000
   0.250902E+002   0.100000E+001   0.301933E-001  -0.617255E+000
   0.251703E+002   0.100000E+001   0.231640E-001  -0.597308E+000
   0.252505E+002   0.100000E+001   0.162201E-001  -0.580376E+000
   0.253307E+002   0.100000E+001   0.950023E-002  -0.566327E+000
   0.254108E+002   0.100000E+001   0.312023E-002  -0.554996E+000
   0.254910E+002   0.100000E+001  -0.283046E-002  -0.546191E+000
   0.255711E+002   0.100000E+001  -0.829216E-002  -0.539700E+000
   0.256513E+002   0.100000E+001  -0.132262E-001  -0.535308E+000
   0.257315E+002   0.100000E+001  -0.176009E-001  -0.532790E+000
   0.258116E+002   0.100000E+001  -0.213844E-001  -0.531911E+000
   0.258918E+002   0.100000E+001  -0.245529E-001  -0.532414E+000
   0.259719E+002   0.100000E+001  -0.271064E-001  -0.534030E+000
   0.260521E+002   0.100000E+001  -0.290821E-001  -0.536497E+000
   0.261323E+002   0.100000E+001  -0.305524E-001  -0.539580E+000
   0.262124E+002   0.100000E+001  -0.316091E-001  -0.543091E+000
   0.262926E+002   0.100000E+001  -0.323401E-001  -0.546893E+000
   0.263727E+002   0.100000E+001  -0.328108E-001  -0.550892E+000
   0.264529E+002   0.100000E+001  -0.330563E-001  -0.555012E+000
   0.265331E+002   0.100000E+001  -0.330859E-001  -0.559185E+000
   0.266132E+002   0.100000E+001  -0.328932E-001  -0.563335E+000
   0.266934E+002   0.100000E+001  -0.324639E-001  -0.567375E+000
   0.267735E+002   0.100000E+001  -0.317803E-001  -0.571206E+000
   0.268537E+002   0.100000E+001  -0.308214E-001  -0.574722E+000
   0.269339E+002   0.100000E+001  -0.295667E-001  -0.577799E+000
   0.270140E+002   0.100000E+001  -0.280005E-001  -0.580307E+000
   0.270942E+002   0.100000E+001  -0.261176E-001  -0.582109E+000
   0.271743E+002   0.100000E+001  -0.239212E-001  -0.583076E+000
   0.272545E+002   0.100000E+001  -0.214134E-001  -0.583090E+000
   0.273347E+002   0.100000E+001  -0.185793E-001  -0.582044E+000
   0.274148E+002   0.100000E+001  -0.153729E-001  -0.579829E+000
   0.274950E+002   0.100000E+001  -0.117148E-001  -0.576311E+000
   0.275752E+002   0.100000E+001  -0.750426E-002  -0.571307E+000
   0.276553E+002   0.100000E+001  -0.264477E-002  -0.564574E+000
   0.277355E+002   0.100000E+001   0.292760E-002  -0.555809E+000
   0.278156E+002   0.100000E+001   0.921895E-002  -0.544667E+000
   0.278958E+002   0.100000E+001   0.161578E-001  -0.530788E+000
   0.279760E+002   0.100000E+001   0.235801E-001  -0.513832E+000
   0.280561E+002   0.100000E+001   0.312205E-001  -0.493526E+000
   0.281363E+002   0.100000E+001   0.387187E-001  -0.469731E+000
   0.282164E+002   0.100000E+001   0.456480E-001  -0.442503E+000
   0.282966E+002   0.100000E+001   0.515632E-001  -0.412139E+000
   0.283768E+002   0.100000E+001   0.560453E-001  -0.379193E+000
   0.284569E+002   0.100000E+001   0.587300E-001  -0.344466E+000
   0.285371E+002   0.100000E+001   0.593381E-001  -0.308984E+000
   0.286172E+002   0.100000E+001   0.577390E-001  -0.273941E+000
   0.286974E+002   0.100000E+001   0.540361E-001  -0.240563E+000
   0.287776E+002   0.100000E+001   0.485997E-001  -0.209903E+000
   0.288577E+002   0.100000E+001   0.419901E-001  -0.182658E+000
   0.289379E+002   0.100000E+001   0.348084E-001  -0.159120E+000
   0.290180E+002   0.100000E+001   0.275696E-001  -0.139252E+000
   0.290982E+002   0.100000E+001   0.206493E-001  -0.122810E+000
   0.291784E+002   0.100000E+001   0.142854E-001  -0.109447E+000
   0.292585E+002   0.100000E+001   0.860164E-002  -0.987887E-001
   0.293387E+002   0.100000E+001   0.363817E-002  -0.904687E-001
   0.294188E+002   0.100000E+001  -0.613667E-003  -0.841554E-001
   0.294990E+002   0.100000E+001  -0.418325E-002  -0.795513E-001
   0.295792E+002   0.100000E+001  -0.710398E-002  -0.763859E-001
   0.296593E+002   0.100000E+001  -0.940779E-002  -0.744072E-001
   0.297395E+002   0.100000E+001  -0.111272E-001  -0.733758E-001
   0.298196E+002   0.100000E+001  -0.123001E-001  -0.730649E-001
   0.298998E+002   0.100000E+001  -0.129727E-001  -0.732637E-001
   0.299800E+002   0.100000E+001  -0.131990E-001  -0.737831E-001
   0.300601E+002   0.100000E+001  -0.130367E-001  -0.744589E-001
   0.301403E+002   0.100000E+001  -0.125434E-001  -0.751533E-001
   0.302204E+002   0.100000E+001  -0.117719E-001  -0.757533E-001
   0.303006E+002   0.100000E+001  -0.107687E-001  -0.761673E-001
   0.303808E+002   0.100000E+001  -0.957268E-002  -0.763214E-001
   0.304609E+002   0.100000E+001  -0.821545E-002  -0.761551E-001
   0.305411E+002   0.100000E+001  -0.672239E-002  -0.756173E-001
   0.306212E+002   0.100000E+001  -0.511475E-002  -0.746631E-001
   0.307014E+002   0.100000E+001  -0.341253E-002  -0.732520E-001
   0.307816E+002   0.100000E+001  -0.163745E-002  -0.713474E-001
   0.308617E+002   0.100000E+001   0.184591E-003  -0.689175E-001
   0.309419E+002   0.100000E+001   0.202098E-002  -0.659373E-001
   0.310220E+002   0.100000E+001   0.382842E-002  -0.623918E-001
   0.311022E+002   0.100000E+001   0.554734E-002  -0.582831E-001
   0.311824E+002   0.100000E+001   0.709808E-002  -0.536433E-001
   0.312625E+002   0.100000E+001   0.838548E-002  -0.485501E-001
   0.313427E+002   0.100000E+001   0.931611E-002  -0.431379E-001
   0.314228E+002   0.100000E+001   0.982434E-002  -0.375926E-001
   0.315030E+002   0.100000E+001   0.989468E-002  -0.321267E-001
   0.315832E+002   0.100000E+001   0.956770E-002  -0.269426E-001
   0.316633E+002   0.100000E+001   0.892678E-002  -0.222000E-001
   0.317435E+002   0.100000E+001   0.807455E-002  -0.179990E-001
   0.318236E+002   0.100000E+001   0.711091E-002  -0.143806E-001
   0.319038E+002   0.100000E+001   0.611945E-002  -0.113384E-001
   0.319840E+002   0.100000E+001   0.516219E-002  -0.883306E-002
   0.320641E+002   0.100000E+001   0.427976E-002  -0.680655E-002
   0.321443E+002   0.100000E+001   0.349462E-002  -0.519274E-002
   0.322244E+002   0.100000E+001   0.281543E-002  -0.392522E-002
   0.323046E+002   0.100000E+001   0.224125E-002  -0.294191E-002
   0.323848E+002   0.100000E+001   0.176513E-002  -0.218753E-002
   0.324649E+002   0.100000E+001   0.137676E-002  -0.161463E-002
   0.325451E+002   0.100000E+001   0.106445E-002  -0.118358E-002
   0.326253E+002   0.100000E+001   0.816429E-003  -0.862029E-003
   0.327054E+002   0.100000E+001   0.621635E-003  -0.624051E-003
   0.327856E+002   0.100000E+001   0.470152E-003  -0.449215E-003
   0.328657E+002   0.100000E+001   0.353393E-003  -0.321645E-003
   0.329459E+002   0.100000E+001   0.264122E-003  -0.229156E-003
   0.330261E+002   0.100000E+001   0.196367E-003  -0.162500E-003
   0.331062E+002   0.100000E+001   0.145285E-003  -0.114730E-003
   0.331864E+002   0.100000E+001   0.107009E-003  -0.806726E-004
   0.332665E+002   0.100000E+001   0.784917E-004  -0.565103E-004
   0.333467E+002   0.100000E+001   0.573541E-004  -0.394456E-004
   0.334269E+002   0.100000E+001   0.417614E-004  -0.274444E-004
   0.335070E+002   0.100000E+001   0.303095E-004  -0.190371E-004
   0.335872E+002   0.100000E+001   0.219326E-004  -0.131688E-004
   0.336673E+002   0.100000E+001   0.158276E-004  -0.908626E-005
   0.337475E+002   0.100000E+001   0.113934E-004  -0.625474E-005
   0.338277E+002   0.100000E+001   0.818269E-005  -0.429639E-005
   0.339078E+002   0.100000E+001   0.586447E-005  -0.294542E-005
   0.339880E+002   0.100000E+001   0.419498E-005  -0.201563E-005
   0.340681E+002   0.100000E+001   0.299551E-005  -0.137708E-005
   0.341483E+002   0.100000E+001   0.213559E-005  -0.939414E-006
   0.342285E+002   0.100000E+001   0.152030E-005  -0.639965E-006
   0.343086E+002   0.100000E+001   0.108083E-005  -0.435418E-006
   0.343888E+002   0.100000E+001   0.767466E-006  -0.295906E-006
   0.344689E+002   0.100000E+001   0.544344E-006  -0.200880E-006
   0.345491E+002   0.100000E+001   0.385694E-006  -0.136236E-006
   0.346293E+002   0.100000E+001   0.273025E-006  -0.923102E-007
   0.347094E+002   0.100000E+001   0.193103E-006  -0.624943E-007
   0.347896E+002   0.100000E+001   0.136468E-006  -0.422754E-007
   0.348697E+002   0.100000E+001   0.963722E-007  -0.285768E-007
   0.349499E+002   0.100000E+001   0.680111E-007  -0.193035E-007
   0.350301E+002   0.100000E+001   0.479661E-007  -0.130308E-007
   0.351102E+002   0.100000E+001   0.338092E-007  -0.879083E-008
   0.351904E+002   0.100000E+001   0.238176E-007  -0.592689E-008
   0.352705E+002   0.100000E+001   0.167702E-007  -0.399364E-008
   0.353507E+002   0.100000E+001   0.118023E-007  -0.268944E-008
   0.354309E+002   0.100000E+001   0.830233E-008  -0.181014E-008
   0.355110E+002   0.100000E+001   0.583770E-008  -0.121765E-008
   0.355912E+002   0.100000E+001   0.410301E-008  -0.818641E-009
   0.356713E+002   0.100000E+001   0.288262E-008  -0.550077E-009
   0.357515E+002   0.100000E+001   0.202443E-008  -0.369413E-009
   0.358317E+002   0.100000E+001   0.142119E-008  -0.247944E-009
   0.359118E+002   0.100000E+001   0.997330E-009  -0.166319E-009
   0.359920E+002   0.100000E+001   0.699620E-009  -0.111500E-009
   0.360721E+002   0.100000E+001   0.490596E-009  -0.747030E-010
   0.361523E+002   0.100000E+001   0.343893E-009  -0.500178E-010
   0.362325E+002   0.100000E+001   0.240967E-009  -0.334675E-010
   0.363126E+002   0.100000E+001   0.168781E-009  -0.223779E-010
   0.363928E+002   0.100000E+001   0.118173E-009  -0.149520E-010
   0.364729E+002   0.100000E+001   0.827061E-010  -0.998269E-011
   0.365531E+002   0.100000E+001   0.578593E-010  -0.665954E-011
   0.366333E+002   0.100000E+001   0.404593E-010  -0.443884E-011
   0.367134E+002   0.100000E+001   0.282791E-010  -0.295599E-011
   0.367936E+002   0.100000E+001   0.197562E-010  -0.196662E-011
   0.368737E+002   0.100000E+001   0.137950E-010  -0.130705E-011
   0.369539E+002   0.100000E+001   0.962745E-011  -0.867755E-012
   0.370341E+002   0.100000E+001   0.671514E-011  -0.575438E-012
   0.371142E+002   0.100000E+001   0.468100E-011  -0.381122E-012
   0.371944E+002   0.100000E+001   0.326096E-011  -0.252092E-012
   0.372745E+002   0.100000E+001   0.227017E-011  -0.166510E-012
   0.373547E+002   0.100000E+001   0.157927E-011  -0.109816E-012
   0.374349E+002   0.100000E+001   0.109778E-011  -0.723082E-013
   0.375150E+002   0.100000E+001   0.762457E-012  -0.475284E-013
   0.375952E+002   0.100000E+001   0.529083E-012  -0.311821E-013
   0.376754E+002   0.100000E+001   0.366786E-012  -0.204165E-013
   0.377555E+002   0.100000E+001   0.254008E-012  -0.133386E-013
   0.378357E+002   0.100000E+001   0.175708E-012  -0.869386E-014
   0.379158E+002   0.100000E+001   0.121396E-012  -0.565204E-014
   0.379960E+002   0.100000E+001   0.837597E-013  -0.366430E-014
   0.380762E+002   0.100000E+001   0.577078E-013  -0.236844E-014
   0.381563E+002   0.100000E+001   0.396956E-013  -0.152581E-014
   0.382365E+002   0.100000E+001   0.272578E-013  -0.979407E-015
   0.383166E+002   0.100000E+001   0.186812E-013  -0.626179E-015
   0.383968E+002   0.100000E+001   0.127760E-013  -0.398590E-015
   0.384770E+002   0.100000E+001   0.871683E-014  -0.252489E-015
   0.385571E+002   0.100000E+001   0.593173E-014  -0.159078E-015
   0.386373E+002   0.100000E+001   0.402462E-014  -0.996206E-016
   0.387174E+002   0.100000E+001   0.272162E-014  -0.619632E-016
   0.387976E+002   0.100000E+001   0.183357E-014  -0.382450E-016
   0.388778E+002   0.100000E+001   0.123001E-014  -0.233994E-016
   0.389579E+002   0.100000E+001   0.821074E-015  -0.141729E-016
   0.390381E+002   0.100000E+001   0.544988E-015  -0.848491E-017
   0.391182E+002   0.100000E+001   0.359350E-015  -0.501082E-017
   0.391984E+002   0.100000E+001   0.235112E-015  -0.291183E-017
   0.392786E+002   0.100000E+001   0.152424E-015  -0.165977E-017
   0.393587E+002   0.100000E+001   0.977473E-016  -0.924212E-018
   0.394389E+002   0.100000E+001   0.618749E-016  -0.500005E-018
   0.395190E+002   0.100000E+001   0.385603E-016  -0.260853E-018
   0.395992E+002   0.100000E+001   0.235757E-016  -0.129787E-018
   0.396794E+002   0.100000E+001   0.140634E-016  -0.604750E-019
   0.397595E+002   0.100000E+001   0.808865E-017  -0.254769E-019
   0.398397E+002   0.100000E+001   0.433132E-017  -0.891642E-020
   0.399198E+002   0.100000E+001   0.186130E-017  -0.186584E-020
   0.400000E+002   0.100000E+001   0.000000E+000  -0.000000E+000
   0.400802E+002   0.100000E+001   0.866972E-017  -0.145300E-020

