 Initial conditions outputted from a previous simulation. Time =    64.799999999999997     
   40.000000000000000        0.0000000000000000              500           1   64.799999999999997     
  -3.3887864056456447E-002  -6.9036395927981997E-002
  -3.2073033453230822E-002  -8.3894738765684346E-002
  -2.9923674173028186E-002  -9.8051195649186448E-002
  -2.7323609345426728E-002 -0.11133497931095526     
  -2.4255309354610108E-002 -0.12358358153599082     
  -2.0613035201797976E-002 -0.13455485892141897     
  -1.6358626767294986E-002 -0.14403593427144204     
  -1.1441944791710821E-002 -0.15176497303502856     
  -5.8261294187858968E-003 -0.15745682220369431     
   4.9854235481474165E-004 -0.16080304053752800     
   7.5067194948881316E-003 -0.16147400373048193     
   1.5121160944164519E-002 -0.15913112256609160     
   2.3194055278727935E-002 -0.15344630214706681     
   3.1489180491971490E-002 -0.14413424006558229     
   3.9667722075435799E-002 -0.13100259258633296     
   4.7285411265726385E-002 -0.11402106349062396     
   5.3811608739693269E-002  -9.3402704000450462E-002
   5.8679445072173646E-002  -6.9675418680150730E-002
   6.1367207861279707E-002  -4.3703569144719519E-002
   6.1500946417047224E-002  -1.6616304748637244E-002
   5.8962410327583689E-002   1.0364855051064173E-002
   5.3970414319602547E-002   3.6135094886889929E-002
   4.7076918014971068E-002   5.9843934103165408E-002
   3.9034821971142046E-002   8.0904635502166936E-002
   3.0583645899015761E-002   9.8926940937650962E-002
   2.2276947789695838E-002  0.11366721688699635     
   1.4437590519763425E-002  0.12502716493349036     
   7.2147289603229628E-003  0.13306052834956444     
   6.6058240346448052E-004  0.13795026790093445     
  -5.2199815907553017E-003  0.13996323566330354     
  -1.0445514312017359E-002  0.13940730441240506     
  -1.5047223602831049E-002  0.13660162287850208     
  -1.9064763386267423E-002  0.13185736321727975     
  -2.2542927082173318E-002  0.12546600466067553     
  -2.5526448427148497E-002  0.11769399238674784     
  -2.8055373203839318E-002  0.10878103661663580     
  -3.0162667752350138E-002   9.8939738927807303E-002
  -3.1874734759420001E-002   8.8356779019450854E-002
  -3.3217674603802427E-002   7.7194240645009446E-002
  -3.4225030459361525E-002   6.5589012359368051E-002
  -3.4934849937689631E-002   5.3654856842974788E-002
  -3.5377360642435317E-002   4.1490037022929908E-002
  -3.5568471469558688E-002   2.9184466435116744E-002
  -3.5512781536928113E-002   1.6825236025526741E-002
  -3.5207233376439315E-002   4.5011091012228267E-003
  -3.4642270866456354E-002  -7.6950888206293172E-003
  -3.3802931987798900E-002  -1.9665343894746175E-002
  -3.2669921690554111E-002  -3.1305215451574719E-002
  -3.1219586497800312E-002  -4.2502720097113519E-002
  -2.9422965230221990E-002  -5.3137354970533734E-002
  -2.7244174397905756E-002  -6.3078219341898389E-002
  -2.4638477489355066E-002  -7.2180425786582139E-002
  -2.1551323670644017E-002  -8.0279795207134408E-002
  -1.7919922754298129E-002  -8.7186527972756223E-002
  -1.3678283625556790E-002  -9.2679249600415431E-002
  -8.7658648667605209E-003  -9.6501172636147742E-002
  -3.1393128266577379E-003  -9.8359865397408291E-002
   3.2136792473211866E-003  -9.7931721300133903E-002
   1.0259414378195110E-002  -9.4872110429567336E-002
   1.7903115186020009E-002  -8.8832439523679085E-002
   2.5974920919027155E-002  -7.9485836427496431E-002
   3.4218610404726214E-002  -6.6563659030961966E-002
   4.2285458826543526E-002  -4.9905132600061214E-002
   4.9737541814405845E-002  -2.9521297635338038E-002
   5.6068725899384324E-002  -5.6695505330963515E-003
   6.0754964124786072E-002   2.1077578858033817E-002
   6.3339919986050888E-002   4.9804649455972710E-002
   6.3540423082791064E-002   7.9309984391117166E-002
   6.1329244746914875E-002  0.10826310718995485     
   5.6948767836699783E-002  0.13541923800548661     
   5.0843980310726913E-002  0.15980303016017458     
   4.3550888539250578E-002  0.18079312482020019     
   3.5593328509218640E-002  0.19810429146388986     
   2.7418741484652284E-002  0.21171191386814292     
   1.9373074478150409E-002  0.22176522870025236     
   1.1701706015039117E-002  0.22851429931775999     
   4.5637265750450183E-003  0.23225800584479311     
  -1.9497117953602150E-003  0.23331109684139614     
  -7.7983712440201124E-003  0.23198467473028639     
  -1.2978823121236150E-002  0.22857487507147842     
  -1.7513041287118097E-002  0.22335646076093998     
  -2.1439284959128987E-002  0.21657947983990911     
  -2.4804865571853758E-002  0.20846796489004105     
  -2.7660427982700055E-002  0.19922019595589724     
  -3.0055556257970250E-002  0.18901026138895183     
  -3.2035590137570090E-002  0.17799065205103951     
  -3.3639508716193353E-002  0.16629560185367248     
  -3.4898736130287170E-002  0.15404486937357378     
  -3.5836716178813066E-002  0.14134764203515440     
  -3.6469053554580612E-002  0.12830627740288714     
  -3.6803974602045007E-002  0.11501968964693385     
  -3.6842857217585616E-002  0.10158631667300828     
  -3.6580627308316134E-002   8.8106726125337945E-002
  -3.6005909367374724E-002   7.4686002998171588E-002
  -3.5100923384734486E-002   6.1436092796084564E-002
  -3.3841217043827171E-002   4.8478257240872416E-002
  -3.2195406291412730E-002   3.5945744964457835E-002
  -3.0125163430637852E-002   2.3986695424333682E-002
  -2.7585725096627326E-002   1.2767194360009379E-002
  -2.4527186934016256E-002   2.4743075314492659E-003
  -2.0896826834885043E-002  -6.6811433526475245E-003
  -1.6642689200298533E-002  -1.4462335492598101E-002
  -1.1718693499444509E-002  -2.0605047382545327E-002
  -6.0915984932827204E-003  -2.4817531655683123E-002
   2.4977337456661520E-004  -2.6782321629367251E-002
   7.2826353799953164E-003  -2.6161097581691890E-002
   1.4935419058213032E-002  -2.2604514485711824E-002
   2.3070374280963767E-002  -1.5770005047265032E-002
   3.1465200132140297E-002  -5.3518200971987163E-003
   3.9797659323846678E-002   8.8717700617521236E-003
   4.7640706121252041E-002   2.6970859965982939E-002
   5.4479553333953219E-002   4.8779666390491083E-002
   5.9762679448360147E-002   7.3814349686967831E-002
   6.2989904897757340E-002  0.10123031352683305     
   6.3819935155868299E-002  0.12986274482471016     
   6.2157765610129548E-002  0.15836853777025370     
   5.8180333521914852E-002  0.18543381570485715     
   5.2287028971399710E-002  0.20996858327756043     
   4.5001186961270048E-002  0.23121889828128692     
   3.6867257753452599E-002  0.24877931173358028     
   2.8375926927557967E-002  0.26253627984749806     
   1.9925197965017172E-002  0.27258577778572868     
   1.1810051461274240E-002  0.27915508848879306     
   4.2296847330320630E-003  0.28254171056262672     
  -2.6969012303410399E-003  0.28307117205767862     
  -8.9130980235519065E-003  0.28107035314136153     
  -1.4407865605532272E-002  0.27685184293298487     
  -1.9201239587321849E-002  0.27070564379546308     
  -2.3332628138751046E-002  0.26289557821278059     
  -2.6851841934710033E-002  0.25365862099074382     
  -2.9812523878170721E-002  0.24320603050979128     
  -3.2267558631691957E-002  0.23172555807087195     
  -3.4266020652365808E-002  0.21938425968763042     
  -3.5851247587193665E-002  0.20633160400663197     
  -3.7059706084051049E-002  0.19270267968352042     
  -3.7920396321667001E-002  0.17862137500319689     
  -3.8454594896569945E-002  0.16420346044856174     
  -3.8675777155781049E-002  0.14955955995880194     
  -3.8589604138441223E-002  0.13479804058724443     
  -3.8193909542797118E-002  0.12002787202129278     
  -3.7478668194333556E-002  0.10536150558090822     
  -3.6425959365348815E-002   9.0917809539229219E-002
  -3.5009966289655761E-002   7.6825086620445571E-002
  -3.3197097833641880E-002   6.3224187523461373E-002
  -3.0946384945184782E-002   5.0271706772382782E-002
  -2.8210377916263664E-002   3.8143194613972108E-002
  -2.4936830308529178E-002   2.7036246354079928E-002
  -2.1071493061895090E-002   1.7173251965195386E-002
  -1.6562364525611092E-002   8.8035082909355602E-003
  -1.1365759140484833E-002   2.2042927737012190E-003
  -5.4545644160859099E-003  -2.3196797489796060E-003
   1.1709816431401227E-003  -4.4393214730821997E-003
   8.4698138214936731E-003  -3.8082175685022479E-003
   1.6344072723853971E-002  -7.5952365501563322E-005
   2.4621662511926524E-002   7.0889271667221058E-003
   3.3039835428767671E-002   1.7962027619458597E-002
   4.1234778691889185E-002   3.2708203717764700E-002
   4.8745617447994043E-002   5.1307890424195562E-002
   5.5044103379875961E-002   7.3473439591459688E-002
   5.9599061505367007E-002   9.8580670521804151E-002
   6.1971891392101013E-002  0.12565626394371915     
   6.1917423084839433E-002  0.15345736171918173     
   5.9448312341984264E-002  0.18064224264381942     
   5.4830430762049610E-002  0.20597749280062139     
   4.8511549405773555E-002  0.22850225804011046     
   4.1019249096962425E-002  0.24759897161492869     
   3.2869680479413341E-002  0.26297500299651350     
   2.4509099934790866E-002  0.27459412738298572     
   1.6288270016028897E-002  0.28259632699221005     
   8.4600582945820162E-003  0.28722793054753282     
   1.1901005329741604E-003  0.28878956226112901     
  -5.4271119953300806E-003  0.28760115994207247     
  -1.1351374244774467E-002  0.28398012017985974     
  -1.6581353234119849E-002  0.27822853332456321     
  -2.1141520094532643E-002  0.27062645170969407     
  -2.5071707581989577E-002  0.26142907449495228     
  -2.8419182669910135E-002  0.25086646770279852     
  -3.1232939695132547E-002  0.23914493759600550     
  -3.3559865596899038E-002  0.22644943882443078     
  -3.5442395574867551E-002  0.21294653780595568     
  -3.6917271355969450E-002  0.19878755190413958     
  -3.8015035871798247E-002  0.18411158100617236     
  -3.8759926334992652E-002  0.16904826908034198     
  -3.9169879498760107E-002  0.15372027898453039     
  -3.9256457585554169E-002  0.13824559368230252     
  -3.9024627378329478E-002  0.12273982275918839     
  -3.8472441894014026E-002  0.10731867182313878     
  -3.7590743281405894E-002   9.2100642065996663E-002
  -3.6363008094936464E-002   7.7209918878667641E-002
  -3.4765412171607793E-002   6.2779336201219949E-002
  -3.2767149757847620E-002   4.8953294000963973E-002
  -3.0331045822832369E-002   3.5890546860848735E-002
  -2.7414568704874385E-002   2.3766830310238064E-002
  -2.3971462370825928E-002   1.2777303127572024E-002
  -1.9954330146961578E-002   3.1387318082670449E-003
  -1.5318572085187986E-002  -4.9087763459729683E-003
  -1.0028082548137881E-002  -1.1100865425129185E-002
  -4.0630570543673979E-003  -1.5149462346854527E-002
   2.5698330436257008E-003  -1.6745688808803946E-002
   9.8247416515126716E-003  -1.5566589067789242E-002
   1.7601454960432462E-002  -1.1287892681845576E-002
   2.5728292987371719E-002  -3.6061727446159708E-003
   3.3945202173987665E-002   7.7250122964061885E-003
   4.1892267847211985E-002   2.2840295794189922E-002
   4.9113446819238168E-002   4.1688114264107227E-002
   5.5088446008839442E-002   6.3947148970044554E-002
   5.9301211171745867E-002   8.8962144886002750E-002
   6.1336928060187035E-002  0.11574106581893484     
   6.0977145160513113E-002  0.14304454552402388     
   5.8253039393982228E-002  0.16955678404024233     
   5.3433566318983328E-002  0.19408034359322981     
   4.6958018718671057E-002  0.21568525673812011     
   3.9345050036328447E-002  0.23377427159224751     
   3.1109199359823002E-002  0.24806979479597902     
   2.2701651334094648E-002  0.25855256966607693     
   1.4479054171506040E-002  0.26538382423759188     
   6.6964632808010609E-003  0.26883325508458361     
  -4.8355922467251670E-004  0.26922350037424608     
  -6.9739466681830878E-003  0.26689244591754341     
  -1.2744077036695554E-002  0.26217018167148864     
  -1.7802001077149653E-002  0.25536657604930302     
  -2.2179650301320800E-002  0.24676594648092068     
  -2.5921590502512918E-002  0.23662613159835524     
  -2.9077190969557867E-002  0.22518007354280078     
  -3.1695784925140573E-002  0.21263855766460196     
  -3.3824202763329349E-002  0.19919310678426319     
  -3.5505894983004924E-002  0.18501837533207188     
  -3.6780820774190585E-002  0.17027376742810574     
  -3.7685360929450719E-002  0.15510437444745617     
  -3.8251706709909294E-002  0.13964165048050348     
  -3.8506484460580824E-002  0.12400444660184219     
  -3.8468745134863709E-002  0.10830103098175242     
  -3.8147777968569670E-002   9.2632500609164461E-002
  -3.7541395371528355E-002   7.7097582997131459E-002
  -3.6635305805736380E-002   6.1798355027394759E-002
  -3.5403935774663518E-002   4.6846042230163060E-002
  -3.3812657671244535E-002   3.2365951006791308E-002
  -3.1820956544247304E-002   1.8500783866069643E-002
  -2.9385767851221024E-002   5.4120430156534812E-003
  -2.6464164092791762E-002  -6.7201907529932329E-003
  -2.3014834757695678E-002  -1.7698284027647219E-002
  -1.8998379795451489E-002  -2.7307758913012174E-002
  -1.4377211215905709E-002  -3.5316634496058735E-002
  -9.1166445491190403E-003  -4.1472877816709407E-002
  -3.1893399487031558E-003  -4.5500411231250724E-002
   3.4146185593957887E-003  -4.7095481592832118E-002
   1.0670304176564501E-002  -4.5926867401435201E-002
   1.8493098751729109E-002  -4.1645275757725919E-002
   2.6709325975343624E-002  -3.3909029456446721E-002
   3.5029928147375287E-002  -2.2433593643610330E-002
   4.3040273663642145E-002  -7.0687569417802959E-003
   5.0221960729066227E-002   1.2104514632665866E-002
   5.6016011199339591E-002   3.4685006952380568E-002
   5.9917973998441246E-002   5.9912612927037111E-002
   6.1573863810882409E-002   8.6714053985207207E-002
   6.0841307214580843E-002  0.11382986674438984     
   5.7800600465359800E-002  0.13998071940772705     
   5.2726520712845018E-002  0.16402272607106563     
   4.6038988168500390E-002  0.18506110404980677     
   3.8241431163898630E-002  0.20251071143041838     
   2.9851879007701705E-002  0.21610030880439118     
   2.1338964051115735E-002  0.22582741193205871     
   1.3077930538712633E-002  0.23188434071780573     
   5.3330992450535269E-003  0.23458047912425956     
  -1.7373939284188278E-003  0.23427758699898732     
  -8.0631343088865236E-003  0.23134407860816092     
  -1.3637318587409682E-002  0.22612735317088450     
  -1.8493017808129703E-002  0.21894037382923193     
  -2.2683345351136138E-002  0.21005818025044606     
  -2.6266988355741545E-002  0.19972064832884331     
  -2.9299277354870902E-002  0.18813854104268893     
  -3.1828104119227561E-002  0.17550049431644463     
  -3.3893409148201048E-002  0.16197924090466215     
  -3.5528758401310985E-002  0.14773609320427303     
  -3.6763637569314979E-002  0.13292338561732858     
  -3.7625388628685592E-002  0.11768514693464760     
  -3.8140118661835316E-002  0.10215665840946841     
  -3.8332318773144233E-002   8.6463725830994237E-002
  -3.8223276357307899E-002   7.0722483098866168E-002
  -3.7828640329372776E-002   5.5040380207944717E-002
  -3.7155683399802880E-002   3.9518718213805773E-002
  -3.6200861922172166E-002   2.4256735154437919E-002
  -3.4948197674748056E-002   9.3569031543824024E-003
  -3.3368830654365564E-002  -5.0691517400189958E-003
  -3.1421873461676235E-002  -1.8894797614609875E-002
  -2.9056495575977660E-002  -3.1973249991857917E-002
  -2.6215028806884106E-002  -4.4133590128090039E-002
  -2.2836849101086399E-002  -5.5178165557174245E-002
  -1.8862872191930675E-002  -6.4881359618183629E-002
  -1.4240689647786993E-002  -7.2989579536989202E-002
  -8.9306251900949773E-003  -7.9222339534891162E-002
  -2.9132474405834633E-003  -8.3274561229984043E-002
   3.8009401445653879E-003  -8.4820729989340399E-002
   1.1158909046616422E-002  -8.3522394425493696E-002
   1.9049264036621737E-002  -7.9041719526345186E-002
   2.7283855781558640E-002  -7.1065306946731535E-002
   3.5579711177595209E-002  -5.9343771837175263E-002
   4.3547742462293419E-002  -4.3752175194639815E-002
   5.0699245728106947E-002  -2.4371439753967151E-002
   5.6483803551528974E-002  -1.5778760453253665E-003
   6.0366838567564994E-002   2.3892049284096738E-002
   6.1936930393291068E-002   5.0948614183683315E-002
   6.1008255018341020E-002   7.8260259827134207E-002
   5.7672289203243202E-002  0.10445269739952331     
   5.2272398968386410E-002  0.12832431539519207     
   4.5315358227698090E-002  0.14899570903351136     
   3.7362669048784401E-002  0.16595511016206571     
   2.8941398451809416E-002  0.17901818883517590     
   2.0491065871968563E-002  0.18824651079988158     
   1.2343518165928375E-002  0.19386170358204916     
   4.7253821703785656E-003  0.19617450095669905     
  -2.2272543075238854E-003  0.19553391498237879     
  -8.4496751784713525E-003  0.19229429503530993     
  -1.3929443627759983E-002  0.18679563599292950     
  -1.8689543891676482E-002  0.17935290643850718     
  -2.2774621862917781E-002  0.17025125883056247     
  -2.6240456992409060E-002  0.15974495250058343     
  -2.9146380510323228E-002  0.14805856424149949     
  -3.1550197437449259E-002  0.13538952860213019     
  -3.3505100363234973E-002  0.12191132667341942     
  -3.5058027084582839E-002  0.10777686145835229     
  -3.6248949361181192E-002   9.3121752469187885E-002
  -3.7110659074161279E-002   7.8067445690697845E-002
  -3.7668708734740319E-002   6.2724167246817036E-002
  -3.7941269603768403E-002   4.7193838656207576E-002
  -3.7938795316962301E-002   3.1573103172778179E-002
  -3.7663510049654528E-002   1.5956583567666618E-002
  -3.7108849834307171E-002   4.4041732349701002E-004
  -3.6259038986714065E-002  -1.4873974195382594E-002
  -3.5088967616767497E-002  -2.9875999319689248E-002
  -3.3564477033901668E-002  -4.4442047244025659E-002
  -3.1643110189704490E-002  -5.8431835960147359E-002
  -2.9275373545995156E-002  -7.1685104491766183E-002
  -2.6406566141533187E-002  -8.4018773264136010E-002
  -2.2979268402726963E-002  -9.5224648460374720E-002
  -1.8936706998198063E-002 -0.10506771496129731     
  -1.4227380942375500E-002 -0.11328513499830629     
  -8.8114142901073306E-003 -0.11958624182825429     
  -2.6691686071599122E-003 -0.12365406446823404     
   4.1871679093456113E-003 -0.12514944072380033     
   1.1698406370717852E-002 -0.12371973201424885     
   1.9739879944392739E-002 -0.11901532812425163     
   2.8101525080338668E-002 -0.11071847288492534     
   3.6470736823510055E-002  -9.8589777223773933E-002
   4.4425792371580744E-002  -8.2536171784331300E-002
   5.1451573718470069E-002  -6.2696895068906716E-002
   5.6989705614112179E-002  -3.9528966779645028E-002
   6.0526083802781842E-002  -1.3854607665571853E-002
   6.1698316969067968E-002   1.3173618006688264E-002
   6.0384471935062432E-002   4.0209367235360345E-002
   5.6732710018643349E-002   6.5917512170312068E-002
   5.1118001542309270E-002   8.9171653240432011E-002
   4.4049273920281726E-002  0.10917453559796890     
   3.6068625165715032E-002  0.12548055639096842     
   2.7674296942652221E-002  0.13794655752632989     
   1.9277553031343982E-002  0.14665215693730457     
   1.1188659752047362E-002  0.15182071722044063     
   3.6221881158465842E-003  0.15375611578157936     
  -3.2877303639599949E-003  0.15279869054320805     
  -9.4690452301683069E-003  0.14929758091593642     
  -1.4894305106323474E-002  0.14359493141245044     
  -1.9565957257626134E-002  0.13601787399229684     
  -2.3505077667497997E-002  0.12687519293299407     
  -2.6743385086298203E-002  0.11645655465146486     
  -2.9317995163165609E-002  0.10503297494967385     
  -3.1268263172127019E-002   9.2857720858189066E-002
  -3.2634076075667103E-002   8.0167190071247077E-002
  -3.3455046773668194E-002   6.7181553634152236E-002
  -3.3770199591403038E-002   5.4105097982412372E-002
  -3.3617846024162422E-002   4.1126289501807523E-002
  -3.3035427848178166E-002   2.8417652466743125E-002
  -3.2059188636663002E-002   1.6135617949449600E-002
  -3.0723634445212995E-002   4.4205510774905105E-003
  -2.9060824464202686E-002  -6.6028327046140046E-003
  -2.7099544881799831E-002  -1.6824489839551371E-002
  -2.4864379880147544E-002  -2.6147354798262152E-002
  -2.2374723610432436E-002  -3.4484720615370307E-002
  -1.9644032443018617E-002  -4.1756418439162009E-002
  -1.6680163215699852E-002  -4.7883658707863118E-002
  -1.3488368525572459E-002  -5.2783030681786393E-002
  -1.0079068666906945E-002  -5.6361513518558927E-002
  -6.4821665011795824E-003  -5.8516385750166475E-002
  -2.7672791766147260E-003  -5.9145928854529024E-002
   9.3605082535347752E-004  -5.8176852385170279E-002
   4.4309155530956532E-003  -5.5609201238192144E-002
   7.4735604832604444E-003  -5.1567189986311164E-002
   9.8271565273380414E-003  -4.6329964836706969E-002
   1.1331823017442627E-002  -4.0314116450064205E-002
   1.1955343573908065E-002  -3.4001818678501598E-002
   1.1795565195568547E-002  -2.7843816741215294E-002
   1.1036870251840728E-002  -2.2183206516878815E-002
   9.8908685852352306E-003  -1.7226973355067121E-002
   8.5509104015269628E-003  -1.3058914982555460E-002
   7.1696222167025488E-003  -9.6714940228841105E-003
   5.8535318625831797E-003  -6.9994250405003939E-003
   4.6672094919410663E-003  -4.9476682803846761E-003
   3.6420255255203531E-003  -3.4116267192886031E-003
   2.7858206580468952E-003  -2.2897977354949936E-003
   2.0911615754833543E-003  -1.4907221021085706E-003
   1.5417194841916382E-003  -9.3620701967913570E-004
   1.1170220232478612E-003  -5.6211129725648615E-004
   7.9570679868646492E-004  -3.1759079481597597E-004
   5.5750104059592383E-004  -1.6355490278141492E-004
   3.8431535237281917E-004  -7.0829659814094972E-005
   2.6074824196969378E-004  -1.8283517848452363E-005
   1.7417579675805864E-004   8.9273037516526124E-006
   1.1458020749909857E-004   2.0892665748005104E-005
   7.4244143944797328E-005   2.4225787483986625E-005
   4.7385746327360882E-005   2.3087157416563787E-005
   2.9782482441371304E-005   1.9971156283233556E-005
   1.8422064210331307E-005   1.6283728450456646E-005
   1.1202060584284716E-005   1.2749700858702196E-005
   6.6843482505280810E-006   9.6887248935283661E-006
   3.9030507955460240E-006   7.1940711244240926E-006
   2.2204096959597900E-006   5.2432246545761932E-006
   1.2221013606481574E-006   3.7630452680383224E-006
   6.4311101700039173E-007   2.6658351866008779E-006
   3.1649552992598260E-007   1.8675410249054677E-006
   1.3873622061591409E-007   1.2955896222594087E-006
   4.6710137893351362E-008   8.9108318253142096E-007
   2.6228668126612515E-009   6.0816902403283526E-007
  -1.5686575002370984E-008   4.1220936729334079E-007
  -2.0889122856136588E-008   2.7763658542086091E-007
  -2.0003633934856417E-008   1.8592413717134114E-007
  -1.6755998534856249E-008   1.2384986612047379E-007
  -1.3003225807761714E-008   8.2097032057266701E-008
  -9.5770932367101104E-009   5.4172456386484177E-008
  -6.7728847476812119E-009   3.5593850327623377E-008
  -4.6244524151373688E-009   2.3292954879804974E-008
  -3.0534492566900178E-009   1.5185131825888324E-008
  -1.9462848795101737E-009   9.8635471689903846E-009
  -1.1906879841396227E-009   6.3845542588613427E-009
  -6.9057825414929943E-010   4.1186981430294293E-009
  -3.6996400543995812E-010   2.6482410699870566E-009
  -1.7177633681982450E-010   1.6972544937508036E-009
  -5.4768677117249602E-011   1.0842748513502048E-009
   9.9559034699586831E-012   6.9045094098279363E-010
   4.2093665293799609E-011   4.3823974054149891E-010
   5.4723231310359623E-011   2.7723372682218824E-010
   5.6299111555717894E-011   1.7477914910680562E-010
   5.2126273416027961E-011   1.0979395649399288E-010
   4.5416090122403946E-011   6.8711288003238006E-011
   3.8022455231837888E-011   4.2828247843812945E-011
   3.0942765160011929E-011   2.6579597392472382E-011
   2.4651195678429258E-011   1.6417654711786629E-011
   1.9315343461110021E-011   1.0087981560375186E-011
   1.4933547283155856E-011   6.1625320139290663E-012
   1.1419409175481836E-011   3.7396964656102511E-012
   8.6519239074139483E-012   2.2521744901975485E-012
   6.5037237887693812E-012   1.3442917771985440E-012
   4.8557674172140277E-012   7.9390076668991912E-013
   3.6039072193086146E-012   4.6281688015555054E-013
   2.6608055131196686E-012   2.6546351319625224E-013
   1.9553598875448982E-012   1.4910084650118351E-013
   1.4309434502618597E-012   8.1401262270009353E-014
   1.0432178779672352E-012   4.2669448506744645E-014
   7.5793457356374980E-013   2.0989445389565610E-014
   5.4893074083259577E-013   9.2099069411056883E-015
   3.9640476731933406E-013   3.0796878645833305E-015
   2.8548695805709448E-013   1.0053079241353531E-016
   2.0508642771894032E-013  -1.1750615127713933E-015
   1.4697935160336345E-013  -1.5708257205248811E-015
   1.0509929733044939E-013  -1.5445550027846259E-015
   7.4991777258319881E-014  -1.3424637190789799E-015
   5.3399348750616035E-014  -1.0906938544878741E-015
   3.7948749145587300E-014  -8.4890718421554058E-016
   2.6916711617511187E-014  -6.4120377019868533E-016
   1.9055789654470297E-014  -4.7361875234204936E-016
   1.3465532033487009E-014  -3.4377222271764057E-016
   9.4976661759279941E-015  -2.4600204217809247E-016
   6.6866154332069079E-015  -1.7394787783297492E-016
   4.6987797763440204E-015  -1.2173516299752086E-016
   3.2956432310767358E-015  -8.4418735120425169E-017
   2.3070246029772476E-015  -5.8057312419749529E-017
   1.6117395329814210E-015  -3.9621847563116469E-017
   1.1236582255880525E-015  -2.6844458344416941E-017
   7.8167854977728453E-016  -1.8060604061965085E-017
   5.4253185029864048E-016  -1.2067746100871923E-017
   3.7563255501189926E-016  -8.0083648356616257E-018
   2.5939863218980627E-016  -5.2777013931516586E-018
   1.7862806366626896E-016  -3.4533529786259369E-018
   1.2263181656035457E-016  -2.2428218259220931E-018
   8.3907613944137636E-017  -1.4451565667808257E-018
   5.7199538395480924E-017  -9.2331353289200176E-019
   3.8832384555162065E-017  -5.8448629007743216E-019
   2.6241300401400827E-017  -3.6625297512753248E-019
   1.7639991224090443E-017  -2.2691053009410224E-019
   1.1787067047861637E-017  -1.3878614184209353E-019
   7.8217858689904969E-018  -8.3644020537355499E-020
   5.1487822473183688E-018  -4.9553578109982893E-020
   3.3573146828390241E-018  -2.8768597027381025E-020
   2.1647949527929514E-018  -1.6300582028759256E-020
   1.3773669017483430E-018  -8.9654281997904198E-021
   8.6243240023858981E-019  -4.7506695416722675E-021
   5.2952952373973501E-019  -2.3984683552446562E-021
   3.1702938504810344E-019  -1.1328480306503555E-021
   1.8288406140363849E-019  -4.8318768959895895E-022
   9.8157321595618311E-020  -1.7098348711319881E-022
   4.2269582738096994E-020  -3.6179824715366061E-023
   0.0000000000000000        0.0000000000000000     
