 Initial conditions outputted from a previous simulation. Time =    88.200000000000003     
   40.000000000000000        0.0000000000000000              500           1   88.200000000000003     
   4.0184711835878857E-002 -0.11224084890412982     
   4.7726706948123469E-002  -9.5008476234131875E-002
   5.4255501426926915E-002  -7.4186844202593388E-002
   5.9162753325341183E-002  -5.0310481578671351E-002
   6.2012553688340653E-002  -2.4339382227847050E-002
   6.2465134989410080E-002   2.5742841825151519E-003
   6.0481681632899978E-002   2.9055191914513393E-002
   5.6273684069156130E-002   5.3824246961200743E-002
   5.0256941171878747E-002   7.5847030634041537E-002
   4.2957144722902477E-002   9.4429040992757604E-002
   3.4908558951914845E-002  0.10922107017926307     
   2.6584270131534873E-002  0.12015540573646674     
   1.8361357575934094E-002  0.12736179751391677     
   1.0513353564735432E-002  0.13109100230527096     
   3.2194327052269042E-003  0.13165612052089803     
  -3.4191729942505849E-003  0.12939293961603615     
  -9.3616382759280845E-003  0.12463585575522521     
  -1.4612116897277047E-002  0.11770516104187242     
  -1.9207377236252775E-002  0.10890285739487911     
  -2.3205805567537093E-002   9.8514966470695242E-002
  -2.6674241042171139E-002   8.6816586593462766E-002
  -2.9671421730106798E-002   7.4073053006508099E-002
  -3.2233357037514981E-002   6.0531670562062989E-002
  -3.4369695036991860E-002   4.6406193173189191E-002
  -3.6074449046516528E-002   3.1864261810032844E-002
  -3.7343564991687082E-002   1.7027338894160745E-002
  -3.8187299114364436E-002   1.9835161052972881E-003
  -3.8631365901296184E-002  -1.3194582943827684E-002
  -3.8709739850527482E-002  -2.8434975261709648E-002
  -3.8455556331567567E-002  -4.3657833550133876E-002
  -3.7894418482636603E-002  -5.8772393901243190E-002
  -3.7040864394152696E-002  -7.3677014782418879E-002
  -3.5896694052139681E-002  -8.8260274975801717E-002
  -3.4449910650521623E-002 -0.10240130965872744     
  -3.2674224853191533E-002 -0.11596840051878075     
  -3.0529555413813862E-002 -0.12881601740888671     
  -2.7963671362596691E-002 -0.14078099615235656     
  -2.4915746648152749E-002 -0.15167861706675398     
  -2.1322824797179986E-002 -0.16129991899258250     
  -1.7127411386239494E-002 -0.16941095271280296     
  -1.2282764731734598E-002 -0.17575241427402635     
  -6.7567910699932524E-003 -0.18003908265961333     
  -5.3931928650959710E-004 -0.18196149905597109     
   6.3454048248681267E-003 -0.18119122129417112     
   1.3823054620177815E-002 -0.17739109831089436     
   2.1751673043529578E-002 -0.17023401365042873     
   2.9902827397469023E-002 -0.15943479023312818     
   3.7945543134180693E-002 -0.14480050616402843     
   4.5442597751708259E-002 -0.12630261516134667     
   5.1872579002782311E-002 -0.10416513210288410     
   5.6689109946379684E-002  -7.8945087090812979E-002
   5.9415880549443939E-002  -5.1562987142742392E-002
   5.9753664521998442E-002  -2.3241367555220639E-002
   5.7657404981816048E-002   4.6560662494452036E-003
   5.3346884853779905E-002   3.0836990920256435E-002
   4.7246364758736052E-002   5.4263858914448168E-002
   3.9884135963673920E-002   7.4247305910806541E-002
   3.1794698479706771E-002   9.0443201929143846E-002
   2.3450770264595359E-002  0.10278871061034750     
   1.5229549611135967E-002  0.11141895094970285     
   7.4049995850980392E-003  0.11659063073574129     
   1.5606807155321505E-004  0.11862307022796098     
  -6.4171441959153521E-003  0.11785758508345716     
  -1.2274854837264891E-002  0.11463199343756020     
  -1.7420101772765918E-002  0.10926601155898390     
  -2.1883891323064206E-002  0.10205389226465741     
  -2.5713456901071484E-002   9.3261670866316190E-002
  -2.8963502586843277E-002   8.3127276472250378E-002
  -3.1690067109381825E-002   7.1862365525461214E-002
  -3.3946533389139236E-002   5.9655083725095828E-002
  -3.5781252483065622E-002   4.6673207870476234E-002
  -3.7236276536074975E-002   3.3067322936652266E-002
  -3.8346770997290731E-002   1.8973854256315412E-002
  -3.9140760705139992E-002   4.5179131031430966E-003
  -3.9638968663213141E-002  -1.0183983443007394E-002
  -3.9854622305604125E-002  -2.5021216194202469E-002
  -3.9793196859251492E-002  -3.9886302382312118E-002
  -3.9452132863562007E-002  -5.4672019608588744E-002
  -3.8820611067315033E-002  -6.9268411128542498E-002
  -3.7879487963971434E-002  -8.3559709762465073E-002
  -3.6601488683348886E-002  -9.7421249321060013E-002
  -3.4951730850386740E-002 -0.11071645229417738     
  -3.2888625376889406E-002 -0.12329398764818704     
  -3.0365183778935208E-002 -0.13498517731054313     
  -2.7330779988475530E-002 -0.14560169678677018     
  -2.3733491861804901E-002 -0.15493358647172747     
  -1.9523292810186318E-002 -0.16274760647666833     
  -1.4656554070887147E-002 -0.16878607647852822     
  -9.1024919389093659E-003 -0.17276658518053661     
  -2.8522675078735153E-003 -0.17438337025996084     
   4.0686714305531828E-003 -0.17331180776418056     
   1.1584838981179957E-002 -0.16921836147585254     
   1.9552297015538466E-002 -0.16177950380432285     
   2.7740014200311535E-002 -0.15071421663894169     
   3.5816136252368812E-002 -0.13583472333205465     
   4.3347719815239577E-002 -0.11711704156450779     
   4.9824865696408725E-002  -9.4784119544635406E-002
   5.4717809875921682E-002  -6.9379237177705666E-002
   5.7564532714134573E-002  -4.1792709874430456E-002
   5.8068187638799743E-002  -1.3205894578389870E-002
   5.6169006395978119E-002   1.5054657790138499E-002
   5.2059031630821755E-002   4.1713436940239657E-002
   4.6133101236544044E-002   6.5722767955695108E-002
   3.8899399722844383E-002   8.6362999044253805E-002
   3.0885773108253595E-002  0.10325314052054606     
   2.2568751232515852E-002  0.11629794985421257     
   1.4334160038564638E-002  0.12560894735970013     
   6.4652226370400063E-003  0.13142745700951650     
  -8.5082977766198049E-004  0.13406340787502030     
  -7.5065722599538011E-003  0.13385283596053396     
  -1.3455337865979638E-002  0.13113134405610938     
  -1.8693284242196583E-002  0.12621913742790766     
  -2.3244437652650166E-002  0.11941368829052670     
  -2.7149269504559786E-002  0.11098704664641568     
  -3.0456573672097226E-002  0.10118574791789579     
  -3.3218020764158154E-002   9.0232031797856535E-002
  -3.5484673342923746E-002   7.8325629033814306E-002
  -3.7304803833835824E-002   6.5645739932445241E-002
  -3.8722488942293937E-002   5.2353075807957720E-002
  -3.9776619852407727E-002   3.8591977124509846E-002
  -4.0500111014911119E-002   2.4492681811308682E-002
  -4.0919191595152650E-002   1.0173825930018114E-002
  -4.1052735415653310E-002  -4.2547637288435124E-003
  -4.0911639640407588E-002  -1.8688966985246913E-002
  -4.0498307704595629E-002  -3.3026990399091218E-002
  -3.9806325867450372E-002  -4.7165798782324395E-002
  -3.8820427277168661E-002  -6.0997499398955518E-002
  -3.7516799341195665E-002  -7.4405852998239347E-002
  -3.5863721916994065E-002  -8.7263078553553627E-002
  -3.3822459279086191E-002  -9.9427058530796142E-002
  -3.1348306366521923E-002 -0.11073894200072525     
  -2.8391745908915012E-002 -0.12102100990762610     
  -2.4899843710002974E-002 -0.13007456631975856     
  -2.0818308733521921E-002 -0.13767763586665618     
  -1.6095015259533826E-002 -0.14358246549934353     
  -1.0686077892822653E-002 -0.14751328749753598     
  -4.5656062910126981E-003 -0.14916547657973298     
   2.2600844062799397E-003 -0.14820807906265365     
   9.7338442282670461E-003 -0.14429267720574318     
   1.7726041991678234E-002 -0.13707260275474797     
   2.6013325240516180E-002 -0.12623726675354802     
   3.4263799139330649E-002 -0.11156583353018439     
   4.2037158755211190E-002  -9.3000890769380395E-002
   4.8809316644848832E-002  -7.0734315685909571E-002
   5.4028386255842692E-002  -4.5284246424268509E-002
   5.7200376559084831E-002  -1.7528880827560264E-002
   5.7988630371396850E-002   1.1338965145239381E-002
   5.6296291769023267E-002   3.9950963673269529E-002
   5.2297253029435720E-002   6.6967071724682470E-002
   4.6397578811249077E-002   9.1275352582751504E-002
   3.9141091317643997E-002  0.11211682210845016     
   3.1098235238937753E-002  0.12910577102010051     
   2.2777791259929157E-002  0.14216840347264084     
   1.4579887786981048E-002  0.15144756232659715     
   6.7861517975242357E-003  0.15721253881520608     
  -4.2718189006280325E-004  0.15979151610214742     
  -6.9664346951359988E-003  0.15952839488773232     
  -1.2796721872701476E-002  0.15675887602616381     
  -1.7921942424591466E-002  0.15179921675907976     
  -2.2370034424858343E-002  0.14494211181120498     
  -2.6183071573343045E-002  0.13645594901675784     
  -2.9410995454128053E-002  0.12658526557002325     
  -3.2107633683721146E-002  0.11555136528912838     
  -3.4327821858164437E-002  0.10355284829788630     
  -3.6124839141902378E-002   9.0766284703796829E-002
  -3.7547832470969669E-002   7.7347442124955729E-002
  -3.8639278556578872E-002   6.3433421296985606E-002
  -3.9432757004561503E-002   4.9145853237720298E-002
  -3.9951375509396161E-002   3.4595045259817388E-002
  -4.0207108159655322E-002   1.9884711938807666E-002
  -4.0201125599156014E-002   5.1167667275040310E-003
  -3.9924977958754028E-002  -9.6043704666360641E-003
  -3.9362296281022814E-002  -2.4168363670529595E-002
  -3.8490554901304902E-002  -3.8456611458415640E-002
  -3.7282429948044982E-002  -5.2340816405626073E-002
  -3.5706419684935993E-002  -6.5682064546118815E-002
  -3.3726643027543156E-002  -7.8329849961734699E-002
  -3.1302052228479600E-002  -9.0120476350284001E-002
  -2.8385626656019000E-002 -0.10087442723899510     
  -2.4924406246148528E-002 -0.11039261164945263     
  -2.0861415264441168E-002 -0.11845183577225012     
  -1.6140535468663640E-002 -0.12480036388808467     
  -1.0715138678695823E-002 -0.12915492786939187     
  -4.5607720595160564E-003 -0.13120096431964257     
   2.3085469277371426E-003 -0.13059821973886199     
   9.8217907708010414E-003 -0.12699422380993766     
   1.7832607804456724E-002 -0.12004841372249192     
   2.6104879636266416E-002 -0.10946949548438260     
   3.4306638373955110E-002  -9.5067255179947963E-002
   4.2016859804203131E-002  -7.6816905363188581E-002
   4.8749003797484022E-002  -5.4929052883684916E-002
   5.3994628679325064E-002  -2.9911450123440868E-002
   5.7289174493161614E-002  -2.5999121984225408E-003
   5.8295672356760253E-002   2.5871026920500913E-002
   5.6887254351998900E-002   5.4180086157328791E-002
   5.3194023604690208E-002   8.1003660564354124E-002
   4.7583532595935757E-002  0.10521618667499003     
   4.0575372694535067E-002  0.12602945802700530     
   3.2727578883721777E-002  0.14302640103303813     
   2.4542541022059907E-002  0.15610481651385388     
   1.6417379807106253E-002  0.16538202402899937     
   8.6346590420653107E-003  0.17110433521815810     
   1.3766494396463651E-003  0.17358042205808508     
  -5.2516064496325081E-003  0.17313985937086188     
  -1.1199639372179618E-002  0.17011096888523536     
  -1.6453856340457929E-002  0.16481058971693771     
  -2.1025624282462629E-002  0.15753972662856602     
  -2.4943862204596504E-002  0.14858136870012961     
  -2.8250410881884073E-002  0.13819865789333041     
  -3.0996618189724334E-002  0.12663281646403196     
  -3.3239953041315801E-002  0.11410107821884466     
  -3.5040070605008071E-002  0.10079530956632066     
  -3.6454382407226670E-002   8.6882047992318620E-002
  -3.7533626465030404E-002   7.2504442555793178E-002
  -3.8318147209439220E-002   5.7786157812631994E-002
  -3.8835549387373457E-002   4.2836812514358974E-002
  -3.9100085480127278E-002   2.7758128582511404E-002
  -3.9113692693114599E-002   1.2649807185511159E-002
  -3.8868178179894255E-002  -2.3857163198177161E-003
  -3.8347786956325583E-002  -1.7240102217391712E-002
  -3.7531346902317735E-002  -3.1797475063856370E-002
  -3.6393378266716930E-002  -4.5933812197709353E-002
  -3.4903928582977056E-002  -5.9516538281685141E-002
  -3.3027347626582687E-002  -7.2403472177943601E-002
  -3.0720630166152021E-002  -8.4440485625230918E-002
  -2.7932229622324639E-002  -9.5457632670342865E-002
  -2.4602344940602847E-002 -0.10526399642030478     
  -2.0665616431637501E-002 -0.11364197710902552     
  -1.6056959356018377E-002 -0.12034213136591940     
  -1.0720950526405201E-002 -0.12507992368114879     
  -4.6248170884862373E-003 -0.12753590505037979     
   2.2253038958848161E-003 -0.12736103606882962     
   9.7656239979232087E-003 -0.12418931246565097     
   1.7854999760357107E-002 -0.11766058910764099     
   2.6257024764962677E-002 -0.10745723246281941     
   3.4628535175948674E-002  -9.3358091816965166E-002
   4.2521468811749896E-002  -7.5310682153299183E-002
   4.9407005128907576E-002  -5.3515263732482048E-002
   5.4730284269410179E-002  -2.8501402701992848E-002
   5.7996746171963938E-002  -1.1622593260249431E-003
   5.8874833229235382E-002   2.7292859962354355E-002
   5.7280726985989600E-002   5.5484554717095604E-002
   5.3405626045564043E-002   8.2075261028584243E-002
   4.7667838760025533E-002  0.10597032163599927     
   4.0610359000980416E-002  0.12643418529733871     
   3.2789607556043397E-002  0.14309879820078136     
   2.4694035726549900E-002  0.15589585378445545     
   1.6704827856695966E-002  0.16496274151466409     
   9.0901007044993359E-003  0.17055718633990558     
   2.0183591000254857E-003  0.17299412399381181     
  -4.4202403337931396E-003  0.17260511400801704     
  -1.0192154514523738E-002  0.16971519604531640     
  -1.5301955017028284E-002  0.16463116364576105     
  -1.9778083148858486E-002  0.15763650439637086     
  -2.3662543912540638E-002  0.14898993946740180     
  -2.7003784065016707E-002  0.13892575126746551     
  -2.9851877959403264E-002  0.12765494651617443     
  -3.2255233582049084E-002  0.11536686219327066     
  -3.4258260065822062E-002  0.10223111104975367     
  -3.5899657347358449E-002   8.8399872291161349E-002
  -3.7211151932787054E-002   7.4010550953032037E-002
  -3.8216617976131684E-002   5.9188797862747548E-002
  -3.8931579355469932E-002   4.4051826516066872E-002
  -3.9363089389839574E-002   2.8711906082949098E-002
  -3.9509953041761789E-002   1.3279868242642979E-002
  -3.9363213476258513E-002  -2.1315452327500023E-003
  -3.8906790826905249E-002  -1.7404637422423572E-002
  -3.8118154666838801E-002  -3.2414090893949171E-002
  -3.6968942719607545E-002  -4.7024676821936937E-002
  -3.5425503843760725E-002  -6.1089261701636553E-002
  -3.3449429127843405E-002  -7.4446995432969426E-002
  -3.0998222871183485E-002  -8.6921566656787561E-002
  -2.8026345681499830E-002  -9.8319453899739923E-002
  -2.4486939547108615E-002 -0.10842818316636264     
  -2.0334626281363333E-002 -0.11701472962044150     
  -1.5529844732483009E-002 -0.12382438277459572     
  -1.0045223157570294E-002 -0.12858064150353929     
  -3.8744248747623489E-003 -0.13098703523810271     
   2.9562908437588582E-003 -0.13073221860299314     
   1.0373952587322703E-002 -0.12750030273145269     
   1.8243090520032507E-002 -0.12098914587345018     
   2.6350383090282658E-002 -0.11093998784683846     
   3.4393686302160678E-002  -9.7181682747058379E-002
   4.1981707148673157E-002  -7.9690498957158032E-002
   4.8652377084295449E-002  -5.8660220280307172E-002
   5.3916966391065628E-002  -3.4566441977096456E-002
   5.7330231145649488E-002  -8.1972065435093298E-003
   5.8573917725368761E-002   1.9380523416038999E-002
   5.7527617424142911E-002   4.6931757978855029E-002
   5.4298358211591895E-002   7.3219637033395443E-002
   4.9195184770539829E-002   9.7173335687691514E-002
   4.2659883873447386E-002  0.11800247949231332     
   3.5182433161092486E-002  0.13523309055394769     
   2.7228842460036182E-002  0.14867733544957881     
   1.9195242094309520E-002  0.15836831525980885     
   1.1388233081557670E-002  0.16448853237772504     
   4.0245543675585171E-003  0.16730865401207881     
  -2.7580265192080435E-003  0.16714226363584189     
  -8.8851521898242105E-003  0.16431576421246266     
  -1.4329891920138421E-002  0.15914999651397971     
  -1.9098551312026105E-002  0.15194994235792636     
  -2.3219145093976146E-002  0.14299961668603786     
  -2.6732623149170902E-002  0.13256009924253651     
  -2.9686514865091468E-002  0.12086936821504202     
  -3.2130480891883639E-002  0.10814312069454086     
  -3.4113243340810187E-002   9.4576117872182883E-002
  -3.5680433597615704E-002   8.0343829411756648E-002
  -3.6873015293378275E-002   6.5604303551374504E-002
  -3.7726071292188017E-002   5.0500271494538701E-002
  -3.8267852247142770E-002   3.5161520206506085E-002
  -3.8519055099191742E-002   1.9707549582455384E-002
  -3.8492331801587898E-002   4.2504843899029560E-003
  -3.8192028436768687E-002  -1.1101837294809435E-002
  -3.7614135444363359E-002  -2.6242704249143971E-002
  -3.6746405185488197E-002  -4.1063396772666273E-002
  -3.5568579452844931E-002  -5.5450130236402190E-002
  -3.4052683286295821E-002  -6.9281077561055060E-002
  -3.2163391381234661E-002  -8.2423427918303829E-002
  -2.9858554857657361E-002  -9.4730424936001492E-002
  -2.7090075938340716E-002 -0.10603834977188011     
  -2.3805423614575952E-002 -0.11616347652176393     
  -1.9950186137439260E-002 -0.12489913541187946     
  -1.5472145103133604E-002 -0.13201318002743520     
  -1.0327406479911445E-002 -0.13724637510012658     
  -4.4890965776671647E-003 -0.14031251418098997     
   2.0410149719635915E-003 -0.14090147803631237     
   9.2179082455073127E-003 -0.13868702583209766     
   1.6936217849961389E-002 -0.13334193961151675     
   2.5012143535975213E-002 -0.12456413896522511     
   3.3167597643209722E-002 -0.11211805626210072     
   4.1022522306620415E-002  -9.5894637538672264E-002
   4.8104581479428525E-002  -7.5988459970119743E-002
   5.3887049764124853E-002  -5.2779091829538043E-002
   5.7860982164331422E-002  -2.6987212574020598E-002
   5.9632771816481030E-002   3.3509934465214731E-004
   5.9017565694187223E-002   2.7908113828469854E-002
   5.6088683299756636E-002   5.4408035847230599E-002
   5.1158038548408842E-002   7.8668204694693475E-002
   4.4696960968270937E-002   9.9823183743769181E-002
   3.7234619246490359E-002  0.11735722164369712     
   2.9272012214500216E-002  0.13107046908619324     
   2.1229440160952653E-002  0.14100323472810800     
   1.3425861833581210E-002  0.14735406389194206     
   6.0805215911694426E-003  0.15041101884335886     
  -6.7301603741090513E-004  0.15050213273165367     
  -6.7681659180594475E-003  0.14796344863165836     
  -1.2186842001779821E-002  0.14312020942998080     
  -1.6943451771225419E-002  0.13627690518548516     
  -2.1072084887233312E-002  0.12771297722660543     
  -2.4616884360953731E-002  0.11768196649596939     
  -2.7625151326863114E-002  0.10641268789007585     
  -3.0142578367680212E-002   9.4111593915369968E-002
  -3.2210096633075683E-002   8.0965826486070647E-002
  -3.3861969362953770E-002   6.7146625419440303E-002
  -3.5124881152207056E-002   5.2812837471636016E-002
  -3.6017840185056646E-002   3.8114290527714159E-002
  -3.6552711326464517E-002   2.3194817791155946E-002
  -3.6735158127777584E-002   8.1947729390822992E-003
  -3.6565746377818807E-002  -6.7470321313166867E-003
  -3.6040983629658706E-002  -2.1491929522228091E-002
  -3.5154143238555875E-002  -3.5900406581399695E-002
  -3.3895830327154375E-002  -4.9831342632383577E-002
  -3.2254358046284314E-002  -6.3141289224787164E-002
  -3.0216089646324395E-002  -7.5683659978894618E-002
  -2.7765956399648517E-002  -8.7307771937085860E-002
  -2.4888378412192960E-002  -9.7857763062356107E-002
  -2.1568794200963796E-002 -0.10717147936070813     
  -1.7795980423974681E-002 -0.11507947086853215     
  -1.3565390766172648E-002 -0.12140428810497449     
  -8.8839104018203705E-003 -0.12596041587236950     
  -3.7766596656912733E-003 -0.12855553765385452     
   1.7033168855329162E-003 -0.12899449343318156     
   7.4615385564753738E-003 -0.12708839415437795     
   1.3344090961079764E-002 -0.12267314467960444     
   1.9116521553660917E-002 -0.11564412210720874     
   2.4447619476551215E-002 -0.10601465955545104     
   2.8917603861228748E-002  -9.3998008335283517E-002
   3.2076624767731127E-002  -8.0087657396810938E-002
   3.3561136850729777E-002  -6.5078688712649393E-002
   3.3228156217870869E-002  -4.9972187162779722E-002
   3.1228244108489206E-002  -3.5768710153431853E-002
   2.7961304047647163E-002  -2.3246811579819900E-002
   2.3940811779219424E-002  -1.2842477647057978E-002
   1.9652598092505396E-002  -4.6645849455959325E-003
   1.5474112296936212E-002   1.4104750082843801E-003
   1.1656823527168592E-002   5.6373743843346931E-003
   8.3411860341488335E-003   8.3258925648489659E-003
   5.5817395293849322E-003   9.7915473879099189E-003
   3.3735505253469529E-003   1.0327137986733457E-002
   1.6749356380849920E-003   1.0189203585743059E-002
   4.2401345767857532E-004   9.5932053993218833E-003
  -4.4979947873274222E-004   8.7133005843138059E-003
  -1.0177218370631682E-003   7.6849108536992767E-003
  -1.3463855596173649E-003   6.6090078884581318E-003
  -1.4949146657605593E-003   5.5571924858462502E-003
  -1.5135916469909015E-003   4.5769725458823232E-003
  -1.4436665216249020E-003   3.6968439553597952E-003
  -1.3179752462685913E-003   2.9308324953898571E-003
  -1.1619524890523673E-003   2.2823000573654402E-003
  -9.9469882439154333E-004   1.7470245079971103E-003
  -8.2994578465579174E-004   1.3156834074512140E-003
  -6.7689642108978735E-004   9.7588449486940760E-004
  -5.4099269924908313E-004   7.1383655637047142E-004
  -4.2467399077511378E-004   5.1568550279203489E-004
  -3.2814352815891084E-004   3.6849719762729698E-004
  -2.5010282041705887E-004   2.6087667134949190E-004
  -1.8839347795128318E-004   1.8325474848862513E-004
  -1.4050156839177699E-004   1.2791216173575876E-004
  -1.0391016263440442E-004   8.8828504716371138E-005
  -7.6313419985346481E-005   6.1438536716838335E-005
  -5.5721612271202485E-005   4.2359768843491075E-005
  -4.0490479849036096E-005   2.9132739172973567E-005
  -2.9304572436168680E-005   1.9995732387609707E-005
  -2.1137201394224852E-005   1.3701516639904081E-005
  -1.5202190567880836E-005   9.3749652007159936E-006
  -1.0906368295211525E-005   6.4061293503544955E-006
  -7.8072922617641690E-006   4.3719526294967618E-006
  -5.5778838055776121E-006   2.9800352956976342E-006
  -3.9780370168647015E-006   2.0287950648998999E-006
  -2.8324702031293572E-006   1.3795212410024081E-006
  -2.0137973447135569E-006   9.3690707366205907E-007
  -1.4297822522725071E-006   6.3555186031184415E-007
  -1.0138482108767574E-006   4.3063080080641145E-007
  -7.1807002463872156E-007   2.9145860061057417E-007
  -5.0803187223851161E-007   1.9705552306036524E-007
  -3.5907309204038509E-007   1.3309625197180712E-007
  -2.5355842440649297E-007   8.9812398653221960E-008
  -1.7889992516394043E-007   6.0552077520497656E-008
  -1.2612782414729170E-007   4.0791853518386925E-008
  -8.8860742700259959E-008   2.7459862761329791E-008
  -6.2565484115040084E-008   1.8472752716681032E-008
  -4.4026169344294538E-008   1.2419365771122603E-008
  -3.0964310656194715E-008   8.3449940736285186E-009
  -2.1767442061066868E-008   5.6044568279289503E-009
  -1.5295643609332721E-008   3.7621977781622062E-009
  -1.0743835298522696E-008   2.5244548392806576E-009
  -7.5439190812092675E-009   1.6932703963147787E-009
  -5.2953389725596424E-009   1.1353510337878660E-009
  -3.7158720592190600E-009   7.6100790659080895E-010
  -2.6067984994880233E-009   5.0993059195066203E-010
  -1.8282761026063756E-009   3.4158701546959953E-010
  -1.2819470974390892E-009   2.2875120649925757E-010
  -8.9866413816253233E-010   1.5314347738974795E-010
  -6.2983585004348415E-010   1.0249579427468937E-010
  -4.4132896943159103E-010   6.8577791807507177E-011
  -3.0917463918847840E-010   4.5869767179432038E-011
  -2.1654683201051669E-010   3.0671082357370491E-011
  -1.5163710744707737E-010   2.0501397034371757E-011
  -1.0616050701840752E-010   1.3698727542905281E-011
  -7.4305594896756276E-011   9.1497336978713397E-012
  -5.1996890708874698E-011   6.1087957957180987E-012
  -3.6376922952942602E-011   4.0766893169704573E-012
  -2.5442618019331396E-011   2.7192482797850068E-012
  -1.7790106453046156E-011   1.8128513278967680E-012
  -1.2435664609521016E-011   1.2078941269123054E-012
  -8.6901060302693652E-012   8.0431946884248201E-013
  -6.0706863054388330E-012   5.3522865201915753E-013
  -4.2393302037394509E-012   3.5590780186884232E-013
  -2.9593243411208374E-012   2.3648171564411956E-013
  -2.0649610751297393E-012   1.5699728968956898E-013
  -1.4402642817223266E-012   1.0413383553080925E-013
  -1.0040825237099859E-012   6.9002544516325661E-014
  -6.9964567505353993E-013   4.5674932726265800E-014
  -4.8724983567580308E-013   3.0199082175009033E-014
  -3.3913439569450432E-013   1.9942205462715053E-014
  -2.3589499120183167E-013   1.3151451511269009E-014
  -1.6397237368656905E-013   8.6606239652773130E-015
  -1.1389484148575165E-013   5.6944223540048436E-015
  -7.9048365960407809E-014   3.7378404304582784E-015
  -5.4816175840763530E-014   2.4490803198119169E-015
  -3.7976961763105957E-014   1.6015165359790082E-015
  -2.6284076952521546E-014   1.0450436601165122E-015
  -1.8171380659571668E-014   6.8035116940444728E-016
  -1.2547672502169620E-014   4.4181463454955133E-016
  -8.6530835582893488E-015   2.8612646750630820E-016
  -5.9587857206466481E-015   1.8474733877792467E-016
  -4.0969790905661070E-015   1.1889905488749462E-016
  -2.8120361467251486E-015   7.6246638043499262E-017
  -1.9264242665003388E-015   4.8702178185295077E-017
  -1.3169474563945445E-015   3.0972938214035743E-017
  -8.9819083839059355E-016   1.9602741121802701E-017
  -6.1099052861682608E-016   1.2339938308010830E-017
  -4.1440817890678926E-016   7.7213355830256792E-018
  -2.8014845606047731E-016   4.7987404599496982E-018
  -1.8867849134197496E-016   2.9595664428811747E-018
  -1.2653240835369932E-016   1.8093725101062532E-018
  -8.4440517079598031E-017   1.0951187979648320E-018
  -5.6031995126879519E-017   6.5514117328412878E-019
  -3.6936097708029464E-017   3.8662518153816817E-019
  -2.4160098963970501E-017   2.2451678004467642E-019
  -1.5659227046213245E-017   1.2789031971625725E-019
  -1.0039676628163756E-017   7.1166650892405791E-020
  -6.3537618242375064E-018   3.8476964799973467E-020
  -3.9587850321237077E-018   2.0060818743370599E-020
  -2.4198942192116959E-018   9.9751630984777598E-021
  -1.4432277654573931E-018   4.6452078818871691E-021
  -8.2992846837002512E-019   1.9558116561742355E-021
  -4.4433363847819092E-019   6.8412370446499498E-022
  -1.9091165109744071E-019   1.4307913381614313E-022
  -0.0000000000000000        0.0000000000000000     
