 Initial conditions outputted from a previous simulation. Time =    32.000000000000000     
   40.000000000000000        0.0000000000000000              500           1   32.000000000000000     
   6.2755792175944305E-002  -1.8570475044764549E-013
   6.1340675505666839E-002   2.6779147047493266E-002
   5.7720881065029109E-002   5.2217379228358417E-002
   5.2147200997010992E-002   7.5215297423719046E-002
   4.5186545158372234E-002   9.4894724955911905E-002
   3.7301570972667522E-002  0.11090566357235955     
   2.9015994240968717E-002  0.12305006071237527     
   2.0733696593328455E-002  0.13141446270629584     
   1.2756419569007024E-002  0.13622059946722750     
   5.2914061580042852E-003  0.13776370340681671     
  -1.5382524120129064E-003  0.13637590956866946     
  -7.6737622450764841E-003  0.13239377839504146     
  -1.3103062106981051E-002  0.12614107429569160     
  -1.7846589508335384E-002  0.11792071097136526     
  -2.1946012851654702E-002  0.10801073721964308     
  -2.5456388453496025E-002   9.6663879508083889E-002
  -2.8441527872328096E-002   8.4110258625077386E-002
  -3.0971838417115621E-002   7.0563287129082608E-002
  -3.3122434613746123E-002   5.6229233501825786E-002
  -3.4967139452922041E-002   4.1318829672053629E-002
  -3.6564789726442892E-002   2.6054756906734356E-002
  -3.7940868638878252E-002   1.0666679405793614E-002
  -3.9075511002953707E-002  -4.6287345270060402E-003
  -3.9908858240804396E-002  -1.9653882363071758E-002
  -4.0363830285665897E-002  -3.4286920493636248E-002
  -4.0374098829390241E-002  -4.8459100182097085E-002
  -3.9902714011732274E-002  -6.2135120773727480E-002
  -3.8945064246043638E-002  -7.5287333045639324E-002
  -3.7519691681166319E-002  -8.7874382503959736E-002
  -3.5654458163662889E-002  -9.9829165896478333E-002
  -3.3373792307117428E-002 -0.11105521612912986     
  -3.0689383276139834E-002 -0.12142776742241283     
  -2.7594501925956586E-002 -0.13079565988832967     
  -2.4061871187082688E-002 -0.13898162134747075     
  -2.0045870111025172E-002 -0.14578063037673053     
  -1.5489417659416856E-002 -0.15095812077725973     
  -1.0334203023267341E-002 -0.15424982897485984     
  -4.5341401161852618E-003 -0.15536374812043235     
   1.9257270938678847E-003 -0.15398530278316955     
   9.0072523111379109E-003 -0.14978777411898236     
   1.6602384197735007E-002 -0.14244820877224226     
   2.4523526860013061E-002 -0.13167178368052809     
   3.2495066492650097E-002 -0.11723188545583092     
   4.0146511781894115E-002  -9.9027053494240444E-002
   4.7019229942869327E-002  -7.7151896942811299E-002
   5.2599759176084393E-002  -5.1973423437011751E-002
   5.6385921744806167E-002  -2.4188311637013443E-002
   5.7979907129376347E-002   5.1786600257045980E-003
   5.7182972143453636E-002   3.4867313459211381E-002
   5.4051428841263439E-002   6.3558035059443366E-002
   4.8884212661594276E-002   9.0072686126947368E-002
   4.2147748989596293E-002  0.11352459238346074     
   3.4374753764486843E-002  0.13337474014458381     
   2.6075880489900966E-002  0.14940354994727281     
   1.7683815956470082E-002  0.16163707915444914     
   9.5302534335307484E-003  0.17026464739808980     
   1.8467860524615269E-003  0.17556930852882141     
  -5.2213187383549501E-003  0.17787804029036591     
  -1.1597257562113921E-002  0.17752962876717798     
  -1.7255350864217013E-002  0.17485526777954227     
  -2.2205845856358163E-002  0.17016756929610483     
  -2.6482458861250464E-002  0.16375498359608542     
  -3.0132749328932843E-002  0.15587954262459391     
  -3.3210939793398543E-002  0.14677661467434863     
  -3.5772688533724187E-002  0.13665594898348518     
  -3.7871409936701857E-002  0.12570358397784059     
  -3.9555772886653788E-002  0.11408433532824196     
  -4.0868070647039519E-002  0.10194467300969372     
  -4.1843254555831155E-002   8.9415835312626410E-002
  -4.2508467782912854E-002   7.6617037726699311E-002
  -4.2882922723126049E-002   6.3658657366503349E-002
  -4.2977983371166081E-002   5.0645312967044290E-002
  -4.2797334309649049E-002   3.7678806978244994E-002
  -4.2337135846712379E-002   2.4860946764428970E-002
  -4.1586096665469134E-002   1.2296305930090734E-002
  -4.0525446264612686E-002   9.5007632114536258E-005
  -3.9128849933458172E-002  -1.1624396978697556E-002
  -3.7362371609284330E-002  -2.2731912169463832E-002
  -3.5184656585582910E-002  -3.3082940112533807E-002
  -3.2547577371621741E-002  -4.2515028946958133E-002
  -2.9397648157255402E-002  -5.0844640450000637E-002
  -2.5678549850635606E-002  -5.7864141076460499E-002
  -2.1335127123921906E-002  -6.3339323510073903E-002
  -1.6319248364454936E-002  -6.7007883937101262E-002
  -1.0597958905691273E-002  -6.8579454628651199E-002
  -4.1643551661523087E-003  -6.7738110023827597E-002
   2.9485257727538219E-003  -6.4148836539353563E-002
   1.0650892412832314E-002  -5.7470362873214928E-002
   1.8777393056122523E-002  -4.7377944346640465E-002
   2.7068868430147570E-002  -3.3600810502936770E-002
   3.5159971402355099E-002  -1.5978937348493930E-002
   4.2581792075719369E-002   5.4597076929096145E-003
   4.8791777556717687E-002   3.0410535932834600E-002
   5.3240950699634082E-002   5.8219236443587404E-002
   5.5474912608045046E-002   8.7867982486882004E-002
   5.5241619045711371E-002  0.11806044769410576     
   5.2561118350190172E-002  0.14740474534978038     
   4.7721373629897111E-002  0.17463514135526753     
   4.1201389754734738E-002  0.19878588351675511     
   3.3560150486547806E-002  0.21926198152501694     
   2.5337445619507803E-002  0.23581279533219449     
   1.6991542728325475E-002  0.24845261084212872     
   8.8739178951598181E-003  0.25737139582447899     
   1.2297083959279913E-003  0.26285960727411817     
  -5.7880644093823846E-003  0.26525417354798619     
  -1.2099348349588970E-002  0.26490370674505048     
  -1.7678162221711237E-002  0.26214783111815837     
  -2.2536159624224863E-002  0.25730580091391902     
  -2.6709294554729240E-002  0.25067093618520098     
  -3.0247548423999685E-002  0.24250858807569481     
  -3.3207323211023043E-002  0.23305623597985728     
  -3.5646004494154407E-002  0.22252492083750705     
  -3.7618247602732101E-002  0.21110152880050084     
  -3.9173592296201314E-002  0.19895158485916076     
  -4.0355063388524744E-002  0.18622230339279805     
  -4.1198472336476499E-002  0.17304570838831887     
  -4.1732173719267698E-002  0.15954169886087494     
  -4.1977063582401782E-002  0.14582099667609863     
  -4.1946649847677958E-002  0.13198796622246092     
  -4.1647071899100489E-002  0.11814333988950065     
  -4.1076995436047370E-002  0.10438692369755381     
  -4.0227367232777325E-002   9.0820384886834069E-002
  -3.9081081634198225E-002   7.7550221231758254E-002
  -3.7612670961478523E-002   6.4690971364691180E-002
  -3.5788169473020257E-002   5.2368657527273973E-002
  -3.3565320202837458E-002   4.0724384135993441E-002
  -3.0894318104635176E-002   2.9917967656715571E-002
  -2.7719320967556443E-002   2.0131441095070150E-002
  -2.3981002224128595E-002   1.1572241139003710E-002
  -1.9620468764457777E-002   4.4758335143426078E-003
  -1.4584941759921317E-002  -8.9255393085397325E-004
  -8.8356942130426667E-003  -4.2375858871720922E-003
  -2.3587954387053610E-003  -5.2356884628155494E-003
   4.8208657315219478E-003  -3.5405708557835701E-003
   1.2622146277770899E-002   1.2051642099017352E-003
   2.0887488547047903E-002   9.3485023471762962E-003
   2.9362405290956680E-002   2.1189324554180187E-002
   3.7680034265257289E-002   3.6922854978039467E-002
   4.5360684671457686E-002   5.6558740450545354E-002
   5.1840376511863434E-002   7.9824978448491818E-002
   5.6540509853510015E-002  0.10608485170651714     
   5.8975985853047613E-002  0.13431511924728154     
   5.8872449786281748E-002  0.16319078234587570     
   5.6242883699703830E-002  0.19127764943227468     
   5.1383802859471271E-002  0.21726869769222798     
   4.4792958969396335E-002  0.24016933338249216     
   3.7051265741716494E-002  0.25937189280886352     
   2.8718542091715513E-002  0.27462682493580193     
   2.0268668877918491E-002  0.28595857443174738     
   1.2063510539754402E-002  0.29357181715583186     
   4.3535556419571240E-003  0.29777277832844473     
  -2.7071192491044953E-003  0.29891288667714788     
  -9.0407787675403795E-003  0.29735257424480677     
  -1.4626166758724031E-002  0.29343978994460784     
  -1.9481063010287764E-002  0.28749825159214021     
  -2.3647977682622470E-002  0.27982190583145738     
  -2.7183086089568671E-002  0.27067322370294528     
  -3.0148105427086500E-002  0.26028383206087591     
  -3.2604642557865528E-002  0.24885657060298913     
  -3.4610504802218944E-002  0.23656836773999365     
  -3.6217438374152755E-002  0.22357351625023211     
  -3.7469805484851917E-002  0.21000710146515239     
  -3.8403839273671338E-002  0.19598847472440739     
  -3.9047248417813124E-002  0.18162474825190486     
  -3.9419043897300853E-002  0.16701430559958574     
  -3.9529512385220074E-002  0.15225029579412733     
  -3.9380260413158154E-002  0.13742406454001460     
  -3.8964244035361632E-002  0.12262851106395933     
  -3.8265734670503274E-002  0.10796142456583427     
  -3.7260260120410733E-002   9.3528889058082709E-002
  -3.5914654892687796E-002   7.9448803103078586E-002
  -3.4187402915107128E-002   6.5854453842596000E-002
  -3.2029444451960348E-002   5.2897979115704742E-002
  -2.9385574241157293E-002   4.0753514513473935E-002
  -2.6196521567693861E-002   2.9619870751394679E-002
  -2.2401827550418085E-002   1.9722679874790171E-002
  -1.7943779576066795E-002   1.1316006933006122E-002
  -1.2772938905615421E-002   4.6833428082350284E-003
  -6.8560972954441381E-003   1.3756373073526049E-004
  -1.8760222004227052E-004  -1.9812126143525133E-003
   7.1953395086678156E-003  -1.3119244058430808E-003
   1.5193692560252081E-002   2.5137377207611476E-003
   2.3625821436644601E-002   9.8458433443790114E-003
   3.2208870564712333E-002   2.0974003328402886E-002
   4.0548766610204526E-002   3.6064576615262536E-002
   4.8148120546985911E-002   5.5078120710141371E-002
   5.4443340898327003E-002   7.7678850669897034E-002
   5.8879478065711338E-002  0.10316578070787516     
   6.1017272213791905E-002  0.13047127208624845     
   6.0641731950589514E-002  0.15826516128737375     
   5.7822968619181452E-002  0.18515563252219638     
   5.2893640439787025E-002  0.20991502247253926     
   4.6353751440000236E-002  0.23163757143143038     
   3.8754375514036814E-002  0.24978355341921693     
   3.0609866505959482E-002  0.26413427346169827     
   2.2353066912825469E-002  0.27471193617242567     
   1.4320246546799406E-002  0.28170146997202383     
   6.7502417887729312E-003  0.28538592204953522     
  -2.0867518176159443E-004  0.28609576491767058     
  -6.4855603702607678E-003  0.28417098232695570     
  -1.2068334027101939E-002  0.27993529890992142     
  -1.6982504050417385E-002  0.27368220095635282     
  -2.1270940190239420E-002  0.26567168416458470     
  -2.4978934739079577E-002  0.25613488554293062     
  -2.8147144159038524E-002  0.24528215476966420     
  -3.0812036116008069E-002  0.23330990764491530     
  -3.3010654523546124E-002  0.22040308077393361     
  -3.4785141512845702E-002  0.20673263131285308     
  -3.6183149850717071E-002  0.19245022733853945     
  -3.7252692831316749E-002  0.17768395960653030     
  -3.8033005065851791E-002  0.16253886276375162     
  -3.8545338848140140E-002  0.14710410441145758     
  -3.8788196782378839E-002  0.13146551142599819     
  -3.8739802370707926E-002  0.11571915840465383     
  -3.8367260163340432E-002   9.9980752569988188E-002
  -3.7638524402397615E-002   8.4387223736816355E-002
  -3.6531706862002612E-002   6.9090420761457078E-002
  -3.5037140634393039E-002   5.4246416806014323E-002
  -3.3150538910863968E-002   4.0006153794419762E-002
  -3.0859484098425160E-002   2.6513183866038282E-002
  -2.8129037191709279E-002   1.3911828152148739E-002
  -2.4893937211525049E-002   2.3646744948217684E-003
  -2.1063381719438386E-002  -7.9263704271841269E-003
  -1.6539799739152282E-002  -1.6703951274188954E-002
  -1.1247240956060490E-002  -2.3651763974533013E-002
  -5.1605797396862569E-003  -2.8407643113826129E-002
   1.6747321772157091E-003  -3.0592033976784727E-002
   9.1404668962892927E-003  -2.9845145557829390E-002
   1.7062301341534684E-002  -2.5861165146143936E-002
   2.5235028279403146E-002  -1.8406832265383859E-002
   3.3434122465583450E-002  -7.3203199052986048E-003
   4.1391467436200396E-002   7.4927746928523829E-003
   4.8736886156260040E-002   2.6027107635176450E-002
   5.4950933816131649E-002   4.8072523437585439E-002
   5.9404721962351865E-002   7.3054714414579530E-002
   6.1528224814469457E-002   9.9930801563404933E-002
   6.1039359861527635E-002  0.12728160116912288     
   5.8072920743212957E-002  0.15362040983606054     
   5.3099735232240514E-002  0.17773845545076269     
   4.6704815174891473E-002  0.19886479555388856     
   3.9402440599730873E-002  0.21660358477146829     
   3.1585166266462267E-002  0.23079128117303629     
   2.3560420307741935E-002  0.24140001859883028     
   1.5592132475633803E-002  0.24850180105242187     
   7.9162241264747069E-003  0.25225893359631624     
   7.3500204163704918E-004  0.25291624161564463     
  -5.7991662781572851E-003  0.25078362717052011     
  -1.1597996247338880E-002  0.24620742548984936     
  -1.6639090085814257E-002  0.23953841745346219     
  -2.0955650662435845E-002  0.23110480334788622     
  -2.4619442265454490E-002  0.22119350491497183     
  -2.7720926401473757E-002  0.21004081417456810     
  -3.0350025892505780E-002  0.19783267762294052     
  -3.2581174208269212E-002  0.18471324534510319     
  -3.4464839264123914E-002  0.17079869848892029     
  -3.6025861801597267E-002  0.15619268811250597     
  -3.7267563656895639E-002  0.14099984922417075     
  -3.8179403772683265E-002  0.12533484246685955     
  -3.8745461877049268E-002  0.10932600197447527     
  -3.8951488380038486E-002   9.3114204045001980E-002
  -3.8789152513329719E-002   7.6848522927880594E-002
  -3.8256996150960801E-002   6.0680607564726229E-002
  -3.7358340636830432E-002   4.4759650094600062E-002
  -3.6096942759220464E-002   2.9229446484199541E-002
  -3.4471532526693043E-002   1.4228483342405627E-002
  -3.2470515175854482E-002  -1.0667960331929619E-004
  -3.0068087491964952E-002  -1.3635137073922726E-002
  -2.7222793805629867E-002  -2.6203464794282889E-002
  -2.3879160336524850E-002  -3.7637017637258671E-002
  -1.9972592761831665E-002  -4.7732182931337817E-002
  -1.5437334162833483E-002  -5.6250917948855894E-002
  -1.0217057340866887E-002  -6.2918597417456326E-002
  -4.2776041679413726E-003  -6.7425945247272703E-002
   2.3786161775138227E-003  -6.9435823919327691E-002
   9.6971489325257364E-003  -6.8596014940252942E-002
   1.7555861307760826E-002  -6.4559799679934388E-002
   2.5750854624798453E-002  -5.7016871546027983E-002
   3.3986954782233847E-002  -4.5737266564993960E-002
   4.1877695900661420E-002  -3.0629486649088458E-002
   4.8961616947040182E-002  -1.1809219510331601E-002
   5.4741923042402260E-002   1.0334175603500782E-002
   5.8752059017929854E-002   3.5098085880423228E-002
   6.0638298399326981E-002   6.1484879166474576E-002
   6.0235616600459986E-002   8.8297227670608269E-002
   5.7606176176869209E-002  0.11429675914928676     
   5.3021407775879867E-002  0.13837598076021215     
   4.6895182018948059E-002  0.15968380498134982     
   3.9697740508061380E-002  0.17767238252369930     
   3.1881779406773177E-002  0.19207395931178245     
   2.3836725593187010E-002  0.20284002657787337     
   1.5870641214984882E-002  0.21007345619712359     
   8.2112207278056334E-003  0.21397104471112754     
   1.0167602520678915E-003  0.21478196742857658     
  -5.6096873593369356E-003  0.21278086635078236     
  -1.1606916497078151E-002  0.20825173880995038     
  -1.6944564402088878E-002  0.20147875194684298     
  -2.1614795067034311E-002  0.19274102265604726     
  -2.5626373893202749E-002  0.18230939228025261     
  -2.9000593476187178E-002  0.17044404409438579     
  -3.1768465402652095E-002  0.15739238895039009     
  -3.3968664603962806E-002  0.14338697551005664     
  -3.5645815989992120E-002  0.12864336471067050     
  -3.6848805182926637E-002  0.11335805160826774     
  -3.7628869016097861E-002   9.7706658275186709E-002
  -3.8037294456396260E-002   8.1842732821534356E-002
  -3.8122650424357744E-002   6.5897533166937666E-002
  -3.7927591295342698E-002   4.9981145967299585E-002
  -3.7485385080327463E-002   3.4185220288425147E-002
  -3.6816432036042873E-002   1.8587494658570038E-002
  -3.5925146874001022E-002   3.2581338742507758E-003
  -3.4797642493033250E-002  -1.1732359132358379E-002
  -3.3400632003882394E-002  -2.6304185019083520E-002
  -3.1681863303726028E-002  -4.0358996707564494E-002
  -2.9572268018534947E-002  -5.3771177590608364E-002
  -2.6989894248887331E-002  -6.6380394196441497E-002
  -2.3845628329111312E-002  -7.7986017748621198E-002
  -2.0050714242866734E-002  -8.8343859778202791E-002
  -1.5526148363763159E-002  -9.7165582462723776E-002
  -1.0214102906790298E-002 -0.10412120837484252     
  -4.0914996900673342E-003 -0.10884546790326442     
   2.8144255872851738E-003 -0.11094934789935924     
   1.0409432462591784E-002 -0.11003907784231769     
   1.8516648655574980E-002 -0.10574558468040346     
   2.6866217573214255E-002  -9.7767359685221475E-002
   3.5096655965708795E-002  -8.5927272158687187E-002
   4.2775161474120388E-002  -7.0237610688415025E-002
   4.9440853299585648E-002  -5.0958000433462297E-002
   5.4666081741326152E-002  -2.8623047135018464E-002
   5.8119676011607342E-002  -4.0196052756847744E-003
   5.9610746717712090E-002   2.1888131417453400E-002
   5.9099370741136005E-002   4.8063439553980916E-002
   5.6677515803984925E-002   7.3498319027058320E-002
   5.2536573357585811E-002   9.7288097180457084E-002
   4.6937122763963127E-002  0.11867638991061470     
   4.0186014002039479E-002  0.13707913410818490     
   3.2617119373665349E-002  0.15209502014284731     
   2.4571172188607496E-002  0.16350386763109778     
   1.6374016344871192E-002  0.17125234079518797     
   8.3162106051797701E-003  0.17542843239683326     
   6.3801233891386635E-004  0.17622920608213213     
  -6.4777441832776523E-003  0.17392765747475317     
  -1.2905191374183167E-002  0.16884328252140693     
  -1.8569695921269964E-002  0.16131855481731078     
  -2.3439410140535410E-002  0.15170157352631464     
  -2.7516102381281840E-002  0.14033395433672824     
  -3.0826628691974972E-002  0.12754260283364152     
  -3.3415741922901698E-002  0.11363416672926228     
  -3.5340349785991758E-002   9.8891289027169704E-002
  -3.6665011122797048E-002   8.3570044988941411E-002
  -3.7458333623358459E-002   6.7898177666826709E-002
  -3.7789892547689705E-002   5.2073982991480382E-002
  -3.7727327168666086E-002   3.6265916064975479E-002
  -3.7333394340273426E-002   2.0613166674227652E-002
  -3.6662923140711914E-002   5.2275216061872390E-003
  -3.5759765416029321E-002  -9.8032505447664554E-003
  -3.4653944953679489E-002  -2.4410434625590352E-002
  -3.3359281563739324E-002  -3.8537943893534821E-002
  -3.1871796970412203E-002  -5.2134710161807013E-002
  -3.0169143297532383E-002  -6.5146335384176857E-002
  -2.8211139383785160E-002  -7.7506595422891456E-002
  -2.5941378960034248E-002  -8.9129377741613197E-002
  -2.3289873870341996E-002  -9.9901431663156320E-002
  -2.0176771665229177E-002 -0.10967605245085471     
  -1.6517336603982274E-002 -0.11826768761747171     
  -1.2228723973539961E-002 -0.12544750038488209     
  -7.2396206640468015E-003 -0.13094014916874466     
  -1.5043507015749336E-003 -0.13442260146063445     
   4.9766735013539063E-003 -0.13552707914685563     
   1.2128320939093865E-002 -0.13385266689880965     
   1.9762885807572038E-002 -0.12899414363792028     
   2.7535758923066089E-002 -0.12060242786920047     
   3.4909630959943892E-002 -0.10849519735035419     
   4.1165295630101163E-002  -9.2823558149175811E-002
   4.5511945309606922E-002  -7.4248220423323602E-002
   4.7312368971351784E-002  -5.4000613383264534E-002
   4.6335758098531563E-002  -3.3697140248746996E-002
   4.2872044890734824E-002  -1.4928353695890692E-002
   3.7611133401845201E-002   1.1485476170963219E-003
   3.1374845320923869E-002   1.3976604838871261E-002
   2.4886495833958019E-002   2.3507215246480976E-002
   1.8674073118549874E-002   3.0008371459510335E-002
   1.3071037831449639E-002   3.3902784661478093E-002
   8.2511055014967572E-003   3.5662368994449377E-002
   4.2708284473274034E-003   3.5746212579050883E-002
   1.1106584619429392E-003   3.4570559976568924E-002
  -1.2941368268889781E-003   3.2497866176791797E-002
  -3.0330362198015296E-003   2.9833966513220747E-002
  -4.2058407907948113E-003   2.6829331335376044E-002
  -4.9127866522351267E-003   2.3683019520313826E-002
  -5.2486275235446318E-003   2.0547799848467368E-002
  -5.2990127568010937E-003   1.7535754912844977E-002
  -5.1382593395816450E-003   1.4724362160797887E-002
  -4.8285033842442749E-003   1.2162835692215294E-002
  -4.4200588240495241E-003   9.8782925940655002E-003
  -3.9527172402977779E-003   7.8812948367725146E-003
  -3.4577139614766421E-003   6.1703248233973100E-003
  -2.9598327647457736E-003   4.7349284746624537E-003
  -2.4790226137171071E-003   3.5576676137497412E-003
  -2.0311733172202768E-003   2.6154043721092722E-003
  -1.6281273962613749E-003   1.8805438945921423E-003
  -1.2773556431047537E-003   1.3226492402562706E-003
  -9.8182456057780473E-004   9.1044992794360024E-004
  -7.4038838100031563E-004   6.1392370423206193E-004
  -5.4870369452947592E-004   4.0602487658547440E-004
  -4.0041748390407645E-004   2.6376828409110031E-004
  -2.8832515370020944E-004   1.6861360841276824E-004
  -2.0528779097801441E-004   1.0628249844392690E-004
  -1.4483158089099204E-004   6.6220038126774849E-005
  -1.0145219260532094E-004   4.0901508698204159E-005
  -7.0695079933147585E-005   2.5131975551743578E-005
  -4.9092637127151591E-005   1.5425793373824132E-005
  -3.4027962826244288E-005   9.5030362326700289E-006
  -2.3574907763958269E-005   5.9061097042536412E-006
  -1.6344032960885369E-005   3.7219268019940440E-006
  -1.1348988922734775E-005   2.3886026901545891E-006
  -7.8982123239405657E-006   1.5655697775699132E-006
  -5.5113063817453418E-006   1.0488914904056264E-006
  -3.8567401265004795E-006   7.1746419110250499E-007
  -2.7066508396929491E-006   4.9962758436265859E-007
  -1.9047263334737592E-006   3.5287628463554728E-007
  -1.3437468918469863E-006   2.5175880214160921E-007
  -9.5006466940296298E-007   1.8077015934723681E-007
  -6.7296237570384218E-007   1.3022849934440116E-007
  -4.7739494551415425E-007   9.3903087112153398E-008
  -3.3905233811100856E-007   6.7652996446118836E-008
  -2.4100221952077820E-007   4.8641094456302408E-008
  -1.7140312969739619E-007   3.4873079326795098E-008
  -1.2194218217120711E-007   2.4920000758248695E-008
  -8.6763491509460647E-008   1.7745025022583592E-008
  -6.1729644401584650E-008   1.2590574982856905E-008
  -4.3910082585530054E-008   8.9016618635264691E-009
  -3.1224894153812550E-008   6.2719041929732735E-009
  -2.2195616713434436E-008   4.4044834789664575E-009
  -1.5770132394091992E-008   3.0834163042038904E-009
  -1.1199153494350842E-008   2.1522338088518067E-009
  -7.9488209404775271E-009   1.4981166779656600E-009
  -5.6386957240507551E-009   1.0401053446848499E-009
  -3.9976760446525550E-009   7.2037277005605937E-010
  -2.8326113460185897E-009   4.9779842051706954E-010
  -2.0059331800775937E-009   3.4326438156337723E-010
  -1.4197020060211395E-009   2.3623282809608352E-010
  -1.0042259469571838E-009   1.6227060446682885E-010
  -7.0994073738208515E-010   1.1126896447058250E-010
  -5.0161720249682876E-010   7.6170043187147261E-011
  -3.5423033044429856E-010   5.2060319328139572E-011
  -2.5001454402230972E-010   3.5528251022112183E-011
  -1.7636562025412946E-010   2.4211002773427834E-011
  -1.2434668585022892E-010   1.6475825052144042E-011
  -8.7625014317156172E-011   1.1196870972830911E-011
  -6.1715883874259768E-011   7.5993654294951946E-012
  -4.3445164450783147E-011   5.1511211195361988E-012
  -3.0567611870076818E-011   3.4872199715223927E-012
  -2.1495932029859444E-011   2.3578508774791518E-012
  -1.5108593617361286E-011   1.5922674003854021E-012
  -1.0613586899430668E-011   1.0739367770743217E-012
  -7.4519022681231349E-012   7.2343913079286164E-013
  -5.2291898852608881E-012   4.8672154834803990E-013
  -3.6674009011318787E-012   3.2704415339742385E-013
  -2.5705875522807531E-012   2.1946667443190781E-013
  -1.8007300689482828E-012   1.4707994225467203E-013
  -1.2606599942323600E-012   9.8433828363236212E-014
  -8.8200304803150323E-013   6.5784219614238115E-014
  -6.1667050401519358E-013   4.3899817860451770E-014
  -4.3085778178787548E-013   2.9251035202325377E-014
  -3.0081358019646968E-013   1.9459319289640814E-014
  -2.0985867990571286E-013   1.2923747908684517E-014
  -1.4628632971027120E-013   8.5681325084677231E-015
  -1.0188423927450330E-013   5.6699426984127514E-015
  -7.0894652589401183E-014   3.7447166004890627E-015
  -4.9283011509611333E-014   2.4680533450161603E-015
  -3.4223889716249356E-014   1.6230310155808573E-015
  -2.3739827883660338E-014   1.0648055251167134E-015
  -1.6447719429426388E-014   6.9680569973066648E-016
  -1.1380810795746376E-014   4.5474597068503259E-016
  -7.8638374469319567E-015   2.9590305594757265E-016
  -5.4254809127797918E-015   1.9193286901025329E-016
  -3.7370259546899412E-015   1.2406542437256658E-016
  -2.5694013234578156E-015   7.9895039549557447E-017
  -1.7631127802185281E-015   5.1239357708207787E-017
  -1.2072124640142247E-015   3.2713494611679853E-017
  -8.2459840302784855E-016   2.0781988042053286E-017
  -5.6174584540586920E-016   1.3129518218819647E-017
  -3.8153949175341206E-016   8.2439734161084299E-018
  -2.5827402867487280E-016   5.1407384496063840E-018
  -1.7416984013842589E-016   3.1807453794878955E-018
  -1.1694676652473055E-016   1.9506636616947346E-018
  -7.8136155109096518E-017   1.1841934085652059E-018
  -5.1907679762081111E-017   7.1049145527782390E-019
  -3.4254783521518010E-017   4.2046911701627615E-019
  -2.2429740901935422E-017   2.4483399616445895E-019
  -1.4552302281439642E-017   1.3982971007597688E-019
  -9.3389185689520035E-018   7.8007662498772843E-020
  -5.9156290858457643E-018   4.2278499288101315E-020
  -3.6889194046169199E-018   2.2094378697433669E-020
  -2.2566772408338015E-018   1.1010806924020699E-020
  -1.3468069593671588E-018   5.1382607322678090E-021
  -7.7493239472034358E-019   2.1676163417431541E-021
  -4.1508871918548876E-019   7.5954628605422959E-022
  -1.7842619864321211E-019   1.5913811783015938E-022
  -0.0000000000000000        0.0000000000000000     
