 Initial conditions outputted from a previous simulation. Time =    49.600000000000001     
   40.000000000000000        0.0000000000000000              500           1   49.600000000000001     
   2.9371262633371090E-003  0.14947051209280315     
  -3.6748729661336809E-003  0.14708706990159487     
  -9.5760441354182831E-003  0.14223867873377066     
  -1.4768570424370304E-002  0.13523704695032976     
  -1.9280778867159551E-002  0.12637966226154562     
  -2.3153404328206180E-002  0.11593441043740921     
  -2.6439974330723842E-002  0.10414183082390088     
  -2.9193925178629301E-002   9.1217948890264341E-002
  -3.1467243547663698E-002   7.7355183265037306E-002
  -3.3307842724247361E-002   6.2724961661577205E-002
  -3.4757506174477606E-002   4.7480639413465059E-002
  -3.5851094858672307E-002   3.1760336082228689E-002
  -3.6616126116286757E-002   1.5689886345990063E-002
  -3.7072535128521322E-002  -6.1419418178300898E-004
  -3.7232716849252848E-002  -1.7041778234427176E-002
  -3.7101792341916066E-002  -3.3486140570337060E-002
  -3.6678090657215376E-002  -4.9840761692164122E-002
  -3.5953880200110394E-002  -6.5995655117175464E-002
  -3.4916146332389514E-002  -8.1832893521884900E-002
  -3.3546795168287971E-002  -9.7221298782820278E-002
  -3.1821513017468113E-002 -0.11201101955033438     
  -2.9707141997285129E-002 -0.12602952786082480     
  -2.7158746665687079E-002 -0.13908058475731230     
  -2.4118567191449520E-002 -0.15094654157366152     
  -2.0518823246316809E-002 -0.16139262490159254     
  -1.6288948076369901E-002 -0.17017083704638691     
  -1.1366291028735809E-002 -0.17702151193792778     
  -5.7085765771142079E-003 -0.18167218464312021     
   6.9323518730464472E-004 -0.18383549615075884     
   7.8019427064153265E-003 -0.18320958040413654     
   1.5520272495768390E-002 -0.17948534930245191     
   2.3675820623045799E-002 -0.17236538663315007     
   3.2006338163040438E-002 -0.16159897183962596     
   4.0150118844697498E-002 -0.14703663119602489     
   4.7649685356652857E-002 -0.12870400205985544     
   5.3979540987315798E-002 -0.10688612195264766     
   5.8607286768521234E-002  -8.2198107194392675E-002
   6.1086139448753837E-002  -5.5602798379303590E-002
   6.1155482712900583E-002  -2.8338089194754470E-002
   5.8808997173851012E-002  -1.7512740986167232E-003
   5.4296931233752455E-002   2.2909228450618810E-002
   4.8061123391986309E-002   4.4665453296458428E-002
   4.0634444736760256E-002   6.2889339958826410E-002
   3.2545455035542216E-002   7.7289637648507450E-002
   2.4253585044610490E-002   8.7843340957408214E-002
   1.6118894676985632E-002   9.4711421285407216E-002
   8.3982546288565996E-003   9.8163915962797291E-002
   1.2569127879984595E-003   9.8524370658696930E-002
  -5.2138614999556882E-003   9.6133282914810617E-002
  -1.0978669667686030E-002   9.1325748343897908E-002
  -1.6041694108524157E-002   8.4418706064990065E-002
  -2.0433029384473531E-002   7.5704564258330775E-002
  -2.4197979266013834E-002   6.5448851739445202E-002
  -2.7389174838630504E-002   5.3890232666997377E-002
  -3.0061003149033341E-002   4.1241879867666933E-002
  -3.2265804932656170E-002   2.7693621547726539E-002
  -3.4051382950687673E-002   1.3414512985194147E-002
  -3.5459436402525815E-002  -1.4443550314534107E-003
  -3.6524623757256673E-002  -1.6746914685449543E-002
  -3.7274031355700461E-002  -3.2369114632776037E-002
  -3.7726873101615960E-002  -4.8195883397749432E-002
  -3.7894301021680163E-002  -6.4118064867514771E-002
  -3.7779279555463320E-002  -8.0029316317606666E-002
  -3.7376540327145526E-002  -9.5822975053889772E-002
  -3.6672661269867200E-002 -0.11138893144970662     
  -3.5646300622386225E-002 -0.12661057109104867     
  -3.4268582072794977E-002 -0.14136184550658751     
  -3.2503607743818670E-002 -0.15550449509167838     
  -3.0309106035472579E-002 -0.16888539700956548     
  -2.7637315034258494E-002 -0.18133397721433966     
  -2.4436342833808956E-002 -0.19265964173802091     
  -2.0652398026345008E-002 -0.20264926769994041     
  -1.6233408545631784E-002 -0.21106495247848639     
  -1.1134614404688551E-002 -0.21764244701526558     
  -5.3267059668458457E-003 -0.22209100527201517     
   1.1930458421545813E-003 -0.22409580371347856     
   8.3865163472863370E-003 -0.22332468565613453     
   1.6157735986817700E-002 -0.21944181007127742     
   2.4334634035216553E-002 -0.21213174017810063     
   3.2652647889427698E-002 -0.20113814393433013     
   4.0745747417754434E-002 -0.18632048781055771     
   4.8153192720424703E-002 -0.16772793454051577     
   5.4351838122355098E-002 -0.14567995467659275     
   5.8820561872532838E-002 -0.12082836815660954     
   6.1131782909862091E-002  -9.4163348343819106E-002
   6.1046642453573045E-002  -6.6931751121695499E-002
   5.8576953347522887E-002  -4.0470231200805548E-002
   5.3983914851296819E-002  -1.6003280804854237E-002
   4.7712601495299149E-002   5.5197911216333627E-003
   4.0292379179494089E-002   2.3498167796559413E-002
   3.2243023490490498E-002   3.7662754559087727E-002
   2.4011813004156730E-002   4.8005309210146833E-002
   1.5945642746471915E-002   5.4693639994516860E-002
   8.2894348643312542E-003   5.7997950430544690E-002
   1.1993224598992264E-003   5.8237258723720653E-002
  -5.2387169790402682E-003   5.5744940917575148E-002
  -1.0990506751749604E-002   5.0848538382408756E-002
  -1.6058100860359328E-002   4.3858790195700381E-002
  -2.0467498888855341E-002   3.5064163234144671E-002
  -2.4259280274014496E-002   2.4728567010762224E-002
  -2.7481600785189096E-002   1.3090972198700153E-002
  -3.0185096673926038E-002   3.6622952912719224E-004
  -3.2419349800197873E-002  -1.3253373425821459E-002
  -3.4230544777288249E-002  -2.7596161741940295E-002
  -3.5659865818194358E-002  -4.2508919333709594E-002
  -3.6742184305488167E-002  -5.7854508679590702E-002
  -3.7504770963263837E-002  -7.3509059853786682E-002
  -3.7966091798677153E-002  -8.9358511793681497E-002
  -3.8135042381251830E-002 -0.10529450791673679     
  -3.8011036312945078E-002 -0.12121000917166315     
  -3.7585104718123055E-002 -0.13699527277162857     
  -3.6841696378928056E-002 -0.15253483923627806     
  -3.5760455380728542E-002 -0.16770580831104034     
  -3.4317159616521625E-002 -0.18237710744047675     
  -3.2483341119550632E-002 -0.19640894279758569     
  -3.0224768190990309E-002 -0.20965144000733832     
  -2.7499668025278725E-002 -0.22194175166574162     
  -2.4257992876355147E-002 -0.23309954599881952     
  -2.0442999468730027E-002 -0.24292153929320504     
  -1.5995970325710592E-002 -0.25117629773487771     
  -1.0864309487513204E-002 -0.25760074621802709     
  -5.0127807503338104E-003 -0.26189975642832514     
   1.5625645885115214E-003 -0.26375011977123325     
   8.8183768721382325E-003 -0.26281043990161623     
   1.6646994167145712E-002 -0.25873908286223324     
   2.4860630538650296E-002 -0.25122293563584164     
   3.3180586932522141E-002 -0.24001944779328901     
   4.1236418866487871E-002 -0.22501219885036303     
   4.8579353317578913E-002 -0.20627585442120849     
   5.4712206063558338E-002 -0.18414115053955304     
   5.9137301059530384E-002 -0.15924537279926351     
   6.1424972588654238E-002 -0.13254685581027303     
   6.1300571106024791E-002 -0.10527436481842818     
   5.8728878825885782E-002  -7.8788804387252512E-002
   5.3952616272733768E-002  -5.4374347687665317E-002
   4.7448111801895912E-002  -3.3032708275130003E-002
   3.9807930960750089E-002  -1.5370102713839508E-002
   3.1608209982500794E-002  -1.6110693362586738E-003
   2.3319008479957826E-002   8.3026845356229482E-003
   1.5274921584730225E-002   1.4596626541667608E-002
   7.6877400759757320E-003   1.7573160740645244E-002
   6.7671545297113829E-004   1.7556101714964703E-002
  -5.6995808715674572E-003   1.4863612463832773E-002
  -1.1418259598355258E-002   9.7994884713174194E-003
  -1.6476844180794637E-002   2.6531615609650121E-003
  -2.0886261066085314E-002  -6.2983065760320416E-003
  -2.4668887888401735E-002  -1.6789678761803255E-002
  -2.7858610526785860E-002  -2.8569543480413240E-002
  -3.0500502871306359E-002  -4.1404418730804519E-002
  -3.2648722015636789E-002  -5.5083592346413496E-002
  -3.4362325316881728E-002  -6.9423069937521273E-002
  -3.5699557551049178E-002  -8.4267235788872852E-002
  -3.6711659163553477E-002  -9.9487371459792584E-002
  -3.7437452027009821E-002 -0.11497691951080678     
  -3.7899810438695739E-002 -0.13064417460151206     
  -3.8104643925360449E-002 -0.14640370240286918     
  -3.8042358651175501E-002 -0.16216802744983744     
  -3.7691139393018921E-002 -0.17784091870695035     
  -3.7021009697414176E-002 -0.19331302942914053     
  -3.5997590343830266E-002 -0.20845993943531674     
  -3.4584745877250689E-002 -0.22314204222775699     
  -3.2745755083448000E-002 -0.23720536544180040     
  -3.0443127249328256E-002 -0.25048234520179130     
  -2.7637612271529517E-002 -0.26279175133662241     
  -2.4287259870365570E-002 -0.27393730964951685     
  -2.0347543282076830E-002 -0.28370501490667066     
  -1.5773571017516145E-002 -0.29185960642973935     
  -1.0525278803589342E-002 -0.29814113610843002     
  -4.5762423855315220E-003 -0.30226298019335224     
   2.0736130503470891E-003 -0.30391307109220889     
   9.3816491447487396E-003 -0.30276064312007173     
   1.7243523317659354E-002 -0.29847146269577929     
   2.5473826272408219E-002 -0.29073522033887961     
   3.3790434896393717E-002 -0.27930891254961016     
   4.1809022451270522E-002 -0.26407832713430229     
   4.9056291358348547E-002 -0.24513420764311675     
   5.5010364256921948E-002 -0.22284892396347050     
   5.9171217990640054E-002 -0.19792583589954438     
   6.1151237551909314E-002 -0.17138632502345699     
   6.0760083740824568E-002 -0.14447202691664432     
   5.8050728452696772E-002 -0.11847565318392192     
   5.3305324532431406E-002  -9.4553581554509103E-002
   4.6966832590680622E-002  -7.3585416907601259E-002
   3.9546152407321608E-002  -5.6118272499514336E-002
   3.1538442057676329E-002  -4.2389695099207814E-002
   2.3368198128281645E-002  -3.2395610393116857E-002
   1.5365215041125237E-002  -2.5968699270533517E-002
   7.7635188425220353E-003  -2.2846104294814196E-002
   7.1333830481872082E-004  -2.2719075246519449E-002
  -5.7018040395509714E-003  -2.5265429734019892E-002
  -1.1447806234898605E-002  -3.0168890906283198E-002
  -1.6524934258316189E-002  -3.7129566469048275E-002
  -2.0955829779108776E-002  -4.5868912500975613E-002
  -2.4776521287623976E-002  -5.6131471738661516E-002
  -2.8029957592059198E-002  -6.7684812727141802E-002
  -3.0761458551836009E-002  -8.0318484804757076E-002
  -3.3015525724108152E-002  -9.3842411502719839E-002
  -3.4833580819584653E-002 -0.10808491359885043     
  -3.6252344185925225E-002 -0.12289043850249987     
  -3.7302689100851202E-002 -0.13811703857024604     
  -3.8008891822741177E-002 -0.15363365322282327     
  -3.8388240328502479E-002 -0.16931727949208084     
  -3.8450970203114977E-002 -0.18505013946475080     
  -3.8200473219349898E-002 -0.20071695487843921     
  -3.7633689035220567E-002 -0.21620241328108405     
  -3.6741564042236073E-002 -0.23138886229785693     
  -3.5509462355185185E-002 -0.24615421236215884     
  -3.3917451351423995E-002 -0.26036997871721174     
  -3.1940456836303567E-002 -0.27389936103264950     
  -2.9548382926118277E-002 -0.28659525047879958     
  -2.6706405465222679E-002 -0.29829807722303958     
  -2.3375756215954439E-002 -0.30883347435563768     
  -1.9515399442044921E-002 -0.31800984121998094     
  -1.5085051710525493E-002 -0.32561603832747094     
  -1.0050004991496164E-002 -0.33141963727649243     
  -4.3881730490712978E-003 -0.33516639417256233     
   1.9003320132344181E-003 -0.33658194341781478     
   8.7810138818606547E-003 -0.33537716374379878     
   1.6170528728092739E-002 -0.33125928357988615     
   2.3920987949349888E-002 -0.32395152115211556     
   3.1805252907904653E-002 -0.31322462098143394     
   3.9507259940943180E-002 -0.29894332722194300     
   4.6623772184176918E-002 -0.28112823593036584     
   5.2685954351790222E-002 -0.26002672226863749     
   5.7208288512176617E-002 -0.23617499597923144     
   5.9764881953071614E-002 -0.21042091373637173     
   6.0078107992573800E-002 -0.18387561072834327     
   5.8089022549325499E-002 -0.15778379816869550     
   5.3977500197252982E-002 -0.13334371256933109     
   4.8120425702110378E-002 -0.11153984287562618     
   4.1006766895659831E-002  -9.3045382026291382E-002
   3.3145564108964333E-002  -7.8210813156367687E-002
   2.4996139826779736E-002  -6.7114804525859731E-002
   1.6930545325884363E-002  -5.9640042789431365E-002
   9.2232957417203061E-003  -5.5546084654467087E-002
   2.0583587077734780E-003  -5.4526472381423670E-002
  -4.4556601759215882E-003  -5.6248118190948396E-002
  -1.0268299996913959E-002  -6.0376077788658111E-002
  -1.5371294572763993E-002  -6.6588038093534904E-002
  -1.9785206394546152E-002  -7.4582172538070174E-002
  -2.3548908185839473E-002  -8.4080934782439720E-002
  -2.6711663047696253E-002  -9.4832430768890308E-002
  -2.9327344897034105E-002 -0.10661032963451111     
  -3.1450325516511661E-002 -0.11921284953522801     
  -3.3132615326704890E-002 -0.13246112281959779     
  -3.4421921810504456E-002 -0.14619712545436711     
  -3.5360368344300890E-002 -0.16028129803559948     
  -3.5983681275619718E-002 -0.17458995821818191     
  -3.6320699790859480E-002 -0.18901258486112760     
  -3.6393098748253472E-002 -0.20344903348336152     
  -3.6215242977813172E-002 -0.21780671976904661     
  -3.5794113311060603E-002 -0.23199778499261015     
  -3.5129261815480713E-002 -0.24593623792559596     
  -3.4212770954940769E-002 -0.25953505523672221     
  -3.3029216143202277E-002 -0.27270321849659668     
  -3.1555669716143681E-002 -0.28534267192898871     
  -2.9761836116788353E-002 -0.29734520259381597     
  -2.7610463876006557E-002 -0.30858927586785789     
  -2.5058226256450808E-002 -0.31893690532576191     
  -2.2057290221711847E-002 -0.32823069557964785     
  -1.8557806170650920E-002 -0.33629126371987050     
  -1.4511563549704393E-002 -0.34291531602544761     
  -9.8770843483974545E-003 -0.34787474126958290     
  -4.6264649563775521E-003 -0.35091721464042080     
   1.2457069789914359E-003 -0.35176904917181073     
   7.7111186083978645E-003 -0.35014145988235212     
   1.4694258172146063E-002 -0.34574206266862745     
   2.2057516111245352E-002 -0.33829423649753815     
   2.9587016664974024E-002 -0.32756759058626944     
   3.6983360680374916E-002 -0.31342240189396958     
   4.3863879244399856E-002 -0.29586812854236894     
   4.9784601615492162E-002 -0.27512931453093026     
   5.4288324859024600E-002 -0.25170124641492059     
   5.6976974587904725E-002 -0.22636729190951135     
   5.7592348497598901E-002 -0.20015066297703879     
   5.6077100786409192E-002 -0.17419477229674021     
   5.2589339106823563E-002 -0.14960214158075583     
   4.7463556599658882E-002 -0.12728692527665447     
   4.1135876731291536E-002 -0.10788833847293711     
   3.4064138238006483E-002  -9.1757772604572768E-002
   2.6666649520510274E-002  -7.8999726937709056E-002
   1.9287654368746385E-002  -6.9535822526970228E-002
   1.2185695606643504E-002  -6.3168524217941321E-002
   5.5370652956122724E-003  -5.9633239662703952E-002
  -5.5270857943743462E-004  -5.8636187347566586E-002
  -6.0342414672453961E-003  -5.9879705336682264E-002
  -1.0899479237702877E-002  -6.3077896819378754E-002
  -1.5168351309771620E-002  -6.7965303767028695E-002
  -1.8877804166287124E-002  -7.4300770495520405E-002
  -2.2073588773613428E-002  -8.1868205755615278E-002
  -2.4804692561157464E-002  -9.0475592602828961E-002
  -2.7119903485321249E-002  -9.9953248992496579E-002
  -2.9065750917624478E-002 -0.11015194329910066     
  -3.0685071401405879E-002 -0.12094104517798784     
  -3.2015701249800646E-002 -0.13220655931360026     
  -3.3089188387415334E-002 -0.14384876646680797     
  -3.3929759027939120E-002 -0.15577932146803833     
  -3.4553898623504851E-002 -0.16791794928045628     
  -3.4970740887918253E-002 -0.18018915699688284     
  -3.5183093297625222E-002 -0.19251945175219462     
  -3.5188580394302046E-002 -0.20483533830867318     
  -3.4980286709977833E-002 -0.21706195450220225     
  -3.4546532744129596E-002 -0.22912181577354204     
  -3.3869922895407557E-002 -0.24093302447398909     
  -3.2926300383748136E-002 -0.25240656744303475     
  -3.1684434864345155E-002 -0.26344287284470091     
  -3.0106994971215786E-002 -0.27392833489196977     
  -2.8152718918870577E-002 -0.28373271212017237     
  -2.5779033805462898E-002 -0.29270798389780206     
  -2.2944110730229211E-002 -0.30068851932955110     
  -1.9607748275042542E-002 -0.30749164876947344     
  -1.5731495301716913E-002 -0.31291740898470805     
  -1.1279639637450578E-002 -0.31674670819627215     
  -6.2234441001086955E-003 -0.31873845048632565     
  -5.5065302039668869E-004 -0.31862788474903858     
   5.7194984499236504E-003 -0.31612988618582033     
   1.2518436104939228E-002 -0.31095120175327129     
   1.9713034278137628E-002 -0.30281418632381196     
   2.7099212847278200E-002 -0.29149105685634846     
   3.4407127709811108E-002 -0.27684349409639297     
   4.1313928686134496E-002 -0.25886104456595965     
   4.7455990091736032E-002 -0.23769658709719535     
   5.2439929638203216E-002 -0.21370421932057418     
   5.5869171048489021E-002 -0.18747983351989680     
   5.7408687097077728E-002 -0.15987851189491570     
   5.6881456645171025E-002 -0.13195978111010223     
   5.4342187328604859E-002 -0.10483847179919997     
   5.0065767219117513E-002  -7.9495895119606946E-002
   4.4449217617838592E-002  -5.6653072313505276E-002
   3.7897782556213830E-002  -3.6758276644870087E-002
   3.0765719106974152E-002  -2.0047943172498979E-002
   2.3357236343523404E-002  -6.6077622631813869E-003
   1.5944634675624941E-002   3.5973050778090356E-003
   8.7696634240127004E-003   1.0709665800680886E-002
   2.0265988140429785E-003   1.4960173545257062E-002
  -4.1570615513882928E-003   1.6636035863517570E-002
  -9.7276107792845547E-003   1.6041591722690235E-002
  -1.4694443200376699E-002   1.3463266833452461E-002
  -1.9105978587396186E-002   9.1478587736402960E-003
  -2.3021784074357121E-002   3.2975171058829784E-003
  -2.6490353511106131E-002  -3.9209339536231697E-003
  -2.9538652366812697E-002  -1.2358853438128625E-002
  -3.2174554051749418E-002  -2.1869132274521110E-002
  -3.4398171446544751E-002  -3.2296850658961485E-002
  -3.6215201403275651E-002  -4.3479936571807674E-002
  -3.7645905551521419E-002  -5.5258000126768576E-002
  -3.8726167849524575E-002  -6.7484552320475844E-002
  -3.9500498638943123E-002  -8.0036994358602953E-002
  -4.0009818651159879E-002  -9.2819841327685809E-002
  -4.0278718186307079E-002 -0.10575918374146701     
  -4.0307096379949378E-002 -0.11878970998205167     
  -4.0069402752454644E-002 -0.13183855286842211     
  -3.9521684525183495E-002 -0.14481147239766309     
  -3.8613629611095254E-002 -0.15758583038955740     
  -3.7301122230736533E-002 -0.17001206493239115     
  -3.5554965857923539E-002 -0.18192231084191146     
  -3.3362928403115867E-002 -0.19314257800921145     
  -3.0724420742185770E-002 -0.20350389791134016     
  -2.7639464176733266E-002 -0.21284805507946331     
  -2.4095763755785676E-002 -0.22102493067195775     
  -2.0059063045511433E-002 -0.22788105525924374     
  -1.5471761185672749E-002 -0.23324216712856180     
  -1.0262747284811366E-002 -0.23689525794312019     
  -4.3681697693343478E-003 -0.23857662733667889     
   2.2404304128573410E-003 -0.23797160637089371     
   9.5266762796493674E-003 -0.23472953453050266     
   1.7365986521093824E-002 -0.22849491184585141     
   2.5534923938826261E-002 -0.21895218232784705     
   3.3714746568089385E-002 -0.20587776426184112     
   4.1500692692681015E-002 -0.18919314585687105     
   4.8403292391505801E-002 -0.16902362556085465     
   5.3846186833355771E-002 -0.14578140790599781     
   5.7206586370172827E-002 -0.12027444775769638     
   5.7957892723779526E-002  -9.3768357141614744E-002
   5.5895244348145696E-002  -6.7865961722640963E-002
   5.1297615546924455E-002  -4.4155507811607375E-002
   4.4870597855218672E-002  -2.3799192997802296E-002
   3.7489731579392248E-002  -7.3284695047795374E-003
   2.9934874884183036E-002   5.2734949873324468E-003
   2.2765875059486865E-002   1.4355463684371211E-002
   1.6325449981130401E-002   2.0414014396839247E-002
   1.0785457263618285E-002   2.3982717216197547E-002
   6.1953998384717251E-003   2.5571681545622858E-002
   2.5267581738365606E-003   2.5639815771268223E-002
  -2.9346707547143309E-004   2.4586972397577480E-002
  -2.3621364378281985E-003   2.2753725131285592E-002
  -3.7867679833597416E-003   2.0423472901332729E-002
  -4.6763339596480749E-003   1.7826009706469682E-002
  -5.1353600965687134E-003   1.5141793287941911E-002
  -5.2597985737538964E-003   1.2506647396373914E-002
  -5.1336711579007283E-003   1.0017428995550892E-002
  -4.8269472820172870E-003   7.7389017650320909E-003
  -4.3953242100274008E-003   5.7112728109218278E-003
  -3.8821341290808803E-003   3.9572491856898571E-003
  -3.3219529193664271E-003   2.4872660414968165E-003
  -2.7445919707892617E-003   1.3020166570721270E-003
  -2.1777489243809808E-003   3.9256674029925420E-004
  -1.6472339829155967E-003  -2.6049489006560336E-004
  -1.1750124261325331E-003  -6.8702819724437883E-004
  -7.7646484532553433E-004  -9.2525914328697755E-004
  -4.5854924332298941E-004  -1.0177467004637236E-003
  -2.1984417278682528E-004  -1.0065820889605961E-003
  -5.2342953231279556E-005  -9.2926545427969923E-004
   5.5880053104983044E-005  -8.1618066240097078E-004
   1.1807832206556549E-004  -6.8980285758421338E-004
   1.4688526264955708E-004  -5.6522721231505048E-004
   1.5315581056934516E-004  -4.5144262753202697E-004
   1.4549073260826723E-004  -3.5285686685100458E-004
   1.3024291742024156E-004  -2.7074301743291199E-004
   1.1179987191427521E-004  -2.0443499968023906E-004
   9.2977728022808164E-005  -1.5222100743472191E-004
   7.5421222952146459E-005  -1.1195703707035013E-004
   5.9955628132807443E-005  -8.1453431087733687E-005
   4.6869574820453431E-005  -5.8692738152575366E-005
   3.6126528757596829E-005  -4.1931636480279420E-005
   2.7513268069085785E-005  -2.9729609727036316E-005
   2.0738181023515853E-005  -2.0935615218082304E-005
   1.5492225585973804E-005  -1.4653793739654812E-005
   1.1483524324010695E-005  -1.0201555989096472E-005
   8.4543690400508925E-006  -7.0678730081205608E-006
   6.1872290217307192E-006  -4.8757845270703574E-006
   4.5043695313753128E-006  -3.3507181168089508E-006
   3.2641256325708642E-006  -2.2948391115001244E-006
   2.3557647433712610E-006  -1.5669386074866250E-006
   1.6940898445619291E-006  -1.0670492544557068E-006
   1.2144010497062676E-006  -7.2490596142986854E-007
   8.6809785484552665E-007  -4.9142984242468857E-007
   6.1900842226075123E-007  -3.3252868926905984E-007
   4.4042242281155796E-007  -2.2463525547540849E-007
   3.1274922961096545E-007  -1.5152728553634529E-007
   2.2170378461675060E-007  -1.0208012801923872E-007
   1.5692229679827278E-007  -6.8690009944609165E-008
   1.1091888249679218E-007  -4.6174760782338587E-008
   7.8307127759222919E-008  -3.1011586113485600E-008
   5.5224259046494980E-008  -2.0811079708243094E-008
   3.8908285936698447E-008  -1.3955768212574163E-008
   2.7389397576950760E-008  -9.3526197769408853E-009
   1.9265934683783974E-008  -6.2641231394833715E-009
   1.3542504929972976E-008  -4.1933149148364605E-009
   9.5134689590808685E-009  -2.8057152795649081E-009
   6.6793699921619950E-009  -1.8764360472540190E-009
   4.6871725181215168E-009  -1.2544108578351030E-009
   3.2876392873979102E-009  -8.3824407090696883E-010
   2.3050015419972748E-009  -5.5992752140597788E-010
   1.6154203296992688E-009  -3.7387564973311355E-010
   1.1317178869126747E-009  -2.4955000795128825E-010
   7.9257067827272075E-010  -1.6650289368437786E-010
   5.5487082400935363E-010  -1.1104944807171324E-010
   3.8833353169933535E-010  -7.4034826943872748E-011
   2.7169419519476479E-010  -4.9337083124336850E-011
   1.9002907700746121E-010  -3.2863927762519001E-011
   1.3286918581577887E-010  -2.1880795550043697E-011
   9.2873515400522382E-011  -1.4561015899595313E-011
   6.4896374189379477E-011  -9.6848010494266506E-012
   4.5332134900424765E-011  -6.4378961968748887E-012
   3.1655130024198681E-011  -4.2769431762055172E-012
   2.2096728853419109E-011  -2.8394840046907601E-012
   1.5418792551814284E-011  -1.8838231478553018E-012
   1.0754805025067808E-011  -1.2488548248363299E-012
   7.4985028277080044E-012  -8.2723561091163804E-013
   5.2258286812979821E-012  -5.4747470647710993E-013
   3.6402546396550941E-012  -3.6198141037004481E-013
   2.5344884770179988E-012  -2.3909094405660727E-013
   1.7636617576497101E-012  -1.5774629940072079E-013
   1.2265620588011552E-012  -1.0395274865455581E-013
   8.5249938588660512E-013  -6.8415069974781282E-014
   5.9211775496173993E-013  -4.4963611418441364E-014
   4.1096853557100510E-013  -2.9506300584498829E-014
   2.8501663497522506E-013  -1.9331186873584278E-014
   1.9749905867041671E-013  -1.2642511751501168E-014
   1.3672946877896676E-013  -8.2522892511187018E-015
   9.4564308170301158E-014  -5.3753943498390842E-015
   6.5331458803196742E-014  -3.4935110967816140E-015
   4.5082195431809564E-014  -2.2648650513612731E-015
   3.1069049316041617E-014  -1.4643790666614865E-015
   2.1381486265630501E-014  -9.4403199839097236E-016
   1.4691795957009908E-014  -6.0662389153040758E-016
   1.0077923832267269E-014  -3.8843076826159772E-016
   6.9000012579110954E-015  -2.4774905783397334E-016
   4.7143381945117080E-015  -1.5733858435718606E-016
   3.2135414606075139E-015  -9.9443623088667084E-017
   2.1848449433799713E-015  -6.2516994516849395E-017
   1.4811296021898048E-015  -3.9067868696714394E-017
   1.0007813182805611E-015  -2.4250098364549604E-017
   6.7370074640395976E-016  -1.4937901461276174E-017
   4.5159320254592780E-016  -9.1218007447117472E-018
   3.0123446590224783E-016  -5.5146801690869233E-018
   1.9980440877683116E-016  -3.2954558308702852E-018
   1.3165646556525545E-016  -1.9427052351532008E-018
   8.6083349516211549E-017  -1.1269799902501326E-018
   5.5773433534435946E-017  -6.4131314743701351E-019
   3.5745500019530228E-017  -3.5652405418991725E-019
   2.2614466616013960E-017  -1.9257883878834895E-019
   1.4085825370880078E-017  -1.0031574215571733E-019
   8.6078756979256501E-018  -4.9839413658839875E-020
   5.1325341492172270E-018  -2.3190676395779969E-020
   2.9509145163629409E-018  -9.7570914368372403E-021
   1.5796664222017478E-018  -3.4107930628201570E-021
   6.7863358637720787E-019  -7.1286354782954943E-022
   0.0000000000000000        0.0000000000000000     
