 Initial conditions outputted from a previous simulation. Time =    81.800000000000011     
   40.000000000000000        0.0000000000000000              500           1   81.800000000000011     
   4.0184711835389186E-002  0.11224084890573281     
   3.1850093253617331E-002  0.12559549223133751     
   2.3462211226663480E-002  0.13513089605524717     
   1.5304158025833811E-002  0.14102867967747021     
   7.6426810917663525E-003  0.14355714584279283     
   5.7989605440972184E-004  0.14306125052835020     
  -5.7901430660756582E-003  0.13986764701492396     
  -1.1446066107830713E-002  0.13430736268745239     
  -1.6400337181706828E-002  0.12669080325672802     
  -2.0686269871412595E-002  0.11730290227690569     
  -2.4351339325395082E-002  0.10640284326484681     
  -2.7448733026064508E-002   9.4223400830942119E-002
  -3.0032161681053913E-002   8.0972259424428775E-002
  -3.2152766083250343E-002   6.6834320660447102E-002
  -3.3856988883963879E-002   5.1974260364707987E-002
  -3.5185489959999303E-002   3.6539428085000596E-002
  -3.6172975076213448E-002   2.0663148242595335E-002
  -3.6848733413910137E-002   4.4686180847376801E-003
  -3.7237499565756484E-002  -1.1926162794479398E-002
  -3.7359529299424432E-002  -2.8402288859886191E-002
  -3.7228227394787962E-002  -4.4833746258120470E-002
  -3.6844670152034673E-002  -6.1083725863100839E-002
  -3.6191155134272499E-002  -7.7006073233686703E-002
  -3.5228203858172470E-002  -9.2451722620281729E-002
  -3.3898335637335519E-002 -0.10727606878929352     
  -3.2135619850208900E-002 -0.12134179818817113     
  -2.9876214259389494E-002 -0.13451433696749016     
  -2.7065079582047610E-002 -0.14665155476173072     
  -2.3657338658881810E-002 -0.15759210893027684     
  -1.9616254176205494E-002 -0.16714635268431216     
  -1.4911293820864506E-002 -0.17509140915030064     
  -9.5192368318320932E-003 -0.18117008315300429     
  -3.4298807338931903E-003 -0.18509286437615124     
   3.3433787259619526E-003 -0.18654301573291890     
   1.0748602071108780E-002 -0.18518590959451722     
   1.8677085242891429E-002 -0.18068506981113477     
   2.6943830040524325E-002 -0.17272862990148585     
   3.5269989449700688E-002 -0.16107073065178951     
   4.3272963281210511E-002 -0.14559173064889105     
   5.0473892324646545E-002 -0.12637630711843856     
   5.6334814252642189E-002 -0.10379671569087832     
   6.0332111606845873E-002  -7.8571923535063232E-002
   6.2056828662264113E-002  -5.1761926002955254E-002
   6.1312460408568775E-002  -2.4666404053289893E-002
   5.8170187149478324E-002   1.3619736355047294E-003
   5.2953238048918078E-002   2.5127989015567422E-002
   4.6155545997622657E-002   4.5748185427938209E-002
   3.8332479050282052E-002   6.2703604985682740E-002
   3.0007287672389270E-002   7.5802522980545503E-002
   2.1615758104307572E-002   8.5098002509717718E-002
   1.3486876745319270E-002   9.0801167939741342E-002
   5.8467226744823774E-003   9.3210750022358291E-002
  -1.1660105022861026E-003   9.2663518338812742E-002
  -7.4806642770027590E-003   8.9502913228837369E-002
  -1.3076221996291970E-002   8.4060896020472065E-002
  -1.7966026220754820E-002   7.6648184406846093E-002
  -2.2185823094346697E-002   6.7549402877717865E-002
  -2.5784597031958106E-002   5.7021155126237642E-002
  -2.8817633594038109E-002   4.5291976006199566E-002
  -3.1341337095286803E-002   3.2563585956065629E-002
  -3.3409403114233925E-002   1.9013106152370424E-002
  -3.5070056465677804E-002   4.7960072451016088E-003
  -3.6364171016525414E-002  -9.9504084094327681E-003
  -3.7324147140768135E-002  -2.5103195305730519E-002
  -3.7973449096100398E-002  -4.0549834482134207E-002
  -3.8326695844645910E-002  -5.6184402490495451E-002
  -3.8390141751726774E-002  -7.1904041246561565E-002
  -3.8162313572420031E-002  -8.7605854327262617E-002
  -3.7634552441239526E-002 -0.10318422652681135     
  -3.6791277824581040E-002 -0.11852842941814901     
  -3.5609927999409360E-002 -0.13352028874365984     
  -3.4060694117295245E-002 -0.14803168116497767     
  -3.2106307452206953E-002 -0.16192170074172668     
  -2.9702232300257047E-002 -0.17503346843132517     
  -2.6797648734666037E-002 -0.18719071699456083     
  -2.3337587014641864E-002 -0.19819443210967055     
  -1.9266523582541880E-002 -0.20781994228230544     
  -1.4533699104474601E-002 -0.21581492873516783     
  -9.1003925259039598E-003 -0.22189891440521833     
  -2.9493761399096217E-003 -0.22576496239853333     
   3.9032616866195194E-003 -0.22708465806713055     
   1.1393922382735648E-002 -0.22551804592654440     
   1.9395449575008938E-002 -0.22073104918357334     
   2.7700815364598140E-002 -0.21242381174513592     
   3.6009854571710034E-002 -0.20037378476684056     
   4.3924717120857527E-002 -0.18449609052913396     
   5.0962397799997179E-002 -0.16491885631507572     
   5.6594243087389771E-002 -0.14206062975524181     
   6.0318658147070714E-002 -0.11668122680709221     
   6.1759368992806228E-002  -8.9865817640303505E-002
   6.0759728140940557E-002  -6.2913384621434532E-002
   5.7430032814436226E-002  -3.7144694088901926E-002
   5.2119494612305237E-002  -1.3697438989646364E-002
   4.5324653927833101E-002   6.6105612482750872E-003
   3.7579685931291580E-002   2.3312896288150323E-002
   2.9372737433198248E-002   3.6244067681407234E-002
   2.1104092864311769E-002   4.5456693522926916E-002
   1.3076980690125639E-002   5.1143456140505909E-002
   5.5054200015156162E-003   5.3577771176486461E-002
  -1.4718823423439597E-003   5.3073221519840598E-002
  -7.7771309003550554E-003   4.9957017106561967E-002
  -1.3380429180694176E-002   4.4552498498189097E-002
  -1.8288082674159260E-002   3.7167365174137573E-002
  -2.2531828525100946E-002   2.8086016413145863E-002
  -2.6159035878289768E-002   1.7565284818735941E-002
  -2.9224198093118887E-002   5.8331366619907418E-003
  -3.1782077513517019E-002  -6.9100866097478193E-003
  -3.3882781380860247E-002  -2.0488471043857402E-002
  -3.5568848248677731E-002  -3.4746129326992538E-002
  -3.6874176943757879E-002  -4.9542407056704291E-002
  -3.7824414149827665E-002  -6.4747430302195957E-002
  -3.8438251252129352E-002  -8.0238528392749336E-002
  -3.8728986966188837E-002  -9.5897769024649998E-002
  -3.8705727125757962E-002 -0.11161050131662080     
  -3.8373741679239244E-002 -0.12726449084032104     
  -3.7733776011450289E-002 -0.14274903179251044     
  -3.6780466594314311E-002 -0.15795340205688166     
  -3.5500340946732899E-002 -0.17276420781891882     
  -3.3870081253520444E-002 -0.18706150336619540     
  -3.1855732233340012E-002 -0.20071396910353048     
  -2.9413340874994705E-002 -0.21357375960552349     
  -2.6491204838122256E-002 -0.22547178758656850     
  -2.3033596786598727E-002 -0.23621414857859527     
  -1.8985637971272014E-002 -0.24558015406409142     
  -1.4298983842341257E-002 -0.25332213019387495     
  -8.9381622896446238E-003 -0.25916689370053414     
  -2.8877262837798704E-003 -0.26281877589232056     
   3.8392198820037127E-003 -0.26396433926487595     
   1.1190186087835868E-002 -0.26227962013874501     
   1.9059085000075915E-002 -0.25744197732634744     
   2.7268130550842224E-002 -0.24915053699118073     
   3.5547298218917396E-002 -0.23716151195718044     
   4.3517108723313297E-002 -0.22134589442167057     
   5.0687443217152142E-002 -0.20177336180367478     
   5.6491396036942955E-002 -0.17881173880597898     
   6.0369144574210686E-002 -0.15320475449996682     
   6.1892494189011819E-002 -0.12606885825620823     
   6.0883928347964376E-002  -9.8766306886237359E-002
   5.7467892775345301E-002  -7.2679324370360440E-002
   5.2024671883056796E-002  -4.8980664358834532E-002
   4.5077871848274997E-002  -2.8497302219054527E-002
   3.7178555999080147E-002  -1.1693014148295575E-002
   2.8828057470494290E-002   1.2726105847245201E-003
   2.0441989691211932E-002   1.0462549022906718E-002
   1.2339908011338862E-002   1.6087364585584532E-002
   4.7482637055470869E-003   1.8445443971494321E-002
  -2.1898745028289114E-003   1.7878722864073170E-002
  -8.4020491629942084E-003   1.4741052465058571E-002
  -1.3872181330495139E-002   9.3760066397851425E-003
  -1.8625526118722594E-002   2.1021822087710297E-003
  -2.2713873878819058E-002  -6.7951791138496980E-003
  -2.6202215494055912E-002  -1.7067282591469678E-002
  -2.9157780948381323E-002  -2.8500560615465260E-002
  -3.1642105317305706E-002  -4.0912230131319886E-002
  -3.3706418077877262E-002  -5.4143964386456259E-002
  -3.5390119431806047E-002  -6.8055089401487995E-002
  -3.6721659388807441E-002  -8.2516522943586412E-002
  -3.7720859368567235E-002  -9.7406279346142821E-002
  -3.8401607513527156E-002 -0.11260683704982542     
  -3.8773962454268840E-002 -0.12800411725253988     
  -3.8844998851636968E-002 -0.14348738082273230     
  -3.8618147793983357E-002 -0.15894911093931222     
  -3.8091249238350160E-002 -0.17428396558351597     
  -3.7253940915134814E-002 -0.18938616229662431     
  -3.6085247290573282E-002 -0.20414512992697201     
  -3.4552238070900257E-002 -0.21843979780754710     
  -3.2610403247036013E-002 -0.23213233944011194     
  -3.0206009026047309E-002 -0.24506241778949353     
  -2.7280268973637656E-002 -0.25704293160082148     
  -2.3774814523431234E-002 -0.26785796301765685     
  -1.9637784226126973E-002 -0.27726317791391619     
  -1.4829926437924964E-002 -0.28498847644268194     
  -9.3304216399637176E-003 -0.29074238535262364     
  -3.1426330830985135E-003 -0.29421765880744238     
   3.6993903689166562E-003 -0.29509792450722422     
   1.1122283461241455E-002 -0.29306610806549271     
   1.9001135924403896E-002 -0.28781692320731495     
   2.7143199452691277E-002 -0.27907785032035509     
   3.5269872622959067E-002 -0.26664500181875789     
   4.3004250503002800E-002 -0.25044005229520289     
   4.9877418719493423E-002 -0.23058829103236711     
   5.5368934106050899E-002 -0.20750238917118433     
   5.8988006865054517E-002 -0.18193524079510104     
   6.0378859264388234E-002 -0.15495566688130527     
   5.9409186021398767E-002 -0.12782483723877053     
   5.6198918139880379E-002 -0.10180570453648609     
   5.1077404667850816E-002  -7.7980444665281715E-002
   4.4496961620935957E-002  -5.7140889855065546E-002
   3.6944926974825966E-002  -3.9766173852454109E-002
   2.8879771635924749E-002  -2.6060048838520262E-002
   2.0694374102056681E-002  -1.6013125022762097E-002
   1.2700015538153720E-002  -9.4673523519887750E-003
   5.1245702137756874E-003  -6.1716722257707021E-003
  -1.8805155857472341E-003  -5.8250249765117437E-003
  -8.2287095274955150E-003  -8.1072840109390060E-003
  -1.3884991166765420E-002  -1.2700289989584605E-002
  -1.8852246537714605E-002  -1.9301118213928992E-002
  -2.3158770089921805E-002  -2.7629464605812962E-002
  -2.6847684604176192E-002  -3.7430751880598245E-002
  -2.9968614556706241E-002  -4.8476200802775100E-002
  -3.2571688417220065E-002  -6.0560887671949372E-002
  -3.4703715051852296E-002  -7.3500687543599896E-002
  -3.6406166728828057E-002  -8.7128847767082712E-002
  -3.7714496839456463E-002 -0.10129274188275166     
  -3.8658289506306988E-002 -0.11585114061132890     
  -3.9261755693449550E-002 -0.13067211055481501     
  -3.9544173934988686E-002 -0.14563144623564500     
  -3.9520005238709320E-002 -0.16061139429539553     
  -3.9198562443820646E-002 -0.17549935487718824     
  -3.8583269252913832E-002 -0.19018624966662603     
  -3.7670678924621372E-002 -0.20456432641921654     
  -3.6449505922476401E-002 -0.21852430593712352     
  -3.4899938215732798E-002 -0.23195193282764207     
  -3.2993450130928303E-002 -0.24472412412388966     
  -3.0693257164507680E-002 -0.25670498732777414     
  -2.7955488428912847E-002 -0.26774199233185808     
  -2.4731132808875858E-002 -0.27766254633188681     
  -2.0968853180960385E-002 -0.28627116678211539     
  -1.6618854395324997E-002 -0.29334740854617902     
  -1.1638120473682191E-002 -0.29864472391852925     
  -5.9974755883410603E-003 -0.30189058321197038     
   3.0897911216903694E-004 -0.30278853005039646     
   7.2515242344706214E-003 -0.30102345666455038     
   1.4749329546292381E-002 -0.29627232574302714     
   2.2652346485094066E-002 -0.28822383073455371     
   3.0722750775809694E-002 -0.27661175963301210     
   3.8620892947566529E-002 -0.26126707484510980     
   4.5904576134167638E-002 -0.24219074854053391     
   5.2053849735261962E-002 -0.21964005501734826     
   5.6532008949248549E-002 -0.19420409300534530     
   5.8881343454520285E-002 -0.16682700547733392     
   5.8829637311804038E-002 -0.13873843407415284     
   5.6364571126881646E-002 -0.11128625543397913     
   5.1738845524172260E-002  -8.5722835778980280E-002
   4.5402857601193489E-002  -6.3027646939750187E-002
   3.7899081203245887E-002  -4.3824850841081606E-002
   2.9762949800994139E-002  -2.8397175566024752E-002
   2.1456988439202393E-002  -1.6757045994000335E-002
   1.3341056304682727E-002  -8.7327773410724799E-003
   5.6691658623865132E-003  -4.0444299133706851E-003
  -1.3984044187608465E-003  -2.3601823862416790E-003
  -7.7766885827452534E-003  -3.3336848333708137E-003
  -1.3436989426067400E-002  -6.6267979293492575E-003
  -1.8389916614405314E-002  -1.1922385412220895E-002
  -2.2671446111879205E-002  -1.8930688501901285E-002
  -2.6332110493709135E-002  -2.7391686792546516E-002
  -2.9428982125744466E-002  -3.7074981056162144E-002
  -3.2019951680460457E-002  -4.7778126962538095E-002
  -3.4159834015260820E-002  -5.9324013615885615E-002
  -3.5897885348878583E-002  -7.1557699895950719E-002
  -3.7276368872070469E-002  -8.4342994768190252E-002
  -3.8329870176102065E-002  -9.7558971988715534E-002
  -3.9085114606876713E-002 -0.11109653561595634     
  -3.9561078492256950E-002 -0.12485509667490061     
  -3.9769225513252744E-002 -0.13873938623797774     
  -3.9713735485171230E-002 -0.15265640811977907     
  -3.9391632460189750E-002 -0.16651251249040319     
  -3.8792774508252449E-002 -0.18021054932315708     
  -3.7899736631945395E-002 -0.19364704826238407     
  -3.6687686249246107E-002 -0.20670937933101577     
  -3.5124402248101150E-002 -0.21927287891954578     
  -3.3170616289893103E-002 -0.23119797123656341     
  -3.0780860981703302E-002 -0.24232736638837132     
  -2.7905003784539122E-002 -0.25248346321741794     
  -2.4490644452171847E-002 -0.26146612345661840     
  -2.0486575433177095E-002 -0.26905101879314025     
  -1.5847557554450286E-002 -0.27498880639392326     
  -1.0540736187458693E-002 -0.27900550372772132     
  -4.5540822181600674E-003 -0.28080466614911864     
   2.0927734621689997E-003 -0.28007238427513309     
   9.3351436626667866E-003 -0.27648677808981675     
   1.7047730704411089E-002 -0.26973458776364401     
   2.5028517588737535E-002 -0.25953845783523888     
   3.2985771835423033E-002 -0.24569890325784616     
   4.0534711564495611E-002 -0.22815323934667192     
   4.7213085355201759E-002 -0.20704770536400346     
   5.2524626554971685E-002 -0.18280723406290511     
   5.6012047190800766E-002 -0.15617334761612944     
   5.7345916569652003E-002 -0.12817607851914356     
   5.6399879491704483E-002 -0.10002404533338445     
   5.3280305855397302E-002  -7.2935970271492012E-002
   4.8296996894225612E-002  -4.7971025572739599E-002
   4.1889898682265898E-002  -2.5915253929670399E-002
   3.4543572137575314E-002  -7.2472335769513578E-003
   2.6716816843732318E-002   7.8318882980496617E-003
   1.8799027130849508E-002   1.9335505077795054E-002
   1.1091806234102991E-002   2.7422950900944300E-002
   3.8088389864769246E-003   3.2340590434449222E-002
  -2.9135937625305985E-003   3.4377941378644215E-002
  -9.0015712561038602E-003   3.3838137962606936E-002
  -1.4427920878955593E-002   3.1019632152663533E-002
  -1.9198197395394610E-002   2.6205816955339255E-002
  -2.3339216069990659E-002   1.9659838638236095E-002
  -2.6890295723857809E-002   1.1622603543699560E-002
  -2.9896885798069987E-002   2.3126737163644013E-003
  -3.2406076971433551E-002  -8.0727391681094714E-003
  -3.4463502298951218E-002  -1.9356137858447347E-002
  -3.6111230370700319E-002  -3.1377710940745610E-002
  -3.7386381404894822E-002  -4.3993049981986748E-002
  -3.8320299273468340E-002  -5.7070707567713624E-002
  -3.8938156690073403E-002  -7.0489680247105876E-002
  -3.9258871505155064E-002  -8.4136894504041632E-002
  -3.9295196946733002E-002  -9.7904755986025035E-002
  -3.9053847056215181E-002 -0.11168878491982229     
  -3.8535551681896305E-002 -0.12538531296602828     
  -3.7735001421020445E-002 -0.13888918006025525     
  -3.6640718891106643E-002 -0.15209136329028969     
  -3.5234949444880551E-002 -0.16487649797887985     
  -3.3493683018028700E-002 -0.17712029935221513     
  -3.1386903717290172E-002 -0.18868693580673229     
  -2.8879144639224582E-002 -0.19942642257505266     
  -2.5930442672446898E-002 -0.20917210093851929     
  -2.2497868341853293E-002 -0.21773827141808896     
  -1.8537941545406344E-002 -0.22491809912618679     
  -1.4010390706907707E-002 -0.23048203845172835     
  -8.8838028289543111E-003 -0.23417725042424961     
  -3.1436723670116074E-003 -0.23572881531680778     
   3.1968763330546832E-003 -0.23484397386320260     
   1.0083890789508759E-002 -0.23122115103782331     
   1.7407852330077869E-002 -0.22456607335916798     
   2.4989349942583356E-002 -0.21461770320095486     
   3.2568401382788742E-002 -0.20118654033849259     
   3.9802142292607992E-002 -0.18420626390573580     
   4.6276999253074325E-002 -0.16379553145324313     
   5.1541728204371695E-002 -0.14031902908195898     
   5.5164506222841976E-002 -0.11442666196369644     
   5.6808145923722082E-002  -8.7043152763745690E-002
   5.6303991074935264E-002  -5.9287872017095011E-002
   5.3696064365891284E-002  -3.2332042240762478E-002
   4.9233772365467936E-002  -7.2350769636002326E-003
   4.3314421133747096E-002   1.5183258325439963E-002
   3.6400441835276798E-002   3.4398040077308810E-002
   2.8942868735820391E-002   5.0163486987950694E-002
   2.1330646863909637E-002   6.2455097711040061E-002
   1.3868387798516147E-002   7.1400916007358164E-002
   6.7752004589051746E-003   7.7221373944929866E-002
   1.9527895912007428E-004   8.0184775542666467E-002
  -5.7872286110692128E-003   8.0577901338638472E-002
  -1.1133725276963762E-002   7.8688021234429348E-002
  -1.5838992834987103E-002   7.4792324932469317E-002
  -1.9921550811210640E-002   6.9151816686651130E-002
  -2.3416138843041456E-002   6.2007759196277941E-002
  -2.6367774790054050E-002   5.3579602141294619E-002
  -2.8826788638636702E-002   4.4064035289497226E-002
  -3.0844388749592642E-002   3.3635205859253031E-002
  -3.2468672219111330E-002   2.2446252250549290E-002
  -3.3741303195014241E-002   1.0632213793048316E-002
  -3.4695215107912937E-002  -1.6858845028927146E-003
  -3.5353638328920245E-002  -1.4396291179148292E-002
  -3.5730528369259260E-002  -2.7391866185465769E-002
  -3.5832138407904585E-002  -4.0566245679807919E-002
  -3.5659175696787233E-002  -5.3811367710128587E-002
  -3.5208825579217319E-002  -6.7016491878508153E-002
  -3.4475981932892051E-002  -8.0068377549108130E-002
  -3.3453289676115681E-002  -9.2851908436044614E-002
  -3.2130019846201660E-002 -0.10525029920986377     
  -3.0490241660582881E-002 -0.11714415253061206     
  -2.8511091925048658E-002 -0.12840902446831357     
  -2.6162059848315586E-002 -0.13891169164710956     
  -2.3406053878711974E-002 -0.14850583507800233     
  -2.0202621361816046E-002 -0.15702820552146315     
  -1.6513153483422138E-002 -0.16429639404723137     
  -1.2307393223904388E-002 -0.17010904961093790     
  -7.5702636892556610E-003 -0.17424883022422136     
  -2.3081093745970283E-003 -0.17648774506112302     
   3.4459882423944362E-003 -0.17659411235181921     
   9.6270393953424103E-003 -0.17434044100571866     
   1.6130872120525903E-002 -0.16951260390960465     
   2.2801537178198009E-002 -0.16192325916848177     
   2.9411424788813676E-002 -0.15143662961548765     
   3.5638042870116668E-002 -0.13801555223906492     
   4.1053251276301661E-002 -0.12179913672269903     
   4.5153021468154461E-002 -0.10320081839465151     
   4.7451602478317360E-002  -8.2980400802937074E-002
   4.7627079720148555E-002  -6.2216597884347469E-002
   4.5651299392275260E-002  -4.2137228133624985E-002
   4.1820926828319449E-002  -2.3859671994486808E-002
   3.6664286741348612E-002  -8.1720738212349205E-003
   3.0784480602665160E-002   4.5446132066674872E-003
   2.4726802075723663E-002   1.4261413493640218E-002
   1.8912084780495466E-002   2.1189329210671702E-002
   1.3623859592322974E-002   2.5673000803598616E-002
   9.0234663929951962E-003   2.8111753344285936E-002
   5.1765459715805697E-003   2.8908507974956001E-002
   2.0809537906946946E-003   2.8440874114684593E-002
  -3.0982954108984493E-004   2.7046657551058263E-002
  -2.0688910518128628E-003   2.5017528645268156E-002
  -3.2826779336912887E-003   2.2597518575847707E-002
  -4.0416983665585811E-003   1.9984448550373783E-002
  -4.4343231849802581E-003   1.7332985722528595E-002
  -4.5426339326047295E-003   1.4758683948856927E-002
  -4.4396498864697070E-003   1.2342785003143815E-002
  -4.1876786678079351E-003   1.0137613272870860E-002
  -3.8377150107468424E-003   8.1723134900693571E-003
  -3.4299147736401654E-003   6.4585155096009116E-003
  -2.9950636540964845E-003   4.9953476922828585E-003
  -2.5566301314363478E-003   3.7732763812611896E-003
  -2.1327453255451058E-003   2.7766035739634392E-003
  -1.7375298159980122E-003   1.9849280275479877E-003
  -1.3815684522978725E-003   1.3741801870093017E-003
  -1.0717932578040619E-003   9.1779984098191731E-004
  -8.1129004213530002E-004   5.8828786045229259E-004
  -5.9946518467181883E-004   3.5896828875001357E-004
  -4.3270783114909167E-004   2.0558554052545018E-004
  -3.0539201200116545E-004   1.0740714716891109E-004
  -2.1094075948832193E-004   4.7702856856380213E-005
  -1.4272128428176822E-004   1.3670610331858605E-005
  -9.4661230488145748E-005  -4.0123154753860099E-006
  -6.1582490205661431E-005  -1.1821474832738505E-005
  -3.9308356056286177E-005  -1.4049507227416817E-005
  -2.4618862877777640E-005  -1.3406978498590529E-005
  -1.5123810116776019E-005  -1.1514598069955644E-005
  -9.1057174636047487E-006  -9.2778207807247255E-006
  -5.3653731345417577E-006  -7.1555400767867153E-006
  -3.0867407788156448E-006  -5.3430436642594220E-006
  -1.7274455380514992E-006  -3.8905304012970018E-006
  -9.3483448936559222E-007  -2.7760548847862958E-006
  -4.8438201751105220E-007  -1.9479387698758617E-006
  -2.3604769686232211E-007  -1.3477158904358915E-006
  -1.0426571760212522E-007  -9.2127291474110383E-007
  -3.7855468532077478E-008  -6.2323965908875782E-007
  -6.8958329872245841E-009  -4.1780637823527997E-007
   5.6634230640811742E-009  -2.7785801231367299E-007
   9.2503782939698285E-009  -1.8348210645166371E-007
   8.8858350422421084E-009  -1.2039770496517372E-007
   7.1104672265444199E-009  -7.8554973756576021E-008
   5.1144656072817957E-009  -5.0990839960118167E-008
   3.3833719303767520E-009  -3.2943265073332242E-008
   2.0565773599533931E-009  -2.1191203981131464E-008
   1.1192330463795473E-009  -1.3576460609679284E-008
   5.0013629174016106E-010  -8.6647989232547194E-009
   1.1815527089727456E-010  -5.5099047577833821E-009
  -9.8405938331042845E-011  -3.4913302557672396E-009
  -2.0587688139790393E-010  -2.2045612141300693E-009
  -2.4538755512704707E-010  -1.3871926385383562E-009
  -2.4536130864381036E-010  -8.6977947729196229E-010
  -2.2451588132150914E-010  -5.4336023780071287E-010
  -1.9458976232986774E-010  -3.3813765420353987E-010
  -1.6253385147289475E-010  -2.0956358210424384E-010
  -1.3215045033444845E-010  -1.2930297571060228E-010
  -1.0525781515413024E-010  -7.9393129506238283E-011
  -8.2484161877347605E-011  -4.8483959447725563E-011
  -6.3789214479276595E-011  -2.9427068388677710E-011
  -4.8794051195288204E-011  -1.7735216816823021E-011
  -3.6980878953066846E-011  -1.0601259832253442E-011
  -2.7807465254787561E-011  -6.2753749146056094E-012
  -2.0767450104634946E-011  -3.6709681129038788E-012
  -1.5417627401653980E-011  -2.1160644830963125E-012
  -1.1386019736537106E-011  -1.1969668210783946E-012
  -8.3695340010518345E-012  -6.6025442250109269E-013
  -6.1265934709951263E-012  -3.5155775765025677E-013
  -4.4679210941835919E-012  -1.7744417331986477E-013
  -3.2472347810187447E-012  -8.1781048351846069E-014
  -2.3527427009875065E-012  -3.1137911278597542E-014
  -1.6998080188378983E-012  -5.8120404372147858E-015
  -1.2248599024897583E-012   5.6607000434780773E-015
  -8.8047504559233728E-013   9.8439852614529312E-015
  -6.3148521206857112E-013   1.0417668357402246E-014
  -4.5194557811736552E-013   9.3867454604757357E-015
  -3.2280360170180027E-013   7.7995598271010854E-015
  -2.3012533520877709E-013   6.1698054043284545E-015
  -1.6375772503927669E-013   4.7211528883296952E-015
  -1.1632725587846189E-013   3.5266373227474701E-015
  -8.2495184375450016E-014   2.5863055545369154E-015
  -5.8406708118981972E-014   1.8691434868757022E-015
  -4.1285568740038610E-014   1.3347006834866096E-015
  -2.9136987256118671E-014   9.4344301144199085E-016
  -2.0530826710175095E-014   6.6104777044033976E-016
  -1.4443866905234673E-014   4.5959752500338881E-016
  -1.0145438247421637E-014   3.1730824997275855E-016
  -7.1147330138674921E-015   2.1766640276695147E-016
  -4.9811769575042034E-015   1.4841923685846512E-016
  -3.4815341563771382E-015   1.0062544498378595E-016
  -2.4291184805735573E-015   6.7847023089973123E-017
  -1.6917408857505990E-015   4.5499659567595656E-017
  -1.1759447869463124E-015   3.0349758486392431E-017
  -8.1575734891005736E-016   2.0135206174809115E-017
  -5.6467713609566386E-016   1.3285080598884474E-017
  -3.8997654413313343E-016   8.7156994094474980E-018
  -2.6865678711667804E-016   5.6840833604424085E-018
  -1.8458059413157720E-016   3.6837793189405884E-018
  -1.2644280518047469E-016   2.3714652549762098E-018
  -8.6336145861202142E-017   1.5156498823170021E-018
  -5.8739115294139428E-017   9.6106852917417034E-019
  -3.9802794542399436E-017   6.0413143539263444E-019
  -2.6849024271956349E-017   3.7609434903841010E-019
  -1.8017826399577732E-017   2.3158729469877986E-019
  -1.2020052395131562E-017   1.4083765228286385E-019
  -7.9641162760248163E-018   8.4425414837924668E-020
  -5.2348109817823021E-018   4.9764453837125501E-020
  -3.4086862862602573E-018   2.8754029338626864E-020
  -2.1950526493493649E-018   1.6219628982441132E-020
  -1.3949166577604287E-018   8.8834876951247837E-021
  -8.7244120063605141E-019   4.6887505816822126E-021
  -5.3513495504153396E-019   2.3585396068884239E-021
  -3.2010592668057347E-019   1.1102176904178201E-021
  -1.8452631835681933E-019   4.7207874825669102E-022
  -9.8982494787744121E-020   1.6659461893251978E-022
  -4.2602875988363310E-020   3.5154362984807596E-023
  -0.0000000000000000        0.0000000000000000     
