 Initial conditions outputted from a previous simulation. Time =    50.800000000000004     
   40.000000000000000        0.0000000000000000              500           1   50.800000000000004     
  -3.3887864056464101E-002  -6.9036395927945304E-002
  -3.2060034947139042E-002  -8.3895501636421732E-002
  -2.9906381317035036E-002  -9.8053172424334145E-002
  -2.7303118304478527E-002 -0.11133783416783360     
  -2.4236221100779505E-002 -0.12358950157000471     
  -2.0594174531918537E-002 -0.13456230161313004     
  -1.6340155346387226E-002 -0.14404545097129931     
  -1.1423368209301106E-002 -0.15177681556738840     
  -5.8060827031744845E-003 -0.15747141656790775     
   5.2204287808764070E-004 -0.16082125498938829     
   7.5367261246133965E-003 -0.16149717649572551     
   1.5162281016505741E-002 -0.15916134266134652     
   2.3253091925052097E-002 -0.15348676578760634     
   3.1576188934240204E-002 -0.14418972380195175     
   3.9797783774526974E-002 -0.13108024608361959     
   4.7481887579890678E-002 -0.11413199281102281     
   5.4111918458603386E-002  -9.3565520326903559E-002
   5.9145007378157484E-002  -6.9924165360980742E-002
   6.2099144264630673E-002  -4.4104673064982253E-002
   6.2654615852407503E-002  -1.7301737114109005E-002
   6.0734727731621682E-002   9.1452908918938508E-003
   5.6531160499247529E-002   3.3960727220960378E-002
   5.0459624715902596E-002   5.6114979006975964E-002
   4.3062204031224224E-002   7.4917123303839928E-002
   3.4896962709799646E-002   9.0011305904780264E-002
   2.6455488733139774E-002  0.10131498255758471     
   1.8124486609782092E-002  0.10894034193386745     
   1.0181486660797302E-002  0.11312218955368215     
   2.8073617953619980E-003  0.11416133973169791     
  -3.8953205073667366E-003  0.11238532810559863     
  -9.8832109552487186E-003  0.10812368141735175     
  -1.5155156657541359E-002  0.10169326358343697     
  -1.9738212556089863E-002   9.3390158201884260E-002
  -2.3676398334829145E-002   8.3485894630218535E-002
  -2.7022078047835997E-002   7.2226500828724616E-002
  -2.9829994055001054E-002   5.9833144208369347E-002
  -3.2153342686953502E-002   4.6503507413474025E-002
  -3.4041070473288040E-002   3.2413633121631112E-002
  -3.5536175847782112E-002   1.7720236763124366E-002
  -3.6674878432229614E-002   2.5634254691715213E-003
  -3.7486065038666062E-002  -1.2930120816245736E-002
  -3.7990785129409371E-002  -2.8643682490161769E-002
  -3.8202134072669272E-002  -4.4467340023037233E-002
  -3.8125472633368074E-002  -6.0295126846624324E-002
  -3.7758477096474480E-002  -7.6022197236490785E-002
  -3.7090970010767541E-002  -9.1541904089985096E-002
  -3.6104833021528691E-002 -0.10674275551204225     
  -3.4774099852134983E-002 -0.12150526757348409     
  -3.3065199804136830E-002 -0.13569881302009712     
  -3.0937421332781528E-002 -0.14917852577363677     
  -2.8343751073133226E-002 -0.16178225752954062     
  -2.5232315733221867E-002 -0.17332762557526779     
  -2.1548743578316022E-002 -0.18360928330127210     
  -1.7239809762169402E-002 -0.19239663515341654     
  -1.2258753364780252E-002 -0.19943233182155456     
  -6.5727014433126230E-003 -0.20443205957568800     
  -1.7267104183826313E-004 -0.20708645363951150     
   6.9134578303491805E-003 -0.20706652797050765     
   1.4604952076333211E-002 -0.20403489115954609     
   2.2750011881673495E-002 -0.19766614732198592     
   3.1107717179976808E-002 -0.18768091319245314     
   3.9335056225509230E-002 -0.17389787489296840     
   4.6987284912928078E-002 -0.15630533684861686     
   5.3542602500176402E-002 -0.13514507776313631     
   5.8460607692647472E-002 -0.11098599957965724     
   6.1273351336626564E-002  -8.4749210923452778E-002
   6.1687910213591303E-002  -5.7646132048445382E-002
   5.9661721008050519E-002  -3.1021983262987531E-002
   5.5414755253278984E-002  -6.1487232175031614E-003
   4.9371536956162025E-002   1.5955204955249245E-002
   4.2061279924433141E-002   3.4617736485734983E-002
   3.4018465021544736E-002   4.9510032979853978E-002
   2.5712985401052837E-002   6.0581076234342335E-002
   1.7516421690712561E-002   6.7972355378770097E-002
   9.6965232076942250E-003   7.1940842731299554E-002
   2.4282098599796879E-003   7.2801390738436347E-002
  -4.1886541455604170E-003   7.0888659977478174E-002
  -1.0110802821210034E-002   6.6534074480563934E-002
  -1.5335258316398277E-002   6.0052845310184150E-002
  -1.9886050526266952E-002   5.1737267190007402E-002
  -2.3803918657698844E-002   4.1853776608100704E-002
  -2.7138536889604253E-002   3.0642272104333550E-002
  -2.9942731047923797E-002   1.8316878002645417E-002
  -3.2268246181678790E-002   5.0677043501081145E-003
  -3.4162732373596440E-002  -8.9366699206370973E-003
  -3.5667708532584559E-002  -2.3546195719957141E-002
  -3.6817333794781582E-002  -3.8626029416146256E-002
  -3.7637841963027538E-002  -5.4053084335778136E-002
  -3.8147481849707537E-002  -6.9712643916885406E-002
  -3.8356779763435461E-002  -8.5495179973108681E-002
  -3.8268927423866089E-002 -0.10129344881812551     
  -3.7880121962113940E-002 -0.11699985215347350     
  -3.7179745220189395E-002 -0.13250397250346224     
  -3.6150348743368595E-002 -0.14769014682473042     
  -3.4767492615198327E-002 -0.16243493613227436     
  -3.2999568844641808E-002 -0.17660438074336027     
  -3.0807826691277469E-002 -0.19005099475932902     
  -2.8146899985853624E-002 -0.20261054770225714     
  -2.4966192182831318E-002 -0.21409880058742464     
  -2.1212481369600852E-002 -0.22430849053975113     
  -1.6834062626564131E-002 -0.23300696753344166     
  -1.1786672553431406E-002 -0.23993496873718836     
  -6.0413793034517519E-003 -0.24480709924545485     
   4.0539821647193007E-004 -0.24731475456173926     
   7.5195753484307614E-003 -0.24713260035947934     
   1.5214731787817039E-002 -0.24393045902699725     
   2.3335552288333759E-002 -0.23739357640324651     
   3.1641226507462782E-002 -0.22725544142610382     
   3.9793209972539968E-002 -0.21334757863724457     
   4.7355151106751793E-002 -0.19566804767978543     
   5.3815516275267962E-002 -0.17446228672289796     
   5.8642383193827557E-002 -0.15029554972603484     
   6.1370946915919426E-002 -0.12408052999251604     
   6.1706100418835445E-002  -9.7021062136227187E-002
   5.9602870878695875E-002  -7.0459270011578035E-002
   5.5284455920101359E-002  -4.5665559928756365E-002
   4.9183667006321111E-002  -2.3651816738476456E-002
   4.1835177596901731E-002  -5.0772566600347417E-003
   3.3769129674027856E-002   9.7411804562128352E-003
   2.5443057791399194E-002   2.0754879368298621E-002
   1.7216852224901949E-002   2.8096825938203951E-002
   9.3546875388492139E-003   3.2010604457146333E-002
   2.0372354159662685E-003   3.2800527604783004E-002
  -4.6244690540534518E-003   3.0798273454740989E-002
  -1.0576012157677478E-002   2.6340371852051913E-002
  -1.5807484879038287E-002   1.9752685216896795E-002
  -2.0341928302537133E-002   1.1339885042482976E-002
  -2.4224441793579788E-002   1.3789779557642223E-003
  -2.7512428513021027E-002  -9.8837437195528812E-003
  -3.0267405409536267E-002  -2.2232915524822022E-002
  -3.2548554679267434E-002  -3.5482039222097542E-002
  -3.4408016104018162E-002  -4.9469662154023548E-002
  -3.5887881057942078E-002  -6.4054309605235574E-002
  -3.7018885866910246E-002  -7.9108752677728059E-002
  -3.7820789981592128E-002  -9.4514320167173579E-002
  -3.8304243734809749E-002 -0.11015605329809454     
  -3.8473604185316722E-002 -0.12591941656497946     
  -3.8329808201862929E-002 -0.14168892008878917     
  -3.7872274037463259E-002 -0.15734842155082979     
  -3.7099002436805299E-002 -0.17278224476786339     
  -3.6004569302435292E-002 -0.18787582005330825     
  -3.4576413656465264E-002 -0.20251451297431794     
  -3.2790527826887080E-002 -0.21657973909269379     
  -3.0608118127131437E-002 -0.22994228673531605     
  -2.7974818194794814E-002 -0.24245375180802486     
  -2.4823537441359473E-002 -0.25393778488814228     
  -2.1081173008941405E-002 -0.26418315809911436     
  -1.6678532870296553E-002 -0.27294039082264454     
  -1.1562207920503191E-002 -0.27992301379316775     
  -5.7068902256763223E-003 -0.28481381735537176     
   8.7330734134897744E-004 -0.28727585314338744     
   8.1156541748378993E-003 -0.28696759581830172     
   1.5902127640970268E-002 -0.28356154254159610     
   2.4054376604623545E-002 -0.27676588690355330     
   3.2327955075950834E-002 -0.26635038168597425     
   4.0403349145117694E-002 -0.25218066935029282     
   4.7875438960555107E-002 -0.23426908642904704     
   5.4253301453278634E-002 -0.21284877167055216     
   5.8993974547190443E-002 -0.18846220624307003     
   6.1591492487253728E-002 -0.16202240675628435     
   6.1710718587508137E-002 -0.13477888841945512     
   5.9306790537214063E-002 -0.10814715093359871     
   5.4654319666116558E-002  -8.3449337047000818E-002
   4.8261041308054212E-002  -6.1690125199624656E-002
   4.0719878462676086E-002  -4.3467793377142301E-002
   3.2582051450233018E-002  -2.9018423333795777E-002
   2.4292917275665234E-002  -1.8320592381319778E-002
   1.6180252008307978E-002  -1.1196647404046292E-002
   8.4686320964923768E-003  -7.3864536798536537E-003
   1.3019395129426181E-003  -6.5933812131534313E-003
  -5.2354148082483969E-003  -8.5098014686095531E-003
  -1.1102468455974065E-002  -1.2830681637899032E-002
  -1.6290414373671250E-002  -1.9261472242957125E-002
  -2.0814201678373546E-002  -2.7523224912008919E-002
  -2.4705877419937648E-002  -3.7356168132245300E-002
  -2.8008928521365415E-002  -4.8522196149319421E-002
  -3.0773151543827697E-002  -6.0806220481562021E-002
  -3.3050021908772237E-002  -7.4016229520410717E-002
  -3.4888732217238289E-002  -8.7982039358971684E-002
  -3.6333054407892577E-002 -0.10255285951257714     
  -3.7419155280907147E-002 -0.11759393456915614     
  -3.8174405437026132E-002 -0.13298264107936142     
  -3.8617074090335490E-002 -0.14860445426324598     
  -3.8756686298284680E-002 -0.16434914434499712     
  -3.8594758785038652E-002 -0.18010744287510475     
  -3.8125628055446274E-002 -0.19576826094543298     
  -3.7337143346767313E-002 -0.21121638324688774     
  -3.6211096288469816E-002 -0.22633044768622521     
  -3.4723375039567614E-002 -0.24098097386818251     
  -3.2843951182904361E-002 -0.25502822768656652     
  -3.0536920590530217E-002 -0.26831979168923498     
  -2.7760909286069758E-002 -0.28068783194576807     
  -2.4470210287086278E-002 -0.29194619041342240     
  -2.0617034439180962E-002 -0.30188756816391232     
  -1.6155244151274353E-002 -0.31028118674782651     
  -1.1045907178719417E-002 -0.31687142694451759     
  -5.2649677710735398E-003 -0.32137808115828387     
   1.1867285598563869E-003 -0.32349908785773113     
   8.2709585968178956E-003 -0.32291703354511325     
   1.5897417118916207E-002 -0.31931137765470785     
   2.3907669679736426E-002 -0.31237924805290762     
   3.2059861939988686E-002 -0.30186849894111389     
   4.0018313150345958E-002 -0.28762673980401315     
   4.7355016104551839E-002 -0.26966756597922653     
   5.3572812385562073E-002 -0.24824773467442240     
   5.8159310363421826E-002 -0.22393521857847040     
   6.0671537443066949E-002 -0.19763296709929729     
   6.0832816558746505E-002 -0.17052173486082567     
   5.8605544704910396E-002 -0.14391275538990000     
   5.4204567897300236E-002 -0.11905006522543267     
   4.8042868774725883E-002  -9.6936003682149427E-002
   4.0636132530218909E-002  -7.8239306812822998E-002
   3.2507368240613364E-002  -6.3295427711963587E-002
   2.4119862352220328E-002  -5.2167084494062169E-002
   1.5844322094756873E-002  -4.4724566401281252E-002
   7.9523205858465455E-003  -4.0719128128050751E-002
   6.2525761201778090E-004  -3.9838894882910279E-002
  -6.0299081231060710E-003  -4.1746793961581506E-002
  -1.1963713677044721E-002  -4.6104355896656929E-002
  -1.7168744681537600E-002  -5.2585821837597246E-002
  -2.1666654261260493E-002  -6.0886023536651901E-002
  -2.5497793833005496E-002  -7.0724386123402039E-002
  -2.8713199438551888E-002  -8.1846516397777028E-002
  -3.1368537940554032E-002  -9.4024216012564665E-002
  -3.3519646099228716E-002 -0.10705440175268632     
  -3.5219352246122007E-002 -0.12075723967709259     
  -3.6515319180177336E-002 -0.13497371795311311     
  -3.7448692954319601E-002 -0.14956284943646900     
  -3.8053369541103922E-002 -0.16439867464251587     
  -3.8355698609993008E-002 -0.17936720535029430     
  -3.8374443673393127E-002 -0.19436340415015194     
  -3.8120826003797292E-002 -0.20928823970497859     
  -3.7598513517885672E-002 -0.22404579934325897     
  -3.6803480195064638E-002 -0.23854039277417485     
  -3.5723741850999677E-002 -0.25267355675868436     
  -3.4339050564815801E-002 -0.26634087859047206     
  -3.2620691953440528E-002 -0.27942859584608515     
  -3.0531575127958285E-002 -0.29180999288137993     
  -2.8026836211676370E-002 -0.30334168887705282     
  -2.5055195793983402E-002 -0.31385998624329159     
  -2.1561325683857151E-002 -0.32317751411176243     
  -1.7489501375791049E-002 -0.33108045996415708     
  -1.2788851177648110E-002 -0.33732674907995436     
  -7.4205574240420831E-003 -0.34164564579570295     
  -1.3673968262353329E-003 -0.34373948038426821     
   5.3540309909452799E-003 -0.34328864274552634     
   1.2678257853850147E-002 -0.33996171985889950     
   2.0473547899741158E-002 -0.33343370880228457     
   2.8523856622715390E-002 -0.32341640775674385     
   3.6514108144674096E-002 -0.30970564005274587     
   4.4026142989325973E-002 -0.29224816885889376     
   5.0556296900037760E-002 -0.27122412699507908     
   5.5565992540554499E-002 -0.24712630518595249     
   5.8568287202420105E-002 -0.22079972356876870     
   5.9233559059986257E-002 -0.19339903229295599     
   5.7475967596421401E-002 -0.16624634146817330     
   5.3479375325400008E-002 -0.14062494466753217     
   4.7648226458246332E-002 -0.11758676381901120     
   4.0508321935931055E-002  -9.7842998975583725E-002
   3.2602422634429647E-002  -8.1755268933483172E-002
   2.4414290632829121E-002  -6.9395937624195714E-002
   1.6330129811943841E-002  -6.0633310035660713E-002
   8.6298503848586793E-003  -5.5211060645148503E-002
   1.4963284474566771E-003  -5.2809150180094661E-002
  -4.9672917520460109E-003  -5.3085117478377936E-002
  -1.0718709472017694E-002  -5.5699739630256900E-002
  -1.5759203566369971E-002  -6.0331850622998090E-002
  -2.0119177777783184E-002  -6.6686087951535994E-002
  -2.3846739654560908E-002  -7.4496162735780302E-002
  -2.6999062899278954E-002  -8.3525350439398766E-002
  -2.9636096753667414E-002  -9.3565279351431191E-002
  -3.1816179633234548E-002 -0.10443372144477028     
  -3.3593138446038666E-002 -0.11597185504926180     
  -3.5014486716290080E-002 -0.12804128746105367     
  -3.6120393249631781E-002 -0.14052098752236397     
  -3.6943164835950851E-002 -0.15330418544674260     
  -3.7507061818151756E-002 -0.16629524949410124     
  -3.7828331502824865E-002 -0.17940654471196815     
  -3.7915382732614654E-002 -0.19255530107687463     
  -3.7769038412058392E-002 -0.20566053952469857     
  -3.7382812040677796E-002 -0.21864010394936270     
  -3.6743175108789231E-002 -0.23140782176856337     
  -3.5829817158582522E-002 -0.24387077908198079     
  -3.4615942362696384E-002 -0.25592667216335963     
  -3.3068685459736978E-002 -0.26746120346200347     
  -3.1149757858216207E-002 -0.27834552899900505     
  -2.8816450103797860E-002 -0.28843381902922838     
  -2.6023128964860420E-002 -0.29756104335162864     
  -2.2723395230118001E-002 -0.30554112621456220     
  -1.8873129063444235E-002 -0.31216564594020807     
  -1.4434742290602084E-002 -0.31720331810208025     
  -9.3830505409399200E-003 -0.32040065242914489     
  -3.7132064381638200E-003 -0.32148447013558767     
   2.5490073180291948E-003 -0.32016744762769328     
   9.3346774892217599E-003 -0.31615849019012116     
   1.6518096968720104E-002 -0.30918037680481081     
   2.3904336049656739E-002 -0.29899736457513798     
   3.1222014949618015E-002 -0.28545462746991929     
   3.8126449647339404E-002 -0.26852872592550453     
   4.4218423742285899E-002 -0.24838326053555571     
   4.9082060295594816E-002 -0.22541690838046721     
   5.2340845269797875E-002 -0.20028443567721418     
   5.3723197583322481E-002 -0.17386995216721304     
   5.3119720238915855E-002 -0.14720205391689092     
   5.0609722256368880E-002 -0.12132413067207101     
   4.6442747605104445E-002  -9.7158485216970000E-002
   4.0981219041382508E-002  -7.5409441362905200E-002
   3.4628991496115057E-002  -5.6529365285436742E-002
   2.7772349946794030E-002  -4.0738985551884668E-002
   2.0745451657935256E-002  -2.8075134737498994E-002
   1.3816570976728268E-002  -1.8442517408027700E-002
   7.1861267133226563E-003  -1.1658749417357115E-002
   9.9042717601073257E-004  -7.4907527564383484E-003
  -4.6909247049537715E-003  -5.6832614082341455E-003
  -9.8244543069359886E-003  -5.9799619644608209E-003
  -1.4409982871390083E-002  -8.1373016349114979E-003
  -1.8467521786877484E-002  -1.1931249560649726E-002
  -2.2026399396170990E-002  -1.7158278900188988E-002
  -2.5118486067695046E-002  -2.3632896965071662E-002
  -2.7775827963421023E-002  -3.1184457570779357E-002
  -3.0031331494209643E-002  -3.9655407763127606E-002
  -3.1920156050537739E-002  -4.8901742733102660E-002
  -3.3479612310724986E-002  -5.8794874030799027E-002
  -3.4746534199136946E-002  -6.9223073789518474E-002
  -3.5752721860640546E-002  -8.0090616282465749E-002
  -3.6520364192247669E-002  -9.1313726903155770E-002
  -3.7059685200902408E-002 -0.10281402916549032     
  -3.7370184202937813E-002 -0.11451158191751555     
  -3.7445136059509408E-002 -0.12632005501767382     
  -3.7277336100572191E-002 -0.13814577165992836     
  -3.6863278966827472E-002 -0.14989057144100060     
  -3.6203495351454167E-002 -0.16145653738737306     
  -3.5298467068975027E-002 -0.17274950671169198     
  -3.4141674720220380E-002 -0.18367855502300726     
  -3.2712960774990106E-002 -0.19415030775011582     
  -3.0975746774486081E-002 -0.20405938546457877     
  -2.8880288621058157E-002 -0.21327847887202961     
  -2.6372322209263676E-002 -0.22165223514945229     
  -2.3403595987739081E-002 -0.22899767551731967     
  -1.9939760449582681E-002 -0.23511100419657957     
  -1.5962230641667092E-002 -0.23977779671542343     
  -1.1463250527463831E-002 -0.24278154405484070     
  -6.4372090077902252E-003 -0.24390563256523443     
  -8.7516648055115879E-004 -0.24292673317489777     
   5.2291449068366802E-003 -0.23960275415125376     
   1.1856903220452436E-002 -0.23366434977511236     
   1.8928152575092210E-002 -0.22482270356176115     
   2.6264888308704160E-002 -0.21280499183060819     
   3.3573867171875667E-002 -0.19742011967223086     
   4.0468068420399947E-002 -0.17864023403425280     
   4.6527328208398076E-002 -0.15666517733065430     
   5.1368858312649722E-002 -0.13193689216018714     
   5.4684671179773048E-002 -0.10510345546613478     
   5.6233371325447430E-002  -7.6973689525942607E-002
   5.5829524451698996E-002  -4.8497578387747250E-002
   5.3386695210557361E-002  -2.0744450122734411E-002
   4.9005107312132500E-002   5.1901826194845780E-003
   4.3019430979153783E-002   2.8359963174388634E-002
   3.5937446368253925E-002   4.8132737412214674E-002
   2.8299559127491859E-002   6.4239017271585874E-002
   2.0555698730515982E-002   7.6695829964432138E-002
   1.3021231841217749E-002   8.5685778815019722E-002
   5.8984323445387139E-003   9.1464304096428098E-002
  -6.8105364361320639E-004   9.4313950140176572E-002
  -6.6224928656833607E-003   9.4531744496817408E-002
  -1.1852271133196561E-002   9.2430716820937037E-002
  -1.6317435564902324E-002   8.8341147780890514E-002
  -1.9991851514074552E-002   8.2604960000852212E-002
  -2.2880483272147763E-002   7.5564112688552079E-002
  -2.5018238568410043E-002   6.7546969935215140E-002
  -2.6463853453102027E-002   5.8856200531838022E-002
  -2.7290768657276528E-002   4.9760483409046839E-002
  -2.7577325256233409E-002   4.0491035170125284E-002
  -2.7398442667544345E-002   3.1242773259616399E-002
  -2.6820264806872031E-002   2.2178938514039383E-002
  -2.5898375562031280E-002   1.3437370885926538E-002
  -2.4679277816627602E-002   5.1364495076392878E-003
  -2.3204015416346913E-002  -2.6209596023223838E-003
  -2.1512291932433543E-002  -9.7464108122186071E-003
  -1.9645314910052242E-002  -1.6167440363722779E-002
  -1.7645877262002053E-002  -2.1830469905811757E-002
  -1.5554960626896290E-002  -2.6702805353849286E-002
  -1.3405564660538858E-002  -3.0771101417638672E-002
  -1.1216413561381221E-002  -3.4034423167047190E-002
  -8.9898573332188488E-003  -3.6492394721137911E-002
  -6.7182555894587078E-003  -3.8132485253060372E-002
  -4.4002300890044659E-003  -3.8923592275058705E-002
  -2.0625984976724416E-003  -3.8823361675025959E-002
   2.2216544745074044E-004  -3.7802323217837316E-002
   2.3353519087816188E-003  -3.5879152288523966E-002
   4.1352335599121638E-003  -3.3151805697717487E-002
   5.4979118688019430E-003  -2.9805924753796176E-002
   6.3566592331465435E-003  -2.6090840688804191E-002
   6.7193291075374681E-003  -2.2271832328858463E-002
   6.6572482639910974E-003  -1.8581180731356010E-002
   6.2766369957682616E-003  -1.5187993667182742E-002
   5.6897997345947441E-003  -1.2191711209437232E-002
   4.9961157841849971E-003  -9.6316603533025645E-003
   4.2732921104805220E-003  -7.5028975199016986E-003
   3.5756592519716177E-003  -5.7722734281992899E-003
   2.9367210731914640E-003  -4.3918612110549673E-003
   2.3737043340951876E-003  -3.3086328911673306E-003
   1.8922504587628513E-003  -2.4705819360963718E-003
   1.4903542211830046E-003  -1.8302037719801726E-003
   1.1614541912799085E-003  -1.3461808199773829E-003
   8.9673169611596425E-004  -9.8385029232071763E-004
   6.8666422930544770E-004  -7.1492123182333297E-004
   5.2198403649582066E-004  -5.1681381288384766E-004
   3.9423058524876929E-004  -3.7184630868836323E-004
   2.9602076609279237E-004  -2.6639188272419364E-004
   2.2112002866970110E-004  -1.9008673276625524E-004
   1.6439311548505721E-004  -1.3513733405299329E-004
   1.2169433008930179E-004  -9.5739760069210071E-005
   8.9731295459338431E-005  -6.7606819561389270E-005
   6.5923438158116545E-005  -4.7593469639379960E-005
   4.8269900523872744E-005  -3.3406671856894654E-005
   3.5233744798868866E-005  -2.3383761878029658E-005
   2.5643825011473195E-005  -1.6325042485782128E-005
   1.8613847019734895E-005  -1.1368770933687389E-005
   1.3477190931753436E-005  -7.8986022107420037E-006
   9.7352564816183220E-006  -5.4754663038690564E-006
   7.0169797678384609E-006  -3.7877437499304457E-006
   5.0474627461363059E-006  -2.6150546443212580E-006
   3.6239061725576150E-006  -1.8020700323820102E-006
   2.5972795780475312E-006  -1.2396559043218584E-006
   1.8584534769307788E-006  -8.5136272380983645E-007
   1.3277783308757285E-006  -5.8378788544647754E-007
   9.4729806501600351E-007  -3.9972672496231447E-007
   6.7496006798994994E-007  -2.7332364610284855E-007
   4.8033026853657036E-007  -1.8665210481046672E-007
   3.4143609785267185E-007  -1.2731031973070071E-007
   2.4244930252019513E-007  -8.6736190569636649E-008
   1.7199121288397226E-007  -5.9029846769303728E-008
   1.2189745915742443E-007  -4.0133194920701760E-008
   8.6320310436966451E-008  -2.7259662425511596E-008
   6.1078151891340239E-008  -1.8498796626344323E-008
   4.3185283468990192E-008  -1.2542730904522953E-008
   3.0512868487997738E-008  -8.4973506760915480E-009
   2.1544980888135971E-008  -5.7521851030286369E-009
   1.5203430377129921E-008  -3.8909265068588928E-009
   1.0722209662822798E-008  -2.6299957363762432E-009
   7.5576607445489318E-009  -1.7764293206525091E-009
   5.3242993374220725E-009  -1.1990542204879831E-009
   3.7490357603988233E-009  -8.0878482885332055E-010
   2.6385625384527187E-009  -5.4517250765584263E-010
   1.8561504167884990E-009  -3.6723445080654825E-010
   1.3051573589604123E-009  -2.4720738280473891E-010
   9.1732078485928290E-010  -1.6629774722506706E-010
   6.4445373756819673E-010  -1.1179307795354794E-010
   4.5256061322660028E-010  -7.5100384160992062E-011
   3.1767092006671167E-010  -5.0415207684094443E-011
   2.2289173377320734E-010  -3.3819326938667664E-011
   1.5632385773469412E-010  -2.2669532714867288E-011
   1.0958958714941451E-010  -1.5183886351401841E-011
   7.6793222344999572E-011  -1.0161854312353100E-011
   5.3787558601239513E-011  -6.7951300040557974E-012
   3.7656572038222893E-011  -4.5398416981980496E-012
   2.6350768919216035E-011  -3.0302834703793072E-012
   1.8430272551586712E-011  -2.0207143059499774E-012
   1.2883900911325342E-011  -1.3461179172941610E-012
   9.0018151441170032E-012  -8.9576278505384286E-013
   6.2859152064713595E-012  -5.9539810955818202E-013
   4.3868205400673828E-012  -3.9527253173423285E-013
   3.0595660736339643E-012  -2.6207644289104023E-013
   2.1324678238849287E-012  -1.7352651855860402E-013
   1.4852518685236347E-012  -1.1472847518255361E-013
   1.0336964888817912E-012  -7.5735822538208742E-014
   7.1885200396125138E-013  -4.9912502875127316E-014
   4.9947674099859043E-013  -3.2835506996670070E-014
   3.4673170421806309E-013  -2.1559952270821333E-014
   2.4046093464944463E-013  -1.4127295130927651E-014
   1.6658466575323210E-013  -9.2365167953162861E-015
   1.1527311365509300E-013  -6.0244676702655301E-015
   7.9667678310374803E-014  -3.9192680860473255E-015
   5.4985860245148310E-014  -2.5425628356390372E-015
   3.7895040700584333E-014  -1.6444165530045892E-015
   2.6074572597602548E-014  -1.0599975372760804E-015
   1.7909707560707717E-014  -6.8079174402908217E-016
   1.2277780407731797E-014  -4.3549664708624856E-016
   8.3989247541462974E-015  -2.7735673043081783E-016
   5.7319043499462840E-015  -1.7578071077190280E-016
   3.9014703368496641E-015  -1.1080130494572044E-016
   2.6477364577852814E-015  -6.9419616343627100E-017
   1.7909231610246255E-015  -4.3197273506826676E-017
   1.2068230826683327E-015  -2.6673424128532401E-017
   8.0974107887323015E-016  -1.6326136108172286E-017
   5.4064174540985320E-016  -9.8924831441730489E-018
   3.5892237461770453E-016  -5.9245071847393903E-018
   2.3670799425819196E-016  -3.4999826467002955E-018
   1.5489947330565746E-016  -2.0345509936144937E-018
   1.0043906623643745E-016  -1.1600783076922364E-018
   6.4420583401200665E-017  -6.4616257272520317E-019
   4.0784879271383018E-017  -3.4967694692959784E-019
   2.5420431922138693E-017  -1.8247356284535335E-019
   1.5543813598585477E-017  -9.0811058284670484E-020
   9.2730202841969273E-018  -4.2322510984820657E-020
   5.3337769427128992E-018  -1.7832662746052305E-020
   2.8562368216725901E-018  -6.2419380420463156E-021
   1.2274460604254604E-018  -1.3063461013418866E-021
   0.0000000000000000        0.0000000000000000     
