 Initial conditions outputted from a previous simulation. Time =    36.800000000000004     
   40.000000000000000        0.0000000000000000              500           1   36.800000000000004     
  -3.3887864056471761E-002  -6.9036395928142577E-002
  -3.2059221797201984E-002  -8.3895566780256448E-002
  -2.9905406103617846E-002  -9.8053323420781976E-002
  -2.7302153537915159E-002 -0.11133802893088567     
  -2.4235761549748710E-002 -0.12358986668074705     
  -2.0594436345494689E-002 -0.13456266582402979     
  -1.6341642244188648E-002 -0.14404573171862081     
  -1.1426842958392733E-002 -0.15177679867999108     
  -5.8127159303227142E-003 -0.15747070931158094     
   5.1041430118726474E-004 -0.16081917558285211     
   7.5172872813170366E-003 -0.16149256434309686     
   1.5130780172048814E-002 -0.15915230737210870     
   2.3203175513902132E-002 -0.15347034234311779     
   3.1498421869193619E-002 -0.14416138818068538     
   3.9677974975477072E-002 -0.13103312597554762     
   4.7298007300146855E-002 -0.11405528096932181     
   5.3828729918205240E-002  -9.3440959744531621E-002
   5.8704851776112378E-002  -6.9718284165727534E-002
   6.1407975732388292E-002  -4.3752345430354209E-002
   6.1572383785870349E-002  -1.6675169599042371E-002
   5.9096150073922514E-002   1.0281589798769619E-002
   5.4216665487274739E-002   3.5987717444237469E-002
   4.7487849917630678E-002   5.9549732249569262E-002
   3.9632533282969271E-002   8.0334341421278890E-002
   3.1339263900891465E-002   9.7927266248102565E-002
   2.3122755106599654E-002  0.11209934292763522     
   1.5301699532402922E-002  0.12279582173662890     
   8.0487560927136655E-003  0.13011971552816962     
   1.4450561601289116E-003  0.13429338240233155     
  -4.4858967378705516E-003  0.13561065326717278     
  -9.7578105856248164E-003  0.13439512532207612     
  -1.4406406420701772E-002  0.13097012334823976     
  -1.8476426979030420E-002  0.12564080045715290     
  -2.2010150341892215E-002  0.11868783312984231     
  -2.5040719965444675E-002  0.11036929983331635     
  -2.7593540972247883E-002  0.10092406807650614     
  -2.9691734464988705E-002   9.0571953134194028E-002
  -3.1360146429732394E-002   7.9511677604487629E-002
  -3.2629400595208635E-002   6.7918650487496887E-002
  -3.3539693511061085E-002   5.5942646136854617E-002
  -3.4136772198957568E-002   4.3708349219757726E-002
  -3.4461171807736390E-002   3.1320133736513711E-002
  -3.4541895413235366E-002   1.8866511067503738E-002
  -3.4396174522037040E-002   6.4245038542692628E-003
  -3.4028239649028222E-002  -5.9345088983018598E-003
  -3.3426720585100739E-002  -1.8137752805970873E-002
  -3.2565161353490149E-002  -3.0102956954480922E-002
  -3.1406896475087896E-002  -4.1730875996275701E-002
  -2.9912514781499214E-002  -5.2901926560001318E-002
  -2.8047006290536275E-002  -6.3478547239357683E-002
  -2.5783029248142554E-002  -7.3311408706846104E-002
  -2.3098269611851484E-002  -8.2245692919093352E-002
  -1.9968281502956705E-002  -9.0123616579126167E-002
  -1.6358726878077913E-002  -9.6780942446398593E-002
  -1.2221349340889117E-002 -0.10203798615679639     
  -7.4966638251458455E-003 -0.10568812341215578     
  -2.1240246002929642E-003 -0.10748775651422982     
   3.9421754314657702E-003 -0.10715119636129383     
   1.0711927861300733E-002 -0.10435302229814644     
   1.8136171657250611E-002  -9.8740325905161630E-002
   2.6082721783901770E-002  -8.9958098548780938E-002
   3.4316341612152877E-002  -7.7691647146615500E-002
   4.2490942897329069E-002  -6.1727874099812709E-002
   5.0162596495636542E-002  -4.2030663369144995E-002
   5.6827513555508892E-002  -1.8815916790360338E-002
   6.1981018619720378E-002   7.3955212082251571E-003
   6.5187777499939564E-002   3.5768788122354130E-002
   6.6153000508476750E-002   6.5205105621309684E-002
   6.4782922453298822E-002   9.4455942098003051E-002
   6.1215607657643833E-002  0.12228723144768498     
   5.5800931650110311E-002  0.14765143408545842     
   4.9027091694104144E-002  0.16980878226099408     
   4.1421400580606407E-002  0.18836012794280371     
   3.3465307971162261E-002  0.20320116633583241     
   2.5546345526703058E-002  0.21443937587722722     
   1.7944865923279100E-002  0.22231132194510836     
   1.0842606962619796E-002  0.22711808096848482     
   4.3413958398978054E-003  0.22918185371044664     
  -1.5160593121665861E-003  0.22882026642015091     
  -6.7278833445206807E-003  0.22633276829294641     
  -1.1318610427212685E-002  0.22199427647860839     
  -1.5328340787434315E-002  0.21605299589577834     
  -1.8804929119937547E-002  0.20873058071780626     
  -2.1798551908385741E-002  0.20022352669439836     
  -2.4357957762909846E-002  0.19070522932864900     
  -2.6527883714300791E-002  0.18032846323772733     
  -2.8347286018009350E-002  0.16922816889702008     
  -2.9848131238870437E-002  0.15752450165844128     
  -3.1054613304611234E-002  0.14532611316701893     
  -3.1982753333432264E-002  0.13273358992647924     
  -3.2640351401135602E-002  0.11984292010326195     
  -3.3027228752802548E-002  0.10674884074958227     
  -3.3135658391527052E-002   9.3547942967194084E-002
  -3.2950853714569621E-002   8.0341477123595448E-002
  -3.2451394528565339E-002   6.7237882143487859E-002
  -3.1609520497688372E-002   5.4355129718497097E-002
  -3.0391296444118806E-002   4.1823006409418675E-002
  -2.8756738766227960E-002   2.9785452273309605E-002
  -2.6660082476155374E-002   1.8403036456941847E-002
  -2.4050456672033250E-002   7.8555785390001156E-003
  -2.0873310447054046E-002  -1.6551763796010504E-003
  -1.7072981956497719E-002  -9.9030380266728231E-003
  -1.2596831094407214E-002  -1.6635340015557009E-002
  -7.4013649423472589E-003  -2.1571876972075410E-002
  -1.4607640338973093E-003  -2.4405506549719340E-002
   5.2218755880302043E-003  -2.4805473585722916E-002
   1.2600515123536453E-002  -2.2425086663738884E-002
   2.0569810799393077E-002  -1.6916190254772961E-002
   2.8947824542460504E-002  -7.9538190937751951E-003
   3.7460801325090248E-002   4.7249476075297645E-003
   4.5735337838577854E-002   2.1264673489031702E-002
   5.3306020700061248E-002   4.1618616063325772E-002
   5.9648190752861152E-002   6.5469551014074520E-002
   6.4242300715466938E-002   9.2169468802097226E-002
   6.6664539003034984E-002  0.12073519018402770     
   6.6679851115532651E-002  0.14993055891382523     
   6.4300583169203201E-002  0.17843134276061970     
   5.9782254570933682E-002  0.20502219975468519     
   5.3557760816496228E-002  0.22875359543571991     
   4.6141121753687252E-002  0.24901150984599132     
   3.8038902573627270E-002  0.26550188549039982     
   2.9691629194944360E-002  0.27818486718026642     
   2.1447361776674643E-002  0.28719605178058644     
   1.3558793780794299E-002  0.29277733872288880     
   6.1936371402516923E-003  0.29522541959724691     
  -5.4960835265843819E-004  0.29485733569986333     
  -6.6252898782462296E-003  0.29198916901663519     
  -1.2025901639451541E-002  0.28692370860379623     
  -1.6769836769447356E-002  0.27994387929540487     
  -2.0891657091027815E-002  0.27130975434298849     
  -2.4434608654963452E-002  0.26125780548893840     
  -2.7445013920886122E-002  0.25000160879177408     
  -2.9968193771207994E-002  0.23773354231685168     
  -3.2045620363933505E-002  0.22462717038658311     
  -3.3713055477804774E-002  0.21084007907781793     
  -3.4999471815359541E-002  0.19651695382663389     
  -3.5926570321673255E-002  0.18179271097637142     
  -3.6508705460704727E-002  0.16679553387744359     
  -3.6753032812267404E-002  0.15164972438824756     
  -3.6659714653165192E-002  0.13647835332541253     
  -3.6222066140079993E-002  0.12140576169416151     
  -3.5426591356860389E-002  0.10656001011234083     
  -3.4252931254320496E-002   9.2075385194535064E-002
  -3.2673814138697424E-002   7.8095048209364026E-002
  -3.0655161798062082E-002   6.4773860720267140E-002
  -2.8156562253161523E-002   5.2281353424760584E-002
  -2.5132370956813428E-002   4.0804726145644440E-002
  -2.1533739624602765E-002   3.0551688199877927E-002
  -1.7311894844618033E-002   2.1752876030579037E-002
  -1.2423005014317581E-002   1.4663508484814942E-002
  -6.8349888918987104E-003   9.5638186706894293E-003
  -5.3661775087666323E-004   6.7575675883314859E-003
   6.4508000381291895E-003   6.5675203243729090E-003
   1.4059080667123700E-002   9.3260811948669350E-003
   2.2156635543557172E-002   1.5358326694084396E-002
   3.0531310837488335E-002   2.4953615850706254E-002
   3.8876112984784827E-002   3.8321417596289806E-002
   4.6784301769427938E-002   5.5528443206344480E-002
   5.3763634375181335E-002   7.6420116167381369E-002
   5.9280470857254887E-002  0.10054207558445487     
   6.2838026787998796E-002  0.12709418366910363     
   6.4076168130711306E-002  0.15495767198384677     
   6.2859533541697210E-002  0.18281761538474237     
   5.9314246194302492E-002  0.20935610448827105     
   5.3794025807103699E-002  0.23344709383573445     
   4.6792855165538716E-002  0.25428209819376141     
   3.8844485981522348E-002  0.27139955585565106     
   3.0443373398800853E-002  0.28463983030242512     
   2.1999753303324529E-002  0.29406713327781503     
   1.3824361581147892E-002  0.29989078502603883     
   6.1325066594393992E-003  0.30240156771593518     
  -9.4196432443497660E-004  0.30192671170354773     
  -7.3294478231717324E-003  0.29880090537710535     
  -1.3007834559401969E-002  0.29334897699333345     
  -1.7987897339946057E-002  0.28587639174255419     
  -2.2301394087704183E-002  0.27666473501289984     
  -2.5991873278002633E-002  0.26597028483073609     
  -2.9107870079101261E-002  0.25402449576226749     
  -3.1698099059307830E-002  0.24103567431427542     
  -3.3808247518595458E-002  0.22719137642002329     
  -3.5478995895467019E-002  0.21266119420740259     
  -3.6744933103101840E-002  0.19759968021033689     
  -3.7634071465563579E-002  0.18214922815013182     
  -3.8167697631432823E-002  0.16644281680641235     
  -3.8360343973446134E-002  0.15060661659265440     
  -3.8219738340453904E-002  0.13476252809041767     
  -3.7746680122215930E-002  0.11903074656420780     
  -3.6934874421658208E-002  0.10353242557821063     
  -3.5770805887805346E-002   8.8392465892373304E-002
  -3.4233739921497981E-002   7.3742410143860362E-002
  -3.2295923520514629E-002   5.9723397361520061E-002
  -2.9923061717534696E-002   4.6489123054925051E-002
  -2.7075196696842142E-002   3.4208743610799681E-002
  -2.3708207126072103E-002   2.3069638319143299E-002
  -1.9776236469218594E-002   1.3279887228537398E-002
  -1.5235411634392609E-002   5.0702345921048112E-003
  -1.0049213607012025E-002  -1.3048197439981611E-003
  -4.1958278972640322E-003  -5.5673433820652308E-003
   2.3222366102915778E-003  -7.4185355663944959E-003
   9.4660266537796960E-003  -6.5448213820435757E-003
   1.7145473613751971E-002  -2.6295104378163130E-003
   2.5202723627881646E-002   4.6268702043515651E-003
   3.3395478850682433E-002   1.5473327097957765E-002
   4.1385072500856983E-002   3.0057867100144197E-002
   4.8737652502029181E-002   4.8358429590956847E-002
   5.4949408003712959E-002   7.0103118750253476E-002
   5.9504173219286423E-002   9.4702654470896055E-002
   6.1960298951951931E-002  0.12123155688359209     
   6.2045585289372540E-002  0.14849163699173143     
   5.9725597454665845E-002  0.17516157072645938     
   5.5215310881737985E-002  0.19999159862336879     
   4.8928200404759703E-002  0.22197508167194083     
   4.1385115071554950E-002  0.24044194368545693     
   3.3118627481470188E-002  0.25506177807970598     
   2.4601565357155530E-002  0.26578344438123647     
   1.6210530806335315E-002  0.27275123740000806     
   8.2192259628324424E-003  0.27622790552514143     
   8.0927165646772683E-004  0.27653736059626977     
  -5.9126368825904198E-003  0.27402702854414518     
  -1.1897669381767053E-002  0.26904461019797998     
  -1.7140165189217335E-002  0.26192390395747112     
  -2.1665273066987980E-002  0.25297604710534710     
  -2.5518166211072071E-002  0.24248437224364630     
  -2.8754410319338786E-002  0.23070232428421186     
  -3.1431793221868121E-002  0.21785427280283248     
  -3.3604367933876937E-002  0.20413875899427864     
  -3.5319338245634116E-002  0.18973314508585482     
  -3.6616789898827565E-002  0.17479821794103392     
  -3.7531386629740648E-002  0.15948139731359887     
  -3.8094430124338989E-002  0.14391793546092124     
  -3.8334569129394820E-002  0.12823062414399736     
  -3.8276131068514352E-002  0.11252952457924914     
  -3.7935339239952078E-002   9.6913557175873744E-002
  -3.7316008056816653E-002   8.1475136404367959E-002
  -3.6406970945329895E-002   6.6307580981301045E-002
  -3.5182997703834824E-002   5.1513434634503835E-002
  -3.3609363412160531E-002   3.7210995408573692E-002
  -3.1648252649373675E-002   2.3536890340445083E-002
  -2.9263885725862381E-002   1.0644348320955344E-002
  -2.6423490952878107E-002  -1.3008965358343083E-003
  -2.3093190152453379E-002  -1.2123500565508500E-002
  -1.9230872444457058E-002  -2.1636560597588235E-002
  -1.4780927953373489E-002  -2.9633073789558921E-002
  -9.6768052994108122E-003  -3.5872552898539925E-002
  -3.8556854116889435E-003  -4.0068329687241659E-002
   2.7148478212149162E-003  -4.1883425872753961E-002
   1.0004147732248121E-002  -4.0942502993797827E-002
   1.7891031363960322E-002  -3.6863862969007330E-002
   2.6153965564148767E-002  -2.9308707489872094E-002
   3.4484752170811678E-002  -1.8036175621028949E-002
   4.2515634982862031E-002  -2.9483523176451641E-003
   4.9834576916219980E-002   1.5879499630787205E-002
   5.5972392037115903E-002   3.8161467392971819E-002
   6.0390836050829802E-002   6.3323537450465692E-002
   6.2544534629307633E-002   9.0404636935704413E-002
   6.2054780500826946E-002  0.11804766087015363     
   5.8908195793719982E-002  0.14469911089071813     
   5.3509859187980680E-002  0.16896988231630572     
   4.6519619637581486E-002  0.18992601445749729     
   3.8599862979591400E-002  0.20712878959278064     
   3.0261795248014107E-002  0.22048129199143698     
   2.1860095108003730E-002  0.23006113580663104     
   1.3653177660618514E-002  0.23603272396951597     
   5.8506564162243311E-003  0.23862167035923212     
  -1.3703719539645486E-003  0.23811151656201707     
  -7.8720731968348820E-003  0.23483873181212347     
  -1.3572105100797234E-002  0.22917487351960614     
  -1.8453360094799864E-002  0.22149788743392088     
  -2.2559247380739462E-002  0.21216233108765870     
  -2.5977215150973631E-002  0.20147624177890311     
  -2.8815981708596321E-002  0.18968844397069637     
  -3.1181661246191823E-002  0.17698808688597970     
  -3.3158499661903124E-002  0.16351566053225577     
  -3.4798685610259630E-002  0.14938156104655179     
  -3.6122518169795212E-002  0.13468632646190759     
  -3.7127063174328540E-002  0.11953676134337793     
  -3.7799222951054451E-002  0.10405415264260948     
  -3.8128449013866653E-002   8.8373791279515029E-002
  -3.8115274998268334E-002   7.2637746111567050E-002
  -3.7773638837129642E-002   5.6984439285276065E-002
  -3.7126796976807833E-002   4.1539015843349514E-002
  -3.6198239726313843E-002   2.6408050543878177E-002
  -3.5000269152580983E-002   1.1680936008360244E-002
  -3.3523564311084587E-002  -2.5615233743459080E-003
  -3.1730882295094923E-002  -1.6232876849870074E-002
  -2.9556953669415680E-002  -2.9224444492620193E-002
  -2.6914919464002346E-002  -4.1390374877526365E-002
  -2.3707959397388380E-002  -5.2537730036823486E-002
  -1.9843707048585447E-002  -6.2423457668490383E-002
  -1.5248861539030071E-002  -7.0758416336678009E-002
  -9.8818467846724812E-003  -7.7217370404226354E-002
  -3.7420669418196505E-003  -8.1453221098207379E-002
   3.1248547478720731E-003  -8.3113510228129447E-002
   1.0625281384454465E-002  -8.1857311093858576E-002
   1.8616958039364001E-002  -7.7371302509125967E-002
   2.6905658147280416E-002  -6.9385798206020921E-002
   3.5234906491568824E-002  -5.7695300512915368E-002
   4.3267912054179347E-002  -4.2193041597739032E-002
   5.0569378543229064E-002  -2.2931529656788442E-002
   5.6607491820061057E-002  -2.1391390153603315E-004
   6.0804692771295826E-002   2.5304447946444399E-002
   6.2653076940549141E-002   5.2563672964906806E-002
   6.1866890854999718E-002   8.0172409010024759E-002
   5.8495967809776929E-002  0.10663048150172127     
   5.2924937103117721E-002  0.13061893830209723     
   4.5753493647740846E-002  0.15121416405861929     
   3.7631764136430434E-002  0.16794095846554247     
   2.9134548537750930E-002  0.18069458639053945     
   2.0704675107256144E-002  0.18961671966882121     
   1.2647949904093295E-002  0.19498533942402593     
   5.1534970240900771E-003  0.19713741830403214     
  -1.6776387998372773E-003  0.19642255087987948     
  -7.8055442972242818E-003  0.19317908220444741     
  -1.3230428183766662E-002  0.18772349049638348     
  -1.7977481395179257E-002  0.18034661598693172     
  -2.2086371128169791E-002  0.17131324873988030     
  -2.5604277596203678E-002  0.16086309986000050     
  -2.8581301458190777E-002  0.14921219796368065     
  -3.1067289154678674E-002  0.13655447077397251     
  -3.3109545570031797E-002  0.12306352777065384     
  -3.4751111328496911E-002  0.10889470782995604     
  -3.6029425500948210E-002   9.4187448895033138E-002
  -3.6975340460152446E-002   7.9067963922843029E-002
  -3.7612498210799455E-002   6.3652125301979418E-002
  -3.7957051488044305E-002   4.8048423214468013E-002
  -3.8017673280066638E-002   3.2360865060640925E-002
  -3.7795745525860652E-002   1.6691715349935500E-002
  -3.7285576880792461E-002   1.1440415727704330E-003
  -3.6474502168263478E-002  -1.4175883661593900E-002
  -3.5342758131561999E-002  -2.9156198011310294E-002
  -3.3863096503864890E-002  -4.3676902757948798E-002
  -3.2000196281910032E-002  -5.7606948103490409E-002
  -2.9710083412951897E-002  -7.0800766372361046E-002
  -2.6939923589239963E-002  -8.3094162234288504E-002
  -2.3628691633466793E-002  -9.4299617817521705E-002
  -1.9709363981164060E-002 -0.10420125674450660     
  -1.5113391693934615E-002 -0.11254994719140378     
  -9.7781864562776055E-003 -0.11905928061211153     
  -3.6583081228221794E-003 -0.12340344264056918     
   3.2588411362032975E-003 -0.12521856371171494     
   1.0932152667618582E-002 -0.12411028462447105     
   1.9241160668607732E-002 -0.11967191665987469     
   2.7958155820126739E-002 -0.11151966775392876     
   3.6724396731874165E-002  -9.9352864163433710E-002
   4.5042797782936218E-002  -8.3044578520454493E-002
   5.2305689978518956E-002  -6.2755806779341575E-002
   5.7874597902738703E-002  -3.9040630377814994E-002
   6.1208727749471677E-002  -1.2881962186602602E-002
   6.2001974243967008E-002   1.4399616763534104E-002
   6.0262812357925813E-002   4.1362302438067385E-002
   5.6291966304682479E-002   6.6699736583561084E-002
   5.0573560972895261E-002   8.9423791412424639E-002
   4.3643244017148225E-002  0.10891727202408502     
   3.5990981270722616E-002  0.12488392127676542     
   2.8016192487833550E-002  0.13725810584392070     
   2.0022636936210932E-002  0.14612016024430299     
   1.2233818168087315E-002  0.15163568236338967     
   4.8139659607109968E-003  0.15401958855749659     
  -2.1142789538607493E-003  0.15351791972072740     
  -8.4583828587504687E-003  0.15039918508770567     
  -1.4149760112140218E-002  0.14494942460569471     
  -1.9140994181504303E-002  0.13746783889915318     
  -2.3404569186485705E-002  0.12826171883780482     
  -2.6931737885971710E-002  0.11764063985759007     
  -2.9730937205482536E-002  0.10591039720747847     
  -3.1825726436483050E-002   9.3367149303413124E-002
  -3.3252404233318107E-002   8.0292096098177584E-002
  -3.4057478069779934E-002   6.6946887435449465E-002
  -3.4295107292791935E-002   5.3569852236994411E-002
  -3.4024546917085931E-002   4.0373092919147993E-002
  -3.3307532921301251E-002   2.7540500270856656E-002
  -3.2205491713152172E-002   1.5226798106615147E-002
  -3.0776464219508724E-002   3.5578081044636916E-003
  -2.9071735166588272E-002  -7.3677989473048249E-003
  -2.7132306912644059E-002  -1.7474955255372099E-002
  -2.4985524064095557E-002  -2.6706546380731690E-002
  -2.2642401320816546E-002  -3.5015463064373892E-002
  -2.0096596790743253E-002  -4.2354476251956180E-002
  -1.7326442377741801E-002  -4.8664692961689585E-002
  -1.4301806740911345E-002  -5.3864358771644742E-002
  -1.0997566291263168E-002  -5.7841156052989173E-002
  -7.4146008784075259E-003  -6.0452809456442914E-002
  -3.6065473828491667E-003  -6.1542236522410101E-002
   2.9490292556754442E-004  -6.0973039086672683E-002
   4.0704232488109615E-003  -5.8685651417189240E-002
   7.4361975630719930E-003  -5.4761310383467300E-002
   1.0106345252178510E-002  -4.9464410340260584E-002
   1.1876119969210728E-002  -4.3229436189400380E-002
   1.2684858337101569E-002  -3.6582306846249288E-002
   1.2623288633782143E-002  -3.0027950373011838E-002
   1.1885931001325931E-002  -2.3958576496880431E-002
   1.0703236068966789E-002  -1.8616703977756777E-002
   9.2887520255434571E-003  -1.4107055552956280E-002
   7.8126430085284655E-003  -1.0431256445213734E-002
   6.3948038743535983E-003  -7.5251327668818284E-003
   5.1089456109287418E-003  -5.2899993369080111E-003
   3.9920991685013637E-003  -3.6152462973187568E-003
   3.0552019645012024E-003  -2.3924546727993961E-003
   2.2920877942181630E-003  -1.5231994833578338E-003
   1.6864449943292021E-003  -9.2278066247023025E-004
   1.2170385921510664E-003  -5.2127067945609425E-004
   8.6129189674083255E-004  -2.6286158739779851E-004
   5.9748164504138052E-004  -1.0434713081627958E-004
   4.0599378224241754E-004  -1.3265657923001729E-005
   2.6994806371108914E-004   3.4035802222286120E-005
   1.7536520369102897E-004   5.4244487276828544E-005
   1.1104460639185158E-004   5.8717393376517328E-005
   6.8286883822932582E-005   5.4868867169573999E-005
   4.0534091426750877E-005   4.7306120393574129E-005
   2.2979578287197555E-005   3.8718115283381966E-005
   1.2193494383370562E-005   3.0539502944179420E-005
   5.7914057200723516E-006   2.3425897079422723E-005
   2.1567064447298571E-006   1.7579189838779613E-005
   2.1958757572267090E-007   1.2959047404732735E-005
  -7.1081699298137476E-007   9.4131642994178881E-006
  -1.0693374626643138E-006   6.7527620900143363E-006
  -1.1221011760998710E-006   4.7927529603451072E-006
  -1.0267459022289017E-006   3.3702640456039024E-006
  -8.7282188214172629E-007   2.3508212036601706E-006
  -7.0830223801332830E-007   1.6280478438812543E-006
  -5.5658198320538439E-007   1.1203569473271456E-006
  -4.2709939251496112E-007   7.6662993291013091E-007
  -3.2180145684821538E-007   5.2193054525770870E-007
  -2.3896477389377553E-007   3.5372203617799894E-007
  -1.7536372728236788E-007   2.3874373683079096E-007
  -1.2743340138455926E-007   1.6054525110212901E-007
  -9.1841850977401728E-008   1.0760052459564817E-007
  -6.5727381588167975E-008   7.1898876425402857E-008
  -4.6755387342722459E-008   4.7912109773480448E-008
  -3.3086450723529204E-008   3.1848990187784061E-008
  -2.3307514732801124E-008   2.1123871696155263E-008
  -1.6353724107793102E-008   1.3981986225172970E-008
  -1.1434647482722518E-008   9.2376682353244435E-009
  -7.9706675077542961E-009   6.0929308923135142E-009
  -5.5410004052277094E-009   4.0125939328277004E-009
  -3.8427183323796356E-009   2.6388635415777963E-009
  -2.6592787975261865E-009   1.7332163316173713E-009
  -1.8368243879449512E-009   1.1370468102053835E-009
  -1.2666041519606640E-009   7.4513330251064030E-010
  -8.7209539027682556E-010   4.8781498547629005E-010
  -5.9966386626429555E-010   3.1906038393449768E-010
  -4.1184656219594647E-010   2.0850389604194383E-010
  -2.8255461306331485E-010   1.3614515421752309E-010
  -1.9366812256522193E-010   8.8829374780460837E-011
  -1.3263142553771602E-010   5.7915372044543711E-011
  -9.0762411744896803E-011   3.7733517601860449E-011
  -6.2068481895709923E-011   2.4567865758707862E-011
  -4.2420114855304833E-011   1.5985346119589220E-011
  -2.8975741958917995E-011   1.0394325742875935E-011
  -1.9782550100022328E-011   6.7544962986428117E-012
  -1.3500032100870090E-011   4.3864408760094998E-012
  -9.2089279226973332E-012   2.8467689483328443E-012
  -6.2794168207012442E-012   1.8463263007803291E-012
  -4.2803294608799412E-012   1.1966699671338744E-012
  -2.9167017526809413E-012   7.7507044069192368E-013
  -1.9868761745012306E-012   5.0164638759715012E-013
  -1.3530641253970780E-012   3.2443711723314436E-013
  -9.2116515558962395E-013   2.0966405137739587E-013
  -6.2694418235326279E-013   1.3538167306001944E-013
  -4.2657088635678613E-013   8.7340893401230327E-014
  -2.9014910117748399E-013   5.6295544743260496E-014
  -1.9729390550722316E-013   3.6249592413855100E-014
  -1.3411003060501502E-013   2.3317184076932209E-014
  -9.1128595678086601E-014   1.4981697141461059E-014
  -6.1898833344990857E-014   9.6144089839281780E-015
  -4.2027246625743089E-014   6.1620035194526273E-015
  -2.8522268672729571E-014   3.9438119994902619E-015
  -1.9347430400037051E-014   2.5203343620077367E-015
  -1.3116783269405384E-014   1.6080359882419778E-015
  -8.8873436059261731E-015   1.0241688986135600E-015
  -6.0176879696582045E-015   6.5106169944292966E-016
  -4.0716390870604654E-015   4.1302578974830466E-016
  -2.7526790593309108E-015   2.6143192788572817E-016
  -1.8592969204780657E-015   1.6507436835956056E-016
  -1.2545954633308121E-015   1.0395447514758327E-016
  -8.4560854947240284E-016   6.5274035363821786E-017
  -5.6922979975513533E-016   4.0855351927960816E-017
  -3.8264168469626526E-016   2.5481799210130160E-017
  -2.5680739660627582E-016   1.5831653881592936E-017
  -1.7204665426860706E-016   9.7939380965107514E-018
  -1.1502909208703510E-016   6.0299811202976938E-018
  -7.6731711861652440E-017   3.6928517493633121E-018
  -5.1051791547073538E-017   2.2480955569803903E-018
  -3.3865302156887061E-017   1.3593922600740810E-018
  -2.2388035268997595E-017   8.1575640679307717E-019
  -1.4742341453316863E-017   4.8528060318896534E-019
  -9.6634718458038880E-018   2.8580822989336497E-019
  -6.3006647048793470E-018   1.6638419266229864E-019
  -4.0825019150609384E-018   9.5553549612665585E-020
  -2.6258393082795511E-018   5.4001347762796914E-020
  -1.6742613236694844E-018   2.9937898554976670E-020
  -1.0565267057901250E-018   1.6215681444328321E-020
  -6.5853930795269593E-019   8.5352320557187158E-021
  -4.0446110712778636E-019   4.3336813332941996E-021
  -2.4399720542061981E-019   2.0996552569001515E-021
  -1.4383919693368983E-019   9.5342881996738365E-022
  -8.1917509196490384E-020   3.9193281881336135E-022
  -4.3520027703377096E-020   1.3408562692707829E-022
  -1.8566081894184565E-020   2.7400033776234790E-023
  -0.0000000000000000        0.0000000000000000     
