 Initial conditions outputted from a previous simulation. Time =    88.000000000000000     
   40.000000000000000        0.0000000000000000              500           1   88.000000000000000     
   6.2755792175944305E-002   4.8842663452158742E-013
   6.1349900995382234E-002   2.6779086102098542E-002
   5.7733804821724827E-002   5.2217755024518461E-002
   5.2163453834046816E-002   7.5215584312035552E-002
   4.5202833388594862E-002   9.4897574233197585E-002
   3.7318390000501300E-002  0.11090881064011149     
   2.9032585730450734E-002  0.12305378576449126     
   2.0749687938095319E-002  0.13141862943487631     
   1.2771716668776122E-002  0.13622507256801525     
   5.3061282568070680E-003  0.13776858091287039     
  -1.5236233068829585E-003  0.13638131602254192     
  -7.6582410627165920E-003  0.13239979948819422     
  -1.3084889827633660E-002  0.12614764378951054     
  -1.7822738821194287E-002  0.11792732590822751     
  -2.1911320410562443E-002  0.10801591085855261     
  -2.5402060488742884E-002   9.6664017635348085E-002
  -2.8352709414696187E-002   8.4097315829505456E-002
  -3.0824170235872642E-002   7.0520081805623705E-002
  -3.2878659611992489E-002   5.6121087121000425E-002
  -3.4576752049957755E-002   4.1081457930125083E-002
  -3.5970379202747788E-002   2.5581656307999613E-002
  -3.7091820082395283E-002   9.8024205767661410E-003
  -3.7944302705519177E-002  -6.0837300960887922E-003
  -3.8502223109435511E-002  -2.1927027306506610E-002
  -3.8723605207132306E-002  -3.7611393115167771E-002
  -3.8568173684895790E-002  -5.3053337104918948E-002
  -3.8010369674596665E-002  -6.8188482171047532E-002
  -3.7041400056201067E-002  -8.2952964581274019E-002
  -3.5662419238115986E-002  -9.7268054077057256E-002
  -3.3874930471711570E-002 -0.11103197042474551     
  -3.1673094803188008E-002 -0.12411793976538305     
  -2.9039412869504171E-002 -0.13637527811618910     
  -2.5943351186562415E-002 -0.14763056604439148     
  -2.2342442679648550E-002 -0.15768732818932360     
  -1.8186049490999612E-002 -0.16632422842368491     
  -1.3421898897044251E-002 -0.17329307051808190     
  -8.0048694154559417E-003 -0.17831803178943906     
  -1.9080939779538655E-003 -0.18109697115140930     
   4.8624999565583388E-003 -0.18130595715570050     
   1.2250769146857193E-002 -0.17860891270316623     
   2.0133067493001543E-002 -0.17267434731907222     
   2.8302747462003917E-002 -0.16320295804495277     
   3.6456782747430048E-002 -0.14997185141617933     
   4.4189284835307360E-002 -0.13289815362351390     
   5.1003359835169904E-002 -0.11211955074966698     
   5.6354527692250175E-002  -8.8077930572284330E-002
   5.9732204342235556E-002  -6.1572661750174118E-002
   6.0767281828459342E-002  -3.3736982566409703E-002
   5.9328743651317996E-002  -5.9094172104577096E-003
   5.5562570437150169E-002   2.0573328281807635E-002
   4.9850896488944224E-002   4.4583065646644292E-002
   4.2713788983389421E-002   6.5327377902039505E-002
   3.4701408642252282E-002   8.2371685671857542E-002
   2.6313449376571794E-002   9.5585300544645299E-002
   1.7956216762103339E-002  0.10505739965912110     
   9.9305562338323598E-003  0.11101578562651609     
   2.4392453420235163E-003  0.11376331041309599     
  -4.3967256222172905E-003  0.11363432714676470     
  -1.0520172247847378E-002  0.11096708615295564     
  -1.5921007874794307E-002  0.10608694764686201     
  -2.0621590871196926E-002   9.9296837939571642E-002
  -2.4664598327904561E-002   9.0872613767794874E-002
  -2.8103578898084357E-002   8.1061638480041318E-002
  -3.0995880964772335E-002   7.0083464736995296E-002
  -3.3397592890667425E-002   5.8131930939208078E-002
  -3.5360191290474130E-002   4.5378133416670706E-002
  -3.6928545232240623E-002   3.1973839177751748E-002
  -3.8139924224251519E-002   1.8055023022067563E-002
  -3.9023710579348919E-002   3.7453063940445018E-003
  -3.9601531582462310E-002  -1.0840836497577807E-002
  -3.9887541519182362E-002  -2.5595134035637592E-002
  -3.9888646733590161E-002  -4.0412768407874139E-002
  -3.9604560038473374E-002  -5.5189705097932321E-002
  -3.9027669180112370E-002  -6.9819976459160882E-002
  -3.8142792471305413E-002  -8.4192824226753130E-002
  -3.6926955588402102E-002  -9.8189658247997760E-002
  -3.5349350225035166E-002 -0.11168085069747075     
  -3.3371638971152751E-002 -0.12452244648269500     
  -3.0948769195943356E-002 -0.13655292646488723     
  -2.8030464939191174E-002 -0.14759020575118115     
  -2.4563584447695398E-002 -0.15742907890259031     
  -2.0495561722694181E-002 -0.16583933789583571     
  -1.5779196041476245E-002 -0.17256480540268437     
  -1.0379121285224413E-002 -0.17732359204168113     
  -4.2803723675340398E-003 -0.17981008101830273     
   2.5004824349971490E-003 -0.17969957253208937     
   9.9012912082971430E-003 -0.17665728731644764     
   1.7797512507018335E-002 -0.17035456482774275     
   2.5984034305515324E-002 -0.16049640970419929     
   3.4159261069606976E-002 -0.14686535285763028     
   4.1918582567270456E-002 -0.12938523800790738     
   4.8768157960368513E-002 -0.10820212034579388     
   5.4170771021744647E-002  -8.3765504552251416E-002
   5.7627687395516443E-002  -5.6875086902284426E-002
   5.8781490461427777E-002  -2.8650684538324075E-002
   5.7503861885853373E-002  -4.0477488957681255E-004
   5.3928431810546559E-002   2.6553349646648888E-002
   4.8412767310046234E-002   5.1110144301683542E-002
   4.1450021338598965E-002   7.2468498165609671E-002
   3.3570562546320112E-002   9.0173808000935302E-002
   2.5265529195637175E-002  0.10406922994620997     
   1.6942963545700015E-002  0.11421976880483281     
   8.9120468836316590E-003  0.12083539968105073     
   1.3861376393366866E-003  0.12420810955322827     
  -5.5041157532257487E-003  0.12466656982527308     
  -1.1693896480232729E-002  0.12254628653971947     
  -1.7167198959619184E-002  0.11817137477553681     
  -2.1941498170130497E-002  0.11184451550243200     
  -2.6055028016758793E-002  0.10384244007897869     
  -2.9556957978559686E-002   9.4414972760990049E-002
  -3.2500316057852981E-002   8.3786234113228580E-002
  -3.4937294216989892E-002   7.2157006412620114E-002
  -3.6916451824210619E-002   5.9707542787224205E-002
  -3.8481265478032933E-002   4.6600359476500784E-002
  -3.9669500378219091E-002   3.2982786126880048E-002
  -4.0512970836386976E-002   1.8989238276062314E-002
  -4.1037379251514731E-002   4.7433096995857594E-003
  -4.1262057970760380E-002  -9.6401507348107245E-003
  -4.1199558559488321E-002  -2.4052810943799689E-002
  -4.0855117544992985E-002  -3.8390349934013433E-002
  -4.0226079641744066E-002  -5.2549606138885034E-002
  -3.9301388858095289E-002  -6.6425371250325688E-002
  -3.8061273265157743E-002  -7.9906877610971441E-002
  -3.6477255112337355E-002  -9.2874082329525542E-002
  -3.4512611250112409E-002 -0.10519390545249091     
  -3.2123385085641540E-002 -0.11671662303464940     
  -2.9260018012518572E-002 -0.12727262908596690     
  -2.5869649560691634E-002 -0.13666974719305011     
  -2.1899163730103074E-002 -0.14469120025770485     
  -1.7299162874281460E-002 -0.15109427692195623     
  -1.2029251280808709E-002 -0.15560974200125660     
  -6.0653089558895994E-003 -0.15794223682790093     
   5.9024496596086096E-004 -0.15777245292671249     
   7.8941000747497388E-003 -0.15476289633846890     
   1.5743055183974911E-002 -0.14857065132169398     
   2.3951495020818503E-002 -0.13887246668495651     
   3.2229703851966017E-002 -0.12540883242839310     
   4.0172106030627520E-002 -0.10805233368647797     
   4.7269100823119851E-002  -8.6897860019435350E-002
   5.2956011951929290E-002  -6.2355653475477613E-002
   5.6701843811733689E-002  -3.5207837696406723E-002
   5.8118853044967139E-002  -6.5823482341870942E-003
   5.7053963553306761E-002   2.2176423826228767E-002
   5.3623544251306048E-002   4.9709186685091028E-002
   4.8178861150204651E-002   7.4843431103790728E-002
   4.1221939111605134E-002   9.6727225362012906E-002
   3.3307005475394169E-002  0.11486909125294441     
   2.4956727420092105E-002  0.12910078439845757     
   1.6607734138381031E-002  0.13949890181356445     
   8.5871021494979931E-003  0.14629865029246866     
   1.1131795940432763E-003  0.14982054190352229     
  -5.6891101429596804E-003  0.15041742525245808     
  -1.1766979693376964E-002  0.14844065846296625     
  -1.7118017048008347E-002  0.14422117542858154     
  -2.1771207198853896E-002  0.13806099811298286     
  -2.5772333591892800E-002  0.13023134713707610     
  -2.9173977501269835E-002  0.12097439454248599     
  -3.2029508280084766E-002  0.11050658578375082     
  -3.4390091995610571E-002   9.9022142090980675E-002
  -3.6303577627018829E-002   8.6695954124631061E-002
  -3.7814173617421842E-002   7.3685645844800016E-002
  -3.8962103795996954E-002   6.0133031771470995E-002
  -3.9782797345687529E-002   4.6165452939668797E-002
  -4.0305535793675323E-002   3.1897541402623464E-002
  -4.0551788120832752E-002   1.7433831762836104E-002
  -4.0533635982765867E-002   2.8723662556700605E-003
  -4.0252699012163259E-002  -1.1690872403897079E-002
  -3.9699847156157070E-002  -2.6157120623233113E-002
  -3.8855786247298810E-002  -4.0420132032660497E-002
  -3.7692387752606381E-002  -5.4362127043193008E-002
  -3.6174463675137616E-002  -6.7850732421510393E-002
  -3.4261605743393729E-002  -8.0736988726588285E-002
  -3.1909744898775211E-002  -9.2854227324894151E-002
  -2.9072261150362499E-002 -0.10401739790965145     
  -2.5700774395357461E-002 -0.11402232377628314     
  -2.1746123420851776E-002 -0.12264442242832259     
  -1.7160418656514444E-002 -0.12963668211711751     
  -1.1901359501607285E-002 -0.13472714511974454     
  -5.9401545998121813E-003 -0.13761682908502360     
   7.2576653693676553E-004 -0.13797993903986627     
   8.0547266974334512E-003 -0.13546939072414244     
   1.5938361912856597E-002 -0.12973199041011615     
   2.4178053494980006E-002 -0.12043870193949116     
   3.2466795878241021E-002 -0.10733517062228988     
   4.0386396025029872E-002  -9.0313927906841923E-002
   4.7430857856141623E-002  -6.9500231901309217E-002
   5.3061919661255855E-002  -4.5329285272001120E-002
   5.6790860779728010E-002  -1.8581357596272143E-002
   5.8266934587979158E-002   9.6550500798825694E-003
   5.7346303162784218E-002   3.8098704885154509E-002
   5.4120825646168429E-002   6.5444529187009173E-002
   4.8899036086902666E-002   9.0538360750948399E-002
   4.2145141777199017E-002  0.11250855142837654     
   3.4393336798817085E-002  0.13082343560782436     
   2.6162186603705832E-002  0.14527291914958804     
   1.7891825826852257E-002  0.15589903825033855     
   9.9139985213627865E-003  0.16291026644040882     
   2.4505209018333570E-003  0.16660568253713212     
  -4.3709234246741410E-003  0.16731977952586333     
  -1.0493808218557329E-002  0.16538801752556118     
  -1.5909596805616759E-002  0.16112882765713230     
  -2.0638500661466604E-002  0.15483674677611972     
  -2.4715762836918086E-002  0.14678191126153989     
  -2.8183255443790571E-002  0.13721236503674900     
  -3.1085286590823512E-002  0.12635683471865691     
  -3.3467148537537475E-002  0.11442662504827923     
  -3.5374896987555145E-002  0.10161616989690217     
  -3.6855125074572101E-002   8.8102482141841409E-002
  -3.7953948920757048E-002   7.4044208133451292E-002
  -3.8714923255087158E-002   5.9581199477511157E-002
  -3.9176099337031867E-002   4.4835448943652323E-002
  -3.9366825042320301E-002   2.9913902863663154E-002
  -3.9305054119540987E-002   1.4913147136883825E-002
  -3.8995833650517099E-002  -7.4573873689112383E-005
  -3.8431313660089901E-002  -1.4954928350922584E-002
  -3.7592184111853721E-002  -2.9625671328936010E-002
  -3.6450048498354225E-002  -4.3972204793367074E-002
  -3.4970019327342297E-002  -5.7864845357396354E-002
  -3.3112827940725710E-002  -7.1157594719722633E-002
  -3.0835975487669861E-002  -8.3687779425283285E-002
  -2.8093867021547755E-002  -9.5275710852719367E-002
  -2.4837381824340039E-002 -0.10572356758629216     
  -2.1013820096967936E-002 -0.11481301708462203     
  -1.6568503764295358E-002 -0.12230161717513957     
  -1.1449417500367704E-002 -0.12791868188554323     
  -5.6161369035205091E-003 -0.13136198575631097     
   9.4610725041089207E-004 -0.13229741276191576     
   8.2071128241143175E-003 -0.13036450605789970     
   1.6068239246652318E-002 -0.12519190703782160     
   2.4337768674358193E-002 -0.11642772369897314     
   3.2710759637087174E-002 -0.10379015890022041     
   4.0762374585065007E-002  -8.7141356367015019E-002
   4.7966260747678111E-002  -6.6579461141309124E-002
   5.3748046506094070E-002  -4.2528762787226254E-002
   5.7574222910147750E-002  -1.5790486248684545E-002
   5.9058656604695760E-002   1.2488027809953593E-002
   5.8051880517222522E-002   4.0944775483987610E-002
   5.4676827644115703E-002   6.8206465362279131E-002
   4.9295365016834999E-002   9.3093908517652590E-002
   4.2421223446634682E-002  0.11475868369980954     
   3.4615383943664577E-002  0.13272057153321179     
   2.6398372268876868E-002  0.14682310771979606     
   1.8197003171229069E-002  0.15714844608406250     
   1.0325311579315544E-002  0.16392862052586982     
   2.9896091014659505E-003  0.16747352199181681     
  -3.6938246679444581E-003  0.16812085683714631     
  -9.6769569566653169E-003  0.16620529861850794     
  -1.4959136121431462E-002  0.16204170059049194     
  -1.9569598570656977E-002  0.15591759654099663     
  -2.3554146868951763E-002  0.14809134343221489     
  -2.6965801706269905E-002  0.13879339684418168     
  -2.9858756455557949E-002  0.12822909146374298     
  -3.2284792041092185E-002  0.11658191294910263     
  -3.4291301473871653E-002  0.10401670341467929     
  -3.5920206021995645E-002   9.0682584260559751E-002
  -3.7207259041238422E-002   7.6715603552723541E-002
  -3.8181450148214086E-002   6.2241236945975775E-002
  -3.8864406444964306E-002   4.7376909257038753E-002
  -3.9269815709376196E-002   3.2234672714955698E-002
  -3.9402955717644864E-002   1.6924104576593348E-002
  -3.9260420430272246E-002   1.5554012173002428E-003
  -3.8830111722447561E-002  -1.3757429101391213E-002
  -3.8091529378934341E-002  -2.8893417639284484E-002
  -3.7016354054314714E-002  -4.3721675757133281E-002
  -3.5569290285049460E-002  -5.8098730017928354E-002
  -3.3709132170915160E-002  -7.1866192672683099E-002
  -3.1390045620161670E-002  -8.4848746075705014E-002
  -2.8563134463905203E-002  -9.6852386861909862E-002
  -2.5178466571545190E-002 -0.10766289170959460     
  -2.1187860917464985E-002 -0.11704453963395686     
  -1.6548853237198933E-002 -0.12473925920328670     
  -1.1230345868604665E-002 -0.13046657250743202     
  -5.2204832099612825E-003 -0.13392501220694220     
   1.4627761803932349E-003 -0.13479615213019788     
   8.7582098598735260E-003 -0.13275307750775875     
   1.6545501396224724E-002 -0.12747602036102024     
   2.4628777150040089E-002 -0.11867878801095948     
   3.2723213179160410E-002 -0.10614988889858247     
   4.0450982725318711E-002  -8.9810588242268383E-002
   4.7355152157188114E-002  -6.9786512108683793E-002
   5.2939919488839415E-002  -4.6478532459061035E-002
   5.6739378537074961E-002  -2.0605328869554837E-002
   5.8403491573722641E-002   6.8156982969463488E-003
   5.7774866660562071E-002   3.4567802514340856E-002
   5.4925508791563833E-002   6.1397420487015991E-002
   5.0137195660025627E-002   8.6187472399306908E-002
   4.3835226411823761E-002  0.10808306165499641     
   3.6504173858014535E-002  0.12653981269459783     
   2.8614085248844696E-002  0.14130348450233118     
   2.0571889783941456E-002  0.15235064146270816     
   1.2698836924452664E-002  0.15981932582931183     
   5.2275522731246556E-003  0.16394750313532094     
  -1.6891591593948339E-003  0.16502612445668752     
  -7.9641951900632935E-003  0.16336678037274890     
  -1.3560868784857275E-002  0.15928104907595914     
  -1.8478697724100244E-002  0.15306826127410936     
  -2.2741342077366066E-002  0.14500895976584563     
  -2.6387041231946511E-002  0.13536203931236551     
  -2.9461461779529415E-002  0.12436417841587283     
  -3.2012648854433660E-002  0.11223063220999212     
  -3.4087677818120665E-002   9.9156760767082033E-002
  -3.5730568654732321E-002   8.5319888261824156E-002
  -3.6981046034520904E-002   7.0881262365864728E-002
  -3.7873788268397185E-002   5.5988021826991745E-002
  -3.8437891305160524E-002   4.0775187569542612E-002
  -3.8696371988897450E-002   2.5367760956437654E-002
  -3.8665633207744327E-002   9.8830326128179560E-003
  -3.8354895071997297E-002  -5.5668214690452467E-003
  -3.7765651831453646E-002  -2.0871838550821205E-002
  -3.6891240970844508E-002  -3.5921112537042083E-002
  -3.5716610294879540E-002  -5.0599485019828784E-002
  -3.4218347876524599E-002  -6.4784207814346378E-002
  -3.2365012461848766E-002  -7.8341687519224934E-002
  -3.0117790121388040E-002  -9.1124386839018870E-002
  -2.7431530407026113E-002 -0.10296791937833631     
  -2.4256294217175133E-002 -0.11368835625878806     
  -2.0539666614463742E-002 -0.12307978378298125     
  -1.6230224221512730E-002 -0.13091222930633720     
  -1.1282669086252535E-002 -0.13693022824709744     
  -5.6652226882591313E-003 -0.14085257074266541     
   6.3012798205000324E-004 -0.14237419278189758     
   7.5741187453537175E-003 -0.14117182772379289     
   1.5083529062041110E-002 -0.13691594697855616     
   2.3002475837528888E-002 -0.12929260303079798     
   3.1084589084289588E-002 -0.11803963102866460     
   3.8981578064132105E-002 -0.10300121339335724     
   4.6246811715122516E-002  -8.4201061984352232E-002
   5.2364566693494138E-002  -6.1924933983660425E-002
   5.6812798811704562E-002  -3.6787750131737809E-002
   5.9155420169044334E-002  -9.7467865049342926E-003
   5.9140493085765203E-002   1.7973363884982774E-002
   5.6765948708588497E-002   4.5044294632654296E-002
   5.2281131863879164E-002   7.0236425224434032E-002
   4.6122606232375116E-002   9.2585426851647321E-002
   3.8814974377928468E-002  0.11146978829868538     
   3.0877160110339138E-002  0.12659813645637255     
   2.2759333415617013E-002  0.13794196221185009     
   1.4813919301898610E-002  0.14565344779223449     
   7.2917665748586146E-003  0.14999278906044344     
   3.5274092985557848E-004  0.15127374835833723     
  -5.9173274619880797E-003  0.14982713197357789     
  -1.1488444972259431E-002  0.14597825399177131     
  -1.6369797817010773E-002  0.14003412822152408     
  -2.0595795480097372E-002  0.13227713542200129     
  -2.4215037540613986E-002  0.12296285565283208     
  -2.7282023474225939E-002  0.11232046519486713     
  -2.9851247406875836E-002  0.10055466968920454     
  -3.1973221717389942E-002   8.7848507114390184E-002
  -3.3691962464426226E-002   7.4366568298747646E-002
  -3.5043532470723698E-002   6.0258366444429882E-002
  -3.6055328726801318E-002   4.5661730173985865E-002
  -3.6745904012233911E-002   3.0706157569853742E-002
  -3.7125206783100537E-002   1.5516068473256990E-002
  -3.7195166853985412E-002   2.1386250908973274E-004
  -3.6950541930310853E-002  -1.5077336569076900E-002
  -3.6379907667092967E-002  -3.0231358314431842E-002
  -3.5466657201007640E-002  -4.5117129191490621E-002
  -3.4189896432891380E-002  -5.9597230912722052E-002
  -3.2525187108795199E-002  -7.3526732107159598E-002
  -3.0445191713132844E-002  -8.6752104203293157E-002
  -2.7920389469919944E-002  -9.9110050528693122E-002
  -2.4920135730138113E-002 -0.11042616348673608     
  -2.1414408905500257E-002 -0.12051345880279957     
  -1.7376624817936157E-002 -0.12917099389831660     
  -1.2787904499793406E-002 -0.13618295046252157     
  -7.6431728841290939E-003 -0.14131876428626092     
  -1.9594705625601652E-003 -0.14433516763030943     
   4.2131085279928917E-003 -0.14498147897016983     
   1.0777474754482007E-002 -0.14301028730635021     
   1.7572559782546248E-002 -0.13819695332692736     
   2.4354413667982182E-002 -0.13037306183784331     
   3.0779797789628322E-002 -0.11948036861534193     
   3.6404137088820308E-002 -0.10564934963373662     
   4.0715547124529849E-002  -8.9292192550711288E-002
   4.3226102783206294E-002  -7.1169480964666756E-002
   4.3612442454697885E-002  -5.2362660812553481E-002
   4.1846445051592511E-002  -3.4106976769301377E-002
   3.8232358020147163E-002  -1.7529150718784435E-002
   3.3315347335876232E-002  -3.4189885384020035E-003
   2.7716188933349931E-002   7.8549349528798020E-003
   2.1987296153709424E-002   1.6285373760125392E-002
   1.6542322315768014E-002   2.2103669210004426E-002
   1.1648039319566794E-002   2.5666025878063676E-002
   7.4459750317374873E-003   2.7372975919090291E-002
   3.9831778659934463E-003   2.7619592784019882E-002
   1.2424574894484644E-003   2.6768677255298769E-002
  -8.3319058041759380E-004   2.5138599435854166E-002
  -2.3229584443040714E-003   2.2999046147352709E-002
  -3.3157431986597548E-003   2.0571054124579352E-002
  -3.9014725518438471E-003   1.8029629325699972E-002
  -4.1653959665058264E-003   1.5507889618600300E-002
  -4.1844699746942816E-003   1.3102132855128224E-002
  -4.0252990364747559E-003   1.0877506012935167E-002
  -3.7434566350249146E-003   8.8738862475407805E-003
  -3.3839806289036301E-003   7.1114660510424779E-003
  -2.9826659368344822E-003   5.5955726310989327E-003
  -2.5676648803392098E-003   4.3204547299743202E-003
  -2.1609010917821897E-003   3.2720784560040816E-003
  -1.7789883975699913E-003   2.4302549052928964E-003
  -1.4336678763666318E-003   1.7705153914521804E-003
  -1.1320354547008286E-003   1.2660091167145508E-003
  -8.7688709608500185E-004   8.8943701337639914E-004
  -6.6736994085173258E-004   6.1482615973638315E-004
  -4.9991669577214312E-004   4.1889783411372421E-004
  -3.6929205058007476E-004   2.8187839555271808E-004
  -2.6955395291953268E-004   1.8775470848773559E-004
  -1.9479793303228541E-004   1.2409364350624360E-004
  -1.3964198712245054E-004   8.1591377977406520E-005
  -9.9476384248893725E-005   5.3505918517838086E-005
  -7.0535529468609691E-005   3.5085446847040158E-005
  -4.9855258544702313E-005   2.3059424007890024E-005
  -3.5169798640651484E-005   1.5221497843917328E-005
  -2.4787295529052386E-005   1.0107642218568434E-005
  -1.7467711261560144E-005   6.7590268352537550E-006
  -1.2315279658778977E-005   4.5536870920620421E-006
  -8.6900465392868623E-006   3.0906256187537942E-006
  -6.1385097468765658E-006   2.1119793423577491E-006
  -4.3410928078117080E-006   1.4517866405138517E-006
  -3.0733766667863188E-006   1.0027946539916746E-006
  -2.1780363498760419E-006   6.9521079009930307E-007
  -1.5448201432994682E-006   4.8320659476928208E-007
  -1.0964129378834742E-006   3.3637577860844895E-007
  -7.7852202205925026E-007   2.3432497401108789E-007
  -5.5295285021127373E-007   1.6323327825754417E-007
  -3.9278260836966491E-007   1.1364621524605898E-007
  -2.7899642012745446E-007   7.9045374482790963E-008
  -1.9814004557958460E-007   5.4908910355629307E-008
  -1.4067855479339033E-007   3.8086000800388988E-008
  -9.9845734659208838E-008   2.6374768103912260E-008
  -7.0835247848103433E-008   1.8234043994873889E-008
  -5.0230463367285820E-008   1.2584564189626361E-008
  -3.5601522103899970E-008   8.6707802528812775E-009
  -2.5219961158994914E-008   5.9642668346314189E-009
  -1.7856227105215151E-008   4.0959601009644872E-009
  -1.2635797215075385E-008   2.8085314930912184E-009
  -8.9368393623768704E-009   1.9228939864320974E-009
  -6.3173675608576944E-009   1.3146566185364980E-009
  -4.4633717106543148E-009   8.9759133126173563E-010
  -3.1518776601893276E-009   6.1204281244215315E-010
  -2.2246422368068086E-009   4.1681937066072721E-010
  -1.5694260720305771E-009   2.8353145701197443E-010
  -1.1066662787403208E-009   1.9264784943653981E-010
  -7.7999648212288918E-010   1.3075453004465837E-010
  -5.4950720727685192E-010   8.8653687250594355E-011
  -3.8695729435038758E-010   6.0048176097719844E-011
  -2.7237364659940160E-010   4.0633002322440025E-011
  -1.9163832341973806E-010   2.7469125621309526E-011
  -1.3477736472744303E-010   1.8552651749829117E-011
  -9.4748029608522916E-011   1.2518965851596387E-011
  -6.6579807149927691E-011   8.4398742999281958E-012
  -4.6766367657799382E-011   5.6847323773847850E-012
  -3.2835397202468170E-011   3.8255137819714448E-012
  -2.3044447741031471E-011   2.5720068855078792E-012
  -1.6166003780839709E-011   1.7276339525821201E-012
  -1.1335674966034514E-011   1.1593670259480173E-012
  -7.9450283431522661E-012   7.7726629889439765E-013
  -5.5659703236048671E-012   5.2057841692683727E-013
  -3.8974150450107379E-012   3.4830145450853310E-013
  -2.7276876590995566E-012   2.3278778271636857E-013
  -1.9080316003494899E-012   1.5541083681805090E-013
  -1.3339481718564927E-012   1.0363262150828864E-013
  -9.3205826837169672E-013   6.9020938875903376E-014
  -6.5085577336521363E-013   4.5909934766196189E-014
  -4.5420243076242768E-013   3.0496015354994981E-014
  -3.1675315469293907E-013   2.0228142753948597E-014
  -2.2074013997521833E-013   1.3397005360147556E-014
  -1.5371303784639869E-013   8.8584287244008042E-015
  -1.0695157207970453E-013   5.8473227641335728E-015
  -7.4350932060736436E-014   3.8526387337458844E-015
  -5.1639439525118409E-014   2.5334044404529865E-015
  -3.5829653845774155E-014   1.6623943387768792E-015
  -2.4833417467545319E-014   1.0883747092916178E-015
  -1.7191989937070504E-014   7.1082335245449719E-016
  -1.1886944611103103E-014   4.6301929139049722E-016
  -8.2077175827924079E-015   3.0074327569640112E-016
  -5.6588799980757318E-015   1.9473584072172255E-016
  -3.8952519182107830E-015   1.2566927806248333E-016
  -2.6765214344610874E-015   8.0799718385230301E-017
  -1.8355226128754227E-015   5.1740839410925478E-017
  -1.2560737204328303E-015   3.2985489518134595E-017
  -8.5750371730030898E-016   2.0925420289176653E-017
  -5.8385536235605777E-016   1.3202326523057601E-017
  -3.9635654836329523E-016   8.2789447281687560E-018
  -2.6817431037030772E-016   5.1561022899141392E-018
  -1.8076218151544773E-016   3.1864144929462116E-018
  -1.2131901616488575E-016   1.9518738921592919E-018
  -8.1022604119774120E-017   1.1836018859596230E-018
  -5.3802987156939928E-017   7.0936908141459567E-019
  -3.5491425462272534E-017   4.1936658154033576E-019
  -2.3230607521504406E-017   2.4394561792313000E-019
  -1.5066373702650045E-017   1.3918650199039505E-019
  -9.6654294778673175E-018   7.7575728061676844E-020
  -6.1204085767055179E-018   4.2006243774936161E-020
  -3.8154167292953152E-018   2.1932962075128980E-020
  -2.3333811997888290E-018   1.0921262382666931E-020
  -1.3922181597343927E-018   5.0924515033483417E-021
  -8.0087692228663150E-019   2.1467129674313310E-021
  -4.2890125632492915E-019   7.5171928051785718E-022
  -1.8432926087954296E-019   1.5739143989647069E-022
  -0.0000000000000000        0.0000000000000000     
