 Initial conditions outputted from a previous simulation. Time =    84.800000000000011     
   40.000000000000000        0.0000000000000000              500           1   84.800000000000011     
  -3.3887864056446018E-002  -6.9036395928265590E-002
  -3.2059136098021211E-002  -8.3895555943591396E-002
  -2.9905192314226961E-002  -9.8053312997302217E-002
  -2.7301721534508036E-002 -0.11133803439389334     
  -2.4234948059703724E-002 -0.12358991485846245     
  -2.0592962387245430E-002 -0.13456281498173447     
  -1.6339046242444422E-002 -0.14404609605356430     
  -1.1422377664090246E-002 -0.15177759631734625     
  -5.8051945249296766E-003 -0.15747233869117636     
   5.2284304784838654E-004 -0.16082233744169891     
   7.5374599664710662E-003 -0.16149844247302619     
   1.5162979518716251E-002 -0.15916282363832260     
   2.3253794389858862E-002 -0.15348850450536308     
   3.1576949855937349E-002 -0.14419177642659614     
   3.9798685151334584E-002 -0.13108268818185048     
   4.7483065240937684E-002 -0.11413493309018076     
   5.4113617917047475E-002  -9.3569135846160389E-002
   5.9147674465228894E-002  -6.9928787349411520E-002
   6.2103563105044210E-002  -4.4110975730005039E-002
   6.2662048515675764E-002  -1.7311128106740657E-002
   6.0746635376856428E-002   9.1299834714005466E-003
   5.6547714734615534E-002   3.3934541042706469E-002
   5.0477019160360591E-002   5.6071146176135019E-002
   4.3070712843884598E-002   7.4849684597149801E-002
   3.4882183962811862E-002   8.9919593140645057E-002
   2.6402629450477319E-002  0.10120730163125427     
   1.8022662320190785E-002  0.10883427316003705     
   1.0025393391122153E-002  0.11304157357232918     
   2.5964162276200025E-003  0.11413217492867191     
  -4.1587054265145454E-003  0.11243257089002946     
  -1.0195077059386418E-002  0.10826953682465885     
  -1.5510940315095175E-002  0.10195665511374141     
  -2.0133154257825605E-002   9.3786916815409307E-002
  -2.4105402410304004E-002   8.4029376667824618E-002
  -2.7479237846176383E-002   7.2928494315214268E-002
  -3.0308224431984183E-002   6.0704865302785634E-002
  -3.2644443259246841E-002   4.7556326462905155E-002
  -3.4536215252319716E-002   3.3659183935222117E-002
  -3.6026628679034813E-002   1.9169799468759362E-002
  -3.7152681552856635E-002   4.2267952503896988E-003
  -3.7944437738282204E-002  -1.1045777612765359E-002
  -3.8424138238331761E-002  -2.6534527543755612E-002
  -3.8605902093150658E-002  -4.2133067347230123E-002
  -3.8496047595626429E-002  -5.7738818397031301E-002
  -3.8093334647518573E-002  -7.3249976251551496E-002
  -3.7388948871301092E-002  -8.8562552846459558E-002
  -3.6366508076539586E-002 -0.10356745692097578     
  -3.5002120057015071E-002 -0.11814755496423220     
  -3.3264383600179602E-002 -0.13217471046150403     
  -3.1114425551965419E-002 -0.14550675116077846     
  -2.8506252780360709E-002 -0.15798427430009648     
  -2.5387811619893948E-002 -0.16942732165859137     
  -2.1703218524423275E-002 -0.17963213969911565     
  -1.7396596195476118E-002 -0.18836837934638215     
  -1.2417870903325183E-002 -0.19537719997973418     
  -6.7308558994475347E-003 -0.20037088070733802     
  -3.2394115376365037E-004 -0.20303480594910811     
   6.7763829766242407E-003 -0.20303320548348874     
   1.4489275372091444E-002 -0.20002085866158051     
   2.2661447872280121E-002 -0.19366404720740532     
   3.1049529233709589E-002 -0.18367502505620267     
   3.9307462019931093E-002 -0.16986431151779416     
   4.6986638857964287E-002 -0.15221245596169661     
   5.3559583329126810E-002 -0.13095484873827548     
   5.8477637212002997E-002 -0.10665791439574365     
   6.1263486274469904E-002  -8.0247685272149802E-002
   6.1618336691403944E-002  -5.2949192190846442E-002
   5.9502398264775609E-002  -2.6125773379022110E-002
   5.5148013152869359E-002  -1.0636328591425998E-003
   4.8996579205282692E-002   2.1214789516739215E-002
   4.1591297441034243E-002   4.0043191635938363E-002
   3.3473565108016738E-002   5.5102590182683688E-002
   2.5113799088328819E-002   6.6350449010904561E-002
   1.6880748259486315E-002   7.3933125684779583E-002
   9.0385536165450576E-003   7.8109186410947773E-002
   1.7589585920091838E-003   7.9193030197421091E-002
  -4.8607566616903882E-003   7.7517920511680202E-002
  -1.0779645101342872E-002   7.3413581551887999E-002
  -1.5997121141009554E-002   6.7193434012061862E-002
  -2.0539782573935943E-002   5.9147866862442437E-002
  -2.4450970787457921E-002   4.9541194618845569E-002
  -2.7782691294668579E-002   3.8610896545324500E-002
  -3.0589454274446318E-002   2.6568393638061419E-002
  -3.2923710902172922E-002   1.3600964103198868E-002
  -3.4832666575340225E-002  -1.2547988681978851E-004
  -3.6356302186339916E-002  -1.4463018974529139E-002
  -3.7526442108068922E-002  -2.9278055034986372E-002
  -3.8366661858821052E-002  -4.4447658964464384E-002
  -3.8892757267868325E-002  -5.9856213070774510E-002
  -3.9113453661549259E-002  -7.5392508904714675E-002
  -3.9031052011591884E-002  -9.0947302486953097E-002
  -3.8641795599440545E-002 -0.10641117656808405     
  -3.7935873153746275E-002 -0.12167246738466914     
  -3.6897112046437537E-002 -0.13661501034278395     
  -3.5502525039769542E-002 -0.15111553667049063     
  -3.3721944590079447E-002 -0.16504067579499002     
  -3.1518013507224101E-002 -0.17824364495123066     
  -2.8846808021450846E-002 -0.19056080877951878     
  -2.5659358120980847E-002 -0.20180835638615946     
  -2.1904313620096580E-002 -0.21177937908856034     
  -1.7531998977827135E-002 -0.22024166311407511     
  -1.2500111593683012E-002 -0.22693657525939012     
  -6.7813285422820748E-003 -0.23157955924146048     
  -3.7305336608509012E-004 -0.23386301814348584     
   6.6905903040134487E-003 -0.23346277410255706     
   1.4324672089608324E-002 -0.23004990850818943     
   2.2377890658212059E-002 -0.22331060588240473     
   3.0616982591411039E-002 -0.21297755075030284     
   3.8714209777659388E-002 -0.19887700089535448     
   4.6244222581040925E-002 -0.18099443583653441     
   5.2701206739951420E-002 -0.15955542080932064     
   5.7549566976515851E-002 -0.13510340201026180     
   6.0313295027452245E-002 -0.10853575358911095     
   6.0685734322862644E-002  -8.1052013700000286E-002
   5.8615097437679516E-002  -5.3997903431335474E-002
   5.4319814049996265E-002  -2.8650201966795269E-002
   4.8224332951943345E-002  -6.0306143555936866E-003
   4.0852428763880594E-002   1.3184188430290717E-002
   3.2729126968886982E-002   2.8653601278179529E-002
   2.4318578374394804E-002   4.0307840244444455E-002
   1.5996123581584420E-002   4.8269223682963242E-002
   8.0422242965247914E-003   5.2782256814143974E-002
   6.4848900722438193E-004   5.4159371005752570E-002
  -6.0702706957906499E-003   5.2742068961402565E-002
  -1.2061619714357511E-002   4.8874459442264859E-002
  -1.7320578268706487E-002   4.2886019798954379E-002
  -2.1875309048880721E-002   3.5081267937182824E-002
  -2.5774345726597123E-002   2.5734636377462646E-002
  -2.9075972368051269E-002   1.5089246249004191E-002
  -3.1840060946903753E-002   3.3585669364838955E-003
  -3.4122494515310069E-002  -9.2699778562431012E-003
  -3.5972060944488161E-002  -2.2630413665015663E-002
  -3.7429422467936513E-002  -3.6573528477397421E-002
  -3.8527549789829862E-002  -5.0962818900483195E-002
  -3.9292874679741810E-002  -6.5671491492098694E-002
  -3.9746406074098094E-002  -8.0580552735445440E-002
  -3.9904216149063976E-002  -9.5577642017547870E-002
  -3.9777006295343108E-002 -0.11055600559103498     
  -3.9368825359944071E-002 -0.12541295502293334     
  -3.8675327263234159E-002 -0.14004731756991687     
  -3.7682127811178481E-002 -0.15435570997732981     
  -3.6363814815462477E-002 -0.16822783886057149     
  -3.4684012467288777E-002 -0.18154133110272125     
  -3.2596669267853824E-002 -0.19415674371149200     
  -3.0048503659498706E-002 -0.20591336701113833     
  -2.6982368594881890E-002 -0.21662624577482986     
  -2.3341239888930349E-002 -0.22608457052140415     
  -1.9072629797704889E-002 -0.23405133090343178     
  -1.4133477123633166E-002 -0.24026397559588508     
  -8.4959205683377819E-003 -0.24443587917757872     
  -2.1547426922062267E-003 -0.24625875607832171     
   4.8624197011502002E-003 -0.24540687537899317     
   1.2480926422406528E-002 -0.24154514032134780     
   2.0560372177891917E-002 -0.23434490358369611     
   2.8872267688099803E-002 -0.22351362610734543     
   3.7079105731650394E-002 -0.20884607197487165     
   4.4726203816672853E-002 -0.19030252831366290     
   5.1264201662316558E-002 -0.16810808454038495     
   5.6118544379430826E-002 -0.14284340353345545     
   5.8802972256925046E-002 -0.11547311431310001     
   5.9040448790020891E-002  -8.7262530660045148E-002
   5.6834074561414309E-002  -5.9586482887603008E-002
   5.2451326789595798E-002  -3.3704037358171103E-002
   4.6337485075754650E-002  -1.0593237728099884E-002
   3.9010132244111352E-002   9.1099715217937242E-003
   3.0976810819915001E-002   2.5089250398743403E-002
   2.2685704907906768E-002   3.7285600059443882E-002
   1.4501000212200757E-002   4.5826220052525235E-002
   6.6946196074789783E-003   5.0959075657086003E-002
  -5.5065520207348982E-004   5.2999288694691421E-002
  -7.1306298165079839E-003   5.2288677922256686E-002
  -1.3004760041336301E-002   4.9167268343180338E-002
  -1.8179213240471451E-002   4.3955045308141871E-002
  -2.2690205578473996E-002   3.6942107092100968E-002
  -2.6589422232726524E-002   2.8385304194461836E-002
  -2.9932588947773162E-002   1.8509615889496987E-002
  -3.2771727623809310E-002   7.5126166161549931E-003
  -3.5151100023595235E-002  -4.4296004403019526E-003
  -3.7106273035375274E-002  -1.7156508129835480E-002
  -3.8665351945872888E-002  -3.0518340160453041E-002
  -3.9851263785273580E-002  -4.4373007492642141E-002
  -4.0683999991285219E-002  -5.8584797305561195E-002
  -4.1181956786216625E-002  -7.3024408702303784E-002
  -4.1361892792163790E-002  -8.7569526453497110E-002
  -4.1237469462493230E-002 -0.10210500238669999     
  -4.0816768178743655E-002 -0.11652183077042798     
  -4.0099492420025661E-002 -0.13071444846521654     
  -3.9074680780096044E-002 -0.14457637772696810     
  -3.7719647285345638E-002 -0.15799472567403008     
  -3.6000561163570671E-002 -0.17084441486796420     
  -3.3874664774196643E-002 -0.18298313087401269     
  -3.1293729083592028E-002 -0.19424779469523826     
  -2.8208087931295103E-002 -0.20445295569389488     
  -2.4570569164593058E-002 -0.21339098893205086     
  -2.0339886675641822E-002 -0.22083353716378198     
  -1.5483536962234024E-002 -0.22653341129029861     
  -9.9808603244672753E-003 -0.23022625936082414     
  -3.8275403890435703E-003 -0.23163180110893680     
   2.9567530265584385E-003 -0.23045535395051500     
   1.0315868390529077E-002 -0.22639178440750635     
   1.8138880021939894E-002 -0.21913587460736134     
   2.6237028939152363E-002 -0.20840513041162900     
   3.4320558714751120E-002 -0.19398237277741187     
   4.1985395524805291E-002 -0.17578379505403352     
   4.8724782640844899E-002 -0.15394966682299632     
   5.3980821196060257E-002 -0.12893677433288506     
   5.7238450110612356E-002 -0.10156997058186278     
   5.8139523480537837E-002  -7.3004734308372593E-002
   5.6572564078850890E-002  -4.4583661730417008E-002
   5.2697153161186755E-002  -1.7627728421925618E-002
   4.6895000311635487E-002   6.7574393508422290E-003
   3.9676771059514802E-002   2.7794908761127106E-002
   3.1585439371984991E-002   4.5055611996163328E-002
   2.3122594595604604E-002   5.8410937353677250E-002
   1.4704853653200489E-002   6.7956162610462029E-002
   6.6467134093953573E-003   7.3932568179414321E-002
  -8.3765256460968413E-004   7.6662891564353269E-002
  -7.6216178726519947E-003   7.6504289110001053E-002
  -1.3648573477240203E-002   7.3817024838558357E-002
  -1.8913587253564266E-002   6.8945284678967808E-002
  -2.3446621642666327E-002   6.2206647984368139E-002
  -2.7298547782627122E-002   5.3887407324966753E-002
  -3.0530318543604190E-002   4.4241716247511796E-002
  -3.3205194015218889E-002   3.3493167735260801E-002
  -3.5383673881939012E-002   2.1837771489472045E-002
  -3.7120613198160124E-002   9.4475522601155919E-003
  -3.8463923141939291E-002  -3.5257870841819694E-003
  -3.9454271126791091E-002  -1.6947493551023672E-002
  -4.0125248581036881E-002  -3.0696836524990369E-002
  -4.0503579539072299E-002  -4.4664582119080115E-002
  -4.0609093425433986E-002  -5.8750673373958243E-002
  -4.0454352087686142E-002  -7.2861837348284816E-002
  -4.0043979978246158E-002  -8.6908843125517374E-002
  -3.9373865020172878E-002 -0.10080322349393078     
  -3.8430446412304538E-002 -0.11445341964375150     
  -3.7190285306027131E-002 -0.12776046377085587     
  -3.5620056652761023E-002 -0.14061343046326213     
  -3.3677048785921454E-002 -0.15288493603037576     
  -3.1310242584468788E-002 -0.16442694813972947     
  -2.8462068714221887E-002 -0.17506711309716108     
  -2.5070996867246963E-002 -0.18460574750348763     
  -2.1075188722507625E-002 -0.19281360357791050     
  -1.6417551312691840E-002 -0.19943053666231755     
  -1.1052654337394999E-002 -0.20416533049403057     
  -4.9560856620037806E-003 -0.20669724088660507     
   1.8631646543423070E-003 -0.20668038379682027     
   9.3469106570674507E-003 -0.20375300178665573     
   1.7368838164825959E-002 -0.19755492181767004     
   2.5714132614384853E-002 -0.18775797001538827     
   3.4061969490963254E-002 -0.17411494730346899     
   4.1979117734940140E-002 -0.15653104244070248     
   4.8937137312524054E-002 -0.13515388840517020     
   5.4366185617194675E-002 -0.11046210657348170     
   5.7748652165313129E-002  -8.3311632635447164E-002
   5.8733178412242626E-002  -5.4892399484018646E-002
   5.7225914379616057E-002  -2.6576672764790119E-002
   5.3414617758802740E-002   3.0042644980936674E-004
   4.7713004275437669E-002   2.4642739847264863E-002
   4.0655423531547746E-002   4.5704464214531608E-002
   3.2790059583481586E-002   6.3096513654798972E-002
   2.4603569016699675E-002   7.6723139973095836E-002
   1.6483935841282146E-002   8.6694736435698166E-002
   8.7128370661878791E-003   9.3247339628776030E-002
   1.4755601066551393E-003   9.6681288888258776E-002
  -5.1214125297156547E-003   9.7319969492638797E-002
  -1.1031477018258016E-002   9.5484462220180019E-002
  -1.6250690962936146E-002   9.1479197650112060E-002
  -2.0803405951048445E-002   8.5584761375236837E-002
  -2.4730997023025610E-002   7.8055149505946164E-002
  -2.8083426063085858E-002   6.9117710312544572E-002
  -3.0913169532091129E-002   5.8974695707011929E-002
  -3.3271044745676132E-002   4.7805757795928897E-002
  -3.5203510002518097E-002   3.5770962934241486E-002
  -3.6751071268195122E-002   2.3014041551498467E-002
  -3.7947497319520747E-002   9.6656711225562349E-003
  -3.8819589672168246E-002  -4.1533632055427176E-003
  -3.9387279826809903E-002  -1.8329239628518273E-002
  -3.9663855658727473E-002  -3.2752456637669979E-002
  -3.9656159775215680E-002  -4.7315465452238026E-002
  -3.9364661752440619E-002  -6.1910501760775734E-002
  -3.8783377911768752E-002  -7.6427493528678211E-002
  -3.7899678751532710E-002  -9.0751910682807274E-002
  -3.6694073236908133E-002 -0.10476245232465332     
  -3.5140092185663142E-002 -0.11832852862147292     
  -3.3204417805079364E-002 -0.13130756959041495     
  -3.0847427400853455E-002 -0.14354226220593203     
  -2.8024333263279674E-002 -0.15485786650421599     
  -2.4687105449667651E-002 -0.16505978554073103     
  -2.0787370555098900E-002 -0.17393157131577466     
  -1.6280509352591337E-002 -0.18123356625469905     
  -1.1131240725913946E-002 -0.18670245492678753     
  -5.3210588009200708E-003 -0.19005219353880418     
   1.1420702865897396E-003 -0.19097715831046083     
   8.2114371042896761E-003 -0.18915896694016179     
   1.5786800135290210E-002 -0.18427930879484430     
   2.3698022992389812E-002 -0.17604217222802943     
   3.1689773370768753E-002 -0.16420964329589241     
   3.9412588828083184E-002 -0.14865485185895089     
   4.6428805037458540E-002 -0.12943161729820685     
   5.2243542021904961E-002 -0.10685065900619720     
   5.6367171503839589E-002  -8.1537600547498451E-002
   5.8403038065455694E-002  -5.4436808356603833E-002
   5.8135972444982857E-002  -2.6732568092413988E-002
   5.5586373915090741E-002   3.0706974915980172E-004
   5.1004798278314716E-002   2.5515422497837181E-002
   4.4810287369930341E-002   4.7975206229918702E-002
   3.7501239043615874E-002   6.7087121186334919E-002
   2.9572259812687737E-002   8.2559984555470617E-002
   2.1456750600926437E-002   9.4352313054399770E-002
   1.3498523464758719E-002  0.10259842300678630     
   5.9463568946189777E-003  0.10754088560554002     
  -1.0372122314250129E-003  0.10947860041669986     
  -7.3605274466078275E-003  0.10873123731773444     
  -1.2986052847676134E-002  0.10561689774884951     
  -1.7914995889202364E-002  0.10043912684519632     
  -2.2174499344969980E-002   9.3480028304247328E-002
  -2.5807623887263039E-002   8.4997145940129415E-002
  -2.8865816855015762E-002   7.5222623656570189E-002
  -3.1403397956997085E-002   6.4363780845603291E-002
  -3.3473621446730335E-002   5.2604618786259778E-002
  -3.5125959943749334E-002   4.0107972889852198E-002
  -3.6404344355734704E-002   2.7018107081667433E-002
  -3.7346147312699585E-002   1.3463567761071351E-002
  -3.7981705448780496E-002  -4.3986611516141417E-004
  -3.8334172211937530E-002  -1.4586254198711419E-002
  -3.8419510201819829E-002  -2.8876636584938862E-002
  -3.8246481116210852E-002  -4.3216226782667344E-002
  -3.7816566064458122E-002  -5.7511589123074761E-002
  -3.7123829305487181E-002  -7.1667728380501575E-002
  -3.6154790811210744E-002  -8.5585060848809805E-002
  -3.4888374525579878E-002  -9.9156297179463435E-002
  -3.3295978364331354E-002 -0.11226330457242907     
  -3.1341718058791969E-002 -0.12477401758633357     
  -2.8982926331845970E-002 -0.13653944538416715     
  -2.6171042689989914E-002 -0.14739078192570873     
  -2.2853173974031440E-002 -0.15713661545848578     
  -1.8974783056710159E-002 -0.16556035331557850     
  -1.4483969517195236E-002 -0.17241818443708912     
  -9.3377453587328019E-003 -0.17743807007554779     
  -3.5108664212335477E-003 -0.18032053625144095     
   2.9922212080924406E-003 -0.18074259174181026     
   1.0122401005556225E-002 -0.17836665167494356     
   1.7768842673702399E-002 -0.17285709458918883     
   2.5741780091258760E-002 -0.16390790273848491     
   3.3758497937465687E-002 -0.15128506921833867     
   4.1438253943545264E-002 -0.13488607918800904     
   4.8314362220312448E-002 -0.11481392974439503     
   5.3872501624508087E-002  -9.1452899648627406E-002
   5.7620002994822443E-002  -6.5518882491002933E-002
   5.9178096798462108E-002  -3.8047542309616475E-002
   5.8370810382569110E-002  -1.0294300552804432E-002
   5.5273602308390846E-002   1.6441869013608876E-002
   5.0196508037044910E-002   4.1013626816773674E-002
   4.3608210979134088E-002   6.2567636856647513E-002
   3.6035832806479144E-002   8.0594186980229229E-002
   2.7978834549496186E-002   9.4894594815694330E-002
   1.9857002459590250E-002  0.10550609960298465     
   1.1991763055397679E-002  0.11262140814993851     
   4.6099952730373770E-003  0.11652298983172824     
  -2.1410946548755128E-003  0.11753733869014972     
  -8.1762416511057291E-003  0.11600646772613626     
  -1.3455976905555372E-002  0.11227140826555072     
  -1.7973633270086602E-002  0.10666299329592359     
  -2.1745492265225406E-002   9.9496655533641287E-002
  -2.4803438564316656E-002   9.1069326696856509E-002
  -2.7189380461323916E-002   8.1657520191464203E-002
  -2.8950877218121340E-002   7.1516277044284565E-002
  -3.0137679106994730E-002   6.0878910160098477E-002
  -3.0799088743342511E-002   4.9957516788760085E-002
  -3.0982161627926802E-002   3.8944145475197575E-002
  -3.0730778667792478E-002   2.8012373649478367E-002
  -3.0085544379504621E-002   1.7318945111427824E-002
  -2.9084317825937886E-002   7.0050996614508323E-003
  -2.7763027897047342E-002  -2.8026608684585054E-003
  -2.6156333128573267E-002  -1.1992398620177785E-002
  -2.4297706804857464E-002  -2.0466903763177571E-002
  -2.2218670931506038E-002  -2.8143674844159295E-002
  -1.9947180696922265E-002  -3.4954006345530760E-002
  -1.7505609571094597E-002  -4.0840466449959784E-002
  -1.4909388482783944E-002  -4.5752377770347366E-002
  -1.2167937059867660E-002  -4.9639732234682203E-002
  -9.2897414477140401E-003  -5.2447281890119928E-002
  -6.2928257562759092E-003  -5.4112087257626021E-002
  -3.2199500644040620E-003  -5.4568952470540603E-002
  -1.5441058128325708E-004  -5.3767809057111614E-002
   2.7718059385941252E-003  -5.1703665428607201E-002
   5.3874961913675237E-003  -4.8452358737983946E-002
   7.5143170172347548E-003  -4.4196510343677657E-002
   9.0137272858078904E-003  -3.9223130659765376E-002
   9.8281157007305744E-003  -3.3884633333217604E-002
   9.9947650654704928E-003  -2.8535649956807206E-002
   9.6269628386191249E-003  -2.3473015720802980E-002
   8.8760994838957170E-003  -1.8901843224945765E-002
   7.8951234491649990E-003  -1.4931984286696011E-002
   6.8151176571071802E-003  -1.1594250887351977E-002
   5.7354030108803106E-003  -8.8635504213335475E-003
   4.7228377756099700E-003  -6.6810081061665430E-003
   3.8162760132547024E-003  -4.9716467740145796E-003
   3.0331141969506996E-003  -3.6567276223413939E-003
   2.3757546230072720E-003  -2.6613819075278896E-003
   1.8370125108050314E-003  -1.9187813716977494E-003
   1.4043240453809034E-003  -1.3719418535957293E-003
   1.0628098582921909E-003  -9.7395956115098152E-004
   7.9730809502226625E-004  -6.8731518943896189E-004
   5.9360289895511373E-004  -4.8272035403165324E-004
   4.3908675327614967E-004  -3.3779978538060290E-004
   3.2302880774481694E-004  -2.3578228862241140E-004
   2.3658150141842447E-004  -1.6430746180592289E-004
   1.7263599600025002E-004  -1.1440104462543862E-004
   1.2560321219345501E-004  -7.9630775085403271E-005
   9.1167851325651769E-005  -5.5434647532402865E-005
   6.6047092694173775E-005  -3.8603618213557592E-005
   4.7773545129200201E-005  -2.6894078696675780E-005
   3.4510643421723412E-005  -1.8743746917818621E-005
   2.4901642381104071E-005  -1.3067223505370072E-005
   1.7949991065748803E-005  -9.1111339273676409E-006
   1.2926910932348407E-005  -6.3525528037015575E-006
   9.3012086681179456E-006  -4.4282525305904523E-006
   6.6866560382484973E-006  -3.0856592160110358E-006
   4.8029537487274191E-006  -2.1489367201616191E-006
   3.4469826422462322E-006  -1.4955318808231078E-006
   2.4717294160514962E-006  -1.0399415352096290E-006
   1.7708966872089412E-006  -7.2246520651947214E-007
   1.2676973975257090E-006  -5.0139736837561958E-007
   9.0671031031196749E-007  -3.4759608789270264E-007
   6.4796830410074873E-007  -2.4069855484735845E-007
   4.6267297358773185E-007  -1.6648020294202005E-007
   3.3009113857623160E-007  -1.1500927044254050E-007
   2.3530893156129453E-007  -7.9356011576443428E-008
   1.6760782741420036E-007  -5.4689412800539302E-008
   1.1929135466325776E-007  -3.7644908252759801E-008
   8.4838044498718966E-008  -2.5881805730019105E-008
   6.0290394031828989E-008  -1.7773627094081985E-008
   4.2814469015595752E-008  -1.2191580382806652E-008
   3.0382770163041277E-008  -8.3532732458039119E-009
   2.1546067040457978E-008  -5.7171153441833821E-009
   1.5269396225850618E-008  -3.9086955719422274E-009
   1.0814292848098684E-008  -2.6695146211720960E-009
   7.6543032224188157E-009  -1.8213310747934684E-009
   5.4144324274265714E-009  -1.2413996338847035E-009
   3.8277884283819341E-009  -8.4529767546657293E-010
   2.7045688357892984E-009  -5.7503118409071368E-010
   1.9098975892922353E-009  -3.9080855479004785E-010
   1.3480009076975271E-009  -2.6535899768839352E-010
   9.5091956916602473E-010  -1.8001371842205812E-010
   6.7046417764844121E-010  -1.2200652899471277E-010
   4.7248660415667227E-010  -8.2616832941032345E-011
   3.3280412059398814E-010  -5.5893711100387095E-011
   2.3430173334961336E-010  -3.7780333009249808E-011
   1.6487371750553659E-010  -2.5513795924027414E-011
   1.1596238667257159E-010  -1.7214219946566418E-011
   8.1521552874258044E-011  -1.1603728292198282E-011
   5.7281744669019550E-011  -7.8144612937874618E-012
   4.0229675164268757E-011  -5.2575514542523352E-012
   2.8239719203526827E-011  -3.5337921797276887E-012
   1.9813165997666329E-011  -2.3727920505175667E-012
   1.3893834800510841E-011  -1.5915706004021009E-012
   9.7377625120301636E-012  -1.0664097385273373E-012
   6.8211558548439232E-012  -7.1373437856482909E-013
   4.7754061035784749E-012  -4.7713758357029922E-013
   3.3412330289405798E-012  -3.1858328980288938E-013
   2.3363430574663801E-012  -2.1244674683330923E-013
   1.6326298369325995E-012  -1.4148082930685012E-013
   1.1401093019754283E-012  -9.4088233897605989E-014
   7.9560524296232045E-013  -6.2478395809692280E-014
   5.5478426744839791E-013  -4.1423273572075983E-014
   3.8655118139680505E-013  -2.7418159556636084E-014
   2.6910706655111071E-013  -1.8116180162724365E-014
   1.8717804226626128E-013  -1.1947576444402765E-014
   1.3006792281176526E-013  -7.8636286495723985E-015
   9.0290451233283929E-014  -5.1645842985830394E-015
   6.2609060044316883E-014  -3.3841486610648729E-015
   4.3363054791796765E-014  -2.2120250225724173E-015
   2.9995014221326204E-014  -1.4420266512726656E-015
   2.0719483933608302E-014  -9.3735743273435123E-016
   1.4290839847728743E-014  -6.0740761359597153E-016
   9.8407231895385823E-015  -3.9226455717371348E-016
   6.7642590015903603E-015  -2.5238674366741178E-016
   4.6404645792457342E-015  -1.6172924256223137E-016
   3.1766075667310770E-015  -1.0317358099272952E-016
   2.1693315564311509E-015  -6.5494186351308122E-017
   1.4775143305315854E-015  -4.1348035498764881E-017
   1.0033309582477079E-015  -2.5944685847671931E-017
   6.7905120991952321E-016  -1.6168042055070075E-017
   4.5784208235013564E-016  -9.9975673712537491E-018
   3.0736579224833762E-016  -6.1276491980810909E-018
   2.0532754539837564E-016  -3.7178506445246307E-018
   1.3638220081893567E-016  -2.2294458283908895E-018
   8.9987251698536337E-017  -1.3187157564779374E-018
   5.8914238744973692E-017  -7.6749839504071026E-019
   3.8217861687499619E-017  -4.3812999133411788E-019
   2.4522924976057538E-017  -2.4431339788686302E-019
   1.5531736891721048E-017  -1.3235629768577163E-019
   9.6842129292620579E-018  -6.9140178065332180E-020
   5.9235746270938072E-018  -3.4442967057393221E-020
   3.5348657431364684E-018  -1.6067189568475100E-020
   2.0337107816991929E-018  -6.7758003021364463E-021
   1.0892531572143783E-018  -2.3735789643819856E-021
   4.6817690843471686E-019  -4.9715115303630373E-022
   0.0000000000000000        0.0000000000000000     
