 Initial conditions outputted from a previous simulation. Time =    99.400000000000006     
   40.000000000000000        0.0000000000000000              500           1   99.400000000000006     
  -2.1987977952852615E-002  0.12530773864772832     
  -2.5389532517910395E-002  0.11392856579514897     
  -2.8283777693264098E-002  0.10135081737285126     
  -3.0689375723385287E-002   8.7775348325362962E-002
  -3.2672622604148133E-002   7.3373267654016930E-002
  -3.4247450348723910E-002   5.8320641068272928E-002
  -3.5460230858952807E-002   4.2751292941148773E-002
  -3.6338119528233528E-002   2.6797313361551101E-002
  -3.6901507249163773E-002   1.0578968043463310E-002
  -3.7165271951947895E-002  -5.7914397231914969E-003
  -3.7136052265724417E-002  -2.2205041772340169E-002
  -3.6812984581175288E-002  -3.8554247336744674E-002
  -3.6188075442109863E-002  -5.4729777837280918E-002
  -3.5246190855296428E-002  -7.0617425971307504E-002
  -3.3965550166710205E-002  -8.6094807795223896E-002
  -3.2318676882097622E-002 -0.10102765677129359     
  -3.0273772640921480E-002 -0.11526533157882270     
  -2.7796529531653725E-002 -0.12863525767296138     
  -2.4851977500237515E-002 -0.14093622195158181     
  -2.1405399416120942E-002 -0.15193133550040797     
  -1.7421403905146786E-002 -0.16134311506912724     
  -1.2861764085940473E-002 -0.16885447368245471     
  -7.6851281371394320E-003 -0.17411856097005057     
  -1.8531371165528641E-003 -0.17677682247383919     
   4.6541087188411391E-003 -0.17648083892586724     
   1.1814109529116899E-002 -0.17291301158463843     
   1.9533779108825394E-002 -0.16580462219487549     
   2.7622658535372734E-002 -0.15495483109866634     
   3.5773964883372950E-002 -0.14025842439789638     
   4.3561912077801017E-002 -0.12175132989487447     
   5.0465661886834233E-002  -9.9676540407449957E-002
   5.5927626819567693E-002  -7.4555532741376690E-002
   5.9443298293888495E-002  -4.7228382741064001E-002
   6.0662822370595039E-002  -1.8819484553716220E-002
   5.9469750507672468E-002   9.3874886755613250E-003
   5.6004081168699801E-002   3.6132015175116584E-002
   5.0620915858949782E-002   6.0349237124320942E-002
   4.3806127327623040E-002   8.1275730890333561E-002
   3.6083399403005929E-002   9.8472632633301679E-002
   2.7940724669564102E-002  0.11178727163392532     
   1.9788886481821904E-002  0.12128835485946640     
   1.1946148353529215E-002  0.12719904673566154     
   4.6354064104012910E-003  0.12983531781900842     
  -2.0110105338795275E-003  0.12955411182788656     
  -7.9363046414918214E-003  0.12671616454744472     
  -1.3137389045623926E-002  0.12166397473738402     
  -1.7644785369524379E-002  0.11471147160633141     
  -2.1508075450460556E-002  0.10614087208101892     
  -2.4785551775860070E-002   9.6203093696937816E-002
  -2.7536631496166759E-002   8.5120014836476354E-002
  -2.9816835403723100E-002   7.3088172123362646E-002
  -3.1675303030961742E-002   6.0283236799408065E-002
  -3.3154580260013153E-002   4.6864062710845714E-002
  -3.4291867935674653E-002   3.2975348550761716E-002
  -3.5120307776166142E-002   1.8748745544439113E-002
  -3.5669031905287071E-002   4.3030604772799725E-003
  -3.5961590467709324E-002  -1.0255268430414723E-002
  -3.6013278749411522E-002  -2.4830302387905408E-002
  -3.5828379247085075E-002  -3.9332834391998202E-002
  -3.5398328198212876E-002  -5.3674993680685151E-002
  -3.4701397166968767E-002  -6.7764051235083569E-002
  -3.3703924108437811E-002  -8.1496440016224359E-002
  -3.2362716939216558E-002  -9.4752840830695684E-002
  -3.0628071019267247E-002 -0.10739481936322186     
  -2.8446830592117126E-002 -0.11926309207046587     
  -2.5765025818881349E-002 -0.13017713002581682     
  -2.2529838607461643E-002 -0.13993551161454523     
  -1.8691033856448061E-002 -0.14831626873842349     
  -1.4202532988497558E-002 -0.15507654334459783     
  -9.0253897071381813E-003 -0.15995128226727590     
  -3.1338469616515366E-003 -0.16265149075397939     
   3.4738239256189496E-003 -0.16286371030766211     
   1.0758589647927461E-002 -0.16025381490827467     
   1.8618331916803794E-002 -0.15447982310307584     
   2.6862787203033790E-002 -0.14521986980239307     
   3.5192544045190219E-002 -0.13222164268576958     
   4.3193576532918068E-002 -0.11537582291174366     
   5.0360996890721821E-002  -9.4805064604512684E-002
   5.6159743380443071E-002  -7.0942631469107412E-002
   6.0113217074077102E-002  -4.4562038313877679E-002
   6.1892052823930371E-002  -1.6727883006861680E-002
   6.1371159181568220E-002   1.1328494670502405E-002
   5.8640264409423576E-002   3.8370045310838492E-002
   5.3975520270104139E-002   6.3304224613907223E-002
   4.7787455858998795E-002   8.5290477820081381E-002
   4.0555886410834692E-002  0.10379141939876366     
   3.2761333033851744E-002  0.11856659698057789     
   2.4827105239946540E-002  0.12962087756369664     
   1.7084507539950857E-002  0.13713103556688444     
   9.7633148733420206E-003  0.14137408143140112     
   3.0008875465746617E-003  0.14267066054853803     
  -3.1385784069282931E-003  0.14134683584080970     
  -8.6416608430414585E-003  0.13771235623416545     
  -1.3525278717885780E-002  0.13205141549477412     
  -1.7821080121757059E-002  0.12462145063982098     
  -2.1565389823286082E-002  0.11565615622781578     
  -2.4794108714394483E-002  0.10536985371587870     
  -2.7541219470345196E-002   9.3961310625104627E-002
  -2.9839235162053543E-002   8.1616078731611738E-002
  -3.1720083224734165E-002   6.8507287059672295E-002
  -3.3215393373418500E-002   5.4795418079402046E-002
  -3.4355724871913455E-002   4.0627880551547826E-002
  -3.5168806065481506E-002   2.6139184028040514E-002
  -3.5677255570329941E-002   1.1452262369118180E-002
  -3.5896416841734412E-002  -3.3189041698659790E-003
  -3.5832867988959745E-002  -1.8065620308317328E-002
  -3.5483933951287037E-002  -3.2680302383033454E-002
  -3.4838219693821865E-002  -4.7052445860508128E-002
  -3.3876901205403036E-002  -6.1065280584133463E-002
  -3.2575338217105551E-002  -7.4593405534991511E-002
  -3.0904551313556440E-002  -8.7501373214552189E-002
  -2.8832236101206013E-002  -9.9642907236829920E-002
  -2.6323231135956301E-002 -0.11086026855308967     
  -2.3339654690689295E-002 -0.12098328070462612     
  -1.9841212843733566E-002 -0.12982768541236900     
  -1.5786397408390208E-002 -0.13719279555469233     
  -1.1135389841708381E-002 -0.14285879078708233     
  -5.8554423584488251E-003 -0.14658440775492465     
   7.0682716014971908E-005 -0.14810618438019105     
   6.6329733640192266E-003 -0.14714084493272361     
   1.3779407405028914E-002 -0.14339291036899818     
   2.1399230488957619E-002 -0.13657019778395327     
   2.9306471287640131E-002 -0.12641036391797592     
   3.7227440938770888E-002 -0.11272150689441762     
   4.4797753705108724E-002  -9.5438013899731944E-002
   5.1575800502360311E-002  -7.4687945746430270E-002
   5.7079239332363876E-002  -5.0859484733972719E-002
   6.0846879594296376E-002  -2.4643149572025923E-002
   6.2518781631794446E-002   2.9797103769423094E-003
   6.1914426505562239E-002   3.0822890989171386E-002
   5.9080331188168113E-002   5.7648039124763108E-002
   5.4284532389177173E-002   8.2340510551558097E-002
   4.7957357324144759E-002  0.10404825514634661     
   4.0602503598921640E-002  0.12224270755621167     
   3.2711867656800321E-002  0.13670126220796652     
   2.4707287450749425E-002  0.14744178767130339     
   1.6914246213200517E-002  0.15464449748084150     
   9.5602060118910835E-003  0.15858382895538964     
   2.7870297317081978E-003  0.15957849263966511     
  -3.3311087946141615E-003  0.15795898994880572     
  -8.7697497065017602E-003  0.15404841809388592     
  -1.3538736793065536E-002  0.14815207518525644     
  -1.7670116137583909E-002  0.14055239502916791     
  -2.1209120589481659E-002  0.13150693007741349     
  -2.4207647591447459E-002  0.12124802556341545     
  -2.6719576994908636E-002  0.10998345226845335     
  -2.8797369998554971E-002   9.7897648778345600E-002
  -3.0489541439838307E-002   8.5153437452448008E-002
  -3.1838749092500847E-002   7.1894183143778101E-002
  -3.2880375225639850E-002   5.8246394229035159E-002
  -3.3641569098143580E-002   4.4322740314434374E-002
  -3.4140755230724594E-002   3.0225401924092767E-002
  -3.4387589219532562E-002   1.6049604460465740E-002
  -3.4383280920509900E-002   1.8871530143850861E-003
  -3.4121139353204842E-002  -1.2170202489157695E-002
  -3.3587160205878722E-002  -2.6027678852374312E-002
  -3.2760496136085511E-002  -3.9584659492265757E-002
  -3.1613722888386327E-002  -5.2732098284460460E-002
  -3.0112925862745814E-002  -6.5349979647087802E-002
  -2.8217757830348269E-002  -7.7304681525571420E-002
  -2.5881730986426675E-002  -8.8446148540092584E-002
  -2.3053084068053176E-002  -9.8604897763794608E-002
  -1.9676602771340736E-002 -0.10758902412151988     
  -1.5696778331199018E-002 -0.11518152128992036     
  -1.1062675825778620E-002 -0.12113837591276617     
  -5.7348532033284043E-003 -0.12518803988591534     
   3.0538636094420366E-004 -0.12703308112984879     
   7.0442467007547464E-003 -0.12635513438343193     
   1.4421291776607684E-002 -0.12282480575462112     
   2.2313518491795060E-002 -0.11611895554527216     
   3.0519227430281758E-002 -0.10594864290565001     
   3.8744879595856534E-002  -9.2101444233770230E-002
   4.6600559697702298E-002  -7.4500667063867002E-002
   5.3612565346220241E-002  -5.3279057252988128E-002
   5.9262953469826490E-002  -2.8853713210945896E-002
   6.3061161401620075E-002  -1.9734938099250183E-003
   6.4638311942187041E-002   2.6299280230338319E-002
   6.3834968081745824E-002   5.4697400646523245E-002
   6.0743825006053798E-002   8.1930198831759601E-002
   5.5684789145437841E-002  0.10687528218451933     
   4.9124429833945403E-002  0.12870970834773451     
   4.1577761385330855E-002  0.14694794649125981     
   3.3528426578960983E-002  0.16140381812469301     
   2.5382237106532982E-002  0.17211662257614024     
   1.7450350046357484E-002  0.17927459385825306     
   9.9517440856016874E-003  0.18315204051526041     
   3.0256429606645755E-003  0.18406414312811273     
  -3.2525805589241740E-003  0.18233723362893056     
  -8.8556639641930203E-003  0.17829048911288375     
  -1.3790480083336673E-002  0.17222538636442652     
  -1.8086404509875875E-002  0.16442027433644973     
  -2.1786115922932371E-002  0.15512825472795544     
  -2.4938613054315766E-002  0.14457717808608261     
  -2.7594095751854283E-002  0.13297099215596028     
  -2.9800348556655514E-002  0.12049194167938317     
  -3.1600305901855849E-002  0.10730328055449490     
  -3.3030545222526797E-002   9.3552254002560065E-002
  -3.4120512513780302E-002   7.9373156720729504E-002
  -3.4892299765510934E-002   6.4890304281311179E-002
  -3.5360773440883314E-002   5.0220797843236999E-002
  -3.5533825742929868E-002   3.5477030791109913E-002
  -3.5412517527047625E-002   2.0768981666110638E-002
  -3.4990936004726789E-002   6.2064430217723173E-003
  -3.4255715302420414E-002  -8.0985878765556310E-003
  -3.3185340589593493E-002  -2.2029127336477314E-002
  -3.1749521217470628E-002  -3.5459897348084940E-002
  -2.9909009315680968E-002  -4.8253531123952059E-002
  -2.7616217300884743E-002  -6.0256528487418443E-002
  -2.4816865755149860E-002  -7.1295340253520051E-002
  -2.1452740997658721E-002  -8.1172995423680908E-002
  -1.7465545615070528E-002  -8.9666609987941320E-002
  -1.2801845323153361E-002  -9.6525986027748076E-002
  -7.4192683109602477E-003 -0.10147342010913601     
  -1.2943768934889511E-003 -0.10420491350453058     
   5.5670633660072034E-003 -0.10439336139752572     
   1.3116505087337626E-002 -0.10169515661510303     
   2.1245054521806285E-002  -9.5763096210889603E-002
   2.9762379477999187E-002  -8.6270447044936679E-002
   3.8375211808190278E-002  -7.2952868864015794E-002
   4.6673245127607413E-002  -5.5674686696901177E-002
   5.4136072302797655E-002  -3.4519818677848389E-002
   6.0177457254242221E-002  -9.8911988547628095E-003
   6.4234749042412734E-002   1.7421515985018489E-002
   6.5887520997388455E-002   4.6259422048085044E-002
   6.4962240780293709E-002   7.5227140114324159E-002
   6.1574490758128618E-002  0.10291059832664252     
   5.6090050742146569E-002  0.12809628726138442     
   4.9029515759729900E-002  0.14991155585673374     
   4.0961708377341401E-002  0.16785940543116262     
   3.2419256408744171E-002  0.18177349160421810     
   2.3847095294234375E-002  0.19173565511276422     
   1.5580944644080863E-002  0.19798895865129920     
   7.8481278606247970E-003  0.20086449478689322     
   7.8189572025111917E-004  0.20072821198142851     
  -5.5584036900560392E-003  0.19794636850147482     
  -1.1166314422310511E-002  0.19286543285179655     
  -1.6069337610724016E-002  0.18580228726318221     
  -2.0313682181747766E-002  0.17704125517699582     
  -2.3953190760035221E-002  0.16683524032978600     
  -2.7042147900268911E-002  0.15540902141879886     
  -2.9631295312324623E-002  0.14296330193931989     
  -3.1766144633329940E-002  0.12967856650746029     
  -3.3486592000907783E-002  0.11571826169719114     
  -3.4826969716740361E-002  0.10123124570921063     
  -3.5815933153799419E-002   8.6353765476220062E-002
  -3.6475886538379403E-002   7.1211386776089292E-002
  -3.6821939072940228E-002   5.5921307238873313E-002
  -3.6860593148340920E-002   4.0595354931878526E-002
  -3.6588486427448094E-002   2.5343775279783428E-002
  -3.5991554299754917E-002   1.0279682061167325E-002
  -3.5044940142229787E-002  -4.4761667327621957E-003
  -3.3713844096702819E-002  -1.8790756077795141E-002
  -3.1955289419589750E-002  -3.2514875535701697E-002
  -2.9720569592307979E-002  -4.5480236062745420E-002
  -2.6958015412850367E-002  -5.7497766989784864E-002
  -2.3615765470329522E-002  -6.8356922099968451E-002
  -1.9644453963765896E-002  -7.7825595509172160E-002
  -1.5000104987206091E-002  -8.5650182490734250E-002
  -9.6479666844883193E-003  -9.1555486268293587E-002
  -3.5684385500659166E-003  -9.5244626560630249E-002
   3.2334939020927846E-003  -9.6399915023716906E-002
   1.0714019958736271E-002  -9.4686892799335926E-002
   1.8770982544846552E-002  -8.9765375358734217E-002
   2.7220530457239701E-002  -8.1313173564280888E-002
   3.5774827521894821E-002  -6.9069260557354073E-002
   4.4030465829991136E-002  -5.2901332811370362E-002
   5.1481347762085961E-002  -3.2894444906093570E-002
   5.7568391519218706E-002  -9.4407956093629924E-003
   6.1766184174401495E-002   1.6707784405421137E-002
   6.3685610492745445E-002   4.4466228524144419E-002
   6.3155646128709955E-002   7.2536214464145404E-002
   6.0253021982455121E-002   9.9588249210869936E-002
   5.5273929791217410E-002  0.12444372838339311     
   4.8666491201513527E-002  0.14620282777112381     
   4.0949651620152232E-002  0.16429708292793957     
   3.2637810013327037E-002  0.17847496911636967     
   2.4183185350383034E-002  0.18874325673058720     
   1.5942306674769150E-002  0.19529020349950935     
   8.1663528239812200E-003  0.19841207242229666     
   1.0093090491704218E-003  0.19845484897445229     
  -5.4537879906863488E-003  0.19577405143937199     
  -1.1205013852844732E-002  0.19071063805044181     
  -1.6262800332150992E-002  0.18357927104492133     
  -2.0665058106544589E-002  0.17466496737347986     
  -2.4457240026565508E-002  0.16422470675034109     
  -2.7685209644216217E-002  0.15249132107217137     
  -3.0392047219820001E-002  0.13967768680038592     
  -3.2617475280466331E-002  0.12597996556371396     
  -3.4398474966932588E-002  0.11157939551272743     
  -3.5769883954437892E-002   9.6642805703039486E-002
  -3.6764190326518245E-002   8.1322506345529996E-002
  -3.7410251812802151E-002   6.5756423310048231E-002
  -3.7731147967468466E-002   5.0069266381265423E-002
  -3.7741693873400713E-002   3.4375207217668957E-002
  -3.7446267238631835E-002   1.8782109683650749E-002
  -3.6837539076017785E-002   3.3969219595158568E-003
  -3.5896478910733054E-002  -1.1668483235022956E-002
  -3.4593682309783789E-002  -2.6291858503226660E-002
  -3.2891730081646246E-002  -4.0336246123019073E-002
  -3.0748041280504443E-002  -5.3647159878496511E-002
  -2.8117618419921001E-002  -6.6051257962403270E-002
  -2.4955246118797080E-002  -7.7356080435658559E-002
  -2.1217069776144803E-002  -8.7350181832106952E-002
  -1.6861966648554251E-002  -9.5802986033163270E-002
  -1.1853616274360795E-002 -0.10246395404450129     
  -6.1645701585696542E-003 -0.10706117730681486     
   2.1619190643169244E-004 -0.10930027949122167     
   7.2708763635590829E-003 -0.10886554113297855     
   1.4934976170448597E-002 -0.10542647285855387     
   2.3074576661954706E-002  -9.8654587640902847E-002
   3.1462013707919824E-002  -8.8256475003351625E-002
   3.9756683872301087E-002  -7.4029268041888016E-002
   4.7502230595722512E-002  -5.5940611632021124E-002
   5.4154061551285916E-002  -3.4223813826069927E-002
   5.9146978904775965E-002  -9.4598024656875855E-003
   6.1997073301566639E-002   1.7399086604498043E-002
   6.2409169137100949E-002   4.5102520496237204E-002
   6.0347493899102045E-002   7.2272003400762813E-002
   5.6038954676890733E-002   9.7613157554745755E-002
   4.9911087900104581E-002  0.12009250921600091     
   4.2495674681999142E-002  0.13902631068464588     
   3.4334645983039251E-002  0.15407844642825655     
   2.5911236278011607E-002  0.16519886286055702     
   1.7612576805444126E-002  0.17254003131674914     
   9.7192341631367942E-003  0.17637811862232788     
   2.4127903552362473E-003  0.17705139443652104     
  -4.2073739902362909E-003  0.17491780279836872     
  -1.0104423066106193E-002  0.17032848556578764     
  -1.5285250497857188E-002  0.16361294491138925     
  -1.9784447579506672E-002  0.15507205302867985     
  -2.3651775317009033E-002  0.14497601990230141     
  -2.6943064326633161E-002  0.13356533421061467     
  -2.9714099903130113E-002  0.12105335698208242     
  -3.2016888638188801E-002  0.10762965899570341     
  -3.3897614164706942E-002   9.3463503325416974E-002
  -3.5395629489097871E-002   7.8707160341237037E-002
  -3.6543019599701881E-002   6.3498961223307379E-002
  -3.7364457705786502E-002   4.7966095931737188E-002
  -3.7877118707422067E-002   3.2227225548959917E-002
  -3.8090427612645236E-002   1.6395109094518103E-002
  -3.8005619304013145E-002   5.7948878367139077E-004
  -3.7615295751176996E-002  -1.5109702731779581E-002
  -3.6903190423298711E-002  -3.0558894041343123E-002
  -3.5844259361309146E-002  -4.5647307293665493E-002
  -3.4405168176564416E-002  -6.0243427949328597E-002
  -3.2545239360577731E-002  -7.4201690034470774E-002
  -3.0217911246108949E-002  -8.7359535971154992E-002
  -2.7372758265502440E-002  -9.9534968889756936E-002
  -2.3958164427931319E-002 -0.11052467745357336     
  -1.9924819891686693E-002 -0.12010280418581958     
  -1.5230303420913962E-002 -0.12802047591207757     
  -9.8451034506155666E-003 -0.13400634463915689     
  -3.7604935780888595E-003 -0.13776863237166798     
   3.0013218636531611E-003 -0.13899958966820442     
   1.0374508284521494E-002 -0.13738393772325061     
   1.8234461101604413E-002 -0.13261381057154192     
   2.6381223237843469E-002 -0.12441384569262222     
   3.4524119962150483E-002 -0.11258093000915025     
   4.2272992398898035E-002  -9.7042542161148146E-002
   4.9145056009678514E-002  -7.7933391662682858E-002
   5.4599261290748977E-002  -5.5679168716449026E-002
   5.8107437034915187E-002  -3.1058414321597918E-002
   5.9257725317034875E-002  -5.1981643629355001E-003
   5.7862206259114521E-002   2.0533415006506177E-002
   5.4023010537963337E-002   4.4730174716791547E-002
   4.8120818428494305E-002   6.6180408515951375E-002
   4.0727765416903677E-002   8.4037771434567726E-002
   3.2485176126443624E-002   9.7877012270904076E-002
   2.3994903750590227E-002  0.10764621498812463     
   1.5751671134423630E-002  0.11356649910806742     
   8.1174996941534398E-003  0.11602702484961894     
   1.3258371874743256E-003  0.11550050284044903     
  -4.4985627620702179E-003  0.11248511460096587     
  -9.3146164573428940E-003  0.10746881952551247     
  -1.3140995522647830E-002  0.10090920674676852     
  -1.6036005841049923E-002   9.3223036274181312E-002
  -1.8081931643713123E-002   8.4781551814542902E-002
  -1.9373606995906314E-002   7.5909157319592788E-002
  -2.0010545280357808E-002   6.6884016133816060E-002
  -2.0091803248918117E-002   5.7939710202911908E-002
  -1.9712749998728039E-002   4.9267440347699448E-002
  -1.8962946128577046E-002   4.1018521291965260E-002
  -1.7924431756024286E-002   3.3307205828683968E-002
  -1.6669935488797843E-002   2.6214150046532089E-002
  -1.5260924622160414E-002   1.9791012255221240E-002
  -1.3746038443348615E-002   1.4066561049353440E-002
  -1.2161060173855895E-002   9.0540499647796188E-003
  -1.0531697764724419E-002   4.7585539324924396E-003
  -8.8796000400542200E-003   1.1819703570114391E-003
  -7.2302852403206830E-003  -1.6767059962287732E-003
  -5.6198409400032012E-003  -3.8268153248129117E-003
  -4.0966871744390317E-003  -5.2954777521009985E-003
  -2.7163097784674824E-003  -6.1366995695099616E-003
  -1.5302747440019257E-003  -6.4349434918259093E-003
  -5.7410988304281362E-004  -6.3000163177453859E-003
   1.4053071355270719E-004  -5.8542797340587005E-003
   6.2640079894273634E-004  -5.2168826895775816E-003
   9.1478680123946942E-004  -4.4905314388861677E-003
   1.0467403271757201E-003  -3.7541098598540029E-003
   1.0649285500291571E-003  -3.0613142794321743E-003
   1.0079450155389567E-003  -2.4434861563936115E-003
   9.0732019721780522E-004  -1.9144754421174439E-003
   7.8668680981660601E-004  -1.4758839924380910E-003
   6.6235264524392595E-004  -1.1216990934827015E-003
   5.4457698889313433E-004  -8.4188493944433373E-004
   4.3902798851787783E-004  -6.2489716918432141E-004
   3.4813130728878714E-004  -4.5928823662998180E-004
   2.7219136193395082E-004  -3.3462079928142944E-004
   2.1025187234498626E-004  -2.4189157671801535E-004
   1.6070872308269772E-004  -1.7363800470391832E-004
   1.2171748214197505E-004  -1.2386062153413739E-004
   9.1445916665532898E-005  -8.7852220767361422E-005
   6.8215157982214153E-005  -6.1991819713185157E-005
   5.0564811572832727E-005  -4.3539019520428233E-005
   3.7270184164009787E-005  -3.0448072020692843E-005
   2.7332098677502484E-005  -2.1209519230962249E-005
   1.9952692250723902E-005  -1.4720669081507232E-005
   1.4505686805761866E-005  -1.0182899556300256E-005
   1.0506339159152058E-005  -7.0221832130250665E-006
   7.5838502805394698E-006  -4.8286945224693472E-006
   5.4574084048471982E-006  -3.3115880363189142E-006
   3.9161679715208108E-006  -2.2655667187650920E-006
   2.8029956527325361E-006  -1.5464293652809257E-006
   2.0015564622093241E-006  -1.0533414967147439E-006
   1.4262211725225625E-006  -7.1608102032168171E-007
   1.0142871540384832E-006  -4.8592804003393801E-007
   7.2005258759363781E-007  -3.2919775719628625E-007
   5.1034581556009331E-007  -2.2267462518279378E-007
   3.6118017134472695E-007  -1.5040526334394837E-007
   2.5526939621747932E-007  -1.0145631367014154E-007
   1.8019413098626211E-007  -6.8353415133662223E-008
   1.2705639926641533E-007  -4.5998537995484685E-008
   8.9497150175895218E-008  -3.0921777518151464E-008
   6.2982148944719201E-008  -2.0765960181863121E-008
   4.4284995737295691E-008  -1.3932660648516394E-008
   3.1114194243787020E-008  -9.3397420445154841E-009
   2.1845008772445251E-008  -6.2557004716391966E-009
   1.5327230045496048E-008  -4.1867408324551036E-009
   1.0747721158685222E-008  -2.7999587565648969E-009
   7.5323663591618882E-009  -1.8711847135181210E-009
   5.2762777131122111E-009  -1.2496346436875550E-009
   3.6942118225105664E-009  -8.3398975982310019E-010
   2.5854058331656449E-009  -5.5623416968167610E-010
   1.8086789655757546E-009  -3.7074914208101151E-010
   1.2648279475630749E-009  -2.4696351518940403E-010
   8.8419571834446869E-010  -1.6440636984099328E-010
   6.1790348279511815E-010  -1.0938033279089685E-010
   4.3167314482144776E-010  -7.2726843544683761E-011
   3.0147901340205180E-010  -4.8326340072413404E-011
   2.1048977902809669E-010  -3.2092546316772827E-011
   1.4691960509077875E-010  -2.1298630381563199E-011
   1.0251915329813319E-010  -1.4126065903652194E-011
   7.1516668780063724E-011  -9.3628128210823383E-012
   4.9875336174641986E-011  -6.2015349019635080E-012
   3.4772728413170206E-011  -4.1047865845625241E-012
   2.4236111556243024E-011  -2.7150002776461041E-012
   1.6887058010569269E-011  -1.7944234475072110E-012
   1.1762680530973013E-011  -1.1850645255948321E-012
   8.1905476079308388E-012  -7.8199788289805780E-013
   5.7011915418410773E-012  -5.1558266459267752E-013
   3.9669314318122697E-012  -3.3962587234587153E-013
   2.7591095683553891E-012  -2.2350707945937668E-013
   1.9182077300241642E-012  -1.4694191346410149E-013
   1.3329698316329988E-012  -9.6502165074975146E-014
   9.2582039842118910E-013  -6.3304614780565592E-014
   6.4268283609716415E-013  -4.1476984643410477E-014
   4.4587164163638424E-013  -2.7140332189920363E-014
   3.0913169058292257E-013  -1.7734447657864937E-014
   2.1417684095979274E-013  -1.1570927092677329E-014
   1.4827527183437548E-013  -7.5372784998399192E-015
   1.0256542208498001E-013  -4.9011563293128548E-015
   7.0881757950497081E-014  -3.1809342390135999E-015
   4.8936229782207704E-014  -2.0602001301903788E-015
   3.3747823856455129E-014  -1.3313120552107404E-015
   2.3245121694046527E-014  -8.5816841394812753E-016
   1.5989476342799676E-014  -5.5167274672539869E-016
   1.0982259344082524E-014  -3.5357918281881904E-016
   7.5306902856647116E-015  -2.2586611026956444E-016
   5.1544770632984182E-015  -1.4375338221217951E-016
   3.5208781028564788E-015  -9.1118747835327853E-017
   2.3995524789587108E-015  -5.7492643729821755E-017
   1.6311821599813369E-015  -3.6090283344808791E-017
   1.1056760462984636E-015  -2.2524727035071402E-017
   7.4703784225408583E-016  -1.3966499619864364E-017
   5.0286646161414714E-016  -8.5956679074032510E-018
   3.3707537931791358E-016  -5.2452073873991367E-018
   2.2484756892779666E-016  -3.1693066510482508E-018
   1.4914222195691622E-016  -1.8931467481382157E-018
   9.8277952877487917E-017  -1.1157228677967323E-018
   6.4262275363039106E-017  -6.4713447758772157E-019
   4.1638045979912205E-017  -3.6822896935947214E-019
   2.6687728904603186E-017  -2.0470992171970637E-019
   1.6885085912050693E-017  -1.1058235179448565E-019
   1.0517758100018543E-017  -5.7609050287418599E-020
   6.4276994671320337E-018  -2.8625188277775533E-020
   3.8326756787813774E-018  -1.3321242675991338E-020
   2.2035714265379522E-018  -5.6053528212188200E-021
   1.1795759059267960E-018  -1.9596340631568816E-021
   5.0673678200706108E-019  -4.0960929933069715E-022
   0.0000000000000000        0.0000000000000000     
