 Initial conditions outputted from a previous simulation. Time =    69.400000000000006     
   40.000000000000000        0.0000000000000000              500           1   69.400000000000006     
  -2.1987977952811672E-002  0.12530773864778180     
  -2.5379263796937751E-002  0.11392876587514007     
  -2.8269675948665227E-002  0.10135031588398559     
  -3.0672750259937286E-002   8.7773899143594680E-002
  -3.2657391588768292E-002   7.3369198377085970E-002
  -3.4232911701725641E-002   5.8315005833675444E-002
  -3.5447127082324989E-002   4.2743753146539790E-002
  -3.6326771881502712E-002   2.6787882841107488E-002
  -3.6891869818653444E-002   1.0567754344470645E-002
  -3.7157306038298414E-002  -5.8043720954037382E-003
  -3.7129607958778559E-002  -2.2219550304016445E-002
  -3.6807806913969524E-002  -3.8570135328485342E-002
  -3.6183854813900712E-002  -5.4746828402887915E-002
  -3.5242509689298492E-002  -7.0635426648707131E-002
  -3.3961800053442813E-002  -8.6113642962505066E-002
  -3.2313919138832234E-002 -0.10104749715223822     
  -3.0266499512815539E-002 -0.11528699543121497     
  -2.7784375204496177E-002 -0.12866086621704742     
  -2.4831525486602776E-002 -0.14097023551038645     
  -2.1372425258435669E-002 -0.15198186942752337     
  -1.7372077653422580E-002 -0.16142297361619715     
  -1.2795108007281571E-002 -0.16898074235621297     
  -7.6061485113593169E-003 -0.17430951320043880     
  -1.7748621994970522E-003 -0.17704601296643332     
   4.7117954162187534E-003 -0.17683040286786289     
   1.1829603024279604E-002 -0.17332984424088857     
   1.9491148984372736E-002 -0.16626246656247551     
   2.7517740372007757E-002 -0.15542214241535596     
   3.5615807421090863E-002 -0.14070836510352805     
   4.3368759276201804E-002 -0.12216922229381164     
   5.0258008968175200E-002 -0.10006227533175399     
   5.5722422504285808E-002  -7.4921670818630617E-002
   5.9251490043569437E-002  -4.7596569695549810E-002
   6.0489271365496464E-002  -1.9217828699674203E-002
   5.9313917517177212E-002   8.9248234534908821E-003
   5.5861740305207457E-002   3.5564105281890371E-002
   5.0487463569600911E-002   5.9629178433598669E-002
   4.3679836994110835E-002   8.0353989610692497E-002
   3.5966242090482187E-002   9.7301121597199461E-002
   2.7836917879314946E-002  0.11032190346120373     
   1.9703331412134470E-002  0.11949003404647757     
   1.1883670295411894E-002  0.12503427465375266     
   4.5999925387386889E-003  0.12727671320371067     
  -2.0172831461998768E-003  0.12658035617550603     
  -7.9138864187571437E-003  0.12331140212160538     
  -1.3088994694113015E-002  0.11781729846720668     
  -1.7574665205180043E-002  0.11041688020717327     
  -2.1421340292333665E-002  0.10139756790925147     
  -2.4687709321663497E-002   9.1015816843106015E-002
  -2.7433250768993150E-002   7.9499193135877014E-002
  -2.9713208463114912E-002   6.7049796768114900E-002
  -3.1576033891126225E-002   5.3848501524919115E-002
  -3.3063157329881757E-002   4.0058882319112220E-002
  -3.4210392543105296E-002   2.5829836790877761E-002
  -3.5049559441304105E-002   1.1296618604499396E-002
  -3.5608917044870771E-002  -3.4191538839927083E-003
  -3.5911821725983360E-002  -1.8209323523804048E-002
  -3.5973999593179894E-002  -3.2977625538497354E-002
  -3.5800459315725106E-002  -4.7636071080931645E-002
  -3.5383183964298751E-002  -6.2099440088169436E-002
  -3.4700365606083972E-002  -7.6278679884198189E-002
  -3.3717379078451702E-002  -9.0074282893187863E-002
  -3.2389244205143726E-002 -0.10337063782945512     
  -3.0664079605243928E-002 -0.11603204685776548     
  -2.8486923275691713E-002 -0.12790071130158220     
  -2.5803241765462469E-002 -0.13879655918789624     
  -2.2561552760428656E-002 -0.14851833964368380     
  -1.8714976429185005E-002 -0.15684504137245361     
  -1.4222235777592256E-002 -0.16353659593726125     
  -9.0494722095852340E-003 -0.16833319536970734     
  -3.1748959491435594E-003 -0.17095347474155653     
   3.4016117900696687E-003 -0.17109320448124216     
   1.0642553044692861E-002 -0.16842778902170724     
   1.8450791867388756E-002 -0.16262350673649623     
   2.6644343438420100E-002 -0.15336368900502292     
   3.4934452723111749E-002 -0.14039607118797126     
   4.2917637181610256E-002 -0.12360428647245718     
   5.0095059418586323E-002 -0.10309678946685619     
   5.5928974563818366E-002  -7.9289721333677496E-002
   5.9931738717794655E-002  -5.2944661500859962E-002
   6.1762166132807168E-002  -2.5125384498392696E-002
   6.1292667229109213E-002   2.9301295179435570E-003
   5.8622515415284800E-002   2.9982624969086581E-002
   5.4040632416950091E-002   5.4950089057824038E-002
   4.7961240802965842E-002   7.7010625038220884E-002
   4.0854711717599662E-002   9.5640927950779747E-002
   3.3185369929230005E-002  0.11060168945690560     
   2.5362685832121402E-002  0.12188737718551895     
   1.7711196248910127E-002  0.12965950962513165     
   1.0460705055373222E-002  0.13418093740732190     
   3.7528899885822826E-003  0.13576229331107309     
  -2.3421583361673279E-003  0.13472441732772614     
  -7.8056347930837910E-003  0.13137583205331485     
  -1.2650775825285629E-002  0.12600211289697702     
  -1.6907640856222098E-002  0.11886326328679787     
  -2.0612907095522975E-002  0.11019551364493542     
  -2.3804225656856956E-002  0.10021479731815085     
  -2.6517928871465053E-002   8.9120100181451792E-002
  -2.8788638944905787E-002   7.7095792125628865E-002
  -3.0649506518978152E-002   6.4312805989061680E-002
  -3.2132228209775536E-002   5.0929021425174123E-002
  -3.3266447346410578E-002   3.7089433655836890E-002
  -3.4078531319277287E-002   2.2926686645982568E-002
  -3.4589993908195830E-002   8.5623806368579358E-003
  -3.4815957143012333E-002  -5.8907003288429464E-003
  -3.4764030561219142E-002  -2.0325568591292441E-002
  -3.4433861035170821E-002  -3.4637557552457864E-002
  -3.3817418555554001E-002  -4.8720824899830151E-002
  -3.2899887083684784E-002  -6.2465239826294552E-002
  -3.1660881107293488E-002  -7.5753923753903191E-002
  -3.0075651198736963E-002  -8.8461511987759520E-002
  -2.8115995310340328E-002 -0.10045298998972026     
  -2.5750748115040540E-002 -0.11158279171767209     
  -2.2945946183257487E-002 -0.12169378000731738     
  -1.9665015287972636E-002 -0.13061579025323955     
  -1.5869542907488078E-002 -0.13816360947381554     
  -1.1521330836155303E-002 -0.14413455599463723     
  -6.5864330679745210E-003 -0.14830617677304528     
  -1.0417620594312077E-003 -0.15043495072682669     
   5.1154025043326718E-003 -0.15025726568021455     
   1.1855049633682306E-002 -0.14749434698577046     
   1.9099820974133083E-002 -0.14186328455997932     
   2.6709558337900279E-002 -0.13309677420500293     
   3.4467576287690586E-002 -0.12097437597953939     
   4.2072687249729859E-002 -0.10536734827084644     
   4.9142556337790584E-002  -8.6296389452562267E-002
   5.5234882993932151E-002  -6.3995751157347361E-002
   5.9891617838638771E-002  -3.8968042031598205E-002
   6.2705648286302720E-002  -1.2004801830566847E-002
   6.3398297373482279E-002   1.5853244003860945E-002
   6.1883949619664605E-002   4.3426281055531903E-002
   5.8295074607840405E-002   6.9553912943690885E-002
   5.2954300758705282E-002   9.3251501787683683E-002
   4.6304331496844868E-002  0.11381261478408194     
   3.8824295791113107E-002  0.13083527495234040     
   3.0960433511016704E-002  0.14418596647268017     
   2.3084453408570297E-002  0.15393316795190493     
   1.5478231430245421E-002  0.16027817864019739     
   8.3366584530993292E-003  0.16349805840974474     
   1.7800864745646063E-003  0.16390466202091597     
  -4.1299529694188205E-003  0.16181792594717717     
  -9.3754906084641994E-003  0.15754964293804921     
  -1.3968996254103071E-002  0.15139419216722150     
  -1.7942838677458509E-002  0.14362364581853176     
  -2.1341184026493990E-002  0.13448558369576905     
  -2.4213938816295032E-002  0.12420261996734236     
  -2.6612290370333528E-002  0.11297308251832985     
  -2.8585449170861914E-002  0.10097253175801960     
  -3.0178285430185938E-002   8.8355926971073348E-002
  -3.1429648793955711E-002   7.5260294574094180E-002
  -3.2371243850486703E-002   6.1807755988764743E-002
  -3.3026980106536902E-002   4.8108762602409358E-002
  -3.3412718733936961E-002   3.4265387689197915E-002
  -3.3536316802739705E-002   2.0374554192701826E-002
  -3.3397845402679011E-002   6.5311298026980167E-003
  -3.2989849492889758E-002  -7.1691202991535840E-003
  -3.2297538015064874E-002  -2.0626686890282304E-002
  -3.1298849644506438E-002  -3.3735517338847686E-002
  -2.9964425950325724E-002  -4.6380202355434455E-002
  -2.8257616852763921E-002  -5.8433101776770371E-002
  -2.6134716540043207E-002  -6.9751391676117255E-002
  -2.3545671114217653E-002  -8.0174060523327498E-002
  -2.0435524869809995E-002  -8.9518940589207494E-002
  -1.6746902240579946E-002  -9.7579930049416660E-002
  -1.2423867824851987E-002 -0.10412465018442367     
  -7.4175580078346412E-003 -0.10889291486665498     
  -1.6940112191159754E-003 -0.11159660301935506     
   4.7553919166463321E-003 -0.11192187131559124     
   1.1900591871026940E-002 -0.10953519721363049     
   1.9656691236886733E-002 -0.10409556783132037     
   2.7865855258766489E-002  -9.5276187551477959E-002
   3.6279659729773032E-002  -8.2800031780871489E-002
   4.4546694236254195E-002  -6.6493503606770116E-002
   5.2213485586698659E-002  -4.6359466642751965E-002
   5.8749665678954295E-002  -2.2662288007872042E-002
   6.3607123504407795E-002   3.9979934562915376E-003
   6.6312464949260047E-002   3.2661617204721105E-002
   6.6571820302945728E-002   6.2074847486849417E-002
   6.4348277834753984E-002   9.0853579411654423E-002
   5.9874254446527178E-002  0.11769873795385556     
   5.3590801477021881E-002  0.14158201329679831     
   4.6043299332995696E-002  0.16183830272880262     
   3.7778462293179875E-002  0.17815713676736952     
   2.9273401891323308E-002  0.19051066385067400     
   2.0902803402242487E-002  0.19906363510700772     
   1.2934876639374107E-002  0.20409418209837554     
   5.5435532383903601E-003  0.20593569695407107     
  -1.1729824996615675E-003  0.20493905570349030     
  -7.1734707200899828E-003  0.20145010753142015     
  -1.2457164622833061E-002  0.19579714901508863     
  -1.7050532655764127E-002  0.18828449398479419     
  -2.0996914544544311E-002  0.17918965952242691     
  -2.4348653255763159E-002  0.16876271995139905     
  -2.7161181520369154E-002  0.15722705044661789     
  -2.9488642613938489E-002  0.14478104194656705     
  -3.1380737434607571E-002  0.13160053412277437     
  -3.2880575239494787E-002  0.11784177984509588     
  -3.4023358195527723E-002  0.10364476630603785     
  -3.4835734945822816E-002   8.9136713277251506E-002
  -3.5335635566444687E-002   7.4435583482622733E-002
  -3.5532386873275819E-002   5.9653486519533783E-002
  -3.5426919487503150E-002   4.4899926039078226E-002
  -3.5011916847507048E-002   3.0284908858200954E-002
  -3.4271820876419945E-002   1.5921988003382907E-002
  -3.3182699180391760E-002   1.9313435617111842E-003
  -3.1712084535924473E-002  -1.1556990448664383E-002
  -2.9818993440002835E-002  -2.4399680323106864E-002
  -2.7454392291064039E-002  -3.6436435065771704E-002
  -2.4562406673506617E-002  -4.7486252429647012E-002
  -2.1082580910582280E-002  -5.7343791860525420E-002
  -1.6953509306357490E-002  -6.5776184283448433E-002
  -1.2118185024836515E-002  -7.2520659945823213E-002
  -6.5314555793209196E-003  -7.7283472675096956E-002
  -1.7004054510720570E-004  -7.9740809241078917E-002
   6.9543825497886316E-003  -7.9542834048670269E-002
   1.4778630055701344E-002  -7.6322892622120997E-002
   2.3168169605072581E-002  -6.9715272014493276E-002
   3.1895579841898225E-002  -5.9386609696735509E-002
   4.0621676310896263E-002  -4.5087201599165024E-002
   4.8887981019969384E-002  -2.6726909742639450E-002
   5.6133950169636723E-002  -4.4722719643944834E-003
   6.1753294032600568E-002   2.1156513188625947E-002
   6.5193707958376243E-002   4.9233250076256084E-002
   6.6080260735779911E-002   7.8471368783967904E-002
   6.4316304424753015E-002  0.10739040134747134     
   6.0112181901458325E-002  0.13455986278310547     
   5.3924915113942450E-002  0.15882393379266099     
   4.6340276647941027E-002  0.17942222406726391     
   3.7952399382113443E-002  0.19598920559545230     
   2.9280667121078206E-002  0.20847529342869511     
   2.0732017007742194E-002  0.21704537088371056     
   1.2596616205488961E-002  0.22198985400939053     
   5.0613507686558847E-003  0.22365998507022883     
  -1.7702471919228313E-003  0.22242578797396587     
  -7.8578381140678218E-003  0.21865059947304072     
  -1.3206262194655717E-002  0.21267642560881764     
  -1.7850224091657384E-002  0.20481624814371843     
  -2.1841733394563578E-002  0.19535093984473362     
  -2.5240259851354113E-002  0.18452935483131680     
  -2.8105521070310086E-002  0.17257060846575584     
  -3.0492739105740626E-002  0.15966770895108387     
  -3.2450017988239981E-002  0.14599178072726898     
  -3.4017307969246333E-002  0.13169627166869022     
  -3.5226339613404607E-002  0.11692076280792064     
  -3.6100948023120118E-002  0.10179425517500025     
  -3.6657352274608389E-002   8.6438031812524185E-002
  -3.6904159195579593E-002   7.0968327422505084E-002
  -3.6842050216214887E-002   5.5499067516128701E-002
  -3.6463246156644827E-002   4.0144883792381493E-002
  -3.5750931055724806E-002   2.5024505098257491E-002
  -3.4678867356416530E-002   1.0264495121967919E-002
  -3.3211454606991382E-002  -3.9968153770368053E-003
  -3.1304461958087199E-002  -1.7605451337464627E-002
  -2.8906597175403326E-002  -3.0388271903752633E-002
  -2.5961985282217007E-002  -4.2150096379419931E-002
  -2.2413561960229686E-002  -5.2671703828025641E-002
  -1.8207377748995272E-002  -6.1708837916483364E-002
  -1.3297875583859623E-002  -6.8992271580594719E-002
  -7.6543511545249408E-003  -7.4228989112416169E-002
  -1.2690372961995568E-003  -7.7104715616436559E-002
   5.8324529232041036E-003  -7.7288504050617449E-002
   1.3577371496406847E-002  -7.4441065858134869E-002
   2.1828029727888332E-002  -6.8230167734004241E-002
   3.0360512960192036E-002  -5.8358646580378537E-002
   3.8843906857127478E-002  -4.4612540590504880E-002
   4.6830312535390078E-002  -2.6935591006644301E-002
   5.3773105873249592E-002  -5.5263213014065038E-003
   5.9091014963205027E-002   1.9068875471723815E-002
   6.2277932366745115E-002   4.5918879914528435E-002
   6.3024695410092202E-002   7.3778811970641137E-002
   6.1295650887766895E-002  0.10127099332021604     
   5.7320611363789464E-002  0.12710734852070946     
   5.1514950716610448E-002  0.15025943451915089     
   4.4378816061879094E-002  0.17002869103447574     
   3.6417801767721365E-002  0.18603475971609310     
   2.8093977724655553E-002  0.19816385768347242     
   1.9797536215823551E-002  0.20650547689846033     
   1.1831614505647580E-002  0.21128965904141991     
   4.4081591176163264E-003  0.21283108972384732     
  -2.3467515338773050E-003  0.21148338608368503     
  -8.3802824948460558E-003  0.20760453708945362     
  -1.3695398759301560E-002  0.20153333875335136     
  -1.8331671305281929E-002  0.19357593086015620     
  -2.2347310231001890E-002  0.18400081242455155     
  -2.5804523445825928E-002  0.17304038483345449     
  -2.8759430103127568E-002  0.16089689709081520     
  -3.1256927738920172E-002  0.14775047839551070     
  -3.3329979139983160E-002  0.13376703531052331     
  -3.5002034082771347E-002  0.11910430169224966     
  -3.6290923132915216E-002  0.10391513219948850     
  -3.7212564683534663E-002   8.8348036560742124E-002
  -3.7783205791086238E-002   7.2545737721606190E-002
  -3.8019546427585038E-002   5.6643009305164853E-002
  -3.7936759082435691E-002   4.0765145896159150E-002
  -3.7544963089918594E-002   2.5028193427446787E-002
  -3.6845083057289597E-002   9.5416044567607772E-003
  -3.5825182608671617E-002  -5.5866175832660139E-003
  -3.4458297408043938E-002  -2.0242847290937876E-002
  -3.2702489820492425E-002  -3.4299916461240136E-002
  -3.0503360950396640E-002  -4.7609679780874548E-002
  -2.7798720291705312E-002  -5.9997317155422239E-002
  -2.4524710963801273E-002  -7.1258224474673823E-002
  -2.0622550656241169E-002  -8.1157789338228301E-002
  -1.6045189044999034E-002  -8.9433832607230687E-002
  -1.0763519916014106E-002  -9.5801167538005425E-002
  -4.7722231255309675E-003  -9.9957656243886348E-002
   1.9042108150111384E-003 -0.10159137070593979     
   9.2042562096085433E-003 -0.10038907385797347     
   1.7019616723283556E-002  -9.6047357310306752E-002
   2.5181906229370197E-002  -8.8289494653219405E-002
   3.3446037544397116E-002  -7.6893206463927680E-002
   4.1473884740379906E-002  -6.1736132872787605E-002
   4.8827477488499818E-002  -4.2864238376204809E-002
   5.4987483401398141E-002  -2.0578855320945468E-002
   5.9413521268393152E-002   4.4827433231676359E-003
   6.1648200132064568E-002   3.1322160657917257E-002
   6.1435903265376228E-002   5.8659680191671178E-002
   5.8801350793485828E-002   8.5123080722252567E-002
   5.4042901888273986E-002  0.10947843384548825     
   4.7644074348731649E-002  0.13080333447986769     
   4.0153308044432318E-002  0.14854505465985918     
   3.2085920160162054E-002  0.16247980539483048     
   2.3870538418684865E-002  0.17262721393179103     
   1.5832976149553514E-002  0.17916395501182986     
   8.2020969543571409E-003  0.18235575351975855     
   1.1254466260230030E-003  0.18251086719573609     
  -5.3131120918088600E-003  0.17995106573775854     
  -1.1077523106217249E-002  0.17499431061788362     
  -1.6166266447194710E-002  0.16794461532120411     
  -2.0601557496257073E-002  0.15908634203182997     
  -2.4420771765992288E-002  0.14868128167084177     
  -2.7669721129146105E-002  0.13696758318323049     
  -3.0397429948541929E-002  0.12416006011919391     
  -3.2652193072173229E-002  0.11045155039880518     
  -3.4478711129234736E-002   9.6015030383799993E-002
  -3.5916092410470515E-002   8.1006235862470299E-002
  -3.6996595293244193E-002   6.5566578092829120E-002
  -3.7745023651959482E-002   4.9826125006176572E-002
  -3.8178559476038765E-002   3.3906458894759746E-002
  -3.8306705645191237E-002   1.7923414746642490E-002
  -3.8131151372849344E-002   1.9898535136487396E-003
  -3.7645579997220201E-002  -1.3781449016536326E-002
  -3.6835500762275666E-002  -2.9274780668224865E-002
  -3.5678166166501900E-002  -4.4368321796412230E-002
  -3.4142677337746702E-002  -5.8930844680765843E-002
  -3.2190457599269549E-002  -7.2818365828859644E-002
  -2.9776304354989395E-002  -8.5870889365212560E-002
  -2.6850217016459080E-002  -9.7909427461342610E-002
  -2.3360181406833228E-002 -0.10873351816010274     
  -1.9256080997573373E-002 -0.11811948194013704     
  -1.4494910288261177E-002 -0.12581968640661423     
  -9.0474938134220174E-003 -0.13156316028246484     
  -2.9069575211380493E-003 -0.13505806865883010     
   3.9007743295810331E-003 -0.13599691029192876     
   1.1304245993147399E-002 -0.13406591666159318     
   1.9171588609598403E-002 -0.12896107935649770     
   2.7294367861494730E-002 -0.12041441966702247     
   3.5372700005457475E-002 -0.10823508840737076     
   4.3007148296715945E-002  -9.2369388662233542E-002
   4.9707121491555276E-002  -7.2979215310890605E-002
   5.4928703224717379E-002  -5.0526260631646350E-002
   5.8151203300791723E-002  -2.5829926685766742E-002
   5.8985137861314686E-002  -5.2115707243649914E-005
   5.7278609983259142E-002   2.5425285042114488E-002
   5.3173901949123283E-002   4.9213882411389485E-002
   4.7082382538568730E-002   7.0147861293205549E-002
   3.9588270803517185E-002   8.7438879928182611E-002
   3.1326684258764996E-002  0.10071387514766293     
   2.2882131002432814E-002  0.10995733065989043     
   1.4728760503502773E-002  0.11541019765224059     
   7.2098883007840325E-003  0.11746887471225347     
   5.4430395516812384E-004  0.11660544283008772     
  -5.1535412301517034E-003  0.11331333528134102     
  -9.8491775300454942E-003  0.10807403828163133     
  -1.3565154871446978E-002  0.10133822775608287     
  -1.6361765069684737E-002   9.3515934691301789E-002
  -1.8322027609471249E-002   8.4972138746758324E-002
  -1.9540706253138952E-002   7.6025543387337260E-002
  -2.0116708081334447E-002   6.6949190691542149E-002
  -2.0148097713732917E-002   5.7972117031348393E-002
  -1.9728958047449181E-002   4.9281566899124114E-002
  -1.8947345975702443E-002   4.1025537283433319E-002
  -1.7883678271739867E-002   3.3315679690937759E-002
  -1.6609086883453136E-002   2.6230829861717393E-002
  -1.5183667115601695E-002   1.9821593276131030E-002
  -1.3655133200538804E-002   1.4116304071912411E-002
  -1.2058981029215743E-002   9.1280947713504122E-003
  -1.0421354618448245E-002   4.8618064927409173E-003
  -8.7649698102176769E-003   1.3185297002204139E-003
  -7.1167265156632780E-003  -1.5044867593896703E-003
  -5.5138884455946911E-003  -3.6193872337429100E-003
  -4.0052485332009316E-003  -5.0568938526881647E-003
  -2.6454205511855628E-003  -5.8747439793267603E-003
  -1.4838173329602986E-003  -6.1603488220555004E-003
  -5.5299913206430630E-004  -6.0248789968203077E-003
   1.3836638006055853E-004  -5.5901493539077174E-003
   6.0528456551523153E-004  -4.9731397850335231E-003
   8.8016901024986778E-004  -4.2734818065092916E-003
   1.0041199108142618E-003  -3.5668642296790348E-003
   1.0190949568806146E-003  -2.9042393881721445E-003
   9.6259921292570925E-004  -2.3149284489662131E-003
   8.6500082074605726E-004  -1.8115181162114554E-003
   7.4889033141150251E-004  -1.3949972306107269E-003
   6.2974696837886997E-004  -1.0592261204602764E-003
   5.1723459204902308E-004  -7.9436202396501320E-004
   4.1663556086959800E-004  -5.8923504812400686E-004
   3.3015809143103938E-004  -4.3285100429116393E-004
   2.5801318277063871E-004  -3.1523565878299124E-004
   1.9923496033108346E-004  -2.2781670683482474E-004
   1.5226086980844254E-004  -1.6350899994014764E-004
   1.1531497842563813E-004  -1.1662943081138453E-004
   8.6643808238960450E-005  -8.2727161039460788E-005
   6.4646834958533104E-005  -5.8383416256487680E-005
   4.7935494867508694E-005  -4.1013805122651351E-005
   3.5347533103584442E-005  -2.8690754906430615E-005
   2.5936009948707247E-005  -1.9992946827814907E-005
   1.8945508785113709E-005  -1.3882563317938235E-005
   1.3783458842618877E-005  -9.6081972609554205E-006
   9.9913935672220944E-006  -6.6298491493721413E-006
   7.2186854099623234E-006  -4.5620074248423391E-006
   5.1998068736525521E-006  -3.1310682119147938E-006
   3.7353650562986254E-006  -2.1438782697914606E-006
   2.6767252971354455E-006  -1.4647371344124038E-006
   1.9138050234437990E-006  -9.9872736125194964E-007
   1.3655393800740114E-006  -6.7972406203028044E-007
   9.7253453603720606E-007  -4.6183062317142294E-007
   6.9147186463101400E-007  -3.1329873484440571E-007
   4.9088594052683116E-007  -2.1223525901559089E-007
   3.4800479970232254E-007  -1.4358607015467890E-007
   2.4640234846147533E-007  -9.7026807915749329E-008
   1.7426521567539863E-007  -6.5493878107845437E-008
   1.2312022520681310E-007  -4.4165207270342909E-008
   8.6904666570868194E-008  -2.9755539107106926E-008
   6.1290036720916015E-008  -2.0030750595176189E-008
   4.3192073743793012E-008  -1.3474075797602873E-008
   3.0417002579830747E-008  -9.0573341150407478E-009
   2.1406934643613624E-008  -6.0845100824017843E-009
   1.5057149298647302E-008  -4.0850361879881768E-009
   1.0585293912602647E-008  -2.7411303748368719E-009
   7.4379636194442792E-009  -1.8384113186937873E-009
   5.2241156898617450E-009  -1.2323895843434631E-009
   3.6676975602924046E-009  -8.2576475915287302E-010
   2.5739999036659631E-009  -5.5306467449607536E-010
   1.8057937303169058E-009  -3.7026503029157552E-010
   1.2664290254501859E-009  -2.4778236911108044E-010
   8.8787832752324944E-010  -1.6574887771612630E-010
   6.2228756004121564E-010  -1.1082882944521008E-010
   4.3601107119335376E-010  -7.4075444388018533E-011
   3.0540412149216289E-010  -4.9489215035114652E-011
   2.1385733170499473E-010  -3.3048753910362162E-011
   1.4970795442653329E-010  -2.2059686806981346E-011
   1.0476964406133315E-010  -1.4717461627365413E-011
   7.3298166444609718E-011  -9.8139418711588620E-012
   5.1264159570234044E-011  -6.5405885451571577E-012
   3.5842027777389693E-011  -4.3564910531048712E-012
   2.5050886447312638E-011  -2.8999159666788204E-012
   1.7502420249831569E-011  -1.9290459333080270E-012
   1.2223882535136217E-011  -1.2822900274715733E-012
   8.5338835121778915E-012  -8.5171127940068855E-013
   5.9552499663248012E-012  -5.6524237521795086E-013
   4.1539098442528912E-012  -3.7478714419435243E-013
   2.8960408935400324E-012  -2.4826265822247085E-013
   2.0180330618659416E-012  -1.6427874916335764E-013
   1.4054383103746985E-012  -1.0858214561484723E-013
   9.7822242416921080E-013  -7.1680872600159379E-014
   6.8043468165909073E-013  -4.7257799805435085E-014
   4.7297379622860462E-013  -3.1111645177570671E-014
   3.2852337106043674E-013  -2.0450391834731541E-014
   2.2800713891924293E-013  -1.3420073998596880E-014
   1.5810858614144835E-013  -8.7906952433306835E-015
   1.0953583988845481E-013  -5.7470014294172064E-015
   7.5808246637208449E-014  -3.7491897142789809E-015
   5.2408046111127826E-014  -2.4402393437459558E-015
   3.6187482227141366E-014  -1.5843046103360436E-015
   2.4954579407547473E-014  -1.0257906004440363E-015
   1.7183849726161720E-014  -6.6219146494762560E-016
   1.1814330227766364E-014  -4.2607979919088913E-016
   8.1086464234997313E-015  -2.7317609957767148E-016
   5.5547058449793932E-015  -1.7445443842065996E-016
   3.7971598584484017E-015  -1.1092507955430683E-016
   2.5896441372371319E-015  -7.0190740407069067E-017
   1.7615167237138868E-015  -4.4176730442025156E-017
   1.1947066443148012E-015  -2.7637094407051520E-017
   8.0761010745880726E-016  -1.7173085284622805E-017
   5.4389663525957570E-016  -1.0589414344698642E-017
   3.6473391698459477E-016  -6.4728601440172671E-018
   2.4339161270714699E-016  -3.9170164835328973E-018
   1.6149947572698749E-016  -2.3429146385620101E-018
   1.0645506112348376E-016  -1.3824216545709249E-018
   6.9629658696745279E-017  -8.0265583546872003E-019
   4.5128005769973820E-017  -4.5714050405757571E-019
   2.8931828046559449E-017  -2.5434387102982072E-019
   1.8309124672262356E-017  -1.3749265484726350E-019
   1.1407209676352041E-017  -7.1674144507410344E-020
   6.9726101188581494E-018  -3.5634470871091897E-020
   4.1583055136808496E-018  -1.6591788477314192E-020
   2.3911461494121581E-018  -6.9848169887191281E-021
   1.2801478945776032E-018  -2.4429174834931706E-021
   5.5000796504910227E-019  -5.1084530847078291E-022
   0.0000000000000000        0.0000000000000000     
