 Initial conditions outputted from a previous simulation. Time =    64.200000000000003     
   40.000000000000000        0.0000000000000000              500           1   64.200000000000003     
   4.0184711835809080E-002 -0.11224084890429496     
   4.7715778239158388E-002  -9.5006906247705289E-002
   5.4241157767078739E-002  -7.4185159027330347E-002
   5.9144747344193851E-002  -5.0308458828523750E-002
   6.1994588555263921E-002  -2.4340676545702839E-002
   6.2446405666897853E-002   2.5718559934776401E-003
   6.0462434617943567E-002   2.9051071118088238E-002
   5.6254005288066150E-002   5.3818391962718773E-002
   5.0236621111792390E-002   7.5839595380506636E-002
   4.2935755605909766E-002   9.4419993442477965E-002
   3.4885189958681034E-002  0.10921033965581703     
   2.6557159694366176E-002  0.12014291130964019     
   1.8327297104179997E-002  0.12734753418053185     
   1.0466652509966833E-002  0.13107541045547266     
   3.1500999972029283E-003  0.13164096247159113     
  -3.5286083528726885E-003  0.12938330137962131     
  -9.5415175790931391E-003  0.12464463344236588     
  -1.4913974142880643E-002  0.11776274664449259     
  -1.9713596917669739E-002  0.10907619143846309     
  -2.4033476266673133E-002   9.8938368860609055E-002
  -2.7961742723973615E-002   8.7728073515046551E-002
  -3.1541466301101287E-002   7.5837934876260948E-002
  -3.4741867689054316E-002   6.3632649029547905E-002
  -3.7464091690311813E-002   5.1393529956293919E-002
  -3.9584119446447581E-002   3.9281480482771129E-002
  -4.1009233707197668E-002   2.7340034157518765E-002
  -4.1716862622612344E-002   1.5534195640724906E-002
  -4.1759798470881154E-002   3.8027331704103516E-003
  -4.1243384967372426E-002  -7.8983294182671891E-003
  -4.0291896101993914E-002  -1.9571930268421040E-002
  -3.9019880956983839E-002  -3.1175505167785403E-002
  -3.7515569647283795E-002  -4.2629566186170753E-002
  -3.5834499962680351E-002  -5.3831451585515097E-002
  -3.3998020937041892E-002  -6.4666985229977408E-002
  -3.1993760180879557E-002  -7.5015860823956670E-002
  -2.9777408046126351E-002  -8.4750803227207572E-002
  -2.7275627993073329E-002  -9.3732029863978369E-002
  -2.4394063896742705E-002 -0.10179879462875623     
  -2.1036005616839843E-002 -0.10876323726073003     
  -1.7123985789066775E-002 -0.11441112366308510     
  -1.2606597065734323E-002 -0.11850468368609970     
  -7.4507945085864492E-003 -0.12078321336231208     
  -1.6386484296892635E-003 -0.12096566257859465     
   4.8238781067448319E-003 -0.11875425981829209     
   1.1894436613055078E-002 -0.11383890715011670     
   1.9481351508724862E-002 -0.10590693242575468     
   2.7425849630975323E-002  -9.4662200888306902E-002
   3.5479367783701768E-002  -7.9858246525532278E-002
   4.3284103147042563E-002  -6.1353768384889151E-002
   5.0371448264715089E-002  -3.9195401294408169E-002
   5.6196845791324106E-002  -1.3715193755449785E-002
   6.0222395477877028E-002   1.4396123253134531E-002
   6.2032928594759527E-002   4.4094296072221831E-002
   6.1440754592924245E-002   7.4097512339653990E-002
   5.8528779832139437E-002  0.10308594979243559     
   5.3614254903136468E-002  0.12990513523502514     
   4.7160214589072706E-002  0.15369727121045829     
   3.9679868488856983E-002  0.17393774075906779     
   3.1663506775922765E-002  0.19040226968128326     
   2.3533727891355535E-002  0.20310190733728453     
   1.5623628665836487E-002  0.21221182229900082     
   8.1717684629064730E-003  0.21800758936277462     
   1.3288090494489510E-003  0.22081469702371548     
  -4.8284943582400193E-003  0.22097219535059445     
  -1.0279782097396290E-002  0.21880910197274167     
  -1.5043596046102468E-002  0.21463109856864102     
  -1.9162373899077417E-002  0.20871451979352493     
  -2.2690743288047637E-002  0.20130502096290953     
  -2.5686985679970645E-002  0.19261915552030243     
  -2.8207362337625223E-002  0.18284762426860884     
  -3.0302842750389830E-002  0.17215922902536784     
  -3.2017624217399510E-002  0.16070483898261592     
  -3.3388837804327991E-002  0.14862092912273989     
  -3.4446854459472015E-002  0.13603247852801548     
  -3.5215639189458733E-002  0.12305528581930068     
  -3.5712782198550980E-002  0.10979799209538275     
  -3.5949104724982771E-002   9.6364180257388257E-002
  -3.5927957589432805E-002   8.2854838993234564E-002
  -3.5644452979899099E-002   6.9371311973970937E-002
  -3.5084886887532252E-002   5.6018673588852839E-002
  -3.4226534270736027E-002   4.2909343464320460E-002
  -3.3037889971376043E-002   3.0166704204562803E-002
  -3.1479350396460444E-002   1.7928510622216016E-002
  -2.9504307951484683E-002   6.3499433699521733E-003
  -2.7060651969231544E-002  -4.3937647427174844E-003
  -2.4092726165317328E-002  -1.4105138942680159E-002
  -2.0543893162518558E-002  -2.2562689488316374E-002
  -1.6360014218190617E-002  -2.9519568678299891E-002
  -1.1494343117430569E-002  -3.4702807019960570E-002
  -5.9144856618126842E-003  -3.7813557358667989E-002
   3.8789273082688120E-004  -3.8529228814635899E-002
   7.3840912625703263E-003  -3.6509058839936041E-002
   1.4992075134565484E-002  -3.1405610362926148E-002
   2.3057780768203594E-002  -2.2885862065516190E-002
   3.1336738837523831E-002  -1.0666595455457700E-002
   3.9481494048023494E-002   5.4314503809355296E-003
   4.7043635262982046E-002   2.5409818421572777E-002
   5.3501343599260107E-002   4.9007716448403460E-002
   5.8320474035879068E-002   7.5630896796991379E-002
   6.1045494193239611E-002  0.10433253102676532     
   6.1397790977152582E-002  0.13388136491226316     
   5.9344537925585077E-002  0.16292018764280489     
   5.5106734317214648E-002  0.19016914063891616     
   4.9102390897207637E-002  0.21460031095324231     
   4.1851637240076678E-002  0.23552808749003387     
   3.3881972323364040E-002  0.25260792520889130     
   2.5660113897642594E-002  0.26577468898107626     
   1.7557222114622927E-002  0.27516001437994336     
   9.8412424798825261E-003  0.28101583804374969     
   2.6861681934188218E-003  0.28365574268487587     
  -3.8108456269632489E-003  0.28341524616973579     
  -9.6106792951531368E-003  0.28062735282608081     
  -1.4715057671221101E-002  0.27560879740998034     
  -1.9152337630732715E-002  0.26865322619762516     
  -2.2966564328946865E-002  0.26002864164291900     
  -2.6209502690120630E-002  0.24997734994213061     
  -2.8935095415677896E-002  0.23871731631453985     
  -3.1195748959418249E-002  0.22644426262070233     
  -3.3039891575101177E-002  0.21333412271849170     
  -3.4510353008738483E-002  0.19954566257325401     
  -3.5643254291080714E-002  0.18522319203608806     
  -3.6467219637875116E-002  0.17049936149977774     
  -3.7002812375765144E-002  0.15549806124113402     
  -3.7262153323302245E-002  0.14033742906113961     
  -3.7248704477887598E-002  0.12513294042764195     
  -3.6957202475876361E-002  0.11000053071305432     
  -3.6373717951507185E-002   9.5059696165337285E-002
  -3.5475812345479744E-002   8.0436536190845301E-002
  -3.4232781217944298E-002   6.6266721703834727E-002
  -3.2606024202653239E-002   5.2698390307159323E-002
  -3.0549655560319570E-002   3.9894970926038456E-002
  -2.8011540840253903E-002   2.8037924288439684E-002
  -2.4935003919979576E-002   1.7329351513450945E-002
  -2.1261512654527529E-002   7.9943699793884864E-003
  -1.6934741180908087E-002   2.8306685359635490E-004
  -1.1906506133787612E-002  -5.5283211681571680E-003
  -6.1451280997327478E-003  -9.1376305254738492E-003
   3.5327815356520672E-004  -1.0219459178472175E-002
   7.5502879256825759E-003  -8.4320443665180690E-003
   1.5347620569037235E-002  -3.4310241651335765E-003
   2.3567800098718745E-002   5.1059881390812132E-003
   3.1936220979801221E-002   1.7439089625453034E-002
   4.0070942852670717E-002   3.3705752473501605E-002
   4.7490271364274521E-002   5.3841101952353726E-002
   5.3649961770934756E-002   7.7491435322302835E-002
   5.8016754192446091E-002  0.10395140918244734     
   6.0169139916121619E-002  0.13216763735892137     
   5.9894832075695736E-002  0.16083935251054748     
   5.7243933545069112E-002  0.18860330596886860     
   5.2512229462895466E-002  0.21424030535802505     
   4.6163932040112932E-002  0.23682705898854067     
   3.8730716958227385E-002  0.25579266094342257     
   3.0724394132522148E-002  0.27089087429731701     
   2.2581370829076804E-002  0.28212715766089469     
   1.4638551714501277E-002  0.28967649158475428     
   7.1321333948969742E-003  0.29381266645222115     
   2.0976527540434757E-004  0.29485621648651283     
  -6.0516708062982004E-003  0.29314013543728107     
  -1.1627660552144956E-002  0.28898927836768806     
  -1.6529592798943976E-002  0.28270921596047249     
  -2.0791313333243189E-002  0.27458121539155783     
  -2.4458923491311374E-002  0.26486094950167055     
  -2.7583504262064292E-002  0.25377932663106190     
  -3.0216208085789419E-002  0.24154442593411371     
  -3.2405118492591277E-002  0.22834391659310593     
  -3.4193315097996807E-002  0.21434762254512663     
  -3.5617687977240568E-002  0.19971010242178447     
  -3.6708187172079396E-002  0.18457324187539687     
  -3.7487317897166528E-002  0.16906891244048056     
  -3.7969788853103099E-002  0.15332175076204280     
  -3.8162290130528839E-002  0.13745207003956103     
  -3.8063414840359210E-002  0.12157886029557488     
  -3.7663747906010826E-002  0.10582279330064351     
  -3.6946131687689142E-002   9.0309135448983058E-002
  -3.5886092548293884E-002   7.5170489363071052E-002
  -3.4452397975296721E-002   6.0549326536637069E-002
  -3.2607729951049109E-002   4.6600326669957420E-002
  -3.0309510359782462E-002   3.3492587304673561E-002
  -2.7510996064186798E-002   2.1411788498338413E-002
  -2.4162879066450427E-002   1.0562366816054108E-002
  -2.0215778060454954E-002   1.1696464760634555E-003
  -1.5624154358764381E-002  -6.5183225430381084E-003
  -1.0352256034563419E-002  -1.2229756457073653E-002
  -4.3826240870768031E-003  -1.5669854243305314E-002
   2.2725392690268308E-003  -1.6524556009822038E-002
   9.5572379392981164E-003  -1.4469185427868887E-002
   1.7355488761517834E-002  -9.1844990173700469E-003
   2.5474736366180077E-002  -3.8343310829032996E-004
   3.3632136583760401E-002   1.2147760392107959E-002
   4.1449399272940259E-002   2.8491486936629049E-002
   4.8464643141876963E-002   4.8526332460835257E-002
   5.4170507552977760E-002   7.1853238496798061E-002
   5.8082518826926964E-002   9.7747808867979707E-002
   5.9828072206591545E-002  0.12517424046890757     
   5.9229577616766643E-002  0.15288349603767015     
   5.6348537462118875E-002  0.17958152908901079     
   5.1470648806072883E-002  0.20411405693991366     
   4.5039100174825930E-002  0.22560432295185412     
   3.7564561828008922E-002  0.24350818552049844     
   2.9542743311591173E-002  0.25759230302573999     
   2.1398161607733817E-002  0.26786673323789156     
   1.3458219484035402E-002  0.27450540390468253     
   5.9518758856827508E-003  0.27777674556912046     
  -9.7698002712596544E-004  0.27799342742374122     
  -7.2507525366746249E-003  0.27548056776625363     
  -1.2839955043014033E-002  0.27055764838907354     
  -1.7748269587941821E-002  0.26352909884091436     
  -2.2001373882964914E-002  0.25467971843318410     
  -2.5638925377122319E-002  0.24427250690444774     
  -2.8708682681929418E-002  0.23254769527999622     
  -3.1261904644143503E-002  0.21972258772878919     
  -3.3349541487227553E-002  0.20599220969415596     
  -3.5019045311350847E-002  0.19153084800932546     
  -3.6311825308342996E-002  0.17649449454539881     
  -3.7261449685173149E-002  0.16102405926784888     
  -3.7892657250785673E-002  0.14524908721800309     
  -3.8221143419222177E-002  0.12929164547094429     
  -3.8253987913729921E-002  0.11327004419720574     
  -3.7990520381298340E-002   9.7302108236109908E-002
  -3.7423373346898589E-002   8.1507813294158016E-002
  -3.6539439337881140E-002   6.6011242313020302E-002
  -3.5320444728496471E-002   5.0941999014713565E-002
  -3.3742924258353783E-002   3.6436409677406127E-002
  -3.1777565260799903E-002   2.2638988025119010E-002
  -2.9388174290228327E-002   9.7046554074718978E-003
  -2.6530839270295876E-002  -2.1979510488183886E-003
  -2.3154138816535795E-002  -1.2882087087458784E-002
  -1.9201398861730015E-002  -2.2137898035266970E-002
  -1.4615921678771017E-002  -2.9727777620018273E-002
  -9.3497581048630728E-003  -3.5383488632291363E-002
  -3.3759910313994573E-003  -3.8806715418039608E-002
   3.2962535871584463E-003  -3.9674834084081387E-002
   1.0605645368393861E-002  -3.7653687441588465E-002
   1.8423618817741669E-002  -3.2419002724848711E-002
   2.6543103060576809E-002  -2.3687638762527743E-002
   3.4673272991124153E-002  -1.1259017458729807E-002
   4.2441613672089040E-002   4.9338278222048797E-003
   4.9404552924068437E-002   2.4764948401052242E-002
   5.5071243915446114E-002   4.7851817303493541E-002
   5.8950845354263225E-002   7.3500591693665615E-002
   6.0632689178737514E-002  0.10069162798165179     
   5.9889382540365785E-002  0.12814820443506209     
   5.6760966462767945E-002  0.15450738725619745     
   5.1566065305645434E-002  0.17854758804513274     
   4.4820740885829859E-002  0.19937439114738256     
   3.7105465480851967E-002  0.21648664709353857     
   2.8948146607842003E-002  0.22972520308674732     
   2.0763751153204349E-002  0.23916714076065648     
   1.2846204404342429E-002  0.24502532322898182     
   5.3879605607127521E-003  0.24757799678201597     
  -1.4928551252067232E-003  0.24712824561072910     
  -7.7285860476011903E-003  0.24398468305165383     
  -1.3285909682541404E-002  0.23845364703631697     
  -1.8156984947557204E-002  0.23083542406165225     
  -2.2354949271167556E-002  0.22142069143273913     
  -2.5911054186586364E-002  0.21048604049321948     
  -2.8871682793129769E-002  0.19828878554622370     
  -3.1294259632423119E-002  0.18506198457460099     
  -3.3241872883969563E-002  0.17101084874950875     
  -3.4777109115576015E-002  0.15631152466308165     
  -3.5955947854761722E-002  0.14111279228736179     
  -3.6822678845021273E-002  0.12554064449033950     
  -3.7406696160191190E-002  0.10970508258389729     
  -3.7721636557534619E-002   9.3707958336442146E-002
  -3.7766778227624483E-002   7.7650499956606223E-002
  -3.7530101059598642E-002   6.1639341006336695E-002
  -3.6992085047790085E-002   4.5790351534027440E-002
  -3.6129259784103529E-002   3.0230181610075454E-002
  -3.4916694392685285E-002   1.5095986424085698E-002
  -3.3328958320425782E-002   5.3418505488367373E-004
  -3.1339509004370783E-002  -1.3300737741766943E-002
  -2.8918895697253373E-002  -2.6246449297441868E-002
  -2.6032533787705314E-002  -3.8131346039479909E-002
  -2.2639049624986730E-002  -4.8771259159637648E-002
  -1.8690308125292248E-002  -5.7964567217008753E-002
  -1.4134209989489646E-002  -6.5486510191409192E-002
  -8.9211644557624821E-003  -7.1083968545592388E-002
  -3.0148004956188279E-003  -7.4472368249499585E-002
   3.5929980700200167E-003  -7.5336740245318876E-002
   1.0863256428363289E-002  -7.3339431180561993E-002
   1.8688659370750663E-002  -6.8137652657877759E-002
   2.6872654403864233E-002  -5.9414807325928853E-002
   3.5113753155377465E-002  -4.6929540803220184E-002
   4.3002401308218960E-002  -3.0584083295043869E-002
   5.0039571570561048E-002  -1.0506539185230892E-002
   5.5684872310761108E-002   1.2870461098954003E-002
   5.9434600574275444E-002   3.8766031885052850E-002
   6.0916334985219374E-002   6.6077870108476669E-002
   5.9971985027813243E-002   9.3497862308475954E-002
   5.6696928991778500E-002  0.11969564655803452     
   5.1417158996529974E-002  0.14351123538616939     
   4.4613593904185289E-002  0.16409100688170314     
   3.6824810801791757E-002  0.18093319447300413     
   2.8561887043369680E-002  0.19385384352500248     
   2.0254300265916229E-002  0.20291023992185367     
   1.2228093162645930E-002  0.20831756739629836     
   4.7074273264738108E-003  0.21037934825104460     
  -2.1710809435615615E-003  0.20943782732173399     
  -8.3394327891326021E-003  0.20584234985623370     
  -1.3779696262152764E-002  0.19993101563637583     
  -1.8508179504424408E-002  0.19202102693777243     
  -2.2562994402955693E-002  0.18240429310275619     
  -2.5994804104923930E-002  0.17134602670651822     
  -2.8860182956539131E-002  0.15908496146325329     
  -3.1216928434973371E-002  0.14583443823286268     
  -3.3120728031995068E-002  0.13178400816120053     
  -3.4622727618090036E-002  0.11710144071767323     
  -3.5767710754170970E-002  0.10193513458512046     
  -3.6592737030764926E-002   8.6416948312143485E-002
  -3.7126180567704489E-002   7.0665429647368855E-002
  -3.7387150930916310E-002   5.4789357222682911E-002
  -3.7385277771526025E-002   3.8891446835896799E-002
  -3.7120818188272842E-002   2.3072045589843347E-002
  -3.6585015104023219E-002   7.4326572279064928E-003
  -3.5760601308801654E-002  -7.9207902499335171E-003
  -3.4622324552276658E-002  -2.2874928934729890E-002
  -3.3137394620083367E-002  -3.7306092706260154E-002
  -3.1265842027035994E-002  -5.1077470203546589E-002
  -2.8960915106676227E-002  -6.4036129309532105E-002
  -2.6169791064087112E-002  -7.6009841577516418E-002
  -2.2835009589347522E-002  -8.6803753044719503E-002
  -1.8897149847916291E-002  -9.6197100106585734E-002
  -1.4299357465839324E-002 -0.10394035677086447     
  -8.9943549200447049E-003 -0.10975344611511806     
  -2.9544883428621574E-003 -0.11332598779766581     
   3.8148566108687585E-003 -0.11432103490682645     
   1.1258539745517170E-002 -0.11238446639717767     
   1.9252452862990131E-002 -0.10716321308328637     
   2.7583949399411948E-002  -9.8336610038981268E-002
   3.5936276422981958E-002  -8.5665572601748161E-002
   4.3884414902536674E-002  -6.9062255839157080E-002
   5.0912684962694750E-002  -4.8675801720534415E-002
   5.6464521272282624E-002  -2.4975866619572254E-002
   6.0027238148167177E-002   1.2016003233409956E-003
   6.1236945847535952E-002   2.8688651356844029E-002
   5.9968509155828187E-002   5.6120498428073311E-002
   5.6370188211577993E-002   8.2142505099710092E-002
   5.0824339796465869E-002  0.10561470949592237     
   4.3852689835176172E-002  0.12573955914640783     
   3.6008700932128795E-002  0.14208572507918604     
   2.7794182875661787E-002  0.15453336618667768     
   1.9614027971403190E-002  0.16318644277454236     
   1.1763730746652670E-002  0.16828726434257907     
   4.4377211401086074E-003  0.17014971004767762     
  -2.2524089293249855E-003  0.16911398933412042     
  -8.2574227365352255E-003  0.16551914541528362     
  -1.3571819532775921E-002  0.15968787902759404     
  -1.8218555099087097E-002  0.15191919431071715     
  -2.2237255362112407E-002  0.14248575566938124     
  -2.5675537598221783E-002  0.13163395939545272     
  -2.8582822377648739E-002  0.11958555331313879     
  -3.1006019684434432E-002  0.10654017304682761     
  -3.2986613845307246E-002   9.2678449888196068E-002
  -3.4558825819458891E-002   7.8165480872692206E-002
  -3.5748651477514028E-002   6.3154487989397975E-002
  -3.6573642593793726E-002   4.7790475310763289E-002
  -3.7043303813084988E-002   3.2213674848617348E-002
  -3.7159947945462728E-002   1.6562582139046662E-002
  -3.6919825299280631E-002   9.7642758910170522E-004
  -3.6314349149022672E-002  -1.4402992514700301E-002
  -3.5331277847713269E-002  -2.9430108550807216E-002
  -3.3955763585076078E-002  -4.3954892210049161E-002
  -3.2171229627476532E-002  -5.7822523459453941E-002
  -2.9960104203387676E-002  -7.0873190646019560E-002
  -2.7304521937249134E-002  -8.2941792364657013E-002
  -2.4187183492586493E-002  -9.3857351680486312E-002
  -2.0592646250249504E-002 -0.10344203989904176     
  -1.6509456637508094E-002 -0.11150983987488039     
  -1.1933751033782029E-002 -0.11786512278818632     
  -6.8751600288905037E-003 -0.12230185036116341     
  -1.3659263962701197E-003 -0.12460476666933251     
   4.5259106068774937E-003 -0.12455483060519271     
   1.0678538221906566E-002 -0.12194248545709416     
   1.6893615701180909E-002 -0.11659460832936488     
   2.2872462626913833E-002 -0.10842370291283029     
   2.8204913111220052E-002  -9.7506573987049372E-002
   3.2398109592600227E-002  -8.4183791126831720E-002
   3.4971875161336929E-002  -6.9135145130816297E-002
   3.5610283170866314E-002  -5.3355125988443559E-002
   3.4297795304165359E-002  -3.7981134451066392E-002
   3.1346264765742655E-002  -2.4029686681575565E-002
   2.7284739236831574E-002  -1.2182145616812278E-002
   2.2685834648560683E-002  -2.7252853678792085E-003
   1.8032760143981405E-002   4.3718588427421887E-003
   1.3668578111497890E-002   9.3363836602574288E-003
   9.8016225077615128E-003   1.2490105559957840E-002
   6.5311647417920140E-003   1.4181587823466981E-002
   3.8774377540699454E-003   1.4745140123243853E-002
   1.8097322354047748E-003   1.4479821887991897E-002
   2.6797541786060581E-004   1.3641121738633516E-002
  -8.2247694618165000E-004   1.2439112734607721E-002
  -1.5405069779870896E-003   1.1040133110299886E-002
  -1.9621933992895121E-003   9.5707556457470897E-003
  -2.1566247756671371E-003   8.1229868001346482E-003
  -2.1837676200914184E-003   6.7599049968278691E-003
  -2.0937454741365665E-003   5.5212761011183198E-003
  -1.9271916344074673E-003   4.4287470665596651E-003
  -1.7162503250755861E-003   3.4902933613566930E-003
  -1.4857558929447221E-003   2.7038278108793830E-003
  -1.2543028358270800E-003   2.0600921389576014E-003
  -1.0351192507635741E-003   1.5450316147514614E-003
  -8.3679419544649186E-004   1.1418205175490125E-003
  -6.6397991938987378E-004   8.3260851594517578E-004
  -5.1815989681708340E-004   5.9995648843263300E-004
  -3.9848032264198696E-004   4.2789115075969755E-004
  -3.0256993471387925E-004   3.0254358063345679E-004
  -2.2725831836862745E-004   2.1240412648057362E-004
  -1.6913203963942169E-004   1.4827967664497404E-004
  -1.2491185031001618E-004   1.0306002912936729E-004
  -9.1669850500807930E-005   7.1391377300534438E-005
  -6.6923657868097803E-005   4.9330089774114246E-005
  -4.8647795186208801E-005   3.4022219900427790E-005
  -3.5237008379350478E-005   2.3430998689992820E-005
  -2.5447237723577875E-005   1.6118349807686788E-005
  -1.8330889397937675E-005   1.1076999122726336E-005
  -1.3175785023207340E-005   7.6054691116507455E-006
  -9.4521799089025495E-006   5.2171861652795297E-006
  -6.7691652565941501E-006   3.5755412412957499E-006
  -4.8400669974105586E-006   2.4480728632820186E-006
  -3.4556728420431078E-006   1.6744238045568149E-006
  -2.4638921712687664E-006   1.1440624672537553E-006
  -1.7545092058087840E-006   7.8085024043293318E-007
  -1.2478659492813267E-006   5.3237324951990546E-007
  -8.8652260727802137E-007   3.6257540055449498E-007
  -6.2914560758874824E-007   2.4667373360220492E-007
  -4.4604722758189136E-007   1.6764994942604179E-007
  -3.1594157447153483E-007   1.1383005362065912E-007
  -2.2359184702632918E-007   7.7215227619549342E-008
  -1.5810817779373621E-007   5.2331408368319424E-008
  -1.1171889011031713E-007   3.5436993084544393E-008
  -7.8885318656820486E-008   2.3977708133050183E-008
  -5.5665355047173429E-008   1.6211960248683987E-008
  -3.9256666149314198E-008   1.0953678818666787E-008
  -2.7669435706595650E-008   7.3960391741481746E-009
  -1.9492290469721823E-008   4.9907934854792399E-009
  -1.3725139635196886E-008   3.3657811816972466E-009
  -9.6599765130381210E-009   2.2686153559831964E-009
  -6.7959993415776941E-009   1.5282891074145828E-009
  -4.7792487309216797E-009   1.0290320592614636E-009
  -3.3597322371155794E-009   6.9252947196405693E-010
  -2.3610041979283664E-009   4.6584239537718519E-010
  -1.6586049562199658E-009   3.1320943079225890E-010
  -1.1647939010484538E-009   2.1048817218500920E-010
  -8.1774858885621251E-010   1.4138975453481524E-010
  -5.7392963362472603E-010   9.4930178251905695E-011
  -4.0268746092507955E-010   6.3706529876842855E-011
  -2.8245524067506801E-010   4.2731936467394887E-011
  -1.9806316774111845E-010   2.8648663398396510E-011
  -1.3884488583582641E-010   1.9196942375194768E-011
  -9.7303115081239293E-011   1.2856624562524986E-011
  -6.8169795372879721E-011   8.6055558851130156E-012
  -4.7744399365429648E-011   5.7567369445762509E-012
  -3.3428277259847392E-011   3.8486311585140511E-012
  -2.3397082451526580E-011   2.5713081537662555E-012
  -1.6370415278875082E-011   1.7167372896473848E-012
  -1.1449886630480380E-011   1.1453488917160981E-012
  -8.0053155155182915E-012   7.6354866130245255E-013
  -5.5947772733056742E-012   5.0860377379925165E-013
  -3.9084496373714604E-012   3.3848818182387222E-013
  -2.7291840606243169E-012   2.2506278354916565E-013
  -1.9048281631545485E-012   1.4949723692706077E-013
  -1.3288021544574330E-012   9.9197957609007389E-014
  -9.2647126397934680E-013   6.5747717825925704E-014
  -6.4558710658943508E-013   4.3524382478838292E-014
  -4.4958480390684015E-013   2.8775386138793963E-014
  -3.1288389358453434E-013   1.8997902327766134E-014
  -2.1759487713308526E-013   1.2523963443330408E-014
  -1.5121156303200687E-013   8.2429227154725685E-015
  -1.0499458821996525E-013   5.4159053252304595E-015
  -7.2839426661001103E-014   3.5518391611352417E-015
  -5.0483914044701635E-014   2.3246850560549224E-015
  -3.4953632556280181E-014   1.5182147603758674E-015
  -2.4173890479887852E-014   9.8919678825234371E-016
  -1.6698349332453985E-014   6.4287439576423349E-016
  -1.1519301336188758E-014   4.1664589366450215E-016
  -7.9350819177841442E-015   2.6921402966073238E-016
  -5.4574492158517431E-015   1.7337898399363297E-016
  -3.7469113809880212E-015   1.1125668564417335E-016
  -2.5675896698716587E-015   7.1109990175368611E-017
  -1.7557318454630891E-015   4.5251344298546301E-017
  -1.1977594768133446E-015   2.8656510510300173E-017
  -8.1497109095108454E-016   1.8049617120078542E-017
  -5.5288971346564784E-016   1.1300235512881648E-017
  -3.7384955825293823E-016   7.0267482042892635E-018
  -2.5184056763372475E-016   4.3359044625699085E-018
  -1.6892586299421544E-016   2.6521426811667074E-018
  -1.1275425724521859E-016   1.6059816766555077E-018
  -7.4834632388117982E-017   9.6120982412714709E-019
  -4.9339979127025631E-017   5.6750696120331119E-019
  -3.2279373843466908E-017   3.2970205497358285E-019
  -2.0925326203454482E-017   1.8788691774661365E-019
  -1.3418198370224238E-017   1.0459615827452835E-019
  -8.4932687109665819E-018   5.6573704347403054E-020
  -5.2926338217228899E-018   2.9507410258533886E-020
  -3.2357003262604917E-018   1.4677923649218668E-020
  -1.9300299179894392E-018   6.8376193713094585E-021
  -1.1099966442661958E-018   2.8798711161051761E-021
  -5.9434220527873521E-019   1.0076641374173611E-021
  -2.5539035519191215E-019   2.1081211214246595E-022
  -0.0000000000000000        0.0000000000000000     
