 Initial conditions outputted from a previous simulation. Time =    35.600000000000001     
   40.000000000000000        0.0000000000000000              500           1   35.600000000000001     
   2.9371262633722307E-003  0.14947051209278919     
  -3.6751667096867431E-003  0.14708676688323755     
  -9.5764782529034580E-003  0.14223806049142326     
  -1.4769127467353078E-002  0.13523608946577564     
  -1.9281584409394772E-002  0.12637830279600837     
  -2.3154557978905952E-002  0.11593260364407430     
  -2.6441820949801013E-002  0.10413951631174689     
  -2.9197060706697447E-002   9.1215084448320757E-002
  -3.1472680455557241E-002   7.7351782082035733E-002
  -3.3317322749179770E-002   6.2721166817558696E-002
  -3.4773999916012113E-002   4.7476894469270704E-002
  -3.5879671777356417E-002   3.1757744629580170E-002
  -3.6665458348613109E-002   1.5690976154407711E-002
  -3.7157461113593623E-002  -6.0384804515343138E-004
  -3.7378516733247005E-002  -1.7010143220980118E-002
  -3.7350923964032841E-002  -3.3407766017693449E-002
  -3.7099630601126962E-002  -4.9663359617522759E-002
  -3.6653836614057564E-002  -6.5616617955046044E-002
  -3.6042578936535688E-002  -8.1064042853979945E-002
  -3.5279525497828104E-002  -9.5747165610169230E-002
  -3.4337731992707898E-002 -0.10935690593238750     
  -3.3125251190091860E-002 -0.12156269775000099     
  -3.1478877819772988E-002 -0.13206160998272415     
  -2.9188167016991146E-002 -0.14062701355536833     
  -2.6046389109622658E-002 -0.14713129123057875     
  -2.1908419105542965E-002 -0.15152821657852117     
  -1.6728632177240424E-002 -0.15380170162007117     
  -1.0561922555850665E-002 -0.15390555961389790     
  -3.5340836651092046E-003 -0.15172196566641302     
   4.1934334056538559E-003 -0.14705266930997354     
   1.2440857833442884E-002 -0.13963859729531669     
   2.1004039287365561E-002 -0.12919549299098201     
   2.9635668088347594E-002 -0.11545829478516144     
   3.8027061146381255E-002  -9.8234876212752453E-002
   4.5798676309187068E-002  -7.7472612901444929E-002
   5.2509231254612321E-002  -5.3337376365809250E-002
   5.7701025290579348E-002  -2.6288649348044577E-002
   6.0985829400947163E-002   2.8911073702006830E-003
   6.2133703337527546E-002   3.3156581777718824E-002
   6.1109076032188160E-002   6.3343664019124946E-002
   5.8043579784315964E-002   9.2331235197335493E-002
   5.3188743831263992E-002  0.11915061768529424     
   4.6887291663055712E-002  0.14303480860794762     
   3.9556942546186961E-002  0.16345163430449819     
   3.1655725030486297E-002  0.18013214516519516     
   2.3620433132648680E-002  0.19305999380796701     
   1.5808090874200900E-002  0.20241094204140578     
   8.4709847684345165E-003  0.20847610073767489     
   1.7629686887192517E-003  0.21160046923112008     
  -4.2427987611477402E-003  0.21214140348592211     
  -9.5346609372793448E-003  0.21044143321077768     
  -1.4142235557732186E-002  0.20681270595096712     
  -1.8117010290054227E-002  0.20153119684255541     
  -2.1517170451567747E-002  0.19483799346006159     
  -2.4398143242017042E-002  0.18694485194691474     
  -2.6808715255458179E-002  0.17804104885029964     
  -2.8791507732873024E-002  0.16829887195592003     
  -3.0385455477409125E-002  0.15787644911084245     
  -3.1627877387044291E-002  0.14691814767688388     
  -3.2554853518618733E-002  0.13555373952396757     
  -3.3199817132368747E-002  0.12389778174074260     
  -3.3590989167641715E-002  0.11205031354835018     
  -3.3748560446985751E-002  0.10009931383470451     
  -3.3682416980267672E-002   8.8124751201475393E-002
  -3.3390856994830007E-002   7.6203670020967507E-002
  -3.2860390620008305E-002   6.4415619376861924E-002
  -3.2066450179982178E-002   5.2847804997638977E-002
  -3.0974679282539788E-002   4.1599549362682751E-002
  -2.9542426959078220E-002   3.0785903446504548E-002
  -2.7720165078051098E-002   2.0540498803561503E-002
  -2.5452753457415052E-002   1.1017894487989947E-002
  -2.2680737542647079E-002   2.3957083172368226E-003
  -1.9342098419177056E-002  -5.1232789065158669E-003
  -1.5375026296483971E-002  -1.1309054907772098E-002
  -1.0722352027219929E-002  -1.5902597416049706E-002
  -5.3382787132511596E-003  -1.8614918285966953E-002
   8.0197639247521848E-004  -1.9127817573197484E-002
   7.6891341506859397E-003  -1.7097767189378544E-002
   1.5263230539992463E-002  -1.2165176667336906E-002
   2.3394012360613163E-002  -3.9724736689446356E-003
   3.1860455085716430E-002   7.8042742680366093E-003
   4.0334061523750568E-002   2.3404927468484663E-002
   4.8374174521883688E-002   4.2912911402585553E-002
   5.5446951490667633E-002   6.6165662857044130E-002
   6.0979390395194420E-002   9.2668214780396788E-002
   6.4450517390567896E-002  0.12154896528712952     
   6.5501737941713031E-002  0.15160240738674605     
   6.4027168229093462E-002  0.18143730069487049     
   6.0202179502579091E-002  0.20969390698012166     
   5.4434945122743085E-002  0.23524936599038723     
   4.7265103462603188E-002  0.25733733614203352     
   3.9254735667311975E-002  0.27556118513068467     
   3.0907124981700243E-002  0.28983172483867004     
   2.2624375144696167E-002  0.30027640989481474     
   1.4697156225414716E-002  0.30715383438525140     
   7.3143180769348337E-003  0.31078819820088760     
   5.8160170301511450E-004  0.31152537858534551     
  -5.4577230699265214E-003  0.30970637066707896     
  -1.0804044360251425E-002  0.30565275972590189     
  -1.5485909623219107E-002  0.29965986538915285     
  -1.9548132807463755E-002  0.29199449772066804     
  -2.3043172995857231E-002  0.28289533820326312     
  -2.6025173802190237E-002  0.27257473733989884     
  -2.8546004046740816E-002  0.26122123078443327     
  -3.0652703530823697E-002  0.24900240227056214     
  -3.2385864094367486E-002  0.23606792325375420     
  -3.3778620643659059E-002  0.22255270271898828     
  -3.4856044188139965E-002  0.20858011976235855     
  -3.5634813852082663E-002  0.19426531591650678     
  -3.6123104555613718E-002  0.17971851025511520     
  -3.6320658364761206E-002  0.16504828213366005     
  -3.6219009009107420E-002  0.15036475825040177     
  -3.5801811803340154E-002  0.13578265184516644     
  -3.5045218254014826E-002  0.12142413181956618     
  -3.3918248996802042E-002  0.10742153793440259     
  -3.2383169158379375E-002   9.3919990810483023E-002
  -3.0395950229157791E-002   8.1079960248892788E-002
  -2.7906998146449292E-002   6.9079843513826927E-002
  -2.4862424711409020E-002   5.8118560097409955E-002
  -2.1206230877806178E-002   4.8418086727091428E-002
  -1.6883854505656954E-002   4.0225731405593240E-002
  -1.1847606821136076E-002   3.3815766597668655E-002
  -6.0645573390261734E-003   2.9489781531836266E-002
   4.7262383359369714E-004   2.7574719300625730E-002
   7.7315735976488725E-003   2.8416959270483912E-002
   1.5623102966051747E-002   3.2369923338577425E-002
   2.3982206887489702E-002   3.9771581266176567E-002
   3.2550086869938932E-002   5.0907307110350027E-002
   4.0962637423180938E-002   6.5953884274956617E-002
   4.8754042648308134E-002   8.4904149893030856E-002
   5.5386313306187214E-002  0.10748140787438434     
   6.0312972297422607E-002  0.13306860525567221     
   6.3073296605029805E-002  0.16069191111916378     
   6.3393655616606079E-002  0.18909500434897203     
   6.1256859242973805E-002  0.21690611187602069     
   5.6906283743407060E-002  0.24284821653396535     
   5.0781805726499242E-002  0.26591416530768974     
   4.3418198092261703E-002  0.28545033709577816     
   3.5347714888426654E-002  0.30114562232783526     
   2.7033719341693904E-002  0.31296207106422536     
   1.8839950250395077E-002  0.32104901336893110     
   1.1026730158193727E-002  0.32566708400175159     
   3.7626306811475753E-003  0.32713190825022564     
  -2.8575991359171115E-003  0.32577702535639946     
  -8.7945279223496185E-003  0.32193156556443159     
  -1.4047673412148709E-002  0.31590787177057295     
  -1.8642181634078287E-002  0.30799535729262933     
  -2.2618569113127908E-002  0.29845810175391180     
  -2.6025119719197073E-002  0.28753464436363385     
  -2.8912392228780153E-002  0.27543909029158986     
  -3.1329325331815726E-002  0.26236303776490183     
  -3.3320522772193835E-002  0.24847804960906250     
  -3.4924415992686225E-002  0.23393850172240901     
  -3.6172097085895340E-002  0.21888468665724894     
  -3.7086671508500729E-002  0.20344606788708972     
  -3.7683009404575238E-002  0.18774458696613949     
  -3.7967788697036063E-002  0.17189792969974885     
  -3.7939726970199157E-002  0.15602266967235651     
  -3.7589901148708346E-002  0.14023723782466743     
  -3.6902067750354872E-002  0.12466471390225553     
  -3.5852934236388710E-002  0.10943548468217966     
  -3.4412396716124040E-002   9.4689844242617713E-002
  -3.2543842151662228E-002   8.0580608414943453E-002
  -3.0204698679236426E-002   6.7275776705092549E-002
  -2.7347491060529840E-002   5.4961208521286144E-002
  -2.3921712433702141E-002   4.3843197349442746E-002
  -1.9876861762877299E-002   3.4150731260763685E-002
  -1.5167026850730268E-002   2.6137112190515628E-002
  -9.7574139677964761E-003   2.0080443747256774E-002
  -3.6332106428375237E-003   1.6282243085492004E-002
   3.1889407605859388E-003   1.5063026265945027E-002
   1.0646875556251425E-002   1.6753100653771523E-002
   1.8616866338495516E-002   2.1675971799741223E-002
   2.6897302204189916E-002   3.0120913461346561E-002
   3.5195492569775499E-002   4.2300921064437273E-002
   4.3123421980548700E-002   5.8293701205968149E-002
   5.0210902097169607E-002   7.7968562354718357E-002
   5.5945317237617136E-002  0.10091288516878424     
   5.9842033994930648E-002  0.12638636564925243     
   6.1535588593023861E-002  0.15333931490075678     
   6.0863684832323010E-002  0.18051751350830064     
   5.7908349735441310E-002  0.20663666612509962     
   5.2973784869935557E-002  0.23056799166560407     
   4.6511695432180075E-002  0.25146869774075353     
   3.9028123516278400E-002  0.26882526529896766     
   3.1004808340961976E-002  0.28242271340779873     
   2.2850466017208967E-002  0.29227562476692470     
   1.4880965350723700E-002  0.29855288713680872     
   7.3200770457365625E-003  0.30151402725429760     
   3.1161086824281465E-004  0.30146289916298763     
  -6.0643242458026346E-003  0.29871737232201528     
  -1.1775299625627948E-002  0.29359095591390194     
  -1.6822664433636312E-002  0.28638234977011068     
  -2.1230220622411294E-002  0.27736995306165624     
  -2.5035294516714757E-002  0.26680944797106609     
  -2.8281829028414404E-002  0.25493341143114745     
  -3.1015188820079198E-002  0.24195237566028999     
  -3.3278488969771522E-002  0.22805690480003721     
  -3.5110292570124012E-002  0.21342025283739094     
  -3.6543463757066526E-002  0.19820117393811273     
  -3.7604846164516148E-002  0.18254655508049827     
  -3.8315341386567406E-002  0.16659373288267293     
  -3.8689981104389023E-002  0.15047256907347117     
  -3.8737751429544914E-002  0.13430750011015194     
  -3.8461177299236551E-002  0.11821978998112050     
  -3.7855886507024247E-002  0.10233010406476938     
  -3.6910433838121738E-002   8.6761343888391004E-002
  -3.5606544721630960E-002   7.1641529559893183E-002
  -3.3919714281023999E-002   5.7106477388995998E-002
  -3.1819920152230854E-002   4.3302135697914398E-002
  -2.9272211423519993E-002   3.0386670856171024E-002
  -2.6237173519062549E-002   1.8532612507359558E-002
  -2.2671678684284876E-002   7.9294049378343875E-003
  -1.8530749837044280E-002  -1.2135520762902470E-003
  -1.3771570528577862E-002  -8.6638419317823616E-003
  -8.3604692770571313E-003  -1.4164077801424582E-002
  -2.2830292746805064E-003  -1.7432669348661389E-002
   4.4434995258906193E-003  -1.8168988102762934E-002
   1.1757107639066998E-002  -1.6064209018558664E-002
   1.9538828634533191E-002  -1.0818511503749169E-002
   2.7601721442961521E-002  -2.1652681459443639E-003
   3.5679684251462271E-002   1.0095567775043307E-002
   4.3416030793922575E-002   2.6049265573944009E-002
   5.0359912286275586E-002   4.5596532033906678E-002
   5.5991164282175619E-002   6.8366364485468914E-002
   5.9795048427620977E-002   9.3644716680049409E-002
   6.1379638733716997E-002  0.12037898108231292     
   6.0582722071752616E-002  0.14729896031688972     
   5.7503193216511712E-002  0.17311906840257846     
   5.2444833222875575E-002  0.19672393309119046     
   4.5827645979559718E-002  0.21726690152494640     
   3.8124377856943087E-002  0.23419314870932828     
   2.9823532405140879E-002  0.24723272466784527     
   2.1387772136814458E-002  0.25637628067375118     
   1.3201416668802032E-002  0.26182133213720971     
   5.5314967042756060E-003  0.26389345846513068     
  -1.4779162818200201E-003  0.26296714300139951     
  -7.7808816099441186E-003  0.25940793055816141     
  -1.3389839972691825E-002  0.25354349707970691     
  -1.8337490867624720E-002  0.24566037349685407     
  -2.2652311276032858E-002  0.23601669811419090     
  -2.6351939112967279E-002  0.22485896118988577     
  -2.9450572572522826E-002  0.21243280342899717     
  -3.1971938030831648E-002  0.19898312186551781     
  -3.3959251972806866E-002  0.18474439184003938     
  -3.5476634924942511E-002  0.16992617586608477     
  -3.6600719532754247E-002  0.15470042146744989     
  -3.7405204892810448E-002  0.13919646615595108     
  -3.7943979125355284E-002  0.12350699025660469     
  -3.8239369276830491E-002  0.10770399482711203     
  -3.8280324131838565E-002   9.1859627810851996E-002
  -3.8031252410496236E-002   7.6064449337993306E-002
  -3.7447747186388637E-002   6.0436854147383229E-002
  -3.6492786062244077E-002   4.5121210788094258E-002
  -3.5147187652359170E-002   3.0276752293817981E-002
  -3.3410510254484688E-002   1.6062496164486899E-002
  -3.1291988113411461E-002   2.6247510906485020E-003
  -2.8794602870588860E-002  -9.9069390036155419E-003
  -2.5898231934735602E-002  -2.1412191588006040E-002
  -2.2548982253200036E-002  -3.1761468428690050E-002
  -1.8660401473118496E-002  -4.0792385466903565E-002
  -1.4128461845701514E-002  -4.8288634662229123E-002
  -8.8576480215333247E-003  -5.3969133874439308E-002
  -2.7920690214437438E-003  -5.7492199197209971E-002
   4.0559707008657169E-003  -5.8476012371011910E-002
   1.1587474989778013E-002  -5.6533520746010653E-002
   1.9614302834634556E-002  -5.1316687574709273E-002
   2.7874088880102569E-002  -4.2561255576049249E-002
   3.6055046849841864E-002  -3.0121393194622981E-002
   4.3813958502721899E-002  -1.3989470057826924E-002
   5.0771488567308384E-002   5.6877306570362217E-003
   5.6489416932150149E-002   2.8569716257547541E-002
   6.0467623654572013E-002   5.4043576540321984E-002
   6.2212894821881741E-002   8.1141023534387527E-002
   6.1390903511264881E-002  0.10854600311244170     
   5.7988295799185914E-002  0.13477384766152412     
   5.2365320053332880E-002  0.15847896727848879     
   4.5144854386410194E-002  0.17872129569099771     
   3.7011852173319919E-002  0.19504666638625348     
   2.8550788123484321E-002  0.20739167044269985     
   2.0182547045487376E-002  0.21592845032415961     
   1.2175732497267295E-002  0.22093860803932464     
   4.6861673705678427E-003  0.22273741702849972     
  -2.2015994745731909E-003  0.22163842595544050     
  -8.4424471759015352E-003  0.21794388083513350     
  -1.4012924901842565E-002  0.21194655227348627     
  -1.8904640677982726E-002  0.20393297699145702     
  -2.3123225299618241E-002  0.19418419792852953     
  -2.6689106209978782E-002  0.18297333320332157     
  -2.9637794870469331E-002  0.17056063140265787     
  -3.2018352086258396E-002  0.15718745722988828     
  -3.3889888548382360E-002  0.14307072280429511     
  -3.5316605986272148E-002  0.12839892050925028     
  -3.6362032937693640E-002  0.11333057094753395     
  -3.7083240335844314E-002   9.7995532581686376E-002
  -3.7525854569837633E-002   8.2499149200326041E-002
  -3.7720530365589824E-002   6.6928725665715949E-002
  -3.7681281684169766E-002   5.1361423719119385E-002
  -3.7405719462548115E-002   3.5872454699588274E-002
  -3.6876869343050275E-002   2.0542499249742198E-002
  -3.6065968555702252E-002   5.4635958504778105E-003
  -3.4935551821430891E-002  -9.2568059262009249E-003
  -3.3442235970493658E-002  -2.3493486213692287E-002
  -3.1538852336994126E-002  -3.7102329644424524E-002
  -2.9175875728688086E-002  -4.9919834981972805E-002
  -2.6302385170647938E-002  -6.1762692483564113E-002
  -2.2867023491581900E-002  -7.2427024773894733E-002
  -1.8819591127532950E-002  -8.1687140249159337E-002
  -1.4114018232818749E-002  -8.9293964009472468E-002
  -8.7135041238868317E-003  -9.4973676321041436E-002
  -2.5985715182416714E-003  -9.8427509748117259E-002
   4.2213887547559951E-003  -9.9334178139884266E-002
   1.1692886318389275E-002  -9.7357116674984590E-002
   1.9699941353850860E-002  -9.2159659992081602E-002
   2.8044342136368670E-002  -8.3432341524728504E-002
   3.6428416727286216E-002  -7.0937057868674033E-002
   4.4447092698464793E-002  -5.4571479005524240E-002
   5.1599130168389191E-002  -3.4451403167797948E-002
   5.7328418252329073E-002  -1.0996507515688893E-002
   6.1100841928438232E-002   1.5012077654806803E-002
   6.2507161375584541E-002   4.2444758741610390E-002
   6.1361936380769283E-002   6.9936203267704417E-002
   5.7757717551379248E-002   9.6083113043480869E-002
   5.2047314954517004E-002  0.11966192606670961     
   4.4761024018160178E-002  0.13978639198412557     
   3.6495615384399119E-002  0.15596105657239517     
   2.7816181087476455E-002  0.16804218130203916     
   1.9193646740344066E-002  0.17614976279267849     
   1.0979285744155964E-002  0.18057229433270108     
   3.4059769653102590E-003  0.18168759008744112     
  -3.3959078178774794E-003  0.17990625691686618     
  -9.3772216661512520E-003  0.17563517024484657     
  -1.4548711819521895E-002  0.16925546610859618     
  -1.8962024960746005E-002  0.16111014374166807     
  -2.2693793060225231E-002  0.15149789042662437     
  -2.5832720859247392E-002  0.14067109987937534     
  -2.8469274102981251E-002  0.12883703224279239     
  -3.0687648405932848E-002  0.11616156263102737     
  -3.2559828304330726E-002  0.10277506771224847     
  -3.4141498476364926E-002   8.8780019869703825E-002
  -3.5469623621630239E-002   7.4259837491765401E-002
  -3.6561714945906591E-002   5.9288283003425923E-002
  -3.7416795354414521E-002   4.3938561189784758E-002
  -3.8017811055984459E-002   2.8291350150702974E-002
  -3.8335047613070508E-002   1.2441142734022460E-002
  -3.8330074580001830E-002  -3.4994866593619817E-003
  -3.7959742633814485E-002  -1.9397766045546529E-002
  -3.7179810518462704E-002  -3.5100566755094001E-002
  -3.5947923001687164E-002  -5.0435823769072394E-002
  -3.4225825145159414E-002  -6.5215061029724061E-002
  -3.1980819516094716E-002  -7.9236532459859052E-002
  -2.9186548257062753E-002  -9.2288529676956138E-002
  -2.5823228393842625E-002 -0.10415246764128802     
  -2.1877514961991973E-002 -0.11460542217694974     
  -1.7342246011189014E-002 -0.12342185234896175     
  -1.2216454705671334E-002 -0.13037429813474266     
  -6.5062283964268117E-003 -0.13523292969644560     
  -2.2727731476499127E-004 -0.13776402331918430     
   6.5895422768880111E-003 -0.13772790514158850     
   1.3888100533830182E-002 -0.13487785115845949     
   2.1570409353051212E-002 -0.12896309287642152     
   2.9472106390010293E-002 -0.11974165346568044     
   3.7330202483558818E-002 -0.10701233546791737     
   4.4748157202703753E-002  -9.0679113876395726E-002
   5.1174965481188599E-002  -7.0860708166674349E-002
   5.5932891027934931E-002  -4.8039494254293880E-002
   5.8334787791907990E-002  -2.3192963657305780E-002
   5.7892440463888521E-002   2.2081902198095257E-003
   5.4529890431054495E-002   2.6432379141130190E-002
   4.8660132858860797E-002   4.7894767014228047E-002
   4.1054705567723088E-002   6.5519647191684946E-002
   3.2591466145327444E-002   7.8861548377335125E-002
   2.4039376862430652E-002   8.7991508195488052E-002
   1.5962279505507469E-002   9.3297675088136189E-002
   8.7156429813876491E-003   9.5317156314666737E-002
   2.4827310379903203E-003   9.4627050162703036E-002
  -2.6791318882226434E-003   9.1783553353337752E-002
  -6.7955731761578661E-003   8.7293693306496611E-002
  -9.9424590888731561E-003   8.1604955168710011E-002
  -1.2223129318808422E-002   7.5102967139183033E-002
  -1.3752635101705574E-002   6.8113155506194081E-002
  -1.4647391354688705E-002   6.0904426771555061E-002
  -1.5018773262531822E-002   5.3693679314974485E-002
  -1.4969033905778559E-002   4.6650797942413752E-002
  -1.4588624087936536E-002   3.9904153924847828E-002
  -1.3954465321190452E-002   3.3546673480258041E-002
  -1.3128996618322118E-002   2.7642551360940584E-002
  -1.2160261496300720E-002   2.2234499476160449E-002
  -1.1083555186344492E-002   1.7350969563648774E-002
  -9.9249703282727128E-003   1.3012283600956418E-002
  -8.7066053624280156E-003   9.2343354764781067E-003
  -7.4523539981330607E-003   6.0287790364413141E-003
  -6.1924464861059193E-003   3.3995444602356079E-003
  -4.9648127071201089E-003   1.3369352042715049E-003
  -3.8122366673508587E-003  -1.8814810897833801E-004
  -2.7759867041987868E-003  -1.2269190219804415E-003
  -1.8883070861954352E-003  -1.8504187338821451E-003
  -1.1667714047257603E-003  -2.1423965646489361E-003
  -6.1253308164389017E-004  -2.1895890139656598E-003
  -2.1257589983901597E-004  -2.0724597671900615E-003
   5.5557631825104514E-005  -1.8587307382362884E-003
   2.1853983211744829E-004  -1.6004862386272468E-003
   3.0295123502980414E-004  -1.3343180221585000E-003
   3.3245782162823483E-004  -1.0834038390272489E-003
   3.2642202819647390E-004  -8.6043882460309733E-004
   2.9960882669131548E-004  -6.7062955699711743E-004
   2.6257562794066753E-004  -5.1429386394647694E-004
   2.2238839938569223E-004  -3.8888679037177439E-004
   1.8341903609690163E-004  -2.9045233068516893E-004
   1.4808679352722528E-004  -2.1458524367510924E-004
   1.1747961079723049E-004  -1.5701282049037453E-004
   9.1836064624040473E-005  -1.1390421905256635E-004
   7.0896430183735632E-005  -8.1999054507436730E-005
   5.4144711457789622E-005  -5.8625129044301566E-005
   4.0966138683874992E-005  -4.1654524823060558E-005
   3.0742569218082552E-005  -2.9430968526852351E-005
   2.2904819360683268E-005  -2.0689045453872760E-005
   1.6956840098986367E-005  -1.4476831543875613E-005
   1.2482512104713483E-005  -1.0087553524177533E-005
   9.1424784010148121E-006  -7.0023087244831473E-006
   6.6659543497446695E-006  -4.8438178863743868E-006
   4.8406124053605835E-006  -3.3401048050843725E-006
   3.5023320691152775E-006  -2.2965765957595790E-006
   2.5257639603780424E-006  -1.5749347401931847E-006
   1.8161374052335815E-006  -1.0774760521122302E-006
   1.3024233628152894E-006  -7.3554642082497836E-007
   9.3178795948724052E-007  -5.0113631943470439E-007
   6.6519001720000999E-007  -3.4081870030048864E-007
   4.7394716569429890E-007  -2.3141105563001651E-007
   3.3709498153548520E-007  -1.5689273094366985E-007
   2.3937953137870013E-007  -1.0622782975663371E-007
   1.6974647480492497E-007  -7.1836227917714761E-008
   1.2021353043720639E-007  -4.8525053618129850E-008
   8.5035132565135190E-008  -3.2745253005182317E-008
   6.0087464394166097E-008  -2.2076402190314169E-008
   4.2418242712939665E-008  -1.4870968442493627E-008
   2.9918718635230474E-008  -1.0009456459135321E-008
   2.1085737877750895E-008  -6.7323621677971225E-009
   1.4849787004343466E-008  -4.5251402689511876E-009
   1.0451144123347307E-008  -3.0396442229336294E-009
   7.3509421734832296E-009  -2.0405865619397363E-009
   5.1674722737298886E-009  -1.3691195397637594E-009
   3.6306719241267442E-009  -9.1810339449328114E-010
   2.5496749096295593E-009  -6.1533688249211913E-010
   1.7897177158423374E-009  -4.1220217768681834E-010
   1.2557322790560856E-009  -2.7598544829753713E-010
   8.8070670010701094E-010  -1.8468902624188568E-010
   6.1743946565016074E-010  -1.2353027140701773E-010
   4.3270483762147065E-010  -8.2580883240152336E-011
   3.0312883767312948E-010  -5.5176482176642742E-011
   2.1227715846591043E-010  -3.6845931546678217E-011
   1.4860066085881159E-010  -2.4591046349688202E-011
   1.0398705662618442E-010  -1.6402328835233700E-011
   7.2740654399520573E-011  -1.0933579973103226E-011
   5.0864119900060697E-011  -7.2833832358856115E-012
   3.5553149152724700E-011  -4.8484348899796829E-012
   2.4841132598203942E-011  -3.2251466558194458E-012
   1.7349414604786660E-011  -2.1436644457335720E-012
   1.2111849444190171E-011  -1.4236443707547690E-012
   8.4516037091713107E-012  -9.4462497668578996E-013
   5.8946810582856528E-012  -6.2618710408613684E-013
   4.1092461145768064E-012  -4.1467398708157906E-013
   2.8630658105740822E-012  -2.7430647463911656E-013
   1.9936686807286482E-012  -1.8124153736413505E-013
   1.3874284893802399E-012  -1.1960094120957469E-013
   9.6490796980937947E-013  -7.8818117416092652E-014
   6.7059233820043852E-013  -5.1866606762064786E-014
   4.6570005033004532E-013  -3.4077799470058273E-014
   3.2315003274417304E-013  -2.2352401859379991E-014
   2.2403966320137222E-013  -1.4634829389130388E-014
   1.5518080335828933E-013  -9.5630845258179225E-015
   1.0737661007046985E-013  -6.2356917558155716E-015
   7.4216830465186922E-014  -4.0566684905222212E-015
   5.1235878404311240E-014  -2.6324850815920026E-015
   3.5324665914775286E-014  -1.7036373742860587E-015
   2.4319869658789432E-014  -1.0992462567312692E-015
   1.6717223771145574E-014  -7.0696461490457634E-016
   1.1471475338578204E-014  -4.5305150153228802E-016
   7.8568719458852706E-015  -2.8919332045719988E-016
   5.3699127820596030E-015  -1.8379803985139782E-016
   3.6615957954418979E-015  -1.1625178120159361E-016
   2.4902411751800238E-015  -7.3135120679228031E-017
   1.6886619893313204E-015  -4.5734243105543682E-017
   1.1413335408375935E-015  -2.8406537961324283E-017
   7.6852719701193905E-016  -1.7509228137227375E-017
   5.1529242673808668E-016  -1.0698443412540857E-017
   3.4381174768377283E-016  -6.4716245683112212E-018
   2.2810064980191449E-016  -3.8694760405601527E-018
   1.5033666197909146E-016  -2.2823290354416484E-018
   9.8319360997756085E-017  -1.3246875075644147E-018
   6.3714803283810509E-017  -7.5419664443259685E-019
   4.0843516967195336E-017  -4.1948051367117312E-019
   2.5844741555431992E-017  -2.2668930932395705E-019
   1.6100775157329675E-017  -1.1813579623793964E-019
   9.8408474636470261E-018  -5.8717118381135271E-020
   5.8685701970678654E-018  -2.7332095711439550E-020
   3.3745168902095430E-018  -1.1503563336943947E-020
   1.8066149038098650E-018  -4.0224857607379877E-021
   7.7620746314487164E-019  -8.4098337105101639E-022
   0.0000000000000000        0.0000000000000000     
