 Initial conditions outputted from a previous simulation. Time =    85.800000000000011     
   40.000000000000000        0.0000000000000000              500           1   85.800000000000011     
   4.0184711835376280E-002  0.11224084890407306     
   3.1870876272704955E-002  0.12559856638331038     
   2.3491928124618151E-002  0.13513620600081397     
   1.5339837882028608E-002  0.14103499419646429     
   7.6770810694242273E-003  0.14356580585975104     
   6.1366318383685391E-004  0.14307064997471672     
  -5.7588559549372493E-003  0.13987812534008390     
  -1.1418044043343858E-002  0.13431916912848541     
  -1.6375852250229646E-002  0.12670431334671312     
  -2.0665473894759111E-002  0.11731870557053584     
  -2.4334172201603811E-002  0.10642159167980815     
  -2.7435028356868923E-002   9.4245803161034342E-002
  -3.0021739652416092E-002   8.0999102961652081E-002
  -3.2145476746018704E-002   6.6866486605571734E-002
  -3.3852764385234865E-002   5.2012761716647475E-002
  -3.5184408233378553E-002   3.6585461041621622E-002
  -3.6175346125302529E-002   2.0718151772967198E-002
  -3.6855252460890525E-002   4.5343663933839163E-003
  -3.7249557790274820E-002  -1.1847340527609860E-002
  -3.7379764546487233E-002  -2.8306915136029658E-002
  -3.7261154170765039E-002  -4.4715880379369376E-002
  -3.6896785467200634E-002  -6.0932860376331145E-002
  -3.6269784184978823E-002  -7.6804938053465124E-002
  -3.5339027745714131E-002  -9.2175373194888069E-002
  -3.4042686897098343E-002 -0.10689339774255448     
  -3.2309160478767376E-002 -0.12081937062359556     
  -3.0069910575322181E-002 -0.13382114984488666     
  -2.7268043634228759E-002 -0.14576296804730585     
  -2.3860195994425997E-002 -0.15649188034163578     
  -1.9813700968169815E-002 -0.16582672317189695     
  -1.5103126946517879E-002 -0.17355185809987711     
  -9.7098535242263421E-003 -0.17941553202927679     
  -3.6267128959906140E-003 -0.18313192312540819     
   3.1318744616284904E-003 -0.18438654712914182     
   1.0514862921163616E-002 -0.18284591994762217     
   1.8416016535000600E-002 -0.17817382070384927     
   2.6654104122487539E-002 -0.17005780842666463     
   3.4955099148244934E-002 -0.15825043943080758     
   4.2941626160606476E-002 -0.14262911303130746     
   5.0139265765453134E-002 -0.12327378413225029     
   5.6012420426512520E-002 -0.10054995396881651     
   6.0036731064804852E-002  -7.5168274984364097E-002
   6.1798833760335764E-002  -4.8180908074221158E-002
   6.1094760217303458E-002  -2.0883077642508692E-002
   5.7987508265703973E-002   5.3719522312806025E-003
   5.2794350043604894E-002   2.9384210406747973E-002
   4.6006923463789262E-002   5.0263902884990982E-002
   3.8181268062530943E-002   6.7486291880936619E-002
   2.9842838083477378E-002   8.0855131852995463E-002
   2.1430276751000114E-002   9.0420144417829140E-002
   1.3275641140583432E-002   9.6390226788267017E-002
   5.6077855117962075E-003   9.9062929047962975E-002
  -1.4325788646265358E-003   9.8774591678908216E-002
  -7.7736378724510679E-003   9.5868577949590000E-002
  -1.3393898727000191E-002   9.0676839108239662E-002
  -1.8306670429440744E-002   8.3510031414259778E-002
  -2.2547899880273840E-002   7.4652681265867896E-002
  -2.6166823073459543E-002   6.4361379541269956E-002
  -2.9218890681423425E-002   5.2864924145551592E-002
  -3.1760525094439267E-002   4.0365765158860520E-002
  -3.3845321845325550E-002   2.7042337403353069E-002
  -3.5521398636655162E-002   1.3052001466376856E-002
  -3.6829672174878814E-002  -1.4656270652037746E-003
  -3.7802873649966796E-002  -1.6385146132045898E-002
  -3.8465137491720293E-002  -3.1591781614750299E-002
  -3.8832023733140701E-002  -4.6977873724264971E-002
  -3.8910832537691759E-002  -6.2439551746707796E-002
  -3.8701044186042949E-002  -7.7873681150473564E-002
  -3.8194710991117778E-002  -9.3175096314039127E-002
  -3.7376671630440672E-002 -0.10823404222203978     
  -3.6224553477733443E-002 -0.12293367504250108     
  -3.4708649877211721E-002 -0.13714744811992957     
  -3.2791873313522298E-002 -0.15073625256087791     
  -3.0430067087129534E-002 -0.16354528081617969     
  -2.7572999903526605E-002 -0.17540071054254222     
  -2.4166376160496928E-002 -0.18610643579569550     
  -2.0155182633690243E-002 -0.19544118542277358     
  -1.5488673651903874E-002 -0.20315646494566808     
  -1.0127281326332714E-002 -0.20897586190804179     
  -4.0517216023204404E-003 -0.21259641837923773     
   2.7254816136611276E-003 -0.21369308434934434     
   1.0145995890075001E-002 -0.21192782529959897     
   1.8089572066525457E-002 -0.20696582471134622     
   2.6357110352051159E-002 -0.19850228914491672     
   3.4655888907551759E-002 -0.18630413816741953     
   4.2592737414879234E-002 -0.17027007835131061     
   4.9684512742577090E-002 -0.15050775852186257     
   5.5397271957397243E-002 -0.12741501932627833     
   5.9220838200501238E-002 -0.10173474458120241     
   6.0769415328397303E-002  -7.4541034353660870E-002
   5.9876348251628735E-002  -4.7128157081727490E-002
   5.6640231949803367E-002  -2.0819820720561519E-002
   5.1397366206982306E-002   3.2333229908524208E-003
   4.4634453698296536E-002   2.4190765985397052E-002
   3.6884129625877712E-002   4.1559507815816403E-002
   2.8642470918486439E-002   5.5152172849127788E-002
   2.0322984493713187E-002   6.5009829084282059E-002
   1.2241265494162643E-002   7.1323800877020477E-002
   4.6186980072619749E-003   7.4372219057538963E-002
  -2.4043610320560621E-003   7.4474622191378903E-002
  -8.7522892837607631E-003   7.1962101398011666E-002
  -1.4398325912705522E-002   6.7158747911135727E-002
  -1.9350542250350010E-002   6.0370729256287031E-002
  -2.3640097856980052E-002   5.1880439003212528E-002
  -2.7311841887249347E-002   4.1943999053133590E-002
  -3.0417064429230520E-002   3.0790990837572901E-002
  -3.3008099474549885E-002   1.8625707809135326E-002
  -3.5134497227195506E-002   5.6294512765083689E-003
  -3.6840505412108801E-002  -8.0364845259703784E-003
  -3.8163628196694326E-002  -2.2227424448610360E-002
  -3.9134064797090293E-002  -3.6811789402467453E-002
  -3.9774823321988492E-002  -5.1667704032384423E-002
  -4.0102256056721818E-002  -6.6679968037320486E-002
  -4.0126705495119645E-002  -8.1737531356237403E-002
  -3.9852929413646203E-002  -9.6731457208931976E-002
  -3.9280032839559484E-002 -0.11155316866330466     
  -3.8400796195370075E-002 -0.12609261974287919     
  -3.7200526180161737E-002 -0.14023598594246317     
  -3.5655799375300883E-002 -0.15386257810881868     
  -3.3733629670149895E-002 -0.16684093661874169     
  -3.1391601203281765E-002 -0.17902438324494455     
  -2.8579357677733955E-002 -0.19024657948124593     
  -2.5241583314819824E-002 -0.20031775547263295     
  -2.1322354369276698E-002 -0.20902218778354048     
  -1.6770599315490659E-002 -0.21611726167827350     
  -1.1546471460288792E-002 -0.22133418085272180     
  -5.6287367530246510E-003 -0.22438026073632350     
   9.7626234878780103E-004 -0.22494295413713442     
   8.2230875053309112E-003 -0.22269649297133165     
   1.6012096883338236E-002 -0.21731340936798874     
   2.4170494481705378E-002 -0.20848517605532957     
   3.2431540970761737E-002 -0.19595829696740352     
   4.0418363629121830E-002 -0.17959280222773732     
   4.7645086689978466E-002 -0.15944561513290392     
   5.3552393182307208E-002 -0.13586679999169771     
   5.7588851627139628E-002 -0.10957278875757244     
   5.9326941520045390E-002  -8.1643330054308988E-002
   5.8572513265414961E-002  -5.3405658774101569E-002
   5.5415188463895676E-002  -2.6227626882875381E-002
   5.0194537910232866E-002  -1.3008203237148553E-003
   4.3405138048392439E-002   2.0501401479684427E-002
   3.5590391634153062E-002   3.8660823900421290E-002
   2.7262126254064663E-002   5.2973677676510095E-002
   1.8854322686700658E-002   6.3476444959102526E-002
   1.0703519285115492E-002   7.0368530381727634E-002
   3.0472591869571109E-003   7.3946075858587992E-002
  -3.9661793688922330E-003   7.4551742374045077E-002
  -1.0262371387027597E-002   7.2539756821997980E-002
  -1.5823444672796637E-002   6.8253172373210935E-002
  -2.0671065656744651E-002   6.2010392926235169E-002
  -2.4851216537253699E-002   5.4098597681200622E-002
  -2.8421737552625333E-002   4.4772102498364039E-002
  -3.1442999491198359E-002   3.4254094820722600E-002
  -3.3971700528107877E-002   2.2740453688307519E-002
  -3.6057510793092919E-002   1.0404498820570846E-002
  -3.7741999224914842E-002  -2.5983034756662496E-003
  -3.9059101033544437E-002  -1.6126366230792531E-002
  -4.0036339400776604E-002  -3.0049093217416514E-002
  -4.0696053531180353E-002  -4.4245066089408813E-002
  -4.1056032867799054E-002  -5.8600956006037062E-002
  -4.1129219716208247E-002  -7.3010571065832613E-002
  -4.0922468073182262E-002  -8.7373378592746326E-002
  -4.0434670922745587E-002 -0.10159195893714580     
  -3.9654816249997615E-002 -0.11556813893735561     
  -3.8560628188393398E-002 -0.12919794899614612     
  -3.7118357065066242E-002 -0.14236593388866203     
  -3.5284022310812929E-002 -0.15493960185021466     
  -3.3006065148427376E-002 -0.16676483371325579     
  -3.0229051019266331E-002 -0.17766287908471190     
  -2.6897885611264036E-002 -0.18742920227913068     
  -2.2962039381001675E-002 -0.19583402283987114     
  -1.8379531222888587E-002 -0.20262405684017623     
  -1.3120884251101457E-002 -0.20752483120977702     
  -7.1738718459548236E-003 -0.21024313289435714     
  -5.5046852965536788E-004 -0.21046979219208858     
   6.7022677160812928E-003 -0.20788419973013034     
   1.4486019481758526E-002 -0.20216375115694668     
   2.2629908359881830E-002 -0.19300360913252113     
   3.0867497744929272E-002 -0.18015402156802215     
   3.8820808470233219E-002 -0.16348190182920760     
   4.6005953042488168E-002 -0.14305652661225038     
   5.1876391432540567E-002 -0.11924242975392498     
   5.5909025891179000E-002  -9.2760241079272748E-002
   5.7713853176687306E-002  -6.4667302994554893E-002
   5.7124400818981118E-002  -3.6236210941402280E-002
   5.4227754341758881E-002  -8.7647537987805644E-003
   4.9325644517369274E-002   1.6608772486001868E-002
   4.2855142161659560E-002   3.9022857532941359E-002
   3.5307062407038264E-002   5.7928887007695724E-002
   2.7162555952747719E-002   7.3068863763560338E-002
   1.8849768640516393E-002   8.4422821760368055E-002
   1.0717510391262799E-002   9.2145292878708776E-002
   3.0241891731512430E-003   9.6503490249588736E-002
  -4.0604020384075986E-003   9.7825065689325433E-002
  -1.0444250488017486E-002   9.6458442330241548E-002
  -1.6097050615579280E-002   9.2745509548223873E-002
  -2.1032255545463723E-002   8.7005116318857545E-002
  -2.5290103760490044E-002   7.9525188003854538E-002
  -2.8923536637669466E-002   7.0561142732407170E-002
  -3.1987940743066649E-002   6.0338468574180064E-002
  -3.4534915351350982E-002   4.9057522475907868E-002
  -3.6609617640450641E-002   3.6898857955301859E-002
  -3.8250725077508096E-002   2.4027825110835236E-002
  -3.9491842900972240E-002   1.0597744712582652E-002
  -4.0363232649981096E-002  -3.2484852445394583E-003
  -4.0892960861187329E-002  -1.7378012891367103E-002
  -4.1106926770191517E-002  -3.1668218963291105E-002
  -4.1027647810436017E-002  -4.6006671590935369E-002
  -4.0672070575672722E-002  -6.0290132293173267E-002
  -4.0048962139526578E-002  -7.4422152609257067E-002
  -3.9156559498424566E-002  -8.8309176133343645E-002
  -3.7981080980468755E-002 -0.10185545452038197     
  -3.6496462699862273E-002 -0.11495738247044197     
  -3.4665361690274329E-002 -0.12749796809574179     
  -3.2441180196469681E-002 -0.13934205723900844     
  -2.9770717255456516E-002 -0.15033267295518021     
  -2.6597094197112606E-002 -0.16028851574417743     
  -2.2862810936762810E-002 -0.16900240696270388     
  -1.8513110707684622E-002 -0.17624033426134170     
  -1.3500200777738386E-002 -0.18174082969327074     
  -7.7892359704916517E-003 -0.18521471736378972     
  -1.3672325801316427E-003 -0.18634585502560283     
   5.7438977384595795E-003 -0.18479443338723256     
   1.3469417316281105E-002 -0.18020576393831306     
   2.1659289217657481E-002 -0.17222927424899689     
   3.0063823088837566E-002 -0.16055429630306378     
   3.8314155607992825E-002 -0.14496986663426936     
   4.5919940109240436E-002 -0.12545190476899090     
   5.2300990226603963E-002 -0.10226794371263283     
   5.6865577245470658E-002  -7.6065970129131369E-002
   5.9128566000434708E-002  -4.7892748762420341E-002
   5.8832518597787001E-002  -1.9095622424466184E-002
   5.6017538693570013E-002   8.8845648030636288E-003
   5.1004395397712107E-002   3.4753850461337506E-002
   4.4302691208147352E-002   5.7541726319675628E-002
   3.6492521983403865E-002   7.6663238227636030E-002
   2.8126227273204622E-002   9.1883473765357257E-002
   1.9669357775585709E-002  0.10323373904174696     
   1.1477077727319962E-002  0.11092088205159131     
   3.7947942314326853E-003  0.11525112784503222     
  -3.2276667980844307E-003  0.11657488501242209     
  -9.5166283857027363E-003  0.11525068189615260     
  -1.5054914904425539E-002  0.11162331667768410     
  -1.9864274453651919E-002  0.10601169328488598     
  -2.3990807014960491E-002   9.8703066881449961E-002
  -2.7493625321561431E-002   8.9951410115101132E-002
  -3.0436459438123280E-002   7.9978413987445582E-002
  -3.2881757753329278E-002   6.8976177169016217E-002
  -3.4886853306127494E-002   5.7110886840987841E-002
  -3.6501743030210074E-002   4.4526951427050696E-002
  -3.7768033351668347E-002   3.1351202210737512E-002
  -3.8718657844965698E-002   1.7696921563971228E-002
  -3.9378024649941341E-002   3.6675860511080948E-003
  -3.9762319971873079E-002  -1.0639674979832266E-002
  -3.9879785699135591E-002  -2.5130837504434931E-002
  -3.9730875532275001E-002  -3.9711869138593071E-002
  -3.9308267499060405E-002  -5.4285663292795168E-002
  -3.8596776267755213E-002  -6.8748965388542402E-002
  -3.7573260832277605E-002  -8.2989270327310294E-002
  -3.6206655471381910E-002  -9.6881710166931506E-002
  -3.4458265208940630E-002 -0.11028598900021568     
  -3.2282470356981667E-002 -0.12304345120538157     
  -2.9627993140184560E-002 -0.13497438587931679     
  -2.6439905823458669E-002 -0.14587567983926619     
  -2.2662609532857425E-002 -0.15551895095089366     
  -1.8244083323316701E-002 -0.16364934888057817     
  -1.3141780268302540E-002 -0.16998533277612923     
  -7.3306019434784655E-003 -0.17421996092078984     
  -8.1336426391311371E-004 -0.17602460585646493     
   6.3660067505271895E-003 -0.17505660424420619     
   1.4106773912565884E-002 -0.17097320255893822     
   2.2234355031294600E-002 -0.16345517287902778     
   3.0484811911208210E-002 -0.15224421641938540     
   3.8496313517777034E-002 -0.13719764161502335     
   4.5816127629754566E-002 -0.11835972277597219     
   5.1933311057794890E-002  -9.6039274274163172E-002
   5.6343360268225236E-002  -7.0868019875279076E-002
   5.8638191633133024E-002  -4.3803006715286176E-002
   5.8596276253078665E-002  -1.6044308020241382E-002
   5.6236817695901165E-002   1.1125614755973959E-002
   5.1812397991614120E-002   3.6530242726507733E-002
   4.5744019806085487E-002   5.9246833849937085E-002
   3.8529336617112872E-002   7.8671508384253755E-002
   3.0659340260880855E-002   9.4505229453039311E-002
   2.2563131436591669E-002  0.10669349987912363     
   1.4582179036278099E-002  0.11535351746399417     
   6.9662792332381776E-003  0.12070918059722437     
  -1.1778828865662415E-004  0.12304155797960567     
  -6.5719744738821900E-003  0.12265480537795126     
  -1.2351517934704962E-002  0.11985432767056046     
  -1.7450602217731575E-002  0.11493362447619421     
  -2.1890044419572693E-002  0.10816700994810856     
  -2.5707289695618959E-002   9.9806221172467333E-002
  -2.8948634713477354E-002   9.0079578879075292E-002
  -3.1663450031090265E-002   7.9192810034485486E-002
  -3.3900129662146540E-002   6.7330898567927511E-002
  -3.5703467537813602E-002   5.4660489670021885E-002
  -3.7113139802297940E-002   4.1332503502555920E-002
  -3.8162972295009347E-002   2.7484730169124730E-002
  -3.8880687130429033E-002   1.3244284473264993E-002
  -3.9287858939244823E-002  -1.2701041793478395E-003
  -3.9399878623802537E-002  -1.5945915487852368E-002
  -3.9225809359386188E-002  -3.0674678624532988E-002
  -3.8768107903327353E-002  -4.5349719356041721E-002
  -3.8022258274625492E-002  -5.9863721958896804E-002
  -3.6976413550480543E-002  -7.4106056426569325E-002
  -3.5611161968279244E-002  -8.7959877466008557E-002
  -3.3899530191294908E-002 -0.10129905724696144     
  -3.1807320597844253E-002 -0.11398505414696555     
  -2.9293868938987045E-002 -0.12586383510559812     
  -2.6313323866512441E-002 -0.13676296159776072     
  -2.2816604415352305E-002 -0.14648893580028968     
  -1.8754287898042340E-002 -0.15482491509085131     
  -1.4080807338046257E-002 -0.16152897811734498     
  -8.7604647073465606E-003 -0.16633330392129217     
  -2.7758397710377705E-003 -0.16894494740748639     
   3.8608883233711079E-003 -0.16904940626720655     
   1.1093500564314657E-002 -0.16631892003451748     
   1.8804672762387009E-002 -0.16042840987833701     
   2.6798041763349125E-002 -0.15108296741843072     
   3.4783178688596601E-002 -0.13806123042992693     
   4.2370085236739269E-002 -0.12127746630811148     
   4.9082825469482443E-002 -0.10085936787406140     
   5.4402545188223017E-002  -7.7226339785972653E-002
   5.7843850776716624E-002  -5.1136844906362104E-002
   5.9052439166801911E-002  -2.3665185262712097E-002
   5.7892119212401352E-002   3.9148576701089595E-003
   5.4482519350204366E-002   3.0317355325406751E-002
   4.9167699321272469E-002   5.4436373115512658E-002
   4.2431094051446273E-002   7.5472687012799897E-002
   3.4796093732521370E-002   9.2966063604420293E-002
   2.6747248582513931E-002  0.10675317337540356     
   1.8685406067006180E-002  0.11689174265896209     
   1.0912330936600823E-002  0.12358321305562156     
   3.6345646032005623E-003  0.12710959797251747     
  -3.0226313351019562E-003  0.12778835676519479     
  -8.9977953299194158E-003  0.12594315286958002     
  -1.4276254026585116E-002  0.12188638673042151     
  -1.8875517746542753E-002  0.11590962758082897     
  -2.2833607478721069E-002  0.10827909238943366     
  -2.6200089005090278E-002   9.9234313034784916E-002
  -2.9029434266281982E-002   8.8988694573654520E-002
  -3.1376341001188496E-002   7.7731109257833192E-002
  -3.3292509759472948E-002   6.5628110045995600E-002
  -3.4824341915429706E-002   5.2826600948829100E-002
  -3.6011227586897274E-002   3.9456908922029348E-002
  -3.6884306543307585E-002   2.5636243137126702E-002
  -3.7465681321030564E-002   1.1472482404462097E-002
  -3.7768103485540550E-002  -2.9318686589054326E-003
  -3.7795150513551291E-002  -1.7475789983774189E-002
  -3.7541842392769580E-002  -3.2056175456324498E-002
  -3.6995561622774925E-002  -4.6564788243070088E-002
  -3.6137094258109043E-002  -6.0885841820085954E-002
  -3.4941620560351529E-002  -7.4894167575840789E-002
  -3.3379550271728557E-002  -8.8453809748384307E-002
  -3.1417205671248859E-002 -0.10141682501724007     
  -2.9017481072735177E-002 -0.11362207062698101     
  -2.6140731016233740E-002 -0.12489383704643064     
  -2.2746249676843071E-002 -0.13504030445272294     
  -1.8794788286985636E-002 -0.14385196237535880     
  -1.4252602593410530E-002 -0.15110032425185541     
  -9.0975223288310945E-003 -0.15653750382823953     
  -3.3274848197357618E-003 -0.15989752931857568     
   3.0281543291598529E-003 -0.16090071518691393     
   9.8945110224917115E-003 -0.15926306540463861     
   1.7134798335717405E-002 -0.15471355715816101     
   2.4533116172046017E-002 -0.14702311599646145     
   3.1779291693500807E-002 -0.13604983500873008     
   3.8461721241118026E-002 -0.12180451200898373     
   4.4080256675744056E-002 -0.10453532109222029     
   4.8097682012528571E-002  -8.4813787168283541E-002
   5.0043152258135576E-002  -6.3575855728105118E-002
   4.9650562408389901E-002  -4.2055310091842539E-002
   4.6970630727485162E-002  -2.1582831418819452E-002
   4.2383467159752275E-002  -3.3141865848755015E-003
   3.6491591464741929E-002   1.1982020686443761E-002
   2.9953511105107210E-002   2.3983771749927954E-002
   2.3346060451804651E-002   3.2737945226291310E-002
   1.7099352949230807E-002   3.8529602160054875E-002
   1.1491197416963207E-002   4.1765711816046422E-002
   6.6700697592780266E-003   4.2894344380004709E-002
   2.6866661448303130E-003   4.2355538323811316E-002
  -4.7551511846824880E-004   4.0555083467545043E-002
  -2.8754246441786693E-003   3.7852536532746915E-002
  -4.5964116925832979E-003   3.4556860269913794E-002
  -5.7334374973005671E-003   3.0926135192074784E-002
  -6.3842355370904739E-003   2.7169614971878340E-002
  -6.6434380924984080E-003   2.3451109464248471E-002
  -6.5986808654480084E-003   1.9893203911059053E-002
  -6.3280065735214037E-003   1.6582163679297768E-002
  -5.8983157727192639E-003   1.3573419329538445E-002
  -5.3648358363542264E-003   1.0897408345770122E-002
  -4.7716488750542286E-003   8.5653597868547426E-003
  -4.1532075474377261E-003   6.5744425465308681E-003
  -3.5364594896930505E-003   4.9117310517951132E-003
  -2.9429189819200571E-003   3.5567691231349809E-003
  -2.3900283987476172E-003   2.4830125968099497E-003
  -1.8915068809942583E-003   1.6588244724277631E-003
  -1.4569125615786246E-003   1.0487352925105434E-003
  -1.0910317169823614E-003   6.1533477301696504E-004
  -7.9372149770515839E-004   3.2164926680947666E-004
  -5.6050337924985955E-004   1.3349822334631102E-004
  -3.8378388502242384E-004   2.1291046524987340E-005
  -2.5432491782155666E-004  -3.9034228765909529E-005
  -1.6258226643112424E-004  -6.5918476540877425E-005
  -9.9685696199539321E-005  -7.2713119757000100E-005
  -5.8007344766494144E-005  -6.8551719185124148E-005
  -3.1377675382755542E-005  -5.9318109305679820E-005
  -1.5053542631104456E-005  -4.8547778776048194E-005
  -5.5440032855009520E-006  -3.8178057429587500E-005
  -3.7793299108783165E-007  -2.9122744255890343E-005
   2.1313201756478526E-006  -2.1683570391273654E-005
   3.0945772606983948E-006  -1.5827569411066461E-005
   3.2169111798436220E-006  -1.1363043783735058E-005
   2.9279794483318101E-006  -8.0438194992270866E-006
   2.4770702297123563E-006  -5.6258216463463267E-006
   1.9996033267063716E-006  -3.8938187082557510E-006
   1.5619693518823641E-006  -2.6706944695502557E-006
   1.1906950065900169E-006  -1.8173319618743700E-006
   8.9072472941788797E-007  -1.2281121906722633E-006
   6.5643146646075509E-007  -8.2491751892603386E-007
   4.7794068372299936E-007  -5.5116262092629834E-007
   3.4453693408719768E-007  -3.6655102874528299E-007
   2.4632473673762427E-007  -2.4278933932470310E-007
   1.7489467608528687E-007  -1.6024744673303327E-007
   1.2345765108739524E-007  -1.0544340237693248E-007
   8.6721270927133769E-008  -6.9197845426882519E-008
   6.0663558622939242E-008  -4.5307358915506613E-008
   4.2286470206135000E-008  -2.9606584325546034E-008
   2.9388751872996071E-008  -1.9314157992269842E-008
   2.0373591865448294E-008  -1.2581761721991154E-008
   1.4093956925112199E-008  -8.1862080264921463E-009
   9.7325218729334592E-009  -5.3209066131258295E-009
   6.7107800236954256E-009  -3.4556165309073668E-009
   4.6215393491293365E-009  -2.2426866624307400E-009
   3.1795265652144523E-009  -1.4546965742070635E-009
   2.1856659990873099E-009  -9.4316340620924360E-010
   1.5014920214916803E-009  -6.1130114976789860E-010
   1.0309625739927504E-009  -3.9610835023098355E-010
   7.0761614189483251E-010  -2.5662231367860582E-010
   4.8555054414543712E-010  -1.6623500871497142E-010
   3.3311441788075013E-010  -1.0767617910272027E-010
   2.2851214111387070E-010  -6.9743398976840081E-011
   1.5675139915953454E-010  -4.5173778279214920E-011
   1.0752877305780991E-010  -2.9260360800986089E-011
   7.3768295788289914E-011  -1.8953523028639918E-011
   5.0613170752225778E-011  -1.2277826842759552E-011
   3.4731186940025573E-011  -7.9538261878888925E-012
   2.3836827492170289E-011  -5.1529170699520885E-012
   1.6362801445744352E-011  -3.3384890654790349E-012
   1.1234461708894405E-011  -2.1630262331949952E-012
   7.7149812914545181E-012  -1.4014641854123914E-012
   5.2991452571028696E-012  -9.0803403467669739E-013
   3.6405191193920505E-012  -5.8831761323356279E-013
   2.5015174603547981E-012  -3.8115273071894581E-013
   1.7191775976886209E-012  -2.4691624366832493E-013
   1.1817002215925697E-012  -1.5993655807174737E-013
   8.1236991278625513E-013  -1.0357983808805750E-013
   5.5853329980145649E-013  -6.7067454609247844E-014
   3.8404318106588114E-013  -4.3414504403755254E-014
   2.6407789149527162E-013  -2.8094350948457790E-014
   1.8158856298989304E-013  -1.8173398486606281E-014
   1.2486221809132240E-013  -1.1750464515948791E-014
   8.5849836501451652E-014  -7.5934826824126427E-015
   5.9018965013562312E-014  -4.9040589586972251E-015
   4.0566091423209078E-014  -3.1648752661901248E-015
   2.7875829329274436E-014  -2.0407829146944662E-015
   1.9149469832347658E-014  -1.3146933185305326E-015
   1.3149789212836335E-014  -8.4602318510895560E-016
   9.0256795196620587E-015  -5.4375967489806866E-016
   6.1916026048868065E-015  -3.4900271403616625E-016
   4.2447085388404910E-015  -2.2365081591781984E-016
   2.9078372601234374E-015  -1.4306935654809332E-016
   1.9903122493080595E-015  -9.1340321957157903E-017
   1.3609675542401958E-015  -5.8185270235971830E-017
   9.2958821582620253E-016  -3.6972686221700660E-017
   6.3413824441520894E-016  -2.3428008975606494E-017
   4.3197062854027633E-016  -1.4798888195037448E-017
   2.9377758995817189E-016  -9.3152847083515086E-018
   1.9942681309727102E-016  -5.8404742371531372E-018
   1.3509583493548747E-016  -3.6456065542497341E-018
   9.1300050449584257E-017  -2.2641933089861591E-018
   6.1535873217006673E-017  -1.3982727759278927E-018
   4.1347353966681126E-017  -8.5796332719793831E-019
   2.7684277243356857E-017  -5.2257262694207790E-019
   1.8460866019401875E-017  -3.1561049680541518E-019
   1.2252528326543202E-017  -1.8876034771479812E-019
   8.0875697795544848E-018  -1.1161589085964603E-019
   5.3042171471299983E-018  -6.5122928205895390E-020
   3.4525406701375251E-018  -3.7398440886632872E-020
   2.2272275398677787E-018  -2.1072265127568780E-020
   1.4215414921226338E-018  -1.1601931247121247E-020
   8.9582056929063250E-019  -6.2080481980087212E-021
   5.5594210095357934E-019  -3.2043559033906735E-021
   3.3861236751777521E-019  -1.5780257075328940E-021
   2.0131868695702107E-019  -7.2811135614882285E-022
   1.1547163009850271E-019  -3.0393538272756627E-022
   6.1697711208959501E-020  -1.0548145372779803E-022
   2.6460241076911731E-020  -2.1883038362524711E-023
   0.0000000000000000        0.0000000000000000     
