 Initial conditions outputted from a previous simulation. Time =    24.600000000000001     
   40.000000000000000        0.0000000000000000              500           1   24.600000000000001     
  -2.1987977952684354E-002 -0.12530773864905512     
  -1.7826627183847286E-002 -0.13528454089583491     
  -1.3077629819204751E-002 -0.14359185753256837     
  -7.6438162925303336E-003 -0.14995268226533609     
  -1.5359667484291639E-003 -0.15407406133837251     
   5.2773489481366571E-003 -0.15561717776360137     
   1.2725379282892687E-002 -0.15425366815325661     
   2.0689371796435985E-002 -0.14964792288216128     
   2.8968585693054324E-002 -0.14149750128155375     
   3.7261808149871206E-002 -0.12957617235392097     
   4.5165174262883898E-002 -0.11379668923659116     
   5.2184810697902595E-002  -9.4292014102077118E-002
   5.7780296954513505E-002  -7.1496876348268845E-002
   6.1443804492976470E-002  -4.6197854644339190E-002
   6.2801685359326440E-002  -1.9510159359508020E-002
   6.1705243279977798E-002   7.2434745711762588E-003
   5.8269773605329395E-002   3.2728349789509122E-002
   5.2841430089016414E-002   5.5798455889254146E-002
   4.5909100920331070E-002   7.5630358797967784E-002
   3.8003251902297676E-002   9.1760905731949519E-002
   2.9618516728523565E-002  0.10404646335443331     
   2.1172165746783208E-002  0.11258109894916106     
   1.2989782004482094E-002  0.11760684991457980     
   5.3051217560349659E-003  0.11943794319907364     
  -1.7326914252517197E-003  0.11840927653953660     
  -8.0465829700210132E-003  0.11484854878145846     
  -1.3615444073479716E-002  0.10906459616779546     
  -1.8457528450495045E-002  0.10134386110791896     
  -2.2615825210652515E-002   9.1949831312702762E-002
  -2.6146478714367784E-002   8.1123238148643556E-002
  -2.9110225964172887E-002   6.9082557689762597E-002
  -3.1566404740865479E-002   5.6025042203204908E-002
  -3.3569097208788465E-002   4.2128473806350382E-002
  -3.5165065838235941E-002   2.7553504066167859E-002
  -3.6393085861152065E-002   1.2446171837285660E-002
  -3.7284009627593546E-002  -3.0597780209683967E-003
  -3.7860798491146687E-002  -1.8840713887878471E-002
  -3.8138406952334766E-002  -3.4780668268298141E-002
  -3.8124110748024312E-002  -5.0768583816959867E-002
  -3.7818244742462093E-002  -6.6695611385352724E-002
  -3.7214372967489251E-002  -8.2452370407999173E-002
  -3.6298665399747840E-002  -9.7925950491412325E-002
  -3.5049369041695817E-002 -0.11299688861138586     
  -3.3436852811150504E-002 -0.12753602620399862     
  -3.1423993626918043E-002 -0.14140122173679870     
  -2.8966949061964016E-002 -0.15443418600393335     
  -2.6016561375222534E-002 -0.16645758991516429     
  -2.2520456935830088E-002 -0.17727246992788176     
  -1.8426013331122381E-002 -0.18665600268850158     
  -1.3684676576740535E-002 -0.19435979431034545     
  -8.2582403774918538E-003 -0.20010902993965587     
  -2.1276783291637939E-003 -0.20360322322373470     
   4.6949883376021379E-003 -0.20451982593469903     
   1.2151593371631322E-002 -0.20252267408259650     
   2.0119914548792549E-002 -0.19727828916540591     
   2.8394587096224059E-002 -0.18848428781532456     
   3.6670739763888002E-002 -0.17591485501793488     
   4.4537679116418129E-002 -0.15948667613176964     
   5.1493513135235272E-002 -0.13934207195579437     
   5.6992054854538149E-002 -0.11593214464722476     
   6.0525575579284230E-002  -9.0064978605232951E-002
   6.1728743786861558E-002  -6.2876376385098742E-002
   6.0468521447847194E-002  -3.5701452895420038E-002
   5.6879916484410972E-002  -9.8745465491782876E-003
   5.1329630528661158E-002   1.3470610356842178E-002
   4.4325963371149267E-002   3.3528480770204608E-002
   3.6415542671345946E-002   4.9850192405373001E-002
   2.8101613611473210E-002   6.2295579706894616E-002
   1.9797322896542568E-002   7.0951082065122004E-002
   1.1810175693932350E-002   7.6047189982297730E-002
   4.3472657055245809E-003   7.7892133851152193E-002
  -2.4688647337538657E-003   7.6825565308025437E-002
  -8.5810691939139407E-003   7.3189358166958235E-002
  -1.3979328341262436E-002   6.7310775157931754E-002
  -1.8685216299247933E-002   5.9493767219309296E-002
  -2.2739620888844021E-002   5.0015319136335501E-002
  -2.6193559168492791E-002   3.9124800816219892E-002
  -2.9101636933061358E-002   2.7045051458671820E-002
  -3.1517614148224835E-002   1.3974419812292914E-002
  -3.3491536014330886E-002   8.9297705252692192E-005
  -3.5067941886131757E-002  -1.4453110781003149E-002
  -3.6284759509865247E-002  -2.9511909513145078E-002
  -3.7172605924157172E-002  -4.4959561303650551E-002
  -3.7754328525424673E-002  -6.0678866999243602E-002
  -3.8044708539354516E-002  -7.6559861398138349E-002
  -3.8050301537984332E-002  -9.2496631946753644E-002
  -3.7769409963874442E-002 -0.10838409503303326     
  -3.7192182473822423E-002 -0.12411478863693202     
  -3.6300828085385824E-002 -0.13957574419758825     
  -3.5069932451783553E-002 -0.15464548141755824     
  -3.3466876051564808E-002 -0.16919113802968946     
  -3.1452384891700116E-002 -0.18306571817509898     
  -2.8981303030647644E-002 -0.19610543080655057     
  -2.6003769605671103E-002 -0.20812710330008047     
  -2.2467101340376706E-002 -0.21892570543058437     
  -1.8318797422876940E-002 -0.22827211548728624     
  -1.3511168190276040E-002 -0.23591141363341961     
  -8.0081241237073882E-003 -0.24156221424612490     
  -1.7946288935948868E-003 -0.24491788567652331     
   5.1108285046675313E-003 -0.24565101551193702     
   1.2640754683712509E-002 -0.24342322801834118     
   2.0660927412742038E-002 -0.23790344033987434     
   2.8952531814867892E-002 -0.22879861153848421     
   3.7198407412979514E-002 -0.21590123773227199     
   4.4980557777142383E-002 -0.19915567328993561     
   5.1798768053725915E-002 -0.17873841088051151     
   5.7119797424515291E-002 -0.15513424864478742     
   6.0458789772319478E-002 -0.12917471775961964     
   6.1477713814416309E-002 -0.10200035754497061     
   6.0067572939494621E-002  -7.4930043403482652E-002
   5.6377933050331695E-002  -4.9266584523601484E-002
   5.0778479611122210E-002  -2.6107290815376237E-002
   4.3770749536490641E-002  -6.2260251224879508E-003
   3.5888488840509034E-002   9.9497190946697695E-003
   2.7619693890617691E-002   2.2289511771760202E-002
   1.9363225647811105E-002   3.0879484443214842E-002
   1.1415805215734999E-002   3.5943058838366806E-002
   3.9784223886282595E-003   3.7778324893507853E-002
  -2.8281037708795275E-003   3.6714686996236354E-002
  -8.9451468459228554E-003   3.3085416686614494E-002
  -1.4359291564283082E-002   2.7211553454488821E-002
  -1.9087799515419262E-002   1.9393372812247556E-002
  -2.3167045297050035E-002   9.9066606911615961E-003
  -2.6643916055870784E-002  -9.9815971779971657E-004
  -2.9569788322928243E-002  -1.3095374613579515E-002
  -3.1996445293617601E-002  -2.6182599400681322E-002
  -3.3973223506434010E-002  -4.0079011920544180E-002
  -3.5544839511186761E-002  -5.4623207455250372E-002
  -3.6749671386440211E-002  -6.9670568470276792E-002
  -3.7618559409679328E-002  -8.5090143848425587E-002
  -3.8174273553112224E-002 -0.10076123946294581     
  -3.8431638858787635E-002 -0.11657006740635807     
  -3.8398040994303037E-002 -0.13240675826459525     
  -3.8073866702089371E-002 -0.14816280736620097     
  -3.7452519470353107E-002 -0.16372873449029507     
  -3.6519969819054289E-002 -0.17899157420046941     
  -3.5254164918606057E-002 -0.19383190102826059     
  -3.3624798162041163E-002 -0.20812039405795121     
  -3.1593806904878077E-002 -0.22171427082855644     
  -2.9116623706732479E-002 -0.23445404450344579     
  -2.6143917896861671E-002 -0.24616087941193451     
  -2.2623585915591715E-002 -0.25663445569893356     
  -1.8503152568123550E-002 -0.26565098326913195     
  -1.3733367349060378E-002 -0.27296110042961297     
  -8.2742984371408645E-003 -0.27828796446548704     
  -2.1052854038667306E-003 -0.28132679537485872     
   4.7605634471763695E-003 -0.28174822363478635     
   1.2258117557615265E-002 -0.27920868851112768     
   2.0250974274502988E-002 -0.27337143160001603     
   2.8515592560104826E-002 -0.26394087225178936     
   3.6733197296754394E-002 -0.25071119978794471     
   4.4491917725156392E-002 -0.23362779992638866     
   5.1300822106298050E-002 -0.21285881902444090     
   5.6623026304098469E-002 -0.18887050503622663     
   5.9943841758661832E-002 -0.16248433920328303     
   6.0882096511616531E-002 -0.13486695477166533     
   5.9312406315023970E-002 -0.10740043454403027     
   5.5423378977681084E-002  -8.1443690237753358E-002
   4.9656134021380145E-002  -5.8092196413768900E-002
   4.2556456413721945E-002  -3.8061532136814132E-002
   3.4640750797600726E-002  -2.1719350802739693E-002
   2.6342841000659520E-002  -9.1830729571304361E-003
   1.8023627228455050E-002  -3.9802648899708062E-004
   9.9883708845035814E-003   4.8223289421501607E-003
   2.4829295775503505E-003   6.7697764323583903E-003
  -4.3241641387793024E-003   5.8074705101467637E-003
  -1.0354942663706374E-002   2.3261101590259835E-003
  -1.5617280941604868E-002  -3.3006321826914396E-003
  -2.0180387458676004E-002  -1.0749436818876816E-002
  -2.4138851225987648E-002  -1.9761367304969475E-002
  -2.7577964060074765E-002  -3.0135253243216292E-002
  -3.0551652820215641E-002  -4.1705784498791400E-002
  -3.3078946021151037E-002  -5.4316774122085236E-002
  -3.5157072440207514E-002  -6.7801119070248411E-002
  -3.6782565237250320E-002  -8.1974858107976820E-002
  -3.7969765890102966E-002  -9.6645785387703617E-002
  -3.8758979161654647E-002 -0.11163119350202944     
  -3.9211560717956069E-002 -0.12677652588458271     
  -3.9394133744853739E-002 -0.14196690268902451     
  -3.9357927006654830E-002 -0.15712606444661117     
  -3.9121126524024066E-002 -0.17220181660696701     
  -3.8661153243261512E-002 -0.18714237962109917     
  -3.7919796336130074E-002 -0.20187183802860725     
  -3.6818857286555103E-002 -0.21627304170852282     
  -3.5280097910476399E-002 -0.23018283885840465     
  -3.3242466282843323E-002 -0.24339959378366635     
  -3.0671356942634970E-002 -0.25569899698276682     
  -2.7557580673688978E-002 -0.26685218899527047     
  -2.3906818061680317E-002 -0.27663990913348691     
  -1.9723366037581090E-002 -0.28485742418340881     
  -1.4994546153934661E-002 -0.29130752166339985     
  -9.6832111110778159E-003 -0.29578279880280595     
  -3.7344292295417164E-003 -0.29804283385875924     
   2.9011891983142806E-003 -0.29779496821938622     
   1.0229608516442348E-002 -0.29468844496382723     
   1.8167276703514843E-002 -0.28833117354595167     
   2.6497412247792663E-002 -0.27833739971275845     
   3.4844477482040614E-002 -0.26441145993033982     
   4.2686881487379133E-002 -0.24646196393618650     
   4.9423003392195804E-002 -0.22471808318899603     
   5.4482956777774177E-002 -0.19979582714348565     
   5.7445987157416917E-002 -0.17266595791691067     
   5.8110915448857464E-002 -0.14452294766369861     
   5.6496392692580867E-002 -0.11661253336723083     
   5.2795166922313327E-002  -9.0086028229699924E-002
   4.7322986541868256E-002  -6.5907561835709075E-002
   4.0478309742358089E-002  -4.4802233685797416E-002
   3.2703656661076989E-002  -2.7233326914023189E-002
   2.4441526423290706E-002  -1.3409855155624604E-002
   1.6091784083321924E-002  -3.3234363195412692E-003
   7.9811548878811790E-003   3.1969524956071155E-003
   3.4968280567647104E-004   6.4272481687862957E-003
  -6.6472821828624110E-003   6.6986341646081086E-003
  -1.2926800093572076E-002   4.3608889869076557E-003
  -1.8461785389907476E-002  -2.4147674933136648E-004
  -2.3264465725847051E-002  -6.7830531107459660E-003
  -2.7372095228560225E-002  -1.4964322949865530E-002
  -3.0835910630669341E-002  -2.4513931091408318E-002
  -3.3713403940381796E-002  -3.5188395060563954E-002
  -3.6063369055253175E-002  -4.6770597120703652E-002
  -3.7942997224343238E-002  -5.9067883446090659E-002
  -3.9406285045096474E-002  -7.1910230656567722E-002
  -4.0503063279603797E-002  -8.5148622430814780E-002
  -4.1278106321305123E-002  -9.8653521642684414E-002
  -4.1769977299789499E-002 -0.11231316038786325     
  -4.2009455409169449E-002 -0.12603128976254882     
  -4.2017590499734706E-002 -0.13972404074516923     
  -4.1803601504768452E-002 -0.15331565694447186     
  -4.1362941585838454E-002 -0.16673304321506666     
  -4.0675894078785489E-002 -0.17989929069867486     
  -3.9707044285256558E-002 -0.19272655026141636     
  -3.8405896607896013E-002 -0.20510878937907245     
  -3.6708797082532094E-002 -0.21691504262897851     
  -3.4542218812865878E-002 -0.22798373970823435     
  -3.1827411727157306E-002 -0.23811859379163228     
  -2.8486422923560219E-002 -0.24708641542978088     
  -2.4449538402818247E-002 -0.25461714987668149     
  -1.9664231536647845E-002 -0.26040647579940385     
  -1.4105653776926784E-002 -0.26412149203472063     
  -7.7884648704840522E-003 -0.26541036664088208     
  -7.7925897999488376E-004 -0.26391726184004632     
   6.7920539732475053E-003 -0.25930415941934676     
   1.4724678017795843E-002 -0.25128094926159722     
   2.2746831241188793E-002 -0.23964368327786612     
   3.0526570231534673E-002 -0.22431781149612071     
   3.7694754641571071E-002 -0.20539910781446602     
   4.3877118692175456E-002 -0.18318216388647579     
   4.8728232640336620E-002 -0.15816783054481917     
   5.1959556414323156E-002 -0.13104743371369798     
   5.3358582573596824E-002 -0.10266865881117014     
   5.2802979671201719E-002  -7.3989279200688068E-002
   5.0275832705352769E-002  -4.6019464027439762E-002
   4.5881866303627866E-002  -1.9749102010040626E-002
   3.9854867765015699E-002   3.9377099137621390E-003
   3.2543582304297013E-002   2.4345154527472022E-002
   2.4372120688935000E-002   4.1021034812484140E-002
   1.5784949225360150E-002   5.3768556921182459E-002
   7.1940927525889807E-003   6.2616876199051597E-002
  -1.0576573311655683E-003   6.7767562532736206E-002
  -8.7134891352897460E-003   6.9536378661464462E-002
  -1.5602859470096106E-002   6.8302949043571176E-002
  -2.1631568433107869E-002   6.4472871456522612E-002
  -2.6767272701003392E-002   5.8451714798053597E-002
  -3.1024401544549347E-002   5.0628254199391730E-002
  -3.4450684123267808E-002   4.1364066270277361E-002
  -3.7116131380384679E-002   3.0987204745414051E-002
  -3.9104476158628866E-002   1.9788428700321894E-002
  -4.0506644161442701E-002   8.0190802401468083E-003
  -4.1415668810718093E-002  -4.1098321257503909E-003
  -4.1922495408514837E-002  -1.6427467254900970E-002
  -4.2112261568873828E-002  -2.8801820628921487E-002
  -4.2060812835315903E-002  -4.1137046547086518E-002
  -4.1831378073518520E-002  -5.3369243837115700E-002
  -4.1471482247276079E-002  -6.5460596469953738E-002
  -4.1010298658554857E-002  -7.7391922189234255E-002
  -4.0456700192408664E-002  -8.9153897389985387E-002
  -3.9798233390799631E-002 -0.10073743231164775     
  -3.9001132535202009E-002 -0.11212379639555811     
  -3.8011366276105449E-002 -0.12327510754498537     
  -3.6756607725434640E-002 -0.13412571538072598     
  -3.5148966865682946E-002 -0.14457485494378342     
  -3.3088357565932314E-002 -0.15448075100096206     
  -3.0466520706153678E-002 -0.16365616283475287     
  -2.7171967707773408E-002 -0.17186524644250672     
  -2.3096372907031770E-002 -0.17882162903364135     
  -1.8143174424584366E-002 -0.18418775679888330     
  -1.2239338974133729E-002 -0.18757592705274689     
  -5.3513767908043150E-003 -0.18855208563529544     
   2.4934208728570866E-003 -0.18664470438437203     
   1.1180280830120936E-002 -0.18136309076739998     
   2.0476451724322709E-002 -0.17223229110880595     
   3.0002485499909956E-002 -0.15885442733503172     
   3.9217631371277026E-002 -0.14100571980005858     
   4.7440152317637103E-002 -0.11876767967573000     
   5.3925958023397967E-002  -9.2662503221567660E-002
   5.8011362661116651E-002  -6.3723648671493147E-002
   5.9282934557144222E-002  -3.3420636488671683E-002
   5.7696675195110632E-002  -3.4163410564115701E-003
   5.3578394317636682E-002   2.4754838521014434E-002
   4.7506575625795480E-002   4.9939021876677751E-002
   4.0148503554491663E-002   7.1452952587623783E-002
   3.2126711934791267E-002   8.9031741350249410E-002
   2.3946895468542666E-002  0.10271224102999527     
   1.5977487517587190E-002  0.11271532750679644     
   8.4599998410312786E-003  0.11935468922294766     
   1.5331057442163310E-003  0.12297659861672101     
  -4.7407899813931053E-003  0.12392469433702784     
  -1.0351964718866350E-002  0.12252139756244866     
  -1.5324270279578485E-002  0.11905952942895741     
  -1.9700618529518040E-002  0.11379995694722796     
  -2.3532607007215461E-002  0.10697256993600436     
  -2.6873452507762057E-002   9.8779010803177331E-002
  -2.9773453645321499E-002   8.9396263234937323E-002
  -3.2277332842628029E-002   7.8980530851485153E-002
  -3.4422870202011617E-002   6.7671067923041617E-002
  -3.6240372845697887E-002   5.5593793229096432E-002
  -3.7752657472017996E-002   4.2864614091743129E-002
  -3.8975308651350696E-002   2.9592451358964458E-002
  -3.9917050581257454E-002   1.5881992448278443E-002
  -4.0580129040971004E-002   1.8362094684171420E-003
  -4.0960635378576450E-002  -1.2441315798389698E-002
  -4.1048732071266900E-002  -2.6844210019357811E-002
  -4.0828763077883468E-002  -4.1261212032238932E-002
  -4.0279255301444487E-002  -5.5574100237995840E-002
  -3.9372849949073981E-002  -6.9655583257233644E-002
  -3.8076241434152960E-002  -8.3367105351988657E-002
  -3.6350234416339285E-002  -9.6556540143702754E-002
  -3.4150057460880894E-002 -0.10905577348455503     
  -3.1426114050153414E-002 -0.12067820868223202     
  -2.8125422322070912E-002 -0.13121627334628239     
  -2.4194083484032423E-002 -0.14043907623387880     
  -1.9581205973061223E-002 -0.14809046288849850     
  -1.4244779853549546E-002 -0.15388787372941051     
  -8.1600127784476045E-003 -0.15752265828077694     
  -1.3305816567440616E-003 -0.15866289864643468     
   6.1969072836332928E-003 -0.15696044499523953     
   1.4315416613839766E-002 -0.15206487635495913     
   2.2838215684129498E-002 -0.14364835614874283     
   3.1481105107150444E-002 -0.13144629349761405     
   3.9852219339879570E-002 -0.11531814370485809     
   4.7459118432456017E-002  -9.5328091972543758E-002
   5.3745297455322666E-002  -7.1833510081937044E-002
   5.8164169007669103E-002  -4.5550737236610350E-002
   6.0282929025031358E-002  -1.7553709199816678E-002
   5.9885465541052577E-002   1.0828561176170943E-002
   5.7030141668088619E-002   3.8204606292740105E-002
   5.2033019132536176E-002   6.3337495642714736E-002
   4.5385093376700984E-002   8.5303505960605000E-002
   3.7643676773034943E-002  0.10354799967486837     
   2.9339547975120991E-002  0.11785138206673454     
   2.0920002707794136E-002  0.12824868121873489     
   1.2726673422504860E-002  0.13494230254414610     
   4.9975414159006753E-003  0.13822950357555663     
  -2.1181197645791954E-003  0.13845083751841072     
  -8.5403216540694046E-003  0.13595737028126700     
  -1.4239347589912908E-002  0.13109169639789281     
  -1.9219344638401799E-002  0.12417813379025074     
  -2.3505277292342034E-002  0.11551866386317554     
  -2.7133241725324837E-002  0.10539225764612270     
  -3.0143727072475746E-002   9.4056058730725797E-002
  -3.2577267535925457E-002   8.1747455480436521E-002
  -3.4471915659562272E-002   6.8686428710450054E-002
  -3.5862006741682183E-002   5.5077802982664473E-002
  -3.6777767896925787E-002   4.1113201182364993E-002
  -3.7245418898827952E-002   2.6972624547468925E-002
  -3.7287494937443280E-002   1.2825673240956764E-002
  -3.6923196482627978E-002  -1.1675102758672473E-003
  -3.6168636729886627E-002  -1.4855451505733678E-002
  -3.5036914100196812E-002  -2.8094560938102427E-002
  -3.3537994647367696E-002  -4.0748198102664980E-002
  -3.1678449010894165E-002  -5.2685423270042504E-002
  -2.9461146754570081E-002  -6.3779297934198828E-002
  -2.6885077763928497E-002  -7.3904634879978101E-002
  -2.3945579206678360E-002  -8.2935156525033041E-002
  -2.0635424836889460E-002  -9.0740122552147209E-002
  -1.6947466241196679E-002  -9.7180698644180746E-002
  -1.2879754859033695E-002 -0.10210674348199804     
  -8.4442606217049031E-003 -0.10535539253576290     
  -3.6802930301201805E-003 -0.10675394022728688     
   1.3269489996569214E-003 -0.10613113742157074     
   6.4246961142090490E-003 -0.10334271711937766     
   1.1375252860771224E-002  -9.8316796860454664E-002
   1.5858059176939089E-002  -9.1118445665897135E-002
   1.9509276840637659E-002  -8.2016223821724396E-002
   2.2004050491702221E-002  -7.1512840219289261E-002
   2.3155720056626809E-002  -6.0299567615982236E-002
   2.2980148734183307E-002  -4.9130209730247010E-002
   2.1684926298321212E-002  -3.8666861281079039E-002
   1.9592233154489918E-002  -2.9371732661007309E-002
   1.7044928466020227E-002  -2.1481340136001840E-002
   1.4340264092271569E-002  -1.5043547951356265E-002
   1.1701634071191513E-002  -9.9770606437344766E-003
   9.2763499989733204E-003  -6.1267349817404242E-003
   7.1464621673902953E-003  -3.3056174481013428E-003
   5.3445154624189601E-003  -1.3228490836798977E-003
   3.8689330423908805E-003   3.4839514398173298E-008
   2.6965353289709572E-003   8.2068178139324934E-004
   1.7920901949957523E-003   1.2724546815021641E-003
   1.1153029860061126E-003   1.4641486808712146E-003
   6.2553927762858737E-004   1.4816353308721142E-003
   2.8475179119651295E-004   1.3905051482224588E-003
   5.9117508780421564E-005   1.2391277276016803E-003
  -8.0257684108882892E-005   1.0617569605680215E-003
  -1.5726378439605876E-004   8.8142678444070970E-004
  -1.9106811486511026E-004   7.1251074302742666E-004
  -1.9657516341054317E-004   5.6291822135290067E-004
  -1.8497107016552950E-004   4.3593915567407854E-004
  -1.6430105843309313E-004   3.3175745384362708E-004
  -1.4005031848550968E-004   2.4865385892885214E-004
  -1.1570555551630600E-004   1.8391780127722951E-004
  -9.3270928874307054E-005   1.3449324122005962E-004
  -7.3713605173595634E-005   9.7395743786603283E-005
  -5.7324194362286027E-005   6.9947987302127030E-005
  -4.3989606850661914E-005   4.9883339736117185E-005
  -3.3385922507836105E-005   3.5362842575586157E-005
  -2.5105137475035734E-005   2.4942325899787652E-005
  -1.8731756879127665E-005   1.7516150955408411E-005
  -1.3884120807420665E-005   1.2254677277269874E-005
  -1.0232697285556558E-005   8.5451891198436329E-006
  -7.5045045656326551E-006   5.9408573809814733E-006
  -5.4799833459764639E-006   4.1190878488908136E-006
  -3.9863685852121152E-006   2.8488450601426409E-006
  -2.8899742640741146E-006   1.9657383051824979E-006
  -2.0887026869674512E-006   1.3534201667138812E-006
  -1.5053957700722648E-006   9.2991386190414666E-007
  -1.0822416043812232E-006   6.3768194295177130E-007
  -7.7623277091376278E-007   4.3647776398516648E-007
  -5.5556932060165514E-007   2.9823615043989434E-007
  -3.9686154112837414E-007   2.0344216459429022E-007
  -2.8298489932328431E-007   1.3856243622869767E-007
  -2.0145315917488011E-007   9.4235413298021223E-008
  -1.4319549439465427E-007   6.4000851815821776E-008
  -1.0164411624311242E-007   4.3410786896966925E-008
  -7.2057899478078233E-008   2.9409341295063370E-008
  -5.1023732703338071E-008   1.9901326545537153E-008
  -3.6090687594502090E-008   1.3452993066901894E-008
  -2.5502798688947660E-008   9.0849937950494329E-009
  -1.8004637078679731E-008   6.1295039905503152E-009
  -1.2700348696675546E-008   4.1318506634529699E-009
  -8.9517832939272354E-009   2.7829380321368665E-009
  -6.3050884501409219E-009   1.8729259086335492E-009
  -4.4379552088985364E-009   1.2595395394628103E-009
  -3.1217969085632251E-009   8.4642935369524683E-010
  -2.1946936752899979E-009   5.6841888597797686E-010
  -1.5420768927468872E-009   3.8146439221685522E-010
  -1.0829645239980452E-009   2.5583139068739652E-010
  -7.6016834628595136E-010   1.7146377852958912E-010
  -5.3333747199087706E-010   1.1484496607718467E-010
  -3.7402345888881227E-010   7.6872811184647201E-011
  -2.6218389660032281E-010   5.1422474332465093E-011
  -1.8370798322935028E-010   3.4375480224089610E-011
  -1.2866718269208563E-010   2.2964362699320428E-011
  -9.0079661609051643E-011   1.5330704422480413E-011
  -6.3038363232280059E-011   1.0227329108329209E-011
  -4.4096183262415710E-011   6.8177820883618924E-012
  -3.0832751105051831E-011   4.5414143812968811E-012
  -2.1549377837537507E-011   3.0226691367393472E-012
  -1.5054385153441697E-011   2.0101284221579439E-012
  -1.0512123150405451E-011   1.3355827087059948E-012
  -7.3368378785076255E-012   8.8656253663874621E-013
  -5.1181027631308849E-012   5.8791561354249423E-013
  -3.5684511112820109E-012   3.8945791728915542E-013
  -2.4866159792275471E-012   2.5770104983133210E-013
  -1.7317366331285414E-012   1.7031355374990122E-013
  -1.2052671998563502E-012   1.1241485510282031E-013
  -8.3829246747899344E-013   7.4096946441906565E-014
  -5.8263809107356569E-013   4.8768103855606708E-014
  -4.0464243080644663E-013   3.2046678447372875E-014
  -2.8079471645046784E-013   2.1022760103233689E-014
  -1.9468139068318780E-013   1.3765713964343061E-014
  -1.3484907342189082E-013   8.9959470808410696E-015
  -9.3309559678374378E-014   5.8663014030198602E-015
  -6.4494360568050113E-014   3.8165748340250921E-015
  -4.4523896156229600E-014   2.4767891188285265E-015
  -3.0696845323593821E-014   1.6029280114354965E-015
  -2.1133479485050223E-014   1.0342869315316753E-015
  -1.4526656227019835E-014   6.6519478790171558E-016
  -9.9680555451308465E-015   4.2628520270631242E-016
  -6.8269812353510432E-015   2.7210674484363410E-016
  -4.6658692759668764E-015   1.7293685108883067E-016
  -3.1814178798868788E-015   1.0938041260031795E-016
  -2.1635932752187582E-015   6.8810896096198343E-017
  -1.4671008859924700E-015   4.3029112829822559E-017
  -9.9154455676605417E-016   2.6725607414240328E-017
  -6.6763774655086410E-016   1.6472658930048280E-017
  -4.4762794478280225E-016   1.0064775592517520E-017
  -2.9865236553004634E-016   6.0881214078539021E-018
  -1.9813164461565445E-016   3.6400609318895693E-018
  -1.3057944445457373E-016   2.1469483976022491E-018
  -8.5394985702467024E-017   1.2460755822388086E-018
  -5.5337339615065591E-017   7.0942144703143836E-019
  -3.5472138905134012E-017   3.9456814268783369E-019
  -2.2445288002593083E-017   2.1322309635739078E-019
  -1.3982729953712760E-017   1.1111716958352971E-019
  -8.5462330967196203E-018   5.5228804049085977E-020
  -5.0965714230747469E-018   2.5708774826519716E-020
  -2.9306833444442886E-018   1.0820735929488362E-020
  -1.5690683753655223E-018   3.7839839766670254E-021
  -6.7418002530107763E-019   7.9116064084147728E-022
  -0.0000000000000000        0.0000000000000000     
