 Initial conditions outputted from a previous simulation. Time =    54.600000000000001     
   40.000000000000000        0.0000000000000000              500           1   54.600000000000001     
  -2.1987977952643314E-002 -0.12530773865206885     
  -1.7832547027576837E-002 -0.13528348001658994     
  -1.3085305723926931E-002 -0.14358978112394918     
  -7.6528872619021472E-003 -0.14994978046951377     
  -1.5441107703894864E-003 -0.15406977451330334     
   5.2695969875517258E-003 -0.15561193142022639     
   1.2718316424645219E-002 -0.15424731517312817     
   2.0683110403041258E-002 -0.14964042239538625     
   2.8963064890494536E-002 -0.14148876345662673     
   3.7257010434420312E-002 -0.12956603989786419     
   4.5161078599345247E-002 -0.11378496575021817     
   5.2181414356472999E-002  -9.4278442391761183E-002
   5.7777671124750393E-002  -7.1481128902742025E-002
   6.1442155004333109E-002  -4.6179523212942025E-002
   6.2801471984393759E-002  -1.9488747242060084E-002
   6.1707394686814070E-002   7.2685254041929097E-003
   5.8276145013231681E-002   3.2757529965835593E-002
   5.2855639000972870E-002   5.5831663506270300E-002
   4.5937094358015365E-002   7.5665449033108151E-002
   3.8052186295983427E-002   9.1791510810360910E-002
   2.9693948069360616E-002  0.10406085929410716     
   2.1276277807885043E-002  0.11256367506977850     
   1.3122844184204122E-002  0.11754070056425098     
   5.4681097600821470E-003  0.11930549147273638     
  -1.5381434557583003E-003  0.11819079900646397     
  -7.8210671228252839E-003  0.11452181423520398     
  -1.3364039610220738E-002  0.10860765877839633     
  -1.8189103856691865E-002  0.10073955055985358     
  -2.2340294924428735E-002   9.1189381939143763E-002
  -2.5872131741780168E-002   8.0207937558552184E-002
  -2.8842391705645173E-002   6.8023624264858043E-002
  -3.1307646978074241E-002   5.4842254208842776E-002
  -3.3320456050802000E-002   4.0848040534298663E-002
  -3.4927589897402113E-002   2.6205634200841557E-002
  -3.6169069950721965E-002   1.1062695477614272E-002
  -3.7077705097977233E-002  -4.4474989585192425E-003
  -3.7678509550594770E-002  -2.0203425392008510E-002
  -3.7987875621113415E-002  -3.6092270642554436E-002
  -3.8013258509696862E-002  -5.2006449198912466E-002
  -3.7753754365770366E-002  -6.7840183475947238E-002
  -3.7200800178030721E-002  -8.3486364796394694E-002
  -3.6338355363271020E-002  -9.8833587648473123E-002
  -3.5142862180836759E-002 -0.11376341357774539     
  -3.3583357331506559E-002 -0.12814762764041268     
  -3.1621714004632359E-002 -0.14184532085449753     
  -2.9213149078251191E-002 -0.15469992126398313     
  -2.6307283424017797E-002 -0.16653626174330191     
  -2.2849968227792037E-002 -0.17715771279502193     
  -1.8786215877778990E-002 -0.18634351431048823     
  -1.4064802185774690E-002 -0.19384659626434483     
  -8.6451361819867498E-003 -0.19939242675653795     
  -2.5068745608418665E-003 -0.20267980743263217     
   4.3374333437331833E-003 -0.20338499959931569     
   1.1826735538213557E-002 -0.20117118571089349     
   1.9833615008399134E-002 -0.19570617688279945     
   2.8146059407943364E-002 -0.18669231185000354     
   3.6452768763574527E-002 -0.17391293177605874     
   4.4338874442724073E-002 -0.15729807307589447     
   5.1302023775544991E-002 -0.13700559622331546     
   5.6799221585456569E-002 -0.11350090058230700     
   6.0327934724674119E-002  -8.7601691359087741E-002
   6.1528056445377295E-002  -6.0446837612462709E-002
   6.0271037849797419E-002  -3.3367867302222583E-002
   5.6696055591555578E-002  -7.6894666793093126E-003
   5.1173544119009068E-002   1.5469568361325233E-002
   4.4213438214269353E-002   3.5321969567599421E-002
   3.6360070882606163E-002   5.1436830890929999E-002
   2.8110532200099819E-002   6.3687916571055617E-002
   1.9870030861728571E-002   7.2169827175507711E-002
   1.1938755085821103E-002   7.7116045895452609E-002
   4.5185111680431812E-003   7.8834361320301444E-002
  -2.2710862083200078E-003   7.7662283806926219E-002
  -8.3737601795163871E-003   7.3939121846732125E-002
  -1.3778863052394549E-002   6.7989899725079878E-002
  -1.8506414892834794E-002   6.0116978607188877E-002
  -2.2595272304185648E-002   5.0596452636756446E-002
  -2.6094234702991628E-002   3.9677419615301551E-002
  -2.9055646867241530E-002   2.7582949620173776E-002
  -3.1530990608839377E-002   1.4512034447489969E-002
  -3.3567984576992574E-002   6.4208021756559136E-004
  -3.5208776835425205E-002  -1.3868322880279196E-002
  -3.6488890882154297E-002  -2.8876512360324999E-002
  -3.7436656552569690E-002  -4.4252832081735770E-002
  -3.8072925487357322E-002  -5.9877711008379693E-002
  -3.8410939249568704E-002  -7.5638744367392624E-002
  -3.8456280599508445E-002  -9.1427769056134880E-002
  -3.8206885364854899E-002 -0.10713793118514227     
  -3.7653115491164096E-002 -0.12266075709678909     
  -3.6777896790992540E-002 -0.13788324740935889     
  -3.5556924844183248E-002 -0.15268501026979406     
  -3.3958954911361611E-002 -0.16693543981546460     
  -3.1946222265591281E-002 -0.18049093689209025     
  -2.9475092250252365E-002 -0.19319216577845122     
  -2.6497122256056313E-002 -0.20486134862931557     
  -2.2960831600420929E-002 -0.21529963451710854     
  -1.8814601535925922E-002 -0.22428466856472251     
  -1.4011228842960376E-002 -0.23156865342623903     
  -8.5146895868958190E-003 -0.23687745276295688     
  -2.3095992004549099E-003 -0.23991164180463556     
   4.5863496231914134E-003 -0.24035089087006753     
   1.2107083314448829E-002 -0.23786372902045597     
   2.0120789958125933E-002 -0.23212559384822024     
   2.8412511632587518E-002 -0.22284893710091822     
   3.6670572008161373E-002 -0.20982936689397313     
   4.4483341572336833E-002 -0.19300995840610122     
   5.1355574920895534E-002 -0.17255973608944108     
   5.6754066022723156E-002 -0.14895009077354140     
   6.0186225573516793E-002 -0.12299713381501012     
   6.1299287323209717E-002  -9.5830617206667384E-002
   5.9967916450200727E-002  -6.8768223080896820E-002
   5.6330752365185185E-002  -4.3120050854904404E-002
   5.0755577762896471E-002  -1.9992642166578076E-002
   4.3749211713646298E-002  -1.6452139105819772E-004
   3.5853279444422036E-002   1.5938846546129148E-002
   2.7562726983989851E-002   2.8193958384235201E-002
   1.9281165095485640E-002   3.6695913306130888E-002
   1.1307962676324090E-002   4.1676929255414080E-002
   3.8453233653622499E-003   4.3442507729316536E-002
  -2.9852728013944462E-003   4.2327869325538919E-002
  -9.1244627465554354E-003   3.8671026637731060E-002
  -1.4558011145543512E-002   3.2797335877511331E-002
  -1.9302777507625449E-002   2.5011210803833870E-002
  -2.3395708373700256E-002   1.5592078206988574E-002
  -2.6885396386679434E-002   4.7928438847697962E-003
  -2.9825637196267973E-002  -7.1600223325806516E-003
  -3.2270550864641992E-002  -2.0065207495255592E-002
  -3.4271013303841996E-002  -3.3744341010184413E-002
  -3.5872238326924939E-002  -4.8039100600247374E-002
  -3.7112346356761090E-002  -6.2807933908762020E-002
  -3.8021687415048397E-002  -7.7922682122974610E-002
  -3.8622630706346361E-002  -9.3265300894270001E-002
  -3.8929565039431409E-002 -0.10872474087284020     
  -3.8948975061949428E-002 -0.12419395536656107     
  -3.8679590148684419E-002 -0.13956699747274964     
  -3.8112651461880691E-002 -0.15473623001328682     
  -3.7232277296747371E-002 -0.16958971610785550     
  -3.6015791028448638E-002 -0.18400881288015986     
  -3.4433824968975839E-002 -0.19786585323719902     
  -3.2450119804319277E-002 -0.21102164756162325     
  -3.0021218069786380E-002 -0.22332248377667288     
  -2.7096616024139569E-002 -0.23459644480909017     
  -2.3620221716864426E-002 -0.24464921169312412     
  -1.9533987856267254E-002 -0.25325998058816662     
  -1.4784271163189183E-002 -0.26017851322954505     
  -9.3309227233579050E-003 -0.26512450460377368     
  -3.1585879592058571E-003 -0.26779036778113052     
   3.7105583278583278E-003 -0.26784836561061637     
   1.1203311228911344E-002 -0.26496305375558271     
   1.9181565647607975E-002 -0.25881052869931237     
   2.7428522809506389E-002 -0.24910709178690979     
   3.5636534229917811E-002 -0.23565125849311422     
   4.3401135630271606E-002 -0.21838319043037346     
   5.0230771569490733E-002 -0.19746158141425435     
   5.5585933117842407E-002 -0.17334569613936407     
   5.8957808177961341E-002 -0.14684969032213271     
   5.9977782457461083E-002 -0.11912098503007405     
   5.8520298688525582E-002  -9.1509989052858912E-002
   5.4746901279243948E-002  -6.5354785736980822E-002
   4.9062416130075559E-002  -4.1764824760527494E-002
   4.2004677145494870E-002  -2.1493087563347581E-002
   3.4123991998760157E-002  -4.9267472434785199E-003
   2.5899634735838336E-002   7.8406214546374291E-003
   1.7705766556329394E-002   1.6913225025388178E-002
   9.8130047810081767E-003   2.2511769941964476E-002
   2.4061907184314648E-003   2.4918452729606296E-002
  -4.3956348625831801E-003   2.4444634091794069E-002
  -1.0523684385593981E-002   2.1412663891773084E-002
  -1.5949161046726324E-002   1.6144354547860423E-002
  -2.0676283941133397E-002   8.9518056232241877E-003
  -2.4736287564359576E-002   1.2904859976170169E-004
  -2.8180846258876260E-002  -1.0055349816317588E-002
  -3.1074370018630462E-002  -2.1363795962879677E-002
  -3.3485530100445825E-002  -3.3592255276936336E-002
  -3.5478968636733506E-002  -4.6569250299709791E-002
  -3.7108390086666693E-002  -6.0151250608977039E-002
  -3.8412144976809032E-002  -7.4215216315579147E-002
  -3.9411967430600901E-002  -8.8649751921906106E-002
  -4.0114807821016132E-002 -0.10334666643798210     
  -4.0516952697520418E-002 -0.11819456441406476     
  -4.0609100330157563E-002 -0.13307545850436209     
  -4.0380913942004666E-002 -0.14786451486066424     
  -3.9823808426741075E-002 -0.16243218960876293     
  -3.8931236803206329E-002 -0.17664739703936094     
  -3.7696407252822133E-002 -0.19038008347628885     
  -3.6108061071942602E-002 -0.20350171569106049     
  -3.4145534593764924E-002 -0.21588271952204752     
  -3.1774662260024629E-002 -0.22738672242217131     
  -2.8946050955074212E-002 -0.23786236324697574     
  -2.5596866575402288E-002 -0.24713418528273617     
  -2.1656632842815458E-002 -0.25499451917477961     
  -1.7056834599458035E-002 -0.26119821869717741     
  -1.1743530397587281E-002 -0.26546173555415997     
  -5.6918183244164247E-003 -0.26746754286980057     
   1.0791505920094402E-003 -0.26687458683718490     
   8.4919504788795366E-003 -0.26333538977397697     
   1.6398789813985230E-002 -0.25652059360304458     
   2.4572881264558373E-002 -0.24615192889064424     
   3.2704640754675079E-002 -0.23204458413290105     
   4.0404557304705567E-002 -0.21415942090934770     
   4.7216316331824319E-002 -0.19266353900802649     
   5.2646963175164395E-002 -0.16799208476353208     
   5.6222471808659490E-002 -0.14089259261449430     
   5.7570026638645612E-002 -0.11241943968023070     
   5.6508976343053824E-002  -8.3846140806546191E-002
   5.3112041866478631E-002  -5.6494409164236564E-002
   4.7700138645047387E-002  -3.1531023279399786E-002
   4.0767020245983714E-002  -9.8123548389851926E-003
   3.2869457172894481E-002   8.1709241263763256E-003
   2.4530190917545529E-002   2.2256033509241709E-002
   1.6180036343971995E-002   3.2522751243463384E-002
   8.1384575108545826E-003   3.9203828363902210E-002
   6.1937211732267564E-004   4.2613208698158440E-002
  -6.2508930830341260E-003   4.3096933702262995E-002
  -1.2412558707647979E-002   4.1003272212986240E-002
  -1.7853201307115402E-002   3.6666187281835350E-002
  -2.2592153364039375E-002   3.0397023123323749E-002
  -2.6668592091887228E-002   2.2480960778187741E-002
  -3.0132830171241534E-002   1.3176112573620009E-002
  -3.3040096588218180E-002   2.7140425548904685E-003
  -3.5446113569401812E-002  -8.6988873451469863E-003
  -3.7403946262536743E-002  -2.0879616195849156E-002
  -3.8961761053223055E-002  -3.3666049087485543E-002
  -4.0161255648028270E-002  -4.6914353978913123E-002
  -4.1036622676375631E-002  -6.0495963646522370E-002
  -4.1613952674039188E-002  -7.4294387596991099E-002
  -4.1910988058038522E-002  -8.8201957189446775E-002
  -4.1937136248819132E-002 -0.10211662008129020     
  -4.1693642660269432E-002 -0.11593886761842148     
  -4.1173815604339893E-002 -0.12956882348405219     
  -4.0363200222381976E-002 -0.14290345292624582     
  -3.9239636525346115E-002 -0.15583378922267804     
  -3.7773214247197644E-002 -0.16824204500696804     
  -3.5926238315459005E-002 -0.17999850026767231     
  -3.3653417449240761E-002 -0.19095813238980047     
  -3.0902571712837577E-002 -0.20095705226067115     
  -2.7616224596092767E-002 -0.20980891071695870     
  -2.3734502866229832E-002 -0.21730153729904916     
  -1.9199806257535208E-002 -0.22319418626954374     
  -1.3963716884249532E-002 -0.22721592510363509     
  -7.9965787674444230E-003 -0.22906595006742203     
  -1.3000630898138549E-003 -0.22841701497681444     
   6.0772185588233944E-003 -0.22492380752205257     
   1.4021524673359015E-002 -0.21823908177496387     
   2.2334756456591057E-002 -0.20804155233512464     
   3.0717658520341848E-002 -0.19408039232048699     
   3.8761937977197652E-002 -0.17624018851975845     
   4.5961482911543713E-002 -0.15462473532793203     
   5.1754795008484504E-002 -0.12964518092258237     
   5.5605577953087806E-002 -0.10207907236527781     
   5.7111260392613161E-002  -7.3054232699643368E-002
   5.6104970390678154E-002  -4.3926689206629087E-002
   5.2704535801473808E-002  -1.6072667198846997E-002
   4.7281176947363751E-002   9.3300144370053323E-003
   4.0362852920644371E-002   3.1446335181143502E-002
   3.2518773679763115E-002   4.9817553922978257E-002
   2.4268459770865652E-002   6.4307760765678623E-002
   1.6032314577042947E-002   7.5013305837777711E-002
   8.1179305246216003E-003   8.2174122336830968E-002
   7.2856619397568148E-004   8.6104657424883976E-002
  -6.0182276932388293E-003   8.7147145384648753E-002
  -1.2069803270973480E-002   8.5643083764493755E-002
  -1.7419514247614769E-002   8.1917264562003947E-002
  -2.2091167836533972E-002   7.6269734541417583E-002
  -2.6126994082337651E-002   6.8972517915506529E-002
  -2.9578726294469997E-002   6.0269099681921873E-002
  -3.2501174803142859E-002   5.0375505118917474E-002
  -3.4947711438502657E-002   3.9482335051196853E-002
  -3.6967197123499142E-002   2.7757405749553269E-002
  -3.8601996130711219E-002   1.5348796211546330E-002
  -3.9886819527484532E-002   2.3881693516930261E-003
  -4.0848202478034307E-002  -1.1005755788452254E-002
  -4.1504444818857920E-002  -2.4723704764885630E-002
  -4.1865858310474777E-002  -3.8662435257126086E-002
  -4.1935181382918373E-002  -5.2721498304979963E-002
  -4.1708044067976770E-002  -6.6800219487648319E-002
  -4.1173390352203916E-002  -8.0794899552629640E-002
  -4.0313794521146432E-002  -9.4596189013735482E-002
  -3.9105651345608193E-002 -0.10808655735308388     
  -3.7519282014078691E-002 -0.12113776735262413     
  -3.5519070153027146E-002 -0.13360828708847855     
  -3.3063813149145971E-002 -0.14534062151588301     
  -3.0107540322797284E-002 -0.15615860819444513     
  -2.6601115272501641E-002 -0.16586478856710873     
  -2.2495004224227930E-002 -0.17423804565857581     
  -1.7743642944596818E-002 -0.18103181592089260     
  -1.2311849316909040E-002 -0.18597336704322781     
  -6.1836804226660909E-003 -0.18876491291013334     
   6.2601044688029772E-004 -0.18908774794395514     
   8.0573591287236134E-003 -0.18661117935738486     
   1.5989234329669581E-002 -0.18100884319385252     
   2.4222607355470896E-002 -0.17198586299354868     
   3.2466984340828245E-002 -0.15932068536903962     
   4.0335917068310086E-002 -0.14292401265425023     
   4.7360379290805124E-002 -0.12291192649445397     
   5.3029419350115500E-002  -9.9679247545933644E-002
   5.6861793824884196E-002  -7.3944639816792890E-002
   5.8497682620666971E-002  -4.6731507436318723E-002
   5.7781665372311490E-002  -1.9263461964042404E-002
   5.4801675551807948E-002   7.2075047811866761E-003
   4.9864953129270272E-002   3.1582248857356533E-002
   4.3422936950761805E-002   5.3041104731778359E-002
   3.5978966371538260E-002   7.1085630634268301E-002
   2.8010941285130229E-002   8.5508509432717733E-002
   1.9923735246997070E-002   9.6326202168477648E-002
   1.2030103462054799E-002  0.10370541728206797     
   4.5516337567037980E-003  0.10790085063431197     
  -2.3693447348955817E-003  0.10920974144574978     
  -8.6538010814001982E-003  0.10794192374890360     
  -1.4270092581246752E-002  0.10440157980301427     
  -1.9220024962635911E-002   9.8876945870333507E-002
  -2.3527514233851816E-002   9.1635093406041784E-002
  -2.7229785403012813E-002   8.2919842855355141E-002
  -3.0370748281894986E-002   7.2951626526123400E-002
  -3.2996164826423355E-002   6.1928606194416889E-002
  -3.5150281075744277E-002   5.0028605477822563E-002
  -3.6873644713450400E-002   3.7411530125276593E-002
  -3.8201849642407401E-002   2.4221996898232144E-002
  -3.9164936619953593E-002   1.0591941500693359E-002
  -3.9787160724528550E-002  -3.3569272796641599E-003
  -4.0086858343055677E-002  -1.7510825031039359E-002
  -4.0076233647085228E-002  -3.1761617310233997E-002
  -3.9761027286554791E-002  -4.6004403435286334E-002
  -3.9140179925016803E-002  -6.0134848165301985E-002
  -3.8205689419840122E-002  -7.4046291153860230E-002
  -3.6942832077742994E-002  -8.7626810446901154E-002
  -3.5330781043305913E-002 -0.10075648564167536     
  -3.3343478559365675E-002 -0.11330504965789254     
  -3.0950517134523674E-002 -0.12512994704400474     
  -2.8117862089031550E-002 -0.13607460922872527     
  -2.4808530872290104E-002 -0.14596663473103616     
  -2.0983744981928253E-002 -0.15461563907956347     
  -1.6605409848940097E-002 -0.16181086692451915     
  -1.1640841056499944E-002 -0.16731918746538627     
  -6.0702842519141428E-003 -0.17088464598377581     
   1.0295400123231096E-004 -0.17223106656998960     
   6.8406732349978192E-003 -0.17106916487422932     
   1.4057504056082889E-002 -0.16710938319143701     
   2.1609310721470612E-002 -0.16008153085582391     
   2.9282910646092307E-002 -0.14976270274551293     
   3.6787880736000464E-002 -0.13601609862528025     
   4.3754120136780240E-002 -0.11884392781583127     
   4.9745068798824864E-002  -9.8453185936988694E-002
   5.4300386467492454E-002  -7.5319436483334140E-002
   5.7012850373178318E-002  -5.0214897100033525E-002
   5.7619494086471927E-002  -2.4162850023477685E-002
   5.6065205036235827E-002   1.6891771008994861E-003
   5.2505948088533025E-002   2.6234135249370977E-002
   4.7257979374813505E-002   4.8542166686819779E-002
   4.0729729556484004E-002   6.7933156855523202E-002
   3.3364525080664599E-002   8.3993516871840174E-002
   2.5595242612602175E-002   9.6558944803750144E-002
   1.7803706030267524E-002  0.10567354225360391     
   1.0289007032685572E-002  0.11153136980081829     
   3.2547552477579507E-003  0.11441327148920587     
  -3.1824613762037701E-003  0.11463378165499137     
  -8.9704717602519246E-003  0.11250647800702156     
  -1.4095159688056502E-002  0.10832835620257565     
  -1.8559355794794227E-002  0.10237840670773382     
  -2.2371803660354812E-002   9.4922900558977105E-002
  -2.5545637593880718E-002   8.6220330838056955E-002
  -2.8101947748872844E-002   7.6521931988028938E-002
  -3.0073198548496348E-002   6.6067393933418969E-002
  -3.1502936621440096E-002   5.5078173166190694E-002
  -3.2440995039941627E-002   4.3751888750342666E-002
  -3.2935945800740524E-002   3.2260651443870095E-002
  -3.3027934487086581E-002   2.0754339014930203E-002
  -3.2744898863172209E-002   9.3676239919386877E-003
  -3.2103704347946488E-002  -1.7721093365935454E-003
  -3.1115567402054865E-002  -1.2539214689406048E-002
  -2.9793254717910930E-002  -2.2808779475574789E-002
  -2.8156783565939862E-002  -3.2460305133424683E-002
  -2.6234988796773488E-002  -4.1384105347194951E-002
  -2.4062085818649652E-002  -4.9487121139598980E-002
  -2.1670632370833661E-002  -5.6694841911536127E-002
  -1.9084226206291795E-002  -6.2947525263629581E-002
  -1.6313884374496178E-002  -6.8191536381925974E-002
  -1.3360693711550601E-002  -7.2369230850574964E-002
  -1.0224458671308688E-002  -7.5411886933409597E-002
  -6.9154149082307518E-003  -7.7239007967084591E-002
  -3.4655140773420952E-003  -7.7764754589687943E-002
   6.2366138907917645E-005  -7.6910453579161681E-002
   3.5668270738338195E-003  -7.4622642363564862E-002
   6.9025251695523111E-003  -7.0897942759452590E-002
   9.8826834861310015E-003  -6.5815158486819500E-002
   1.2299888118617095E-002  -5.9567420347316984E-002
   1.3970490855410035E-002  -5.2475791852265807E-002
   1.4790451480671093E-002  -4.4963168168013622E-002
   1.4773621743588383E-002  -3.7485163444890765E-002
   1.4047692152861356E-002  -3.0444307158344886E-002
   1.2810311802489474E-002  -2.4127324649504192E-002
   1.1273153257384478E-002  -1.8687378533920232E-002
   9.6211888833130591E-003  -1.4163019275218453E-002
   7.9948731600112989E-003  -1.0511855393380294E-002
   6.4882113060076695E-003  -7.6431475356326791E-003
   5.1546342687497637E-003  -5.4436439903730160E-003
   4.0161978290965371E-003  -3.7957225132511808E-003
   3.0731835294234137E-003  -2.5885216033137539E-003
   2.3121560097239201E-003  -1.7238000813692383E-003
   1.7120563883777937E-003  -1.1183954608632554E-003
   1.2486722597588058E-003  -7.0452278892102862E-004
   8.9771256095515684E-004  -4.2869806368052454E-004
   6.3667171016780065E-004  -2.4992823287259779E-004
   4.4579737699192574E-004  -1.3764807659268820E-004
   3.0846240593197609E-004  -6.9679456157272689E-005
   2.1114189464256614E-004  -3.0364154565253584E-005
   1.4314988987550067E-004  -8.9569666289245242E-006
   9.6261422695562260E-005   1.6931821758670826E-006
   6.4299427359941721E-005   6.1883388518659355E-006
   4.2730369296351738E-005   7.3820748101352092E-006
   2.8296561419138156E-005   6.9698315545112052E-006
   1.8701761312583541E-005   5.9077913853593249E-006
   1.2355079475795280E-005   4.6990769789493331E-006
   8.1705815076467733E-006   3.5816742398598953E-006
   5.4161620960867875E-006   2.6467200423651246E-006
   3.6032519627944020E-006   1.9098063096011726E-006
   2.4084171813857194E-006   1.3519853016436361E-006
   1.6188178648136167E-006   9.4201503282459625E-007
   1.0949670299020279E-006   6.4749615689341465E-007
   7.4567846412440228E-007   4.3976329295524489E-007
   5.1139774359852804E-007   2.9546773562554106E-007
   3.5320778786475451E-007   1.9654622731689003E-007
   2.4562854217644799E-007   1.2951323227452645E-007
   1.7192387149873610E-007   8.4563589185202596E-008
   1.2105159477620027E-007   5.4714111548320685E-008
   8.5685213603796075E-008   3.5074389678798309E-008
   6.0931481951846435E-008   2.2267725727905684E-008
   4.3498120737901992E-008   1.3991025596893645E-008
   3.1152403729215653E-008   8.6904843716896767E-009
   2.2367722266871153E-008   5.3281530972257833E-009
   1.6091710719943028E-008   3.2170541073086832E-009
   1.1593167001932594E-008   1.9064954682588508E-009
   8.3602604867338548E-009   1.1033333065309400E-009
   6.0322943104047188E-009   6.1853022168086997E-010
   4.3535587864487141E-009   3.3125285699978018E-010
   3.1418414702200732E-009   1.6497612428627979E-010
   2.2667453258858170E-009   7.1717419533845851E-011
   1.6346301137456953E-009   2.1722050099532505E-011
   1.1780687006824491E-009  -3.2296196689512486E-012
   8.4841040803629291E-010  -1.4129232900910486E-011
   6.1050198983498345E-010  -1.7488618138289660E-011
   4.3891960823797025E-010  -1.7077590022672819E-011
   3.1526708454577954E-010  -1.5012197511128694E-011
   2.2623164654635195E-010  -1.2428863148810326E-011
   1.6218086427451722E-010  -9.8968471322743242E-012
   1.1614804258031224E-010  -7.6669457559150059E-012
   8.3097482047346471E-011  -5.8187919923885607E-012
   5.9391947941802365E-011  -4.3461403223838835E-012
   4.2406538888928725E-011  -3.2047688197160224E-012
   3.0248698584641024E-011  -2.3382430472913705E-012
   2.1555247803806570E-011  -1.6908618362626420E-012
   1.5345324710849142E-011  -1.2134015930236413E-012
   1.0913907716472424E-011  -8.6498487197835446E-013
   7.7547866568311317E-012  -6.1299884330251523E-013
   5.5048906822944571E-012  -4.3214576061606814E-013
   3.9040928822123015E-012  -3.0320813854464905E-013
   2.7662204821831369E-012  -2.1182219469462577E-013
   1.9581700366891533E-012  -1.4739058913524265E-013
   1.3848786525021851E-012  -1.0217793282957656E-013
   9.7852155024848057E-013  -7.0588375901744100E-014
   6.9075627394398131E-013  -4.8604824016528389E-014
   4.8716056892661734E-013  -3.3362719395547277E-014
   3.4324790400449376E-013  -2.2831350286065298E-014
   2.4161627872404800E-013  -1.5578657980740409E-014
   1.6991017362071220E-013  -1.0599519636636041E-014
   1.1936527422362647E-013  -7.1915006556389372E-015
   8.3770398185501926E-014  -4.8656438929395182E-015
   5.8727768057639760E-014  -3.2828422901062177E-015
   4.1126405427737903E-014  -2.2087243032904352E-015
   2.8767607842193313E-014  -1.4818327855435985E-015
   2.0098840732567041E-014  -9.9128588504868429E-016
   1.4024837830064387E-014  -6.6116168845994795E-016
   9.7736324493647190E-015  -4.3962583161283205E-016
   6.8016325962998349E-015  -2.9138911074772738E-016
   4.7264216434856037E-015  -1.9249307083495576E-016
   3.2792291518021026E-015  -1.2671667550631151E-016
   2.2713441527039387E-015  -8.3107704238721520E-017
   1.5704021447051836E-015  -5.4291841695869377E-017
   1.0836581810084998E-015  -3.5317772971816303E-017
   7.4619854228515920E-016  -2.2870577299693940E-017
   5.1264048693797575E-016  -1.4737441904339945E-017
   3.5129341297828421E-016  -9.4457477623555539E-018
   2.4005540036036950E-016  -6.0185838260219672E-018
   1.6353215442556616E-016  -3.8100409109236105E-018
   1.1101622166380419E-016  -2.3945602286491646E-018
   7.5071064543905620E-017  -1.4928074712188078E-018
   5.0540009649048099E-017  -9.2216051763149134E-019
   3.3853349756367167E-017  -5.6373778300504048E-019
   2.2544464056399861E-017  -3.4051069153523126E-019
   1.4912315484130234E-017  -2.0282220712811276E-019
   9.7863451378146901E-018  -1.1883896635824595E-019
   6.3629152586382866E-018  -6.8279659335536992E-020
   4.0916839888385446E-018  -3.8311903770216807E-020
   2.5967785807786707E-018  -2.0879424571022897E-020
   1.6221828647180571E-018  -1.0969210954656953E-020
   9.9394191608442053E-019  -5.4940075003645355E-021
   5.9401135964273420E-019  -2.5759194954483684E-021
   3.4217062688512059E-019  -1.0914074088859474E-021
   1.8344396311598219E-019  -3.8394591801107450E-022
   7.8916715504942360E-020  -8.0764015105976793E-023
   0.0000000000000000        0.0000000000000000     
