 Initial conditions outputted from a previous simulation. Time =    83.600000000000009     
   40.000000000000000        0.0000000000000000              500           1   83.600000000000009     
   2.9371262632519250E-003  0.14947051209280432     
  -3.6740208505949448E-003  0.14708808753116054     
  -9.5749760679703748E-003  0.14224070398230532     
  -1.4767548124385802E-002  0.13524019383065899     
  -1.9279776994057300E-002  0.12638412355559031     
  -2.3152755731223947E-002  0.11594033893675207     
  -2.6439684948231186E-002  0.10414947315524416     
  -2.9193994700010065E-002   9.1227577052523323E-002
  -3.1467689019235537E-002   7.7367088628403483E-002
  -3.3308658272811598E-002   6.2739460828325766E-002
  -3.4758704249808370E-002   4.7498060006306082E-002
  -3.5852732179587440E-002   3.1781011476447157E-002
  -3.6618316766218489E-002   1.5714157179677092E-002
  -3.7075486538306522E-002  -5.8597012964329003E-004
  -3.7236784758968078E-002  -1.7009192628527441E-002
  -3.7107557409258494E-002  -3.3448660600656557E-002
  -3.6686472332441801E-002  -4.9797589086685363E-002
  -3.5966300876396622E-002  -6.5945476003356360E-002
  -3.4934773308665859E-002  -8.1773444926950281E-002
  -3.3574868209888531E-002  -9.7148610545878186E-002
  -3.1863573294980893E-002 -0.11191818302896453     
  -2.9768643324612050E-002 -0.12590513707671222     
  -2.7244475096583180E-002 -0.13890765674401220     
  -2.4229979715670650E-002 -0.15070322306386366     
  -2.0651542775064997E-002 -0.16105551687220132     
  -1.6432120895212333E-002 -0.16972025827171064     
  -1.1504600952456248E-002 -0.17644659994792683     
  -5.8260449331415196E-003 -0.18097365137901791     
   6.0956588278401555E-004 -0.18302516779258152     
   7.7600154040070139E-003 -0.18230743284115009     
   1.5523081476091462E-002 -0.17851552250823005     
   2.3722829871654336E-002 -0.17135246749120742     
   3.2095225961366214E-002 -0.16056520386307882     
   4.0278177988646351E-002 -0.14600013392353231     
   4.7814704409092842E-002 -0.12767772346230893     
   5.4180125470256635E-002 -0.10587713506403836     
   5.8842273473086154E-002  -8.1207136824443873E-002
   6.1352555262410902E-002  -5.4624643044983816E-002
   6.1445290278686567E-002  -2.7364326031653070E-002
   5.9106626703467099E-002  -7.7586868841823711E-004
   5.4580358065309378E-002   2.3883430013183545E-002
   4.8307104828488052E-002   4.5623316393449236E-002
   4.0825055831034025E-002   6.3805530468667354E-002
   3.2672070009319529E-002   7.8134846725780319E-002
   2.4316765340456455E-002   8.8591019908123292E-002
   1.6125414223922153E-002   9.5342231499344843E-002
   8.3574076172171184E-003   9.8667315382415854E-002
   1.1776091329744271E-003   9.8898219427991763E-002
  -5.3246847253096861E-003   9.6382570356598862E-002
  -1.1116452097842068E-002   9.1461175649853871E-002
  -1.6203850074520992E-002   8.4455511909887232E-002
  -2.0618152936914678E-002   7.5661769978341883E-002
  -2.4405069908996713E-002   6.5348906980078961E-002
  -2.7617212062046859E-002   5.3758847796360761E-002
  -3.0308971630831662E-002   4.1107734630832525E-002
  -3.2533034791474263E-002   2.7587686494818242E-002
  -3.4337949687144431E-002   1.3368875132125011E-002
  -3.5766370540280867E-002  -1.3980758033464216E-003
  -3.6853777248184560E-002  -1.6579307899410398E-002
  -3.7627598840862496E-002  -3.2054552823626459E-002
  -3.8106710018752009E-002  -4.7713633640607385E-002
  -3.8301258670377078E-002  -6.3452773064346796E-002
  -3.8212766327168683E-002  -7.9170873764024416E-002
  -3.7834429446013347E-002  -9.4765936696932757E-002
  -3.7151532953319258E-002 -0.11013174640880138     
  -3.6141879955146256E-002 -0.12515487912287307     
  -3.4776163391217980E-002 -0.13971199447516799     
  -3.3018273192476966E-002 -0.15366728544019323     
  -3.0825645066419719E-002 -0.16686992044918114     
  -2.8149888500110902E-002 -0.17915134425477286     
  -2.4938047708620088E-002 -0.19032241453439291     
  -2.1134934918186906E-002 -0.20017051941726610     
  -1.6687036856411902E-002 -0.20845701760169794     
  -1.1548531294572124E-002 -0.21491555798411396     
  -5.6899260485507534E-003 -0.21925210028432135     
   8.9031641418277515E-004 -0.22114783525005005     
   8.1511550837840719E-003 -0.22026675721889988     
   1.5991967186021801E-002 -0.21627038841852447     
   2.4234808425316803E-002 -0.20884296858233406     
   3.2609110199965180E-002 -0.19773087564560254     
   4.0744085737020701E-002 -0.18279915906593694     
   4.8176530893281222E-002 -0.16410412848888348     
   5.4383183797380809E-002 -0.14197189722923403     
   5.8844221177260514E-002 -0.11705864940839868     
   6.1133801767359310E-002  -9.0356031885085522E-002
   6.1015306212585142E-002  -6.3109688378676060E-002
   5.8504157180240560E-002  -3.6652211565090694E-002
   5.3866642820237093E-002  -1.2200477126610142E-002
   4.7552780937758672E-002   9.3070766442335199E-003
   4.0094558601190738E-002   2.7281290935378198E-002
   3.2011357838233952E-002   4.1462135890214177E-002
   2.3748238884406692E-002   5.1845899004565855E-002
   1.5649706171379101E-002   5.8600633672873749E-002
   7.9589948445074506E-003   6.1993864128159312E-002
   8.3139352518729593E-004   6.2340319509081567E-002
  -5.6471361099954317E-003   5.9968445139120669E-002
  -1.1441516768189414E-002   5.5201003913841654E-002
  -1.6551947662696603E-002   4.8344878964379022E-002
  -2.1001909063077501E-002   3.9686289159866432E-002
  -2.4829521960658317E-002   2.9488840023685799E-002
  -2.8081451001532077E-002   1.7992873309952081E-002
  -3.0808387144554344E-002   5.4154312289346378E-003
  -3.3061353957394450E-002  -8.0492587517387582E-003
  -3.4888453370423372E-002  -2.2228574718276203E-002
  -3.6332027303478606E-002  -3.6969330237431465E-002
  -3.7426455356295810E-002  -5.2134583268290229E-002
  -3.8196870822623775E-002  -6.7599648102661586E-002
  -3.8658954879625618E-002  -8.3247795128952917E-002
  -3.8819721279342044E-002  -9.8966241996093121E-002
  -3.8678928100749153E-002 -0.11464294974711084     
  -3.8230561149102983E-002 -0.13016445172502958     
  -3.7463816430912664E-002 -0.14541455635786713     
  -3.6363196477563461E-002 -0.16027341891135860     
  -3.4907679063351058E-002 -0.17461630318203414     
  -3.3069307274307659E-002 -0.18831142188040656     
  -3.0811857710260657E-002 -0.20121653890005622     
  -2.8090372852456365E-002 -0.21317444508975647     
  -2.4852270421118962E-002 -0.22400784582930533     
  -2.1040519247714114E-002 -0.23351449689289855     
  -1.6599092671286789E-002 -0.24146353009885133     
  -1.1480662945957150E-002 -0.24759384907839996     
  -5.6563252380825695E-003 -0.25161535418728254     
   8.7296528867509377E-004 -0.25321371293864747     
   8.0636162909072939E-003 -0.25205955406988700     
   1.5815690719052661E-002 -0.24782342197728632     
   2.3958784540056868E-002 -0.24019863169332606     
   3.2238473584964268E-002 -0.22893525037778603     
   4.0305849966736772E-002 -0.21388933965869628     
   4.7716299884536274E-002 -0.19509063243926958     
   5.3949261240116800E-002 -0.17282503670160226     
   5.8463631694386994E-002 -0.14771147317029643     
   6.0794012671966852E-002 -0.12073000021631136     
   6.0666084933331914E-002  -9.3152314620968069E-002
   5.8080804447068625E-002  -6.6362739549937766E-002
   5.3318731097744813E-002  -4.1626963012824932E-002
   4.6859160075965925E-002  -1.9907310631286958E-002
   3.9259369462484865E-002  -1.7910484634142824E-003
   3.1051058338081170E-002   1.2476290069121626E-002
   2.2681673502571279E-002   2.2906253412378688E-002
   1.4495474383980784E-002   2.9679109817911796E-002
   6.7378528029726492E-003   3.3073327539986166E-002
  -4.3025921488995490E-004   3.3416531941202809E-002
  -6.9158595867888067E-003   3.1054014060518602E-002
  -1.2678984837909425E-002   2.6328892911527589E-002
  -1.7720111018436891E-002   1.9569273244099808E-002
  -2.2069355631352275E-002   1.1079750266476193E-002
  -2.5776999532362593E-002   1.1359181520533249E-003
  -2.8904937609793249E-002  -1.0018648600860179E-002
  -3.1518916543881718E-002  -2.2172972972394327E-002
  -3.3681823726048443E-002  -3.5146786172889452E-002
  -3.5448502328513626E-002  -4.8786406884679209E-002
  -3.6862512113285666E-002  -6.2958990615227778E-002
  -3.7955011404322364E-002  -7.7546070653239624E-002
  -3.8745551280199617E-002  -9.2437436166447895E-002
  -3.9244178815572461E-002 -0.10752623123535199     
  -3.9453995060042414E-002 -0.12270575094858853     
  -3.9373278297513227E-002 -0.13786788262415264     
  -3.8996476621685483E-002 -0.15290264228344017     
  -3.8313761131418489E-002 -0.16769792990355181     
  -3.7309318804404627E-002 -0.18213856924883182     
  -3.5959019568961983E-002 -0.19610393346325389     
  -3.4228379655560109E-002 -0.20946392539184167     
  -3.2071771101418636E-002 -0.22207364480850647     
  -2.9433594337963307E-002 -0.23376755783489914     
  -2.6251734578435149E-002 -0.24435424004465367     
  -2.2463208154886203E-002 -0.25361274103128612     
  -1.8011591279831141E-002 -0.26129137366116173     
  -1.2855664437473963E-002 -0.26710939644222903     
  -6.9787020971862259E-003 -0.27076177112758115     
  -3.9797842588046393E-004 -0.27192705152040331     
   6.8256604879633545E-003 -0.27027859138443189     
   1.4577928463160389E-002 -0.26549976939096021     
   2.2680415863830603E-002 -0.25730496152305654     
   3.0878894969284098E-002 -0.24546960022891129     
   3.8832394863225435E-002 -0.22987436473845910     
   4.6109675033736808E-002 -0.21056822420046861     
   5.2206763627533619E-002 -0.18784786876833154     
   5.6602219083614673E-002 -0.16233236252581262     
   5.8854617020672240E-002 -0.13498788555592509     
   5.8716291173992748E-002 -0.10705377270513465     
   5.6209259149444482E-002  -7.9863306528574193E-002
   5.1617465142598712E-002  -5.4622978840476046E-002
   4.5399079390563313E-002  -3.2247445076917534E-002
   3.8070785057525772E-002  -1.3305431269274423E-002
   3.0118253253384946E-002   1.9420339268319917E-003
   2.1951522388740444E-002   1.3465277472313521E-002
   1.3893578272674319E-002   2.1391758425962321E-002
   6.1849732734027421E-003   2.5948209512853079E-002
  -1.0059812578220764E-003   2.7419422443959944E-002
  -7.5722816664139268E-003   2.6119628823254800E-002
  -1.3457996595017299E-002   2.2372099088823292E-002
  -1.8648342809179042E-002   1.6494227472298072E-002
  -2.3159740587314240E-002   8.7869189581967332E-003
  -2.7030128869241256E-002  -4.7234491867143068E-004
  -3.0309968574156111E-002  -1.1033189819780366E-002
  -3.3054394182679032E-002  -2.2673126831392929E-002
  -3.5317009157719410E-002  -3.5195904857141809E-002
  -3.7145644608849851E-002  -4.8428122060601736E-002
  -3.8580103214790988E-002  -6.2214897143109238E-002
  -3.9651632566320122E-002  -7.6415398953259314E-002
  -4.0383637884095470E-002  -9.0898893167483480E-002
  -4.0793012433026549E-002 -0.10554169877839081     
  -4.0891479591786538E-002 -0.12022512974690419     
  -4.0686470605764760E-002 -0.13483420952816583     
  -4.0181259363889867E-002 -0.14925674135615144     
  -3.9374304875594811E-002 -0.16338222723785720     
  -3.8257975650724467E-002 -0.17710016696509484     
  -3.6817009835009885E-002 -0.19029742629680113     
  -3.5027167954683899E-002 -0.20285460678274364     
  -3.2854542779770630E-002 -0.21464161837235313     
  -3.0255912011383820E-002 -0.22551287781259427     
  -2.7180389445395182E-002 -0.23530267549321948     
  -2.3572496281149432E-002 -0.24382125424901549     
  -1.9376684889365416E-002 -0.25085205179572545     
  -1.4543340513510998E-002 -0.25615043816017158     
  -9.0363677677348358E-003 -0.25944422587824456     
  -2.8425985757522449E-003 -0.26043635535946019     
   4.0166385162678257E-003 -0.25881056892133503     
   1.1471478303564578E-002 -0.25424167244275447     
   1.9387051424827613E-002 -0.24641317069828642     
   2.7545650486548418E-002 -0.23504649238115718     
   3.5630790870836641E-002 -0.21994704788247316     
   4.3220279514893531E-002 -0.20107125520891900     
   4.9800314391747966E-002 -0.17861202608235177     
   5.4814821514797503E-002 -0.15308451420413791     
   5.7756166340647168E-002 -0.12537240245563219     
   5.8280489541820940E-002  -9.6685570009967220E-002
   5.6303964026330047E-002  -6.8406930611432770E-002
   5.2031164799626800E-002  -4.1867875810333556E-002
   4.5898542309181591E-002  -1.8141724561926267E-002
   3.8463340342272771E-002   2.0667544560628221E-003
   3.0290748011560644E-002   1.8420617901739923E-002
   2.1876043072364064E-002   3.0878709555376433E-002
   1.3608432840386001E-002   3.9602596043138712E-002
   5.7656972543480263E-003   4.4873777106021827E-002
  -1.4738249010029568E-003   4.7032277935269422E-002
  -8.0121952928267591E-003   4.6436206529950376E-002
  -1.3812123720586416E-002   4.3437264148985348E-002
  -1.8879397199478822E-002   3.8366898016481417E-002
  -2.3248374405239747E-002   3.1529200818074345E-002
  -2.6970616217062419E-002   2.3197979081642561E-002
  -3.0106297912378975E-002   1.3616353906285473E-002
  -3.2717872736620079E-002   2.9979393929317980E-003
  -3.4865520229107001E-002  -8.4709573935968542E-003
  -3.6604010365350922E-002  -2.0628469020732267E-002
  -3.7980682643722181E-002  -3.3333871009185556E-002
  -3.9034299049377982E-002  -4.6464034878303785E-002
  -3.9794557590715110E-002  -5.9909779384700323E-002
  -4.0282058078758440E-002  -7.3572234259097855E-002
  -4.0508527916546452E-002  -8.7359289224768599E-002
  -4.0477149965653797E-002 -0.10118216059455243     
  -4.0182884301058423E-002 -0.11495207459198820     
  -3.9612735900700302E-002 -0.12857704649561544     
  -3.8745976539550267E-002 -0.14195872911201635     
  -3.7554370208400543E-002 -0.15498930824970497     
  -3.6002480366108591E-002 -0.16754843177248133     
  -3.4048166811783576E-002 -0.17950017177540656     
  -3.1643421120515054E-002 -0.19069004202667456     
  -2.8735743566056796E-002 -0.20094213546055090     
  -2.5270324133210328E-002 -0.21005651596921382     
  -2.1193351003020906E-002 -0.21780709093523176     
  -1.6456831920233159E-002 -0.22394030147851007     
  -1.1025366221974907E-002 -0.22817511760631759     
  -4.8853077427362113E-003 -0.23020507706631568     
   1.9433605634737844E-003 -0.22970354446098726     
   9.3924576965564721E-003 -0.22633405479591737     
   1.7329045983678987E-002 -0.21976851899783786     
   2.5538804670145309E-002 -0.20971697591307020     
   3.3713211207874891E-002 -0.19597280744288229     
   4.1447121718457151E-002 -0.17847545439566034     
   4.8256030441956470E-002 -0.15738641247196519     
   5.3622311880329836E-002 -0.13316200922009394     
   5.7072737035165091E-002 -0.10659143042251788     
   5.8273442355656638E-002  -7.8762989122382915E-002
   5.7110378075150334E-002  -5.0941291083545386E-002
   5.3719165810839055E-002  -2.4381985173088965E-002
   4.8448663055457607E-002  -1.4977049988019835E-004
   4.1775947324733657E-002   2.0995839492643869E-002
   3.4210813829956672E-002   3.8624068493774283E-002
   2.6221862425214810E-002   5.2587830097034237E-002
   1.8195573950901902E-002   6.2949149043271674E-002
   1.0423503256177377E-002   6.9905151935538909E-002
   3.1073411776210758E-003   7.3728810946444387E-002
  -3.6272980342036375E-003   7.4727222745701302E-002
  -9.7145660016787188E-003   7.3214681884713292E-002
  -1.5132873611553247E-002   6.9496387789870107E-002
  -1.9891548255920270E-002   6.3859238942147692E-002
  -2.4020022890125229E-002   5.6567207151113630E-002
  -2.7559447304584789E-002   4.7859638757663719E-002
  -3.0556391793755147E-002   3.7951443663800592E-002
  -3.3058284306936907E-002   2.7034515964455903E-002
  -3.5110267082031903E-002   1.5279938492177380E-002
  -3.6753197687230454E-002   2.8406414782500343E-003
  -3.8022541961824599E-002  -1.0145740502696355E-002
  -3.8947910167887727E-002  -2.3554011473627973E-002
  -3.9552984450899893E-002  -3.7268692110814183E-002
  -3.9855600531272330E-002  -5.1181495080857738E-002
  -3.9867792268726471E-002  -6.5188985301957991E-002
  -3.9595682900782019E-002  -7.9190351588382779E-002
  -3.9039199355059936E-002  -9.3085184225319167E-002
  -3.8191673541883998E-002 -0.10677115866348283     
  -3.7039452691431954E-002 -0.12014156334529526     
  -3.5561655802082474E-002 -0.13308266315144099     
  -3.3730190062247457E-002 -0.14547093815486620     
  -3.1510105678396107E-002 -0.15717026338104631     
  -2.8860357017926122E-002 -0.16802909673331567     
  -2.5735079787682115E-002 -0.17787773718677088     
  -2.2085589925960953E-002 -0.18652573399634031     
  -1.7863437258449084E-002 -0.19375959580408067     
  -1.3024967920547850E-002 -0.19934108169225087     
  -7.5379158903700928E-003 -0.20300657054454518     
  -1.3905029898285026E-003 -0.20446832931676287     
   5.3966659326720725E-003 -0.20341897599647141     
   1.2756009651501260E-002 -0.19954109705544118     
   2.0556430840328481E-002 -0.19252482062414430     
   2.8586691730877131E-002 -0.18209698599025162     
   3.6542425813876886E-002 -0.16806579125571339     
   4.4023294951814229E-002 -0.15038303090566449     
   5.0549801934780737E-002 -0.12921985166463948     
   5.5609586842306512E-002 -0.10503947772515131     
   5.8735775894502781E-002  -7.8634918667895820E-002
   5.9602978027102030E-002  -5.1094235501662963E-002
   5.8107851754015061E-002  -2.3676506412134549E-002
   5.4397873501448618E-002   2.3735512479058085E-003
   4.8833683548926581E-002   2.6006187349666116E-002
   4.1903793060990929E-002   4.6479251881283636E-002
   3.4129231847351525E-002   6.3381374345160543E-002
   2.5988801069909011E-002   7.6587382083885477E-002
   1.7876060792581770E-002   8.6183408279189896E-002
   1.0084472636697421E-002   9.2391083215098188E-002
   2.8117944027508603E-003   9.5505771587846150E-002
  -3.8251639308801307E-003   9.5852790315045816E-002
  -9.7722317264638502E-003   9.3759505239618929E-002
  -1.5020171226699139E-002   8.9539212966108658E-002
  -1.9589606838750169E-002   8.3482949093754741E-002
  -2.3519289349762558E-002   7.5856227836725409E-002
  -2.6857585886149709E-002   6.6898596426298265E-002
  -2.9656691650797394E-002   5.6824606719790963E-002
  -3.1968886455532308E-002   4.5825338054010033E-002
  -3.3844068469661523E-002   3.4070093306285104E-002
  -3.5327944650249118E-002   2.1708273546916877E-002
  -3.6460572942520156E-002   8.8715242879078265E-003
  -3.7275160670089451E-002  -4.3237562215460061E-003
  -3.7797081833604119E-002  -1.7773457488834757E-002
  -3.8043139207866741E-002  -3.1382335423029303E-002
  -3.8021176725285280E-002  -4.5060239681430268E-002
  -3.7730148027758981E-002  -5.8718201795039032E-002
  -3.7160669170135989E-002  -7.2264657888624503E-002
  -3.6295986088444379E-002  -8.5602078840492937E-002
  -3.5113200865793219E-002  -9.8624204311629188E-002
  -3.3584544723953974E-002 -0.11121394674954439     
  -3.1678489357107910E-002 -0.12324188213993451     
  -2.9360574351686479E-002 -0.13456510888706044     
  -2.6593997744760258E-002 -0.14502617280464253     
  -2.3340243764006001E-002 -0.15445176716708028     
  -1.9560261901568361E-002 -0.16265105183418233     
  -1.5216914261389779E-002 -0.16941369893927039     
  -1.0279516752801964E-002 -0.17450815052413057     
  -4.7312399460203046E-003 -0.17768104830531234     
   1.4201751640401960E-003 -0.17865934596703420     
   8.1285481478528872E-003 -0.17715719692303677     
   1.5293319211752024E-002 -0.17289022977067597     
   2.2743750408577502E-002 -0.16560007106846880     
   3.0226560920825315E-002 -0.15509158931822625     
   3.7400985931849644E-002 -0.14128394101318192     
   4.3845793574275933E-002 -0.12427380915391342     
   4.9084466962082830E-002 -0.10440414789532017     
   5.2637469685973916E-002  -8.2321340251766739E-002
   5.4107806693544536E-002  -5.8987533757033660E-002
   5.3287708348569295E-002  -3.5606648281871441E-002
   5.0244157139228043E-002  -1.3448522229519493E-002
   4.5329282978874640E-002   6.3804593223221445E-003
   3.9096280241202153E-002   2.3120946527623261E-002
   3.2161805909756175E-002   3.6421700852781687E-002
   2.5083875859100511E-002   4.6282718447619900E-002
   1.8296367510668356E-002   5.2944252123300999E-002
   1.2095964679474719E-002   5.6780678398651897E-002
   6.6578440951678237E-003   5.8222803721017402E-002
   2.0616556515749640E-003   5.7708548374162248E-002
  -1.6819226441594744E-003   5.5654941838164440E-002
  -4.6088242337526163E-003   5.2443746074025271E-002
  -6.7846224374035332E-003   4.8414695965340655E-002
  -8.2920985901372892E-003   4.3862878067427044E-002
  -9.2223156007387817E-003   3.9038483819509376E-002
  -9.6683583032170384E-003   3.4147969296116180E-002
  -9.7209258331014299E-003   2.9356142907703976E-002
  -9.4651370134660635E-003   2.4789011008107813E-002
  -8.9781484687064730E-003   2.0537344477242162E-002
  -8.3273626654147264E-003   1.6660987519506232E-002
  -7.5692300849670834E-003   1.3193910684744473E-002
  -6.7489062253319673E-003   1.0149828670717349E-002
  -5.9011161891080318E-003   7.5278609233583767E-003
  -5.0523406486902896E-003   5.3173807582270931E-003
  -4.2238787861042992E-003   3.5011661645112913E-003
  -3.4347563980315541E-003   2.0564417715664058E-003
  -2.7032898134272975E-003   9.5427505572890682E-004
  -2.0466554041099392E-003   1.5858911558589423E-004
  -1.4788260711782427E-003  -3.7376342838029504E-004
  -1.0080954026456016E-003  -6.9104316654582619E-004
  -6.3555236904951442E-004  -8.4302644226594628E-004
  -3.5524143455190467E-004  -8.7685447074999567E-004
  -1.5583130925130178E-004  -8.3357290135076798E-004
  -2.3017065116903901E-005  -7.4613066934296529E-004
   5.8164134396766415E-005  -6.3893292921082714E-004
   1.0160241969832032E-004  -5.2857314518795233E-004
   1.1910531946219691E-004  -4.2522189799832808E-004
   1.2001585824010542E-004  -3.3421966311906922E-004
   1.1127514496112982E-004  -2.5756847263945959E-004
   9.7738911976948879E-005  -1.9516353756710003E-004
   8.2594631567067933E-005  -1.4571859755733836E-004
   6.7779496731003744E-005  -1.0740752883171443E-004
   5.4347117461312859E-005  -7.8274758573415227E-005
   4.2762613510875811E-005  -5.6472944004352272E-005
   3.3124476978939266E-005  -4.0380977920293080E-005
   2.5321854232892583E-005  -2.8645307857423186E-005
   1.9140117776630526E-005  -2.0176260814793165E-005
   1.4327693662103602E-005  -1.4120992637294471E-005
   1.0635332532680076E-005  -9.8269153899572333E-006
   7.8367885938066249E-006  -6.8038547931914964E-006
   5.7376598495293580E-006  -4.6893157391632128E-006
   4.1771581890684253E-006  -3.2187498564570960E-006
   3.0260049428277492E-006  -2.2012716451464490E-006
   2.1825054821038620E-006  -1.5004962455765973E-006
   1.5680499586303134E-006  -1.0198119384521549E-006
   1.1227357437836268E-006  -6.9129410850413238E-007
   8.0145476202494881E-007  -4.6750149952021726E-007
   5.7057751936818825E-007  -3.1549158894106151E-007
   4.0524454698577802E-007  -2.1250694036771662E-007
   2.8721288774686980E-007  -1.4289754752283711E-007
   2.0317899071578775E-007  -9.5944335328411799E-008
   1.4349405258582109E-007  -6.4331712248106919E-008
   1.0119310529062694E-007  -4.3082705345417380E-008
   7.1269281572693774E-008  -2.8820870720711422E-008
   5.0136343482853070E-008  -1.9261302742860355E-008
   3.5233752547556438E-008  -1.2861196209538368E-008
   2.4738411866944050E-008  -8.5808840220534643E-009
   1.7355469025218903E-008  -5.7209879549383393E-009
   1.2167246334654637E-008  -3.8117788754158749E-009
   8.5246152788263750E-009  -2.5382107833923436E-009
   5.9691811187565166E-009  -1.6892475031600454E-009
   4.1777201470155344E-009  -1.1236827194847745E-009
   2.9226192008916607E-009  -7.4712845638699559E-010
   2.0437790829577665E-009  -4.9654853424261916E-010
   1.4287035857138959E-009  -3.2987863533162748E-010
   9.9841654902625010E-010  -2.1906934137619450E-010
   6.9751795493735686E-010  -1.4542885828818107E-010
   4.8717305150639539E-010  -9.6508528104607162E-011
   3.4017587730764768E-010  -6.4022019580476022E-011
   2.3747742411610225E-010  -4.2456296216502113E-011
   1.6574636571556700E-010  -2.8145074837238160E-011
   1.1565678666474348E-010  -1.8651202594873834E-011
   8.0687180037930272E-011  -1.2355206450880051E-011
   5.6278634587390302E-011  -8.1813419070850251E-012
   3.9245143754561898E-011  -5.4152819291022126E-012
   2.7360745513660568E-011  -3.5828461276842249E-012
   1.9070601182935160E-011  -2.3693664438172531E-012
   1.3288889691263978E-011  -1.5660929164078594E-012
   9.2574814898887226E-012  -1.0345844496924196E-012
   6.4471448572098556E-012  -6.8305706373683842E-013
   4.4885035788426079E-012  -4.5067926701657642E-013
   3.1237983813192947E-012  -2.9714740974870002E-013
   2.1731909876347724E-012  -1.9576788162728503E-013
   1.5112312754168394E-012  -1.2886777470076874E-013
   1.0504252192819471E-012  -8.4751147871196066E-014
   7.2976297713358881E-013  -5.5680951811947609E-014
   5.0671115035822063E-013  -3.6541393642404564E-014
   3.5162401174404463E-013  -2.3951591821891227E-014
   2.4384358381775734E-013  -1.5678457963803647E-014
   1.6897864459278643E-013  -1.0247923299816830E-014
   1.1700658234389662E-013  -6.6875998948362215E-015
   8.0949487680226462E-014  -4.3565107033752685E-015
   5.5950928015963081E-014  -2.8324789064958594E-015
   3.8632262615901478E-014  -1.8376869378962419E-015
   2.6643951944808873E-014  -1.1894934504422588E-015
   1.8352863266440144E-014  -7.6795702956941625E-016
   1.2624408056698495E-014  -4.9440534299230209E-016
   8.6707938433265569E-015  -3.1730307838714897E-016
   5.9453595130446143E-015  -2.0294016566250212E-016
   4.0690243852373469E-015  -1.2930143348489295E-016
   2.7791102597457015E-015  -8.2034590734485362E-017
   1.8937457263593048E-015  -5.1801105045890322E-017
   1.2871196860905260E-015  -3.2537704117752830E-017
   8.7228600454282705E-016  -2.0316948884578309E-017
   5.8922175302421101E-016  -1.2601508186843481E-017
   3.9653897653085333E-016  -7.7568701477253856E-018
   2.6573604078905647E-016  -4.7334820225997639E-018
   1.7721332301125628E-016  -2.8598085572097310E-018
   1.1751395171946268E-016  -1.7078908570541068E-018
   7.7414601145908233E-017  -1.0062121476979279E-018
   5.0605717805930334E-017  -5.8337220211045499E-019
   3.2780141800996316E-017  -3.3178327508489079E-019
   2.1004439004974806E-017  -1.8434667427276318E-019
   1.3285739008888317E-017  -9.9523150048196723E-020
   8.2736106382261622E-018  -5.1815613425433284E-020
   5.0550626768221604E-018  -2.5730468540544708E-020
   3.0135981763050029E-018  -1.1966827657173046E-020
   1.7323634758933932E-018  -5.0325322360870925E-021
   9.2721997766214162E-019  -1.7584654814150348E-021
   3.9828091666779515E-019  -3.6736171695669181E-022
   0.0000000000000000        0.0000000000000000     
