 Initial conditions outputted from a previous simulation. Time =    21.800000000000001     
   40.000000000000000        0.0000000000000000              500           1   21.800000000000001     
   4.0184711835561097E-002  0.11224084890729656     
   3.1809198492875730E-002  0.12558948140168041     
   2.3403840168062622E-002  0.13512064923043876     
   1.5234234014513948E-002  0.14101667632787460     
   7.5754695513877493E-003  0.14354081387170328     
   5.1414058928983195E-004  0.14304368149292146     
  -5.8507917191947308E-003  0.13984810308948278     
  -1.1500136700318908E-002  0.13428525837591768     
  -1.6447339996482003E-002  0.12666524643518387     
  -2.0725977738764886E-002  0.11727252423093251     
  -2.4383958213140662E-002  0.10636606605030147     
  -2.7474697437966468E-002   9.4178421567198509E-002
  -3.0052011874663498E-002   8.0917001681629699E-002
  -3.2167175063065191E-002   6.6766425901255158E-002
  -3.3866893595869176E-002   5.1891109869570753E-002
  -3.5192408665639413E-002   3.6438329831408427E-002
  -3.6179498268415905E-002   2.0541927299393279E-002
  -3.6858808132152018E-002   4.3268262902272222E-003
  -3.7255556075390633E-002  -1.2085690689314886E-002
  -3.7387496545384195E-002  -2.8572917462433799E-002
  -3.7261075234755803E-002  -4.5007704061075696E-002
  -3.6867632523948826E-002  -6.1258794828034001E-002
  -3.6182378191894918E-002  -7.7193704648213207E-002
  -3.5167324050871140E-002  -9.2681290075327896E-002
  -3.3776682988197422E-002 -0.10759124577902458     
  -3.1961952907203786E-002 -0.12178984057779976     
  -2.9674870965085299E-002 -0.13513335285732797     
  -2.6868282155350868E-002 -0.14746134618200021     
  -2.3496126178853480E-002 -0.15859126427103418     
  -1.9513907851594518E-002 -0.16831480140109253     
  -1.4880771795296070E-002 -0.17639586478211761     
  -9.5640801714742436E-003 -0.18256993547839376     
  -3.5471237183812908E-003 -0.18654513215755203     
   3.1598129670424480E-003 -0.18800595844339427     
   1.0505172773491800E-002 -0.18662140281367343     
   1.8379108185163352E-002 -0.18205995862440189     
   2.6595023504946493E-002 -0.17401533006339687     
   3.4872755647563133E-002 -0.16224752545025697     
   4.2829493752395344E-002 -0.14664324709630036     
   4.9988543024060077E-002 -0.12729416113975248     
   5.5817756998999962E-002 -0.10457924498474862     
   5.9803082115752228E-002  -7.9220979405911385E-002
   6.1546445019341124E-002  -5.2275679662904577E-002
   6.0858330858144419E-002  -2.5030908034455273E-002
   5.7807529200247142E-002   1.1763359765108326E-003
   5.2704177903587363E-002   2.5160764684437738E-002
   4.6023371099984223E-002   4.6036089737705586E-002
   3.8303911921626049E-002   6.3268204294163605E-002
   3.0060212487113616E-002   7.6644464983205610E-002
   2.1727210179859440E-002   8.6198357030559419E-002
   1.3637891622327350E-002   9.2126569893469040E-002
   6.0237214882548230E-003   9.4718937650356855E-002
  -9.7200782837997008E-004   9.4307558243950707E-002
  -7.2756094192368299E-003   9.1233834851848716E-002
  -1.2864433318970997E-002   8.5829143686822498E-002
  -1.7750920328975690E-002   7.8404502684643482E-002
  -2.1969925020462359E-002   6.9245723743136603E-002
  -2.5569084745816331E-002   5.8611838609403381E-002
  -2.8601796168278199E-002   4.6735466234801841E-002
  -3.1122293019175060E-002   3.3824301395653844E-002
  -3.3182316935662377E-002   2.0063233875284948E-002
  -3.4828934057483996E-002   5.6168164211559081E-003
  -3.6103118554686640E-002  -9.3680630943519926E-003
  -3.7038808928618557E-002  -2.4759348812080341E-002
  -3.7662259437017398E-002  -4.0436818766959481E-002
  -3.7991613285841629E-002  -5.6288929988815399E-002
  -3.8036676758532707E-002  -7.2209555118927043E-002
  -3.7798878366210459E-002  -8.8094687286570023E-002
  -3.7271377180089688E-002 -0.10383919064437945     
  -3.6439265318524913E-002 -0.11933364855306514     
  -3.5279812940068100E-002 -0.13446132337691463     
  -3.3762738312214984E-002 -0.14909520713551425     
  -3.1850546803290636E-002 -0.16309512113895946     
  -2.9499063708645912E-002 -0.17630482193875002     
  -2.6658378626310760E-002 -0.18854909834668229     
  -2.3274514467533324E-002 -0.19963090763166363     
  -1.9292223028547783E-002 -0.20932870316253360     
  -1.4659381426883368E-002 -0.21739425495427792     
  -9.3335035170221681E-003 -0.22355146922309777     
  -3.2908603640580073E-003 -0.22749700074295082     
   3.4614186755984101E-003 -0.22890388113260587     
   1.0870191924739670E-002 -0.22743004456339069     
   1.8818641022240221E-002 -0.22273457338339125     
   2.7107792346476634E-002 -0.21450556500388260     
   3.5440870513235558E-002 -0.20250411987620853     
   4.3416980281476100E-002 -0.18662763004926775     
   5.0543761013261690E-002 -0.16698989677261461     
   5.6279713007238649E-002 -0.14400335465391964     
   6.0111222222756090E-002 -0.11843179757084282     
   6.1653389929956177E-002  -9.1372147763019482E-002
   6.0742919165646440E-002  -6.4139231797213675E-002
   5.7482396777729185E-002  -3.8072981766893180E-002
   5.2212966981487981E-002  -1.4335242274747024E-002
   4.5428581984099312E-002   6.2286333197086657E-003
   3.7671542765228688E-002   2.3128970511588812E-002
   2.9447117390943477E-002   3.6189716611227080E-002
   2.1173829628856385E-002   4.5467818757245551E-002
   1.3166535293938799E-002   5.1170262828761699E-002
   5.6411716603567228E-003   5.3587192548434345E-002
  -1.2698845590566553E-003   5.3045236026215956E-002
  -7.4995086263365453E-003   4.9877903106194811E-002
  -1.3028480275042336E-002   4.4408093454069750E-002
  -1.7870563616590122E-002   3.6938566637576491E-002
  -2.2060430770788824E-002   2.7747491402863544E-002
  -2.5644426947055304E-002   1.7087144557131950E-002
  -2.8673914226710805E-002   5.1844626591286977E-003
  -3.1200717602174965E-002  -7.7574114444433516E-003
  -3.3274053545183320E-002  -2.1557074447757188E-002
  -3.4938357118397351E-002  -3.6052463996494158E-002
  -3.6231661879006137E-002  -5.1098088556190545E-002
  -3.7184480895028245E-002  -6.6561866146578996E-002
  -3.7819295321077334E-002  -8.2321712298299779E-002
  -3.8150682682954525E-002  -9.8262184549700343E-002
  -3.8185876338873118E-002 -0.11427150433261243     
  -3.7925337349318848E-002 -0.13023907839511145     
  -3.7362931955569993E-002 -0.14605333272281196     
  -3.6485583427709793E-002 -0.16159945578530319     
  -3.5272655043919368E-002 -0.17675668810732495     
  -3.3695572012204703E-002 -0.19139508913189385     
  -3.1718129403399346E-002 -0.20537207513787015     
  -2.9297598332640038E-002 -0.21852920079335292     
  -2.6386387650524069E-002 -0.23068951124235640     
  -2.2933959625165017E-002 -0.24165541676070593     
  -1.8889085779784903E-002 -0.25120673503072050     
  -1.4203202620754423E-002 -0.25909862215657181     
  -8.8361688635093041E-003 -0.26505969969661886     
  -2.7656839817227327E-003 -0.26879162870393830     
   3.9992188859617238E-003 -0.26997231877183925     
   1.1401646262364912E-002 -0.26826549393096422     
   1.9319744383610588E-002 -0.26333923737992404     
   2.7552011152456517E-002 -0.25489549033024039     
   3.5807175220894737E-002 -0.24271183061129092     
   4.3699795882397537E-002 -0.22669703592227972     
   5.0755239033163382E-002 -0.20696220606171986     
   5.6436423024854666E-002 -0.18390354423901234     
   6.0212075522552838E-002 -0.15827204428517377     
   6.1671894361651061E-002 -0.13117561942483177     
   6.0650015024072870E-002 -0.10395990892135340     
   5.7281964775516794E-002  -7.7981330645976871E-002
   5.1948953934734032E-002  -5.4376897249345767E-002
   4.5148439695839176E-002  -3.3944530639013586E-002
   3.7380926685076477E-002  -1.7151836596008538E-002
   2.9102824182300976E-002  -4.2014504273157581E-003
   2.0721974606602311E-002   4.9128804358224551E-003
   1.2591202388073559E-002   1.0367508094559724E-002
   4.9859770457119229E-003   1.2467282538484278E-002
  -1.9187610418844587E-003   1.1591988532870539E-002
  -8.0545029441993921E-003   8.1385527030898436E-003
  -1.3441075901853887E-002   2.4728027200606991E-003
  -1.8150312016921667E-002  -5.0983354855971171E-003
  -2.2264911457725595E-002  -1.4330338375936145E-002
  -2.5846866347216634E-002  -2.5024224692731904E-002
  -2.8924977860861439E-002  -3.6999693105874316E-002
  -3.1502577025323969E-002  -5.0071343276439813E-002
  -3.3577969093908748E-002  -6.4038192135916425E-002
  -3.5165761465532068E-002  -7.8689500478974550E-002
  -3.6308867884092842E-002  -9.3822563406404352E-002
  -3.7076322932842375E-002 -0.10926383004692121     
  -3.7547949115375685E-002 -0.12488402137255991     
  -3.7791785519185460E-002 -0.14060018543636907     
  -3.7843078403517978E-002 -0.15636240418256964     
  -3.7693294491022815E-002 -0.17212903342518243     
  -3.7293514784569909E-002 -0.18783931384483249     
  -3.6570379330891405E-002 -0.20339314593637198     
  -3.5447774501224022E-002 -0.21864425522017347     
  -3.3866057175744632E-002 -0.23340724246676037     
  -3.1792582441676973E-002 -0.24747420366683831     
  -2.9220803323481620E-002 -0.26063418203024374     
  -2.6158793595125761E-002 -0.27268842409822797     
  -2.2611269797771342E-002 -0.28345571662397512     
  -1.8561722288590512E-002 -0.29276492521110398     
  -1.3962188649518419E-002 -0.30043604203239510     
  -8.7366182741130654E-003 -0.30625539274867453     
  -2.7999960776649247E-003 -0.30995333465384878     
   3.9088931856870119E-003 -0.31119287603035778     
   1.1386348575745499E-002 -0.30957611434645260     
   1.9521691880206957E-002 -0.30467403150463235     
   2.8064238734022678E-002 -0.29608424308579329     
   3.6612755031380499E-002 -0.28351776178007176     
   4.4641758709680054E-002 -0.26690486633523131     
   5.1570557300913131E-002 -0.24649171922850843     
   5.6860771897124344E-002 -0.22288606960556642     
   6.0108307911475825E-002 -0.19702187468809088     
   6.1096880652770094E-002 -0.17005034241209629     
   5.9805933146008398E-002 -0.14319829544110854     
   5.6390715531080729E-002 -0.11763429135344888     
   5.1151748543991654E-002  -9.4360330986711746E-002
   4.4494740227245991E-002  -7.4135343139358864E-002
   3.6877651394325361E-002  -5.7439713283121627E-002
   2.8752676070138129E-002  -4.4486243689397832E-002
   2.0518364150028865E-002  -3.5267607701379343E-002
   1.2491916378651869E-002  -2.9619704580610143E-002
   4.9020777389025385E-003  -2.7282288828057211E-002
  -2.1030166931662680E-003  -2.7946614841945015E-002
  -8.4403859685330419E-003  -3.1287702163768048E-002
  -1.4075168752450984E-002  -3.6983577921748959E-002
  -1.9005509481661579E-002  -4.4725344721045793E-002
  -2.3250833441351926E-002  -5.4221560819748063E-002
  -2.6843744080047891E-002  -6.5199609533658581E-002
  -2.9824991996799183E-002  -7.7405890076815920E-002
  -3.2240632960350783E-002  -9.0605898052136397E-002
  -3.4140501852145060E-002 -0.10458470821062678     
  -3.5577229049504597E-002 -0.11914797595638262     
  -3.6605169959654626E-002 -0.13412326828512544     
  -3.7278808091946024E-002 -0.14936132458927381     
  -3.7650381090520942E-002 -0.16473671802308290     
  -3.7766679687101776E-002 -0.18014732462144903     
  -3.7665196379388893E-002 -0.19551204122721819     
  -3.7370014075378107E-002 -0.21076635758676421     
  -3.6887976380520458E-002 -0.22585567925393152     
  -3.6205732866675555E-002 -0.24072666995449879     
  -3.5288184012326272E-002 -0.25531724872182798     
  -3.4078681264245105E-002 -0.26954613987075260     
  -3.2501124122925391E-002 -0.28330296290182577     
  -3.0463909463548256E-002 -0.29643974866445510     
  -2.7865600538572004E-002 -0.30876452580128216     
  -2.4602240443302271E-002 -0.32003734649665216     
  -2.0576415195740553E-002 -0.32996894592697779     
  -1.5708376490617060E-002 -0.33822226258866273     
  -9.9496318986401402E-003 -0.34441736054633010     
  -3.2992581468544273E-003 -0.34814096022431901     
   4.1774114099483728E-003 -0.34896283606261880     
   1.2329427988103651E-002 -0.34646259466364310     
   2.0904268784926707E-002 -0.34027108161386854     
   2.9542536779203914E-002 -0.33012924423288481     
   3.7793083144708181E-002 -0.31596128408939145     
   4.5156684586584818E-002 -0.29794717115399955     
   5.1156857069349131E-002 -0.27656650852396675     
   5.5420173417945022E-002 -0.25258359306992051     
   5.7736177789324841E-002 -0.22696355476503483     
   5.8072249323964979E-002 -0.20074473981605895     
   5.6542274331880610E-002 -0.17491581306006579     
   5.3351948834753707E-002 -0.15033650362024970     
   4.8748991286568226E-002 -0.12770901811007265     
   4.2993450591680270E-002 -0.10758177667064002     
   3.6346786048055767E-002  -9.0363022035455515E-002
   2.9070025296248723E-002  -7.6331720697794730E-002
   2.1421695668993823E-002  -6.5644290325159546E-002
   1.3651123182978871E-002  -5.8341491950131642E-002
   5.9879394906013740E-003  -5.4359703703574652E-002
  -1.3686605668631236E-003  -5.3547531306445940E-002
  -8.2576666775152560E-003  -5.5685806824625310E-002
  -1.4559488294929214E-002  -6.0508046373802950E-002
  -2.0194826598199097E-002  -6.7718956560196289E-002
  -2.5120365224560248E-002  -7.7009693219307424E-002
  -2.9322764970311093E-002  -8.8069615449257538E-002
  -3.2812216422474005E-002 -0.10059490899352835     
  -3.5616381500277884E-002 -0.11429468678921384     
  -3.7775158210427838E-002 -0.12889517594778671     
  -3.9336401665411039E-002 -0.14414249934936424     
  -4.0352541979979492E-002 -0.15980443154131282     
  -4.0877933128414722E-002 -0.17567138937397511     
  -4.0966715151833540E-002 -0.19155681184127152     
  -4.0670963422366299E-002 -0.20729698621938461     
  -4.0038927183369162E-002 -0.22275029098281612     
  -3.9113216382924622E-002 -0.23779575836430322     
  -3.7928872256419784E-002 -0.25233082226644721     
  -3.6511342766735927E-002 -0.26626812023572671     
  -3.4874466359237480E-002 -0.27953126334749240     
  -3.3018635756845424E-002 -0.29204956803934956     
  -3.0929361823506391E-002 -0.30375184603217342     
  -2.8576487038585573E-002 -0.31455945824527753     
  -2.5914314704514222E-002 -0.32437894380804183     
  -2.2882928507783028E-002 -0.33309462238480236     
  -1.9410984657203183E-002 -0.34056162079170388     
  -1.5420284913586987E-002 -0.34659979072211400     
  -1.0832505228472355E-002 -0.35098899873494721     
  -5.5785553252127255E-003 -0.35346635643742630     
   3.8886476494328856E-004 -0.35372621564763085     
   7.0789375305865291E-003 -0.35142431461620183     
   1.4442274928736351E-002 -0.34618850988286110     
   2.2346735451375440E-002 -0.33764018935285217     
   3.0551706062074246E-002 -0.32543250579101674     
   3.8686549794842526E-002 -0.30931286583868178     
   4.6244518245503623E-002 -0.28921469745752193     
   5.2609519702597474E-002 -0.26537204458504288     
   5.7133141143573346E-002 -0.23842589166652386     
   5.9262675542384777E-002 -0.20946225979265823     
   5.8685788901684209E-002 -0.17992009684298976     
   5.5426919291254123E-002 -0.15136187854710159     
   4.9841126695951268E-002 -0.12518867917256693     
   4.2508028477937582E-002 -0.10242447221052893     
   3.4084700545338485E-002  -8.3643770357854474E-002
   2.5182993207305670E-002  -6.9024432144693199E-002
   1.6300564961821556E-002  -5.8458285567060744E-002
   7.7997683001876624E-003  -5.1662958194474314E-002
  -8.3623757439969180E-005  -4.8268940489151202E-002
  -7.2178292606952339E-003  -4.7877521783353034E-002
  -1.3549345175276974E-002  -5.0095151509736265E-002
  -1.9079573830387234E-002  -5.4551985946375156E-002
  -2.3845597245317617E-002  -6.0910731652312061E-002
  -2.7905348479126603E-002  -6.8869774764137193E-002
  -3.1326763470496448E-002  -7.8163072529413347E-002
  -3.4180162726023901E-002  -8.8558220935320009E-002
  -3.6533122814036957E-002  -9.9853480284234408E-002
  -3.8447205821429693E-002 -0.11187422591486502     
  -3.9976007901684027E-002 -0.12446910576056551     
  -4.1164112633763794E-002 -0.13750607811777948     
  -4.2046647578619457E-002 -0.15086844903934210     
  -4.2649218094519457E-002 -0.16445099000878993     
  -4.2988055143763332E-002 -0.17815618242085954     
  -4.3070264468615983E-002 -0.19189060858581194     
  -4.2894101582844901E-002 -0.20556148828441057     
  -4.2449228297926057E-002 -0.21907334565988568     
  -4.1716934592042919E-002 -0.23232478308107379     
  -4.0670337722955058E-002 -0.24520533389190824     
  -3.9274604465726504E-002 -0.25759236459829982     
  -3.7487285977318333E-002 -0.26934800275299242     
  -3.5258909950748152E-002 -0.28031608476919767     
  -3.2534040784217469E-002 -0.29031915194905972     
  -2.9253092601055013E-002 -0.29915557348941857     
  -2.5355262064210796E-002 -0.30659694403200805     
  -2.0783038593489636E-002 -0.31238600580908965     
  -1.5488835484600897E-002 -0.31623551590110244     
  -9.4443316602515880E-003 -0.31782876946892485     
  -2.6530686467104376E-003 -0.31682297964100281     
   4.8333787756313709E-003 -0.31285752021437363     
   1.2895938253759339E-002 -0.30557024878349542     
   2.1326865369853856E-002 -0.29462661147369767     
   2.9810865500324739E-002 -0.27976727588262146     
   3.7916305240217739E-002 -0.26087883819189950     
   4.5108704494691856E-002 -0.23808540967992856     
   5.0800294522496986E-002 -0.21184328034813074     
   5.4441633216599006E-002 -0.18299907384837430     
   5.5639773283726282E-002 -0.15276034202711039     
   5.4261213530682799E-002 -0.12255075582893281     
   5.0470513796622887E-002  -9.3782265467443754E-002
   4.4683296693647220E-002  -6.7631739301471816E-002
   3.7458549713778821E-002  -4.4907197430097530E-002
   2.9381319938959302E-002  -2.6029872377686097E-002
   2.0975926531207594E-002  -1.1098650352523944E-002
   1.2661386844888795E-002   1.4761976738436503E-005
   4.7409395309957582E-003   7.5764880069271855E-003
  -2.5878095705545211E-003   1.1922320295372119E-002
  -9.2135593987338667E-003   1.3412181312016372E-002
  -1.5090218196263310E-002   1.2402503348102905E-002
  -2.0217746980249054E-002   9.2308508834787698E-003
  -2.4626361003551322E-002   4.2082751807571489E-003
  -2.8364327179523634E-002  -2.3837095641711038E-003
  -3.1488941061876038E-002  -1.0293448137881002E-002
  -3.4060083377332268E-002  -1.9297838664086665E-002
  -3.6135818048444596E-002  -2.9200052911530772E-002
  -3.7769543773456274E-002  -3.9826721989933672E-002
  -3.9008261375615763E-002  -5.1024856074926815E-002
  -3.9891603604614724E-002  -6.2658645183440803E-002
  -4.0451366325030311E-002  -7.4606227276947490E-002
  -4.0711363493353254E-002  -8.6756482642423499E-002
  -4.0687490487628986E-002  -9.9005896362485468E-002
  -4.0387918886705496E-002 -0.11125551833299241     
  -3.9813375623842406E-002 -0.12340804131828652     
  -3.8957486297828171E-002 -0.13536501059075348     
  -3.7807183765589662E-002 -0.14702417592384406     
  -3.6343201770433639E-002 -0.15827699838660400     
  -3.4540691393805598E-002 -0.16900632625549308     
  -3.2370016536852675E-002 -0.17908425421982985     
  -2.9797810433850096E-002 -0.18837018119952734     
  -2.6788416294103366E-002 -0.19670909153264263     
  -2.3305892053179698E-002 -0.20393011191473367     
  -1.9316826237064329E-002 -0.20984545485585970     
  -1.4794280777628432E-002 -0.21424996517407216     
  -9.7232333600709396E-003 -0.21692166330893131     
  -4.1079106941392125E-003 -0.21762396107029736     
   2.0186598271100340E-003 -0.21611065295698101     
   8.5827800825350221E-003 -0.21213539954697719     
   1.5456332942033090E-002 -0.20546820593092846     
   2.2442689984272450E-002 -0.19592215337522145     
   2.9265761097492429E-002 -0.18339372292024947     
   3.5568633798875947E-002 -0.16791802746853079     
   4.0931448517379100E-002 -0.14973383925235656     
   4.4918470738021236E-002 -0.12934088579868128     
   4.7156302903944333E-002 -0.10751754938227602     
   4.7426447014021073E-002  -8.5264895450961109E-002
   4.5735570478897876E-002  -6.3668622368169614E-002
   4.2325981844923206E-002  -4.3718015956858584E-002
   3.7616882611324322E-002  -2.6153299312636758E-002
   3.2105001310367448E-002  -1.1396600304419387E-002
   2.6269168920353959E-002   4.2939494007960616E-004
   2.0508236600058804E-002   9.4310195031655393E-003
   1.5116243571080316E-002   1.5861887215298656E-002
   1.0284094350141623E-002   2.0053516263255536E-002
   6.1151351240251676E-003   2.2365520443513479E-002
   2.6453147016081645E-003   2.3153694615279524E-002
  -1.3747977896827739E-004   2.2751305241210405E-002
  -2.2771861419873594E-003   2.1459080713045971E-002
  -3.8369103270835953E-003   1.9540658384930319E-002
  -4.8895799972889032E-003   1.7221380280234299E-002
  -5.5113379874841845E-003   1.4689121810781330E-002
  -5.7770447570560310E-003   1.2096362821381960E-002
  -5.7573468757004800E-003   9.5630194621585188E-003
  -5.5168843975031976E-003   7.1797265181771461E-003
  -5.1133211062050878E-003   5.0113567868296750E-003
  -4.5969857013693867E-003   3.1006094815640051E-003
  -4.0109849969781029E-003   1.4715093646480277E-003
  -3.3916771198195584E-003   1.3265621807750493E-004
  -2.7693730414224634E-003  -9.1992038359208861E-004
  -2.1690857550662676E-003  -1.7003833524643695E-003
  -1.6111154599630828E-003  -2.2311497103412784E-003
  -1.1113043300504978E-003  -2.5412110274927275E-003
  -6.8093736923345225E-004  -2.6644427860454544E-003
  -3.2645716835763691E-004  -2.6376704753388156E-003
  -4.9295468041216178E-005  -2.4984353484962685E-003
   1.5388724052581119E-004  -2.2826361955983763E-003
   2.9042512642380477E-004  -2.0223887842682514E-003
   3.7042572288587000E-004  -1.7444532125170974E-003
   4.0535613331580436E-004  -1.4694385407831073E-003
   4.0672161148030294E-004  -1.2117905231648425E-003
   3.8504431541000234E-004  -9.8040030451138353E-004
   3.4922882264231363E-004  -7.7959176023962792E-004
   3.0629558867131053E-004  -6.1024927726479683E-004
   2.6140120208482064E-004  -4.7090286152312111E-004
   2.1804415492200291E-004  -3.5865847225666399E-004
   1.7836341075024565E-004  -2.6992515830256519E-004
   1.4345948094522705E-004  -2.0093654499890801E-004
   1.1369282131944450E-004  -1.4809133134379446E-004
   8.8935845561568966E-005  -1.0814936591952713E-004
   6.8770485590129596E-005  -7.8321582782007857E-005
   5.2633141848147617E-005  -5.6288017050821001E-005
   3.9914164389103686E-005  -4.0171520491141254E-005
   3.0021033202626601E-005  -2.8487746908672600E-005
   2.2414395961979201E-005  -2.0085631075783280E-005
   1.6625024531960411E-005  -1.4087435553582707E-005
   1.2258213038059463E-005  -9.8335754620841810E-006
   8.9905562659326629E-006  -6.8347280410149064E-006
   6.5626328811935578E-006  -4.7319757768634594E-006
   4.7699636525699870E-006  -3.2646846267078529E-006
   3.4537336791866644E-006  -2.2452713682211402E-006
   2.4921326138168806E-006  -1.5397953531925095E-006
   1.7927342445606421E-006  -1.0532911627491672E-006
   1.2860593806601782E-006  -7.1884900944353188E-007
   9.2030089857775512E-007  -4.8958926230472958E-007
   6.5710182366346309E-007  -3.3282937991449602E-007
   4.6823942527469368E-007  -2.2588521905886298E-007
   3.3306086128939092E-007  -1.5307425865065664E-007
   2.3652540842146968E-007  -1.0359248264884253E-007
   1.6772593584141382E-007  -7.0019982775322584E-008
   1.1878258385309187E-007  -4.7275102877176234E-008
   8.4021488837871484E-008  -3.1886175953152264E-008
   5.9369271657391129E-008  -2.1486659107417029E-008
   4.1909248507323787E-008  -1.4466507055038563E-008
   2.9557849522976850E-008  -9.7322651104635659E-009
   2.0829749840475957E-008  -6.5424812482046180E-009
   1.4668066932867050E-008  -4.3950955229268232E-009
   1.0322026355433651E-008  -2.9505763720996579E-009
   7.2590967728391880E-009  -1.9795675144063674E-009
   5.1020533810011325E-009  -1.3272964636469590E-009
   3.5840055855919470E-009  -8.8941864775240531E-010
   2.5163298701756069E-009  -5.9564729555069410E-010
   1.7658479681064623E-009  -3.9867441743295263E-010
   1.2386122629937007E-009  -2.6668167247507023E-010
   8.6840291559934258E-010  -1.7828335549727465E-010
   6.0857857231533532E-010  -1.1911499001805574E-010
   4.2630992936382376E-010  -7.9534067054638043E-011
   2.9850384325982465E-010  -5.3071616694587399E-011
   2.0892519391555639E-010  -3.5390203011979864E-011
   1.4616632556800354E-010  -2.3583198707778928E-011
   1.0221561404849840E-010  -1.5703867833111605E-011
   7.1449122336669689E-011  -1.0449082544240419E-011
   4.9920766116441721E-011  -6.9470204911105007E-012
   3.4862924278018012E-011  -4.6147379198160613E-012
   2.4335301818455691E-011  -3.0626718376613727E-012
   1.6978162924368991E-011  -2.0306422579822174E-012
   1.1838996319621708E-011  -1.3449866647957275E-012
   8.2508168106742589E-012  -8.8986380554054842E-013
   5.7467576388845371E-012  -5.8805322058778332E-013
   4.0001563420402079E-012  -3.8811519178723457E-013
   2.7825411693725278E-012  -2.5580883856363217E-013
   1.9341812150411728E-012  -1.6835947243331925E-013
   1.3434509749285897E-012  -1.1063147985934791E-013
   9.3237650238140988E-013  -7.2574901107717904E-014
   6.4651512090181319E-013  -4.7522903057009359E-014
   4.4787202582758112E-013  -3.1057365324471134E-014
   3.0994432213902002E-013  -2.0253548339787680E-014
   2.1425486381763548E-013  -1.3177549543914635E-014
   1.4792899720316975E-013  -8.5522171723111736E-015
   1.0200110243033441E-013  -5.5352446318052068E-015
   7.0231640791791683E-014  -3.5719130285538684E-015
   4.8281174426553185E-014  -2.2974670129898333E-015
   3.3133902238475294E-014  -1.4724635135959714E-015
   2.2695531844212180E-014  -9.4000535770008166E-016
   1.5512907978056277E-014  -5.9748620994506349E-016
   1.0578638078265033E-014  -3.7794750480758905E-016
   7.1950260568201297E-015  -2.3779498382718566E-016
   4.8793689587832811E-015  -1.4871784521309450E-016
   3.2980859985571815E-015  -9.2381469612555949E-017
   2.2209343159497546E-015  -5.6948024346681796E-017
   1.4892103168144849E-015  -3.4799861953500214E-017
   9.9368246102229999E-016  -2.1053083147244291E-017
   6.5929079037495867E-016  -1.2589261149002552E-017
   4.3454825621862212E-016  -7.4262964920376707E-018
   2.8420645976571653E-016  -4.3107586998662131E-018
   1.8418588424438928E-016  -2.4545475832135309E-018
   1.1807548051811496E-016  -1.3653551986644590E-018
   7.4718668423478444E-017  -7.3792529549279531E-019
   4.6550479088802551E-017  -3.8460152981493840E-019
   2.8453185205721463E-017  -1.9118031354248180E-019
   1.6968868312989789E-017  -8.9002307044543091E-020
   9.7578915760224420E-018  -3.7463819964494929E-020
   5.2243852504599679E-018  -1.3101834364017541E-020
   2.2447754258372548E-018  -2.7395184468072736E-021
   0.0000000000000000        0.0000000000000000     
