  -0.801603E-001   0.100000E+001   0.799701E-001   0.590148E-001
   0.000000E+000   0.100000E+001   0.567217E-001  -0.613168E-001
   0.801603E-001   0.100000E+001   0.606421E-001  -0.363906E-001
   0.160321E+000   0.100000E+001   0.624340E-001  -0.984227E-002
   0.240481E+000   0.100000E+001   0.617795E-001   0.170762E-001
   0.320641E+000   0.100000E+001   0.588086E-001   0.429321E-001
   0.400802E+000   0.100000E+001   0.537564E-001   0.666434E-001
   0.480962E+000   0.100000E+001   0.471217E-001   0.872603E-001
   0.561122E+000   0.100000E+001   0.394421E-001   0.104251E+000
   0.641283E+000   0.100000E+001   0.312287E-001   0.117399E+000
   0.721443E+000   0.100000E+001   0.229164E-001   0.126727E+000
   0.801603E+000   0.100000E+001   0.148366E-001   0.132426E+000
   0.881764E+000   0.100000E+001   0.721969E-002   0.134778E+000
   0.961924E+000   0.100000E+001   0.208610E-003   0.134109E+000
   0.104208E+001   0.100000E+001  -0.612353E-002   0.130759E+000
   0.112224E+001   0.100000E+001  -0.117563E-001   0.125054E+000
   0.120240E+001   0.100000E+001  -0.167074E-001   0.117308E+000
   0.128257E+001   0.100000E+001  -0.210220E-001   0.107808E+000
   0.136273E+001   0.100000E+001  -0.247662E-001   0.968262E-001
   0.144289E+001   0.100000E+001  -0.280231E-001   0.846196E-001
   0.152305E+001   0.100000E+001  -0.308868E-001   0.714492E-001
   0.160321E+001   0.100000E+001  -0.334482E-001   0.575913E-001
   0.168337E+001   0.100000E+001  -0.357702E-001   0.433414E-001
   0.176353E+001   0.100000E+001  -0.378602E-001   0.289943E-001
   0.184369E+001   0.100000E+001  -0.396601E-001   0.148068E-001
   0.192385E+001   0.100000E+001  -0.410641E-001   0.958042E-003
   0.200401E+001   0.100000E+001  -0.419591E-001  -0.124678E-001
   0.208417E+001   0.100000E+001  -0.422684E-001  -0.254668E-001
   0.216433E+001   0.100000E+001  -0.419767E-001  -0.380766E-001
   0.224449E+001   0.100000E+001  -0.411263E-001  -0.503327E-001
   0.232465E+001   0.100000E+001  -0.397935E-001  -0.622377E-001
   0.240481E+001   0.100000E+001  -0.380602E-001  -0.737516E-001
   0.248497E+001   0.100000E+001  -0.359941E-001  -0.847946E-001
   0.256513E+001   0.100000E+001  -0.336376E-001  -0.952561E-001
   0.264529E+001   0.100000E+001  -0.309996E-001  -0.105001E+000
   0.272545E+001   0.100000E+001  -0.280533E-001  -0.113871E+000
   0.280561E+001   0.100000E+001  -0.247378E-001  -0.121692E+000
   0.288577E+001   0.100000E+001  -0.209673E-001  -0.128269E+000
   0.296593E+001   0.100000E+001  -0.166439E-001  -0.133385E+000
   0.304609E+001   0.100000E+001  -0.116796E-001  -0.136799E+000
   0.312625E+001   0.100000E+001  -0.602107E-002  -0.138239E+000
   0.320641E+001   0.100000E+001   0.335597E-003  -0.137402E+000
   0.328657E+001   0.100000E+001   0.734160E-002  -0.133965E+000
   0.336673E+001   0.100000E+001   0.148920E-001  -0.127598E+000
   0.344689E+001   0.100000E+001   0.228178E-001  -0.118002E+000
   0.352705E+001   0.100000E+001   0.308797E-001  -0.104944E+000
   0.360721E+001   0.100000E+001   0.387637E-001  -0.882978E-001
   0.368737E+001   0.100000E+001   0.460769E-001  -0.680906E-001
   0.376754E+001   0.100000E+001   0.523527E-001  -0.445570E-001
   0.384770E+001   0.100000E+001   0.570860E-001  -0.181992E-001
   0.392786E+001   0.100000E+001   0.598141E-001   0.101702E-001
   0.400802E+001   0.100000E+001   0.602238E-001   0.394473E-001
   0.408818E+001   0.100000E+001   0.582431E-001   0.683546E-001
   0.416834E+001   0.100000E+001   0.540701E-001   0.956401E-001
   0.424850E+001   0.100000E+001   0.481217E-001   0.120282E+000
   0.432866E+001   0.100000E+001   0.409281E-001   0.141610E+000
   0.440882E+001   0.100000E+001   0.330203E-001   0.159314E+000
   0.448898E+001   0.100000E+001   0.248521E-001   0.173361E+000
   0.456914E+001   0.100000E+001   0.167700E-001   0.183893E+000
   0.464930E+001   0.100000E+001   0.901906E-002   0.191142E+000
   0.472946E+001   0.100000E+001   0.176248E-002   0.195385E+000
   0.480962E+001   0.100000E+001  -0.489844E-002   0.196919E+000
   0.488978E+001   0.100000E+001  -0.109088E-001   0.196047E+000
   0.496994E+001   0.100000E+001  -0.162480E-001   0.193077E+000
   0.505010E+001   0.100000E+001  -0.209210E-001   0.188307E+000
   0.513026E+001   0.100000E+001  -0.249511E-001   0.182019E+000
   0.521042E+001   0.100000E+001  -0.283764E-001   0.174473E+000
   0.529058E+001   0.100000E+001  -0.312454E-001   0.165898E+000
   0.537074E+001   0.100000E+001  -0.336140E-001   0.156490E+000
   0.545090E+001   0.100000E+001  -0.355409E-001   0.146415E+000
   0.553106E+001   0.100000E+001  -0.370822E-001   0.135809E+000
   0.561122E+001   0.100000E+001  -0.382858E-001   0.124787E+000
   0.569138E+001   0.100000E+001  -0.391865E-001   0.113446E+000
   0.577154E+001   0.100000E+001  -0.398037E-001   0.101877E+000
   0.585170E+001   0.100000E+001  -0.401417E-001   0.901662E-001
   0.593186E+001   0.100000E+001  -0.401941E-001   0.784019E-001
   0.601202E+001   0.100000E+001  -0.399491E-001   0.666766E-001
   0.609218E+001   0.100000E+001  -0.393939E-001   0.550888E-001
   0.617234E+001   0.100000E+001  -0.385168E-001   0.437425E-001
   0.625251E+001   0.100000E+001  -0.373081E-001   0.327457E-001
   0.633267E+001   0.100000E+001  -0.357561E-001   0.222112E-001
   0.641283E+001   0.100000E+001  -0.338430E-001   0.122580E-001
   0.649299E+001   0.100000E+001  -0.315384E-001   0.301419E-002
   0.657315E+001   0.100000E+001  -0.287987E-001  -0.537643E-002
   0.665331E+001   0.100000E+001  -0.255663E-001  -0.127466E-001
   0.673347E+001   0.100000E+001  -0.217745E-001  -0.188986E-001
   0.681363E+001   0.100000E+001  -0.173639E-001  -0.235993E-001
   0.689379E+001   0.100000E+001  -0.122849E-001  -0.265763E-001
   0.697395E+001   0.100000E+001  -0.653604E-002  -0.275212E-001
   0.705411E+001   0.100000E+001  -0.145807E-003  -0.261118E-001
   0.713427E+001   0.100000E+001   0.683423E-002  -0.220236E-001
   0.721443E+001   0.100000E+001   0.142789E-001  -0.149316E-001
   0.729459E+001   0.100000E+001   0.220009E-001  -0.454736E-002
   0.737475E+001   0.100000E+001   0.297655E-001   0.932777E-002
   0.745491E+001   0.100000E+001   0.372476E-001   0.267666E-001
   0.753507E+001   0.100000E+001   0.440462E-001   0.476659E-001
   0.761523E+001   0.100000E+001   0.497563E-001   0.716969E-001
   0.769539E+001   0.100000E+001   0.539526E-001   0.982847E-001
   0.777555E+001   0.100000E+001   0.563044E-001   0.126602E+000
   0.785571E+001   0.100000E+001   0.566077E-001   0.155632E+000
   0.793587E+001   0.100000E+001   0.547708E-001   0.184303E+000
   0.801603E+001   0.100000E+001   0.509207E-001   0.211594E+000
   0.809619E+001   0.100000E+001   0.453847E-001   0.236667E+000
   0.817635E+001   0.100000E+001   0.386043E-001   0.258953E+000
   0.825651E+001   0.100000E+001   0.310880E-001   0.278112E+000
   0.833667E+001   0.100000E+001   0.232846E-001   0.293951E+000
   0.841683E+001   0.100000E+001   0.154862E-001   0.306351E+000
   0.849699E+001   0.100000E+001   0.786004E-002   0.315215E+000
   0.857715E+001   0.100000E+001   0.441803E-003   0.320555E+000
   0.865731E+001   0.100000E+001  -0.668059E-002   0.322658E+000
   0.873747E+001   0.100000E+001  -0.133338E-001   0.322302E+000
   0.881764E+001   0.100000E+001  -0.193221E-001   0.320964E+000
   0.889780E+001   0.100000E+001  -0.244216E-001   0.320911E+000
   0.897796E+001   0.100000E+001  -0.283881E-001   0.325133E+000
   0.905812E+001   0.100000E+001  -0.309997E-001   0.336994E+000
   0.913828E+001   0.100000E+001  -0.321100E-001   0.359349E+000
   0.921844E+001   0.100000E+001  -0.317382E-001   0.392908E+000
   0.929860E+001   0.100000E+001  -0.302438E-001   0.433974E+000
   0.937876E+001   0.100000E+001  -0.284456E-001   0.472587E+000
   0.945892E+001   0.100000E+001  -0.274380E-001   0.493367E+000
   0.953908E+001   0.100000E+001  -0.280069E-001   0.481354E+000
   0.961924E+001   0.100000E+001  -0.300840E-001   0.430482E+000
   0.969940E+001   0.100000E+001  -0.328097E-001   0.346992E+000
   0.977956E+001   0.100000E+001  -0.351842E-001   0.244529E+000
   0.985972E+001   0.100000E+001  -0.366172E-001   0.136732E+000
   0.993988E+001   0.100000E+001  -0.370218E-001   0.331537E-001
   0.100200E+002   0.100000E+001  -0.365866E-001  -0.611970E-001
   0.101002E+002   0.100000E+001  -0.355377E-001  -0.144657E+000
   0.101804E+002   0.100000E+001  -0.340567E-001  -0.217503E+000
   0.102605E+002   0.100000E+001  -0.322377E-001  -0.280919E+000
   0.103407E+002   0.100000E+001  -0.300838E-001  -0.336352E+000
   0.104208E+002   0.100000E+001  -0.275717E-001  -0.385189E+000
   0.105010E+002   0.100000E+001  -0.246830E-001  -0.428576E+000
   0.105812E+002   0.100000E+001  -0.214065E-001  -0.467351E+000
   0.106613E+002   0.100000E+001  -0.177256E-001  -0.502072E+000
   0.107415E+002   0.100000E+001  -0.136208E-001  -0.533061E+000
   0.108216E+002   0.100000E+001  -0.907119E-002  -0.560455E+000
   0.109018E+002   0.100000E+001  -0.406221E-002  -0.584256E+000
   0.109820E+002   0.100000E+001   0.139842E-002  -0.604375E+000
   0.110621E+002   0.100000E+001   0.723227E-002  -0.620666E+000
   0.111423E+002   0.100000E+001   0.133396E-001  -0.632961E+000
   0.112224E+002   0.100000E+001   0.196705E-001  -0.641094E+000
   0.113026E+002   0.100000E+001   0.261897E-001  -0.644894E+000
   0.113828E+002   0.100000E+001   0.328180E-001  -0.644214E+000
   0.114629E+002   0.100000E+001   0.393432E-001  -0.638965E+000
   0.115431E+002   0.100000E+001   0.454054E-001  -0.629196E+000
   0.116232E+002   0.100000E+001   0.505140E-001  -0.615205E+000
   0.117034E+002   0.100000E+001   0.541217E-001  -0.597602E+000
   0.117836E+002   0.100000E+001   0.557797E-001  -0.577376E+000
   0.118637E+002   0.100000E+001   0.552546E-001  -0.555883E+000
   0.119439E+002   0.100000E+001   0.525525E-001  -0.534693E+000
   0.120240E+002   0.100000E+001   0.479350E-001  -0.515396E+000
   0.121042E+002   0.100000E+001   0.417895E-001  -0.499365E+000
   0.121844E+002   0.100000E+001   0.345829E-001  -0.487554E+000
   0.122645E+002   0.100000E+001   0.267832E-001  -0.480418E+000
   0.123447E+002   0.100000E+001   0.188029E-001  -0.477942E+000
   0.124248E+002   0.100000E+001   0.109842E-001  -0.479791E+000
   0.125050E+002   0.100000E+001   0.358902E-002  -0.485468E+000
   0.125852E+002   0.100000E+001  -0.320217E-002  -0.494447E+000
   0.126653E+002   0.100000E+001  -0.927672E-002  -0.506254E+000
   0.127455E+002   0.100000E+001  -0.145996E-001  -0.520461E+000
   0.128257E+002   0.100000E+001  -0.191582E-001  -0.536665E+000
   0.129058E+002   0.100000E+001  -0.229768E-001  -0.554485E+000
   0.129860E+002   0.100000E+001  -0.261039E-001  -0.573559E+000
   0.130661E+002   0.100000E+001  -0.285969E-001  -0.593556E+000
   0.131463E+002   0.100000E+001  -0.305235E-001  -0.614187E+000
   0.132265E+002   0.100000E+001  -0.319619E-001  -0.635211E+000
   0.133066E+002   0.100000E+001  -0.330160E-001  -0.656436E+000
   0.133868E+002   0.100000E+001  -0.337708E-001  -0.677723E+000
   0.134669E+002   0.100000E+001  -0.342773E-001  -0.698983E+000
   0.135471E+002   0.100000E+001  -0.345680E-001  -0.720185E+000
   0.136273E+002   0.100000E+001  -0.346598E-001  -0.741331E+000
   0.137074E+002   0.100000E+001  -0.345546E-001  -0.762447E+000
   0.137876E+002   0.100000E+001  -0.342540E-001  -0.783553E+000
   0.138677E+002   0.100000E+001  -0.337678E-001  -0.804646E+000
   0.139479E+002   0.100000E+001  -0.331126E-001  -0.825692E+000
   0.140281E+002   0.100000E+001  -0.322981E-001  -0.846625E+000
   0.141082E+002   0.100000E+001  -0.313190E-001  -0.867352E+000
   0.141884E+002   0.100000E+001  -0.301625E-001  -0.887758E+000
   0.142685E+002   0.100000E+001  -0.288072E-001  -0.907714E+000
   0.143487E+002   0.100000E+001  -0.272286E-001  -0.927077E+000
   0.144289E+002   0.100000E+001  -0.254067E-001  -0.945690E+000
   0.145090E+002   0.100000E+001  -0.233061E-001  -0.963380E+000
   0.145892E+002   0.100000E+001  -0.208573E-001  -0.979947E+000
   0.146693E+002   0.100000E+001  -0.180022E-001  -0.995143E+000
   0.147495E+002   0.100000E+001  -0.146706E-001  -0.100867E+001
   0.148297E+002   0.100000E+001  -0.107947E-001  -0.102018E+001
   0.149098E+002   0.100000E+001  -0.635409E-002  -0.102923E+001
   0.149900E+002   0.100000E+001  -0.132859E-002  -0.103538E+001
   0.150701E+002   0.100000E+001   0.432006E-002  -0.103815E+001
   0.151503E+002   0.100000E+001   0.106306E-001  -0.103712E+001
   0.152305E+002   0.100000E+001   0.175854E-001  -0.103197E+001
   0.153106E+002   0.100000E+001   0.250330E-001  -0.102246E+001
   0.153908E+002   0.100000E+001   0.327217E-001  -0.100842E+001
   0.154709E+002   0.100000E+001   0.402128E-001  -0.989761E+000
   0.155511E+002   0.100000E+001   0.469296E-001  -0.966573E+000
   0.156313E+002   0.100000E+001   0.523815E-001  -0.939228E+000
   0.157114E+002   0.100000E+001   0.560831E-001  -0.908439E+000
   0.157916E+002   0.100000E+001   0.575161E-001  -0.875226E+000
   0.158717E+002   0.100000E+001   0.564002E-001  -0.840890E+000
   0.159519E+002   0.100000E+001   0.528111E-001  -0.806992E+000
   0.160321E+002   0.100000E+001   0.471044E-001  -0.775249E+000
   0.161122E+002   0.100000E+001   0.397988E-001  -0.747311E+000
   0.161924E+002   0.100000E+001   0.315397E-001  -0.724367E+000
   0.162725E+002   0.100000E+001   0.229684E-001  -0.706916E+000
   0.163527E+002   0.100000E+001   0.145373E-001  -0.694727E+000
   0.164329E+002   0.100000E+001   0.661120E-002  -0.687115E+000
   0.165130E+002   0.100000E+001  -0.508002E-003  -0.683285E+000
   0.165932E+002   0.100000E+001  -0.672946E-002  -0.682545E+000
   0.166733E+002   0.100000E+001  -0.120966E-001  -0.684386E+000
   0.167535E+002   0.100000E+001  -0.166827E-001  -0.688458E+000
   0.168337E+002   0.100000E+001  -0.205793E-001  -0.694494E+000
   0.169138E+002   0.100000E+001  -0.238696E-001  -0.702296E+000
   0.169940E+002   0.100000E+001  -0.266440E-001  -0.711695E+000
   0.170741E+002   0.100000E+001  -0.289848E-001  -0.722536E+000
   0.171543E+002   0.100000E+001  -0.309214E-001  -0.734663E+000
   0.172345E+002   0.100000E+001  -0.324749E-001  -0.747878E+000
   0.173146E+002   0.100000E+001  -0.337025E-001  -0.761939E+000
   0.173948E+002   0.100000E+001  -0.346454E-001  -0.776584E+000
   0.174749E+002   0.100000E+001  -0.352987E-001  -0.791581E+000
   0.175551E+002   0.100000E+001  -0.356801E-001  -0.806761E+000
   0.176353E+002   0.100000E+001  -0.358311E-001  -0.822013E+000
   0.177154E+002   0.100000E+001  -0.357782E-001  -0.837214E+000
   0.177956E+002   0.100000E+001  -0.355561E-001  -0.852166E+000
   0.178758E+002   0.100000E+001  -0.352080E-001  -0.866543E+000
   0.179559E+002   0.100000E+001  -0.347067E-001  -0.879896E+000
   0.180361E+002   0.100000E+001  -0.339659E-001  -0.891691E+000
   0.181162E+002   0.100000E+001  -0.329265E-001  -0.901359E+000
   0.181964E+002   0.100000E+001  -0.315669E-001  -0.908337E+000
   0.182766E+002   0.100000E+001  -0.298048E-001  -0.912136E+000
   0.183567E+002   0.100000E+001  -0.275673E-001  -0.912353E+000
   0.184369E+002   0.100000E+001  -0.248348E-001  -0.908706E+000
   0.185170E+002   0.100000E+001  -0.215672E-001  -0.901008E+000
   0.185972E+002   0.100000E+001  -0.176764E-001  -0.889122E+000
   0.186774E+002   0.100000E+001  -0.131144E-001  -0.872942E+000
   0.187575E+002   0.100000E+001  -0.781770E-002  -0.852377E+000
   0.188377E+002   0.100000E+001  -0.171549E-002  -0.827334E+000
   0.189178E+002   0.100000E+001   0.525895E-002  -0.797769E+000
   0.189980E+002   0.100000E+001   0.131654E-001  -0.763708E+000
   0.190782E+002   0.100000E+001   0.220059E-001  -0.725304E+000
   0.191583E+002   0.100000E+001   0.317780E-001  -0.682919E+000
   0.192385E+002   0.100000E+001   0.423557E-001  -0.637148E+000
   0.193186E+002   0.100000E+001   0.533022E-001  -0.588864E+000
   0.193988E+002   0.100000E+001   0.636335E-001  -0.539222E+000
   0.194790E+002   0.100000E+001   0.717451E-001  -0.489734E+000
   0.195591E+002   0.100000E+001   0.758763E-001  -0.442368E+000
   0.196393E+002   0.100000E+001   0.749662E-001  -0.399375E+000
   0.197194E+002   0.100000E+001   0.691502E-001  -0.362815E+000
   0.197996E+002   0.100000E+001   0.598476E-001  -0.333939E+000
   0.198798E+002   0.100000E+001   0.490268E-001  -0.312694E+000
   0.199599E+002   0.100000E+001   0.383765E-001  -0.297807E+000
   0.200401E+002   0.100000E+001   0.288116E-001  -0.287387E+000
   0.201202E+002   0.100000E+001   0.205612E-001  -0.279696E+000
   0.202004E+002   0.100000E+001   0.134857E-001  -0.273669E+000
   0.202806E+002   0.100000E+001   0.733207E-002  -0.268994E+000
   0.203607E+002   0.100000E+001   0.179914E-002  -0.265859E+000
   0.204409E+002   0.100000E+001  -0.327983E-002  -0.264604E+000
   0.205210E+002   0.100000E+001  -0.796642E-002  -0.265433E+000
   0.206012E+002   0.100000E+001  -0.122058E-001  -0.268301E+000
   0.206814E+002   0.100000E+001  -0.159324E-001  -0.272943E+000
   0.207615E+002   0.100000E+001  -0.191388E-001  -0.278997E+000
   0.208417E+002   0.100000E+001  -0.218937E-001  -0.286133E+000
   0.209218E+002   0.100000E+001  -0.243014E-001  -0.294125E+000
   0.210020E+002   0.100000E+001  -0.264428E-001  -0.302873E+000
   0.210822E+002   0.100000E+001  -0.283519E-001  -0.312357E+000
   0.211623E+002   0.100000E+001  -0.300191E-001  -0.322572E+000
   0.212425E+002   0.100000E+001  -0.313953E-001  -0.333484E+000
   0.213226E+002   0.100000E+001  -0.324104E-001  -0.344988E+000
   0.214028E+002   0.100000E+001  -0.329849E-001  -0.356917E+000
   0.214830E+002   0.100000E+001  -0.330529E-001  -0.369061E+000
   0.215631E+002   0.100000E+001  -0.325593E-001  -0.381169E+000
   0.216433E+002   0.100000E+001  -0.314782E-001  -0.392982E+000
   0.217234E+002   0.100000E+001  -0.298094E-001  -0.404231E+000
   0.218036E+002   0.100000E+001  -0.275590E-001  -0.414656E+000
   0.218838E+002   0.100000E+001  -0.247478E-001  -0.424022E+000
   0.219639E+002   0.100000E+001  -0.213896E-001  -0.432109E+000
   0.220441E+002   0.100000E+001  -0.174905E-001  -0.438697E+000
   0.221242E+002   0.100000E+001  -0.130661E-001  -0.443577E+000
   0.222044E+002   0.100000E+001  -0.813523E-002  -0.446533E+000
   0.222846E+002   0.100000E+001  -0.271634E-002  -0.447360E+000
   0.223647E+002   0.100000E+001   0.314643E-002  -0.445865E+000
   0.224449E+002   0.100000E+001   0.941209E-002  -0.441865E+000
   0.225251E+002   0.100000E+001   0.160187E-001  -0.435198E+000
   0.226052E+002   0.100000E+001   0.228642E-001  -0.425739E+000
   0.226854E+002   0.100000E+001   0.298066E-001  -0.413380E+000
   0.227655E+002   0.100000E+001   0.366628E-001  -0.398055E+000
   0.228457E+002   0.100000E+001   0.431969E-001  -0.379766E+000
   0.229259E+002   0.100000E+001   0.491208E-001  -0.358596E+000
   0.230060E+002   0.100000E+001   0.541033E-001  -0.334734E+000
   0.230862E+002   0.100000E+001   0.578079E-001  -0.308556E+000
   0.231663E+002   0.100000E+001   0.599500E-001  -0.280710E+000
   0.232465E+002   0.100000E+001   0.602680E-001  -0.252098E+000
   0.233267E+002   0.100000E+001   0.585900E-001  -0.223756E+000
   0.234068E+002   0.100000E+001   0.549375E-001  -0.196734E+000
   0.234870E+002   0.100000E+001   0.495299E-001  -0.172011E+000
   0.235671E+002   0.100000E+001   0.427318E-001  -0.150384E+000
   0.236473E+002   0.100000E+001   0.350065E-001  -0.132358E+000
   0.237275E+002   0.100000E+001   0.268429E-001  -0.118127E+000
   0.238076E+002   0.100000E+001   0.186643E-001  -0.107648E+000
   0.238878E+002   0.100000E+001   0.107894E-001  -0.100718E+000
   0.239679E+002   0.100000E+001   0.344898E-002  -0.970417E-001
   0.240481E+002   0.100000E+001  -0.319768E-002  -0.962661E-001
   0.241283E+002   0.100000E+001  -0.905922E-002  -0.980146E-001
   0.242084E+002   0.100000E+001  -0.141056E-001  -0.101909E+000
   0.242886E+002   0.100000E+001  -0.183535E-001  -0.107590E+000
   0.243687E+002   0.100000E+001  -0.218510E-001  -0.114724E+000
   0.244489E+002   0.100000E+001  -0.246652E-001  -0.123017E+000
   0.245291E+002   0.100000E+001  -0.268715E-001  -0.132205E+000
   0.246092E+002   0.100000E+001  -0.285490E-001  -0.142062E+000
   0.246894E+002   0.100000E+001  -0.297767E-001  -0.152396E+000
   0.247695E+002   0.100000E+001  -0.306297E-001  -0.163049E+000
   0.248497E+002   0.100000E+001  -0.311736E-001  -0.173894E+000
   0.249299E+002   0.100000E+001  -0.314605E-001  -0.184832E+000
   0.250100E+002   0.100000E+001  -0.315261E-001  -0.195781E+000
   0.250902E+002   0.100000E+001  -0.313914E-001  -0.206673E+000
   0.251703E+002   0.100000E+001  -0.310630E-001  -0.217442E+000
   0.252505E+002   0.100000E+001  -0.305351E-001  -0.228025E+000
   0.253307E+002   0.100000E+001  -0.297885E-001  -0.238355E+000
   0.254108E+002   0.100000E+001  -0.287897E-001  -0.248356E+000
   0.254910E+002   0.100000E+001  -0.274903E-001  -0.257933E+000
   0.255711E+002   0.100000E+001  -0.258272E-001  -0.266973E+000
   0.256513E+002   0.100000E+001  -0.237241E-001  -0.275332E+000
   0.257315E+002   0.100000E+001  -0.210942E-001  -0.282828E+000
   0.258116E+002   0.100000E+001  -0.178453E-001  -0.289241E+000
   0.258918E+002   0.100000E+001  -0.138876E-001  -0.294305E+000
   0.259719E+002   0.100000E+001  -0.914654E-002  -0.297705E+000
   0.260521E+002   0.100000E+001  -0.357840E-002  -0.299085E+000
   0.261323E+002   0.100000E+001   0.281173E-002  -0.298060E+000
   0.262124E+002   0.100000E+001   0.995272E-002  -0.294227E+000
   0.262926E+002   0.100000E+001   0.176924E-001  -0.287201E+000
   0.263727E+002   0.100000E+001   0.257861E-001  -0.276649E+000
   0.264529E+002   0.100000E+001   0.338902E-001  -0.262341E+000
   0.265331E+002   0.100000E+001   0.415655E-001  -0.244220E+000
   0.266132E+002   0.100000E+001   0.482990E-001  -0.222472E+000
   0.266934E+002   0.100000E+001   0.535592E-001  -0.197605E+000
   0.267735E+002   0.100000E+001   0.568861E-001  -0.170471E+000
   0.268537E+002   0.100000E+001   0.579990E-001  -0.142206E+000
   0.269339E+002   0.100000E+001   0.568726E-001  -0.114067E+000
   0.270140E+002   0.100000E+001   0.537394E-001  -0.872236E-001
   0.270942E+002   0.100000E+001   0.490116E-001  -0.625844E-001
   0.271743E+002   0.100000E+001   0.431673E-001  -0.407332E-001
   0.272545E+002   0.100000E+001   0.366542E-001  -0.219575E-001
   0.273347E+002   0.100000E+001   0.298380E-001  -0.632711E-002
   0.274148E+002   0.100000E+001   0.229896E-001   0.622564E-002
   0.274950E+002   0.100000E+001   0.162957E-001   0.158436E-001
   0.275752E+002   0.100000E+001   0.987810E-002   0.227042E-001
   0.276553E+002   0.100000E+001   0.381268E-002   0.269974E-001
   0.277355E+002   0.100000E+001  -0.185448E-002   0.289149E-001
   0.278156E+002   0.100000E+001  -0.709597E-002   0.286462E-001
   0.278958E+002   0.100000E+001  -0.118956E-001   0.263785E-001
   0.279760E+002   0.100000E+001  -0.162440E-001   0.222972E-001
   0.280561E+002   0.100000E+001  -0.201367E-001   0.165866E-001
   0.281363E+002   0.100000E+001  -0.235721E-001   0.942982E-002
   0.282164E+002   0.100000E+001  -0.265501E-001   0.100897E-002
   0.282966E+002   0.100000E+001  -0.290697E-001  -0.849461E-002
   0.283768E+002   0.100000E+001  -0.311278E-001  -0.188991E-001
   0.284569E+002   0.100000E+001  -0.327171E-001  -0.300202E-001
   0.285371E+002   0.100000E+001  -0.338276E-001  -0.416689E-001
   0.286172E+002   0.100000E+001  -0.344481E-001  -0.536502E-001
   0.286974E+002   0.100000E+001  -0.345694E-001  -0.657636E-001
   0.287776E+002   0.100000E+001  -0.341876E-001  -0.778055E-001
   0.288577E+002   0.100000E+001  -0.333057E-001  -0.895727E-001
   0.289379E+002   0.100000E+001  -0.319337E-001  -0.100867E+000
   0.290180E+002   0.100000E+001  -0.300875E-001  -0.111500E+000
   0.290982E+002   0.100000E+001  -0.277867E-001  -0.121292E+000
   0.291784E+002   0.100000E+001  -0.250524E-001  -0.130078E+000
   0.292585E+002   0.100000E+001  -0.219065E-001  -0.137700E+000
   0.293387E+002   0.100000E+001  -0.183720E-001  -0.144014E+000
   0.294188E+002   0.100000E+001  -0.144754E-001  -0.148880E+000
   0.294990E+002   0.100000E+001  -0.102492E-001  -0.152169E+000
   0.295792E+002   0.100000E+001  -0.573501E-002  -0.153764E+000
   0.296593E+002   0.100000E+001  -0.985355E-003  -0.153557E+000
   0.297395E+002   0.100000E+001   0.393553E-002  -0.151461E+000
   0.298196E+002   0.100000E+001   0.894963E-002  -0.147402E+000
   0.298998E+002   0.100000E+001   0.139584E-001  -0.141327E+000
   0.299800E+002   0.100000E+001   0.188274E-001  -0.133212E+000
   0.300601E+002   0.100000E+001   0.233630E-001  -0.123082E+000
   0.301403E+002   0.100000E+001   0.272945E-001  -0.111063E+000
   0.302204E+002   0.100000E+001   0.302857E-001  -0.974544E-001
   0.303006E+002   0.100000E+001   0.320017E-001  -0.827853E-001
   0.303808E+002   0.100000E+001   0.322207E-001  -0.677998E-001
   0.304609E+002   0.100000E+001   0.309387E-001  -0.533398E-001
   0.305411E+002   0.100000E+001   0.283935E-001  -0.401591E-001
   0.306212E+002   0.100000E+001   0.249880E-001  -0.287692E-001
   0.307014E+002   0.100000E+001   0.211628E-001  -0.193904E-001
   0.307816E+002   0.100000E+001   0.172950E-001  -0.120018E-001
   0.308617E+002   0.100000E+001   0.136564E-001  -0.642718E-002
   0.309419E+002   0.100000E+001   0.104144E-001  -0.241153E-002
   0.310220E+002   0.100000E+001   0.765038E-002   0.325441E-003
   0.311022E+002   0.100000E+001   0.538219E-002   0.205551E-002
   0.311824E+002   0.100000E+001   0.358575E-002   0.302355E-002
   0.312625E+002   0.100000E+001   0.221252E-002   0.343944E-002
   0.313427E+002   0.100000E+001   0.120168E-002   0.347581E-002
   0.314228E+002   0.100000E+001   0.488953E-003   0.326914E-002
   0.315030E+002   0.100000E+001   0.126131E-004   0.292304E-002
   0.315832E+002   0.100000E+001  -0.282787E-003   0.251287E-002
   0.316633E+002   0.100000E+001  -0.444693E-003   0.209073E-002
   0.317435E+002   0.100000E+001  -0.512112E-003   0.169043E-002
   0.318236E+002   0.100000E+001  -0.516080E-003   0.133184E-002
   0.319038E+002   0.100000E+001  -0.480592E-003   0.102460E-002
   0.319840E+002   0.100000E+001  -0.423629E-003   0.771071E-003
   0.320641E+002   0.100000E+001  -0.358097E-003   0.568682E-003
   0.321443E+002   0.100000E+001  -0.292688E-003   0.411867E-003
   0.322244E+002   0.100000E+001  -0.232693E-003   0.293580E-003
   0.323046E+002   0.100000E+001  -0.180799E-003   0.206455E-003
   0.323848E+002   0.100000E+001  -0.137840E-003   0.143597E-003
   0.324649E+002   0.100000E+001  -0.103477E-003   0.990340E-004
   0.325451E+002   0.100000E+001  -0.767225E-004   0.678871E-004
   0.326253E+002   0.100000E+001  -0.563340E-004   0.463564E-004
   0.327054E+002   0.100000E+001  -0.410556E-004   0.315917E-004
   0.327856E+002   0.100000E+001  -0.297542E-004   0.215195E-004
   0.328657E+002   0.100000E+001  -0.214761E-004   0.146679E-004
   0.329459E+002   0.100000E+001  -0.154561E-004   0.100112E-004
   0.330261E+002   0.100000E+001  -0.111009E-004   0.684432E-005
   0.331062E+002   0.100000E+001  -0.796148E-005   0.468728E-005
   0.331864E+002   0.100000E+001  -0.570390E-005   0.321499E-005
   0.332665E+002   0.100000E+001  -0.408312E-005   0.220786E-005
   0.333467E+002   0.100000E+001  -0.292081E-005   0.151750E-005
   0.334269E+002   0.100000E+001  -0.208796E-005   0.104347E-005
   0.335070E+002   0.100000E+001  -0.149158E-005   0.717575E-006
   0.335872E+002   0.100000E+001  -0.106478E-005   0.493346E-006
   0.336673E+002   0.100000E+001  -0.759539E-006   0.339017E-006
   0.337475E+002   0.100000E+001  -0.541380E-006   0.232804E-006
   0.338277E+002   0.100000E+001  -0.385574E-006   0.159735E-006
   0.339078E+002   0.100000E+001  -0.274385E-006   0.109498E-006
   0.339880E+002   0.100000E+001  -0.195103E-006   0.749873E-007
   0.340681E+002   0.100000E+001  -0.138618E-006   0.513024E-007
   0.341483E+002   0.100000E+001  -0.984093E-007   0.350635E-007
   0.342285E+002   0.100000E+001  -0.698113E-007   0.239415E-007
   0.343086E+002   0.100000E+001  -0.494881E-007   0.163319E-007
   0.343888E+002   0.100000E+001  -0.350570E-007   0.111309E-007
   0.344689E+002   0.100000E+001  -0.248178E-007   0.757959E-008
   0.345491E+002   0.100000E+001  -0.175582E-007   0.515708E-008
   0.346293E+002   0.100000E+001  -0.124147E-007   0.350608E-008
   0.347094E+002   0.100000E+001  -0.877308E-008   0.238185E-008
   0.347896E+002   0.100000E+001  -0.619634E-008   0.161695E-008
   0.348697E+002   0.100000E+001  -0.437421E-008   0.109693E-008
   0.349499E+002   0.100000E+001  -0.308642E-008   0.743667E-009
   0.350301E+002   0.100000E+001  -0.217677E-008   0.503849E-009
   0.351102E+002   0.100000E+001  -0.153454E-008   0.341156E-009
   0.351904E+002   0.100000E+001  -0.108135E-008   0.230856E-009
   0.352705E+002   0.100000E+001  -0.761683E-009   0.156125E-009
   0.353507E+002   0.100000E+001  -0.536309E-009   0.105523E-009
   0.354309E+002   0.100000E+001  -0.377477E-009   0.712793E-010
   0.355110E+002   0.100000E+001  -0.265587E-009   0.481200E-010
   0.355912E+002   0.100000E+001  -0.186794E-009   0.324661E-010
   0.356713E+002   0.100000E+001  -0.131330E-009   0.218915E-010
   0.357515E+002   0.100000E+001  -0.923021E-010   0.147521E-010
   0.358317E+002   0.100000E+001  -0.648491E-010   0.993485E-011
   0.359118E+002   0.100000E+001  -0.455451E-010   0.668638E-011
   0.359920E+002   0.100000E+001  -0.319760E-010   0.449712E-011
   0.360721E+002   0.100000E+001  -0.224413E-010   0.302261E-011
   0.361523E+002   0.100000E+001  -0.157438E-010   0.203013E-011
   0.362325E+002   0.100000E+001  -0.110410E-010   0.136253E-011
   0.363126E+002   0.100000E+001  -0.773994E-011   0.913771E-012
   0.363928E+002   0.100000E+001  -0.542366E-011   0.612324E-012
   0.364729E+002   0.100000E+001  -0.379898E-011   0.409979E-012
   0.365531E+002   0.100000E+001  -0.265983E-011   0.274259E-012
   0.366333E+002   0.100000E+001  -0.186142E-011   0.183299E-012
   0.367134E+002   0.100000E+001  -0.130206E-011   0.122387E-012
   0.367936E+002   0.100000E+001  -0.910334E-012   0.816332E-013
   0.368737E+002   0.100000E+001  -0.636129E-012   0.543909E-013
   0.369539E+002   0.100000E+001  -0.444274E-012   0.361983E-013
   0.370341E+002   0.100000E+001  -0.310102E-012   0.240614E-013
   0.371142E+002   0.100000E+001  -0.216317E-012   0.159732E-013
   0.371944E+002   0.100000E+001  -0.150797E-012   0.105892E-013
   0.372745E+002   0.100000E+001  -0.105049E-012   0.700969E-014
   0.373547E+002   0.100000E+001  -0.731249E-013   0.463291E-014
   0.374349E+002   0.100000E+001  -0.508622E-013   0.305691E-014
   0.375150E+002   0.100000E+001  -0.353472E-013   0.201340E-014
   0.375952E+002   0.100000E+001  -0.245423E-013   0.132356E-014
   0.376754E+002   0.100000E+001  -0.170235E-013   0.868276E-015
   0.377555E+002   0.100000E+001  -0.117956E-013   0.568333E-015
   0.378357E+002   0.100000E+001  -0.816384E-014   0.371110E-015
   0.379158E+002   0.100000E+001  -0.564322E-014   0.241696E-015
   0.379960E+002   0.100000E+001  -0.389557E-014   0.156968E-015
   0.380762E+002   0.100000E+001  -0.268519E-014   0.101628E-015
   0.381563E+002   0.100000E+001  -0.184791E-014   0.655788E-016
   0.382365E+002   0.100000E+001  -0.126946E-014   0.421617E-016
   0.383166E+002   0.100000E+001  -0.870388E-015   0.269975E-016
   0.383968E+002   0.100000E+001  -0.595492E-015   0.172108E-016
   0.384770E+002   0.100000E+001  -0.406450E-015   0.109180E-016
   0.385571E+002   0.100000E+001  -0.276686E-015   0.688830E-017
   0.386373E+002   0.100000E+001  -0.187794E-015   0.431947E-017
   0.387174E+002   0.100000E+001  -0.127036E-015   0.269011E-017
   0.387976E+002   0.100000E+001  -0.856115E-016   0.166242E-017
   0.388778E+002   0.100000E+001  -0.574473E-016   0.101830E-017
   0.389579E+002   0.100000E+001  -0.383586E-016   0.617461E-018
   0.390381E+002   0.100000E+001  -0.254672E-016   0.370040E-018
   0.391182E+002   0.100000E+001  -0.167964E-016   0.218743E-018
   0.391984E+002   0.100000E+001  -0.109919E-016   0.127229E-018
   0.392786E+002   0.100000E+001  -0.712761E-017   0.725830E-019
   0.393587E+002   0.100000E+001  -0.457175E-017   0.404482E-019
   0.394389E+002   0.100000E+001  -0.289451E-017   0.218986E-019
   0.395190E+002   0.100000E+001  -0.180418E-017   0.114321E-019
   0.395992E+002   0.100000E+001  -0.110327E-017   0.569158E-020
   0.396794E+002   0.100000E+001  -0.658243E-018   0.265358E-020
   0.397595E+002   0.100000E+001  -0.378665E-018   0.111852E-020
   0.398397E+002   0.100000E+001  -0.202808E-018   0.391667E-021
   0.399198E+002   0.100000E+001  -0.871701E-019   0.820026E-022
   0.400000E+002   0.100000E+001  -0.000000E+000   0.000000E+000
   0.400802E+002   0.100000E+001  -0.406089E-018   0.639420E-022

