  -0.801603E-001   0.100000E+001   0.702381E-001   0.106225E+000
   0.000000E+000   0.100000E+001   0.616332E-001  -0.268272E-001
   0.801603E-001   0.100000E+001   0.625064E-001  -0.987525E-005
   0.160321E+000   0.100000E+001   0.610845E-001   0.267242E-001
   0.240481E+000   0.100000E+001   0.573564E-001   0.520973E-001
   0.320641E+000   0.100000E+001   0.517801E-001   0.748873E-001
   0.400802E+000   0.100000E+001   0.447584E-001   0.944536E-001
   0.480962E+000   0.100000E+001   0.368653E-001   0.110284E+000
   0.561122E+000   0.100000E+001   0.285885E-001   0.122259E+000
   0.641283E+000   0.100000E+001   0.203274E-001   0.130463E+000
   0.721443E+000   0.100000E+001   0.123826E-001   0.135117E+000
   0.801603E+000   0.100000E+001   0.495525E-002   0.136522E+000
   0.881764E+000   0.100000E+001  -0.183453E-002   0.135009E+000
   0.961924E+000   0.100000E+001  -0.792955E-002   0.130915E+000
   0.104208E+001   0.100000E+001  -0.133185E-001   0.124561E+000
   0.112224E+001   0.100000E+001  -0.180215E-001   0.116248E+000
   0.120240E+001   0.100000E+001  -0.220788E-001   0.106251E+000
   0.128257E+001   0.100000E+001  -0.255432E-001   0.948196E-001
   0.136273E+001   0.100000E+001  -0.284745E-001   0.821778E-001
   0.144289E+001   0.100000E+001  -0.309355E-001   0.685327E-001
   0.152305E+001   0.100000E+001  -0.329878E-001   0.540781E-001
   0.160321E+001   0.100000E+001  -0.346834E-001   0.390004E-001
   0.168337E+001   0.100000E+001  -0.360557E-001   0.234766E-001
   0.176353E+001   0.100000E+001  -0.371157E-001   0.766672E-002
   0.184369E+001   0.100000E+001  -0.378564E-001  -0.829453E-002
   0.192385E+001   0.100000E+001  -0.382651E-001  -0.243000E-001
   0.200401E+001   0.100000E+001  -0.383338E-001  -0.402617E-001
   0.208417E+001   0.100000E+001  -0.380615E-001  -0.560978E-001
   0.216433E+001   0.100000E+001  -0.374498E-001  -0.717205E-001
   0.224449E+001   0.100000E+001  -0.364948E-001  -0.870303E-001
   0.232465E+001   0.100000E+001  -0.351830E-001  -0.101915E+000
   0.240481E+001   0.100000E+001  -0.334896E-001  -0.116250E+000
   0.248497E+001   0.100000E+001  -0.313797E-001  -0.129896E+000
   0.256513E+001   0.100000E+001  -0.288095E-001  -0.142702E+000
   0.264529E+001   0.100000E+001  -0.257283E-001  -0.154495E+000
   0.272545E+001   0.100000E+001  -0.220810E-001  -0.165085E+000
   0.280561E+001   0.100000E+001  -0.178119E-001  -0.174253E+000
   0.288577E+001   0.100000E+001  -0.128699E-001  -0.181758E+000
   0.296593E+001   0.100000E+001  -0.721648E-002  -0.187327E+000
   0.304609E+001   0.100000E+001  -0.835480E-003  -0.190663E+000
   0.312625E+001   0.100000E+001   0.625293E-002  -0.191443E+000
   0.320641E+001   0.100000E+001   0.139763E-001  -0.189333E+000
   0.328657E+001   0.100000E+001   0.221913E-001  -0.183998E+000
   0.336673E+001   0.100000E+001   0.306647E-001  -0.175137E+000
   0.344689E+001   0.100000E+001   0.390565E-001  -0.162536E+000
   0.352705E+001   0.100000E+001   0.469174E-001  -0.146135E+000
   0.360721E+001   0.100000E+001   0.537104E-001  -0.126119E+000
   0.368737E+001   0.100000E+001   0.588708E-001  -0.102993E+000
   0.376754E+001   0.100000E+001   0.619028E-001  -0.776147E-001
   0.384770E+001   0.100000E+001   0.624910E-001  -0.511431E-001
   0.392786E+001   0.100000E+001   0.605819E-001  -0.248923E-001
   0.400802E+001   0.100000E+001   0.563936E-001  -0.130745E-003
   0.408818E+001   0.100000E+001   0.503539E-001   0.221008E-001
   0.416834E+001   0.100000E+001   0.429979E-001   0.410924E-001
   0.424850E+001   0.100000E+001   0.348699E-001   0.564716E-001
   0.432866E+001   0.100000E+001   0.264536E-001   0.681447E-001
   0.440882E+001   0.100000E+001   0.181368E-001   0.762127E-001
   0.448898E+001   0.100000E+001   0.102024E-001   0.808944E-001
   0.456914E+001   0.100000E+001   0.283658E-002   0.824696E-001
   0.464930E+001   0.100000E+001  -0.385558E-002   0.812428E-001
   0.472946E+001   0.100000E+001  -0.983200E-002   0.775218E-001
   0.480962E+001   0.100000E+001  -0.150957E-001   0.716074E-001
   0.488978E+001   0.100000E+001  -0.196784E-001   0.637872E-001
   0.496994E+001   0.100000E+001  -0.236266E-001   0.543310E-001
   0.505010E+001   0.100000E+001  -0.269916E-001   0.434871E-001
   0.513026E+001   0.100000E+001  -0.298241E-001   0.314779E-001
   0.521042E+001   0.100000E+001  -0.321710E-001   0.184989E-001
   0.529058E+001   0.100000E+001  -0.340755E-001   0.471936E-002
   0.537074E+001   0.100000E+001  -0.355771E-001  -0.971386E-002
   0.545090E+001   0.100000E+001  -0.367119E-001  -0.246708E-001
   0.553106E+001   0.100000E+001  -0.375109E-001  -0.400325E-001
   0.561122E+001   0.100000E+001  -0.379982E-001  -0.556861E-001
   0.569138E+001   0.100000E+001  -0.381896E-001  -0.715218E-001
   0.577154E+001   0.100000E+001  -0.380928E-001  -0.874307E-001
   0.585170E+001   0.100000E+001  -0.377072E-001  -0.103302E+000
   0.593186E+001   0.100000E+001  -0.370238E-001  -0.119023E+000
   0.601202E+001   0.100000E+001  -0.360251E-001  -0.134474E+000
   0.609218E+001   0.100000E+001  -0.346862E-001  -0.149528E+000
   0.617234E+001   0.100000E+001  -0.329747E-001  -0.164049E+000
   0.625251E+001   0.100000E+001  -0.308504E-001  -0.177883E+000
   0.633267E+001   0.100000E+001  -0.282647E-001  -0.190860E+000
   0.641283E+001   0.100000E+001  -0.251628E-001  -0.202789E+000
   0.649299E+001   0.100000E+001  -0.214834E-001  -0.213454E+000
   0.657315E+001   0.100000E+001  -0.171655E-001  -0.222616E+000
   0.665331E+001   0.100000E+001  -0.121509E-001  -0.230015E+000
   0.673347E+001   0.100000E+001  -0.639862E-002  -0.235369E+000
   0.681363E+001   0.100000E+001   0.953710E-004  -0.238375E+000
   0.689379E+001   0.100000E+001   0.730070E-002  -0.238718E+000
   0.697395E+001   0.100000E+001   0.151096E-001  -0.236078E+000
   0.705411E+001   0.100000E+001   0.233361E-001  -0.230142E+000
   0.713427E+001   0.100000E+001   0.317221E-001  -0.220654E+000
   0.721443E+001   0.100000E+001   0.399008E-001  -0.207453E+000
   0.729459E+001   0.100000E+001   0.473979E-001  -0.190560E+000
   0.737475E+001   0.100000E+001   0.537351E-001  -0.170267E+000
   0.745491E+001   0.100000E+001   0.584745E-001  -0.147190E+000
   0.753507E+001   0.100000E+001   0.612211E-001  -0.122217E+000
   0.761523E+001   0.100000E+001   0.617301E-001  -0.964188E-001
   0.769539E+001   0.100000E+001   0.599255E-001  -0.709657E-001
   0.777555E+001   0.100000E+001   0.559471E-001  -0.469611E-001
   0.785571E+001   0.100000E+001   0.501593E-001  -0.253216E-001
   0.793587E+001   0.100000E+001   0.430405E-001  -0.671540E-002
   0.801603E+001   0.100000E+001   0.350742E-001   0.846612E-002
   0.809619E+001   0.100000E+001   0.267435E-001   0.200769E-001
   0.817635E+001   0.100000E+001   0.184275E-001   0.281501E-001
   0.825651E+001   0.100000E+001   0.104170E-001   0.328501E-001
   0.833667E+001   0.100000E+001   0.292863E-002   0.344108E-001
   0.841683E+001   0.100000E+001  -0.391697E-002   0.331081E-001
   0.849699E+001   0.100000E+001  -0.100580E-001   0.292306E-001
   0.857715E+001   0.100000E+001  -0.154905E-001   0.230523E-001
   0.865731E+001   0.100000E+001  -0.202312E-001   0.148208E-001
   0.873747E+001   0.100000E+001  -0.243142E-001   0.476254E-002
   0.881764E+001   0.100000E+001  -0.277972E-001  -0.692310E-002
   0.889780E+001   0.100000E+001  -0.307384E-001  -0.200636E-001
   0.897796E+001   0.100000E+001  -0.331842E-001  -0.345102E-001
   0.905812E+001   0.100000E+001  -0.351633E-001  -0.501496E-001
   0.913828E+001   0.100000E+001  -0.366849E-001  -0.668985E-001
   0.921844E+001   0.100000E+001  -0.377702E-001  -0.846855E-001
   0.929860E+001   0.100000E+001  -0.384349E-001  -0.103450E+000
   0.937876E+001   0.100000E+001  -0.386874E-001  -0.123128E+000
   0.945892E+001   0.100000E+001  -0.385508E-001  -0.143631E+000
   0.953908E+001   0.100000E+001  -0.380618E-001  -0.164838E+000
   0.961924E+001   0.100000E+001  -0.372747E-001  -0.186580E+000
   0.969940E+001   0.100000E+001  -0.362494E-001  -0.208633E+000
   0.977956E+001   0.100000E+001  -0.350326E-001  -0.230731E+000
   0.985972E+001   0.100000E+001  -0.336258E-001  -0.252573E+000
   0.993988E+001   0.100000E+001  -0.319894E-001  -0.273830E+000
   0.100200E+002   0.100000E+001  -0.300550E-001  -0.294157E+000
   0.101002E+002   0.100000E+001  -0.277326E-001  -0.313196E+000
   0.101804E+002   0.100000E+001  -0.249416E-001  -0.330600E+000
   0.102605E+002   0.100000E+001  -0.216078E-001  -0.346048E+000
   0.103407E+002   0.100000E+001  -0.176645E-001  -0.359267E+000
   0.104208E+002   0.100000E+001  -0.130727E-001  -0.370037E+000
   0.105010E+002   0.100000E+001  -0.782106E-002  -0.378183E+000
   0.105812E+002   0.100000E+001  -0.194048E-002  -0.383543E+000
   0.106613E+002   0.100000E+001   0.450664E-002  -0.385952E+000
   0.107415E+002   0.100000E+001   0.114603E-001  -0.385192E+000
   0.108216E+002   0.100000E+001   0.188269E-001  -0.380969E+000
   0.109018E+002   0.100000E+001   0.265200E-001  -0.372930E+000
   0.109820E+002   0.100000E+001   0.344226E-001  -0.360684E+000
   0.110621E+002   0.100000E+001   0.422197E-001  -0.343886E+000
   0.111423E+002   0.100000E+001   0.493815E-001  -0.322348E+000
   0.112224E+002   0.100000E+001   0.552656E-001  -0.296199E+000
   0.113026E+002   0.100000E+001   0.592141E-001  -0.266056E+000
   0.113828E+002   0.100000E+001   0.607262E-001  -0.233148E+000
   0.114629E+002   0.100000E+001   0.595978E-001  -0.199304E+000
   0.115431E+002   0.100000E+001   0.560010E-001  -0.166670E+000
   0.116232E+002   0.100000E+001   0.503563E-001  -0.137245E+000
   0.117034E+002   0.100000E+001   0.431557E-001  -0.112498E+000
   0.117836E+002   0.100000E+001   0.349813E-001  -0.931364E-001
   0.118637E+002   0.100000E+001   0.263859E-001  -0.792002E-001
   0.119439E+002   0.100000E+001   0.177786E-001  -0.702951E-001
   0.120240E+002   0.100000E+001   0.951502E-002  -0.658309E-001
   0.121042E+002   0.100000E+001   0.188894E-002  -0.651989E-001
   0.121844E+002   0.100000E+001  -0.491750E-002  -0.678175E-001
   0.122645E+002   0.100000E+001  -0.108301E-001  -0.731505E-001
   0.123447E+002   0.100000E+001  -0.158668E-001  -0.807270E-001
   0.124248E+002   0.100000E+001  -0.200869E-001  -0.901134E-001
   0.125050E+002   0.100000E+001  -0.236146E-001  -0.100936E+000
   0.125852E+002   0.100000E+001  -0.265764E-001  -0.112893E+000
   0.126653E+002   0.100000E+001  -0.290553E-001  -0.125756E+000
   0.127455E+002   0.100000E+001  -0.311259E-001  -0.139372E+000
   0.128257E+002   0.100000E+001  -0.328435E-001  -0.153643E+000
   0.129058E+002   0.100000E+001  -0.342467E-001  -0.168507E+000
   0.129860E+002   0.100000E+001  -0.353749E-001  -0.183925E+000
   0.130661E+002   0.100000E+001  -0.362386E-001  -0.199865E+000
   0.131463E+002   0.100000E+001  -0.368353E-001  -0.216297E+000
   0.132265E+002   0.100000E+001  -0.371612E-001  -0.233173E+000
   0.133066E+002   0.100000E+001  -0.371995E-001  -0.250427E+000
   0.133868E+002   0.100000E+001  -0.369236E-001  -0.267961E+000
   0.134669E+002   0.100000E+001  -0.363258E-001  -0.285645E+000
   0.135471E+002   0.100000E+001  -0.353999E-001  -0.303314E+000
   0.136273E+002   0.100000E+001  -0.341233E-001  -0.320780E+000
   0.137074E+002   0.100000E+001  -0.324836E-001  -0.337831E+000
   0.137876E+002   0.100000E+001  -0.304715E-001  -0.354246E+000
   0.138677E+002   0.100000E+001  -0.280582E-001  -0.369801E+000
   0.139479E+002   0.100000E+001  -0.251980E-001  -0.384264E+000
   0.140281E+002   0.100000E+001  -0.218398E-001  -0.397398E+000
   0.141082E+002   0.100000E+001  -0.179261E-001  -0.408949E+000
   0.141884E+002   0.100000E+001  -0.133877E-001  -0.418644E+000
   0.142685E+002   0.100000E+001  -0.817344E-002  -0.426182E+000
   0.143487E+002   0.100000E+001  -0.227729E-002  -0.431224E+000
   0.144289E+002   0.100000E+001   0.428587E-002  -0.433389E+000
   0.145090E+002   0.100000E+001   0.114360E-001  -0.432260E+000
   0.145892E+002   0.100000E+001   0.190302E-001  -0.427391E+000
   0.146693E+002   0.100000E+001   0.268796E-001  -0.418362E+000
   0.147495E+002   0.100000E+001   0.346925E-001  -0.404838E+000
   0.148297E+002   0.100000E+001   0.420669E-001  -0.386705E+000
   0.149098E+002   0.100000E+001   0.485171E-001  -0.364185E+000
   0.149900E+002   0.100000E+001   0.535371E-001  -0.337891E+000
   0.150701E+002   0.100000E+001   0.566937E-001  -0.308830E+000
   0.151503E+002   0.100000E+001   0.576942E-001  -0.278291E+000
   0.152305E+002   0.100000E+001   0.564582E-001  -0.247655E+000
   0.153106E+002   0.100000E+001   0.531268E-001  -0.218277E+000
   0.153908E+002   0.100000E+001   0.479885E-001  -0.191375E+000
   0.154709E+002   0.100000E+001   0.414779E-001  -0.167932E+000
   0.155511E+002   0.100000E+001   0.340819E-001  -0.148623E+000
   0.156313E+002   0.100000E+001   0.262410E-001  -0.133767E+000
   0.157114E+002   0.100000E+001   0.183025E-001  -0.123328E+000
   0.157916E+002   0.100000E+001   0.105417E-001  -0.117022E+000
   0.158717E+002   0.100000E+001   0.319242E-002  -0.114452E+000
   0.159519E+002   0.100000E+001  -0.357487E-002  -0.115216E+000
   0.160321E+002   0.100000E+001  -0.966986E-002  -0.118944E+000
   0.161122E+002   0.100000E+001  -0.150371E-001  -0.125297E+000
   0.161924E+002   0.100000E+001  -0.196873E-001  -0.133910E+000
   0.162725E+002   0.100000E+001  -0.236637E-001  -0.144410E+000
   0.163527E+002   0.100000E+001  -0.270105E-001  -0.156428E+000
   0.164329E+002   0.100000E+001  -0.297776E-001  -0.169614E+000
   0.165130E+002   0.100000E+001  -0.320234E-001  -0.183663E+000
   0.165932E+002   0.100000E+001  -0.338156E-001  -0.198336E+000
   0.166733E+002   0.100000E+001  -0.352192E-001  -0.213447E+000
   0.167535E+002   0.100000E+001  -0.362903E-001  -0.228867E+000
   0.168337E+002   0.100000E+001  -0.370609E-001  -0.244504E+000
   0.169138E+002   0.100000E+001  -0.375362E-001  -0.260291E+000
   0.169940E+002   0.100000E+001  -0.377396E-001  -0.276174E+000
   0.170741E+002   0.100000E+001  -0.376915E-001  -0.292105E+000
   0.171543E+002   0.100000E+001  -0.373946E-001  -0.308037E+000
   0.172345E+002   0.100000E+001  -0.368534E-001  -0.323920E+000
   0.173146E+002   0.100000E+001  -0.360601E-001  -0.339692E+000
   0.173948E+002   0.100000E+001  -0.349796E-001  -0.355276E+000
   0.174749E+002   0.100000E+001  -0.335582E-001  -0.370560E+000
   0.175551E+002   0.100000E+001  -0.317194E-001  -0.385398E+000
   0.176353E+002   0.100000E+001  -0.293913E-001  -0.399590E+000
   0.177154E+002   0.100000E+001  -0.265069E-001  -0.412883E+000
   0.177956E+002   0.100000E+001  -0.229997E-001  -0.424962E+000
   0.178758E+002   0.100000E+001  -0.188060E-001  -0.435464E+000
   0.179559E+002   0.100000E+001  -0.139501E-001  -0.443970E+000
   0.180361E+002   0.100000E+001  -0.839332E-002  -0.450034E+000
   0.181162E+002   0.100000E+001  -0.213169E-002  -0.453195E+000
   0.181964E+002   0.100000E+001   0.475846E-002  -0.452961E+000
   0.182766E+002   0.100000E+001   0.121352E-001  -0.448852E+000
   0.183567E+002   0.100000E+001   0.198129E-001  -0.440431E+000
   0.184369E+002   0.100000E+001   0.274756E-001  -0.427371E+000
   0.185170E+002   0.100000E+001   0.347869E-001  -0.409584E+000
   0.185972E+002   0.100000E+001   0.413445E-001  -0.387244E+000
   0.186774E+002   0.100000E+001   0.468127E-001  -0.360831E+000
   0.187575E+002   0.100000E+001   0.508514E-001  -0.331083E+000
   0.188377E+002   0.100000E+001   0.532433E-001  -0.298995E+000
   0.189178E+002   0.100000E+001   0.538815E-001  -0.265847E+000
   0.189980E+002   0.100000E+001   0.527643E-001  -0.233088E+000
   0.190782E+002   0.100000E+001   0.500044E-001  -0.202185E+000
   0.191583E+002   0.100000E+001   0.458059E-001  -0.174443E+000
   0.192385E+002   0.100000E+001   0.403324E-001  -0.150759E+000
   0.193186E+002   0.100000E+001   0.338111E-001  -0.131597E+000
   0.193988E+002   0.100000E+001   0.265155E-001  -0.117043E+000
   0.194790E+002   0.100000E+001   0.187775E-001  -0.106876E+000
   0.195591E+002   0.100000E+001   0.109740E-001  -0.100726E+000
   0.196393E+002   0.100000E+001   0.345709E-002  -0.981233E-001
   0.197194E+002   0.100000E+001  -0.353178E-002  -0.985835E-001
   0.197996E+002   0.100000E+001  -0.987052E-002  -0.101674E+000
   0.198798E+002   0.100000E+001  -0.155217E-001  -0.107019E+000
   0.199599E+002   0.100000E+001  -0.204959E-001  -0.114316E+000
   0.200401E+002   0.100000E+001  -0.248112E-001  -0.123309E+000
   0.201202E+002   0.100000E+001  -0.285007E-001  -0.133766E+000
   0.202004E+002   0.100000E+001  -0.315863E-001  -0.145458E+000
   0.202806E+002   0.100000E+001  -0.340804E-001  -0.158142E+000
   0.203607E+002   0.100000E+001  -0.359975E-001  -0.171567E+000
   0.204409E+002   0.100000E+001  -0.373595E-001  -0.185485E+000
   0.205210E+002   0.100000E+001  -0.382005E-001  -0.199667E+000
   0.206012E+002   0.100000E+001  -0.385745E-001  -0.213930E+000
   0.206814E+002   0.100000E+001  -0.385425E-001  -0.228130E+000
   0.207615E+002   0.100000E+001  -0.381686E-001  -0.242153E+000
   0.208417E+002   0.100000E+001  -0.375058E-001  -0.255900E+000
   0.209218E+002   0.100000E+001  -0.365868E-001  -0.269264E+000
   0.210020E+002   0.100000E+001  -0.354300E-001  -0.282136E+000
   0.210822E+002   0.100000E+001  -0.340396E-001  -0.294406E+000
   0.211623E+002   0.100000E+001  -0.324003E-001  -0.305973E+000
   0.212425E+002   0.100000E+001  -0.304977E-001  -0.316751E+000
   0.213226E+002   0.100000E+001  -0.283046E-001  -0.326654E+000
   0.214028E+002   0.100000E+001  -0.257879E-001  -0.335589E+000
   0.214830E+002   0.100000E+001  -0.229260E-001  -0.343445E+000
   0.215631E+002   0.100000E+001  -0.196634E-001  -0.350083E+000
   0.216433E+002   0.100000E+001  -0.159600E-001  -0.355331E+000
   0.217234E+002   0.100000E+001  -0.117570E-001  -0.358990E+000
   0.218036E+002   0.100000E+001  -0.702001E-002  -0.360833E+000
   0.218838E+002   0.100000E+001  -0.174601E-002  -0.360612E+000
   0.219639E+002   0.100000E+001   0.405798E-002  -0.358071E+000
   0.220441E+002   0.100000E+001   0.103460E-001  -0.352955E+000
   0.221242E+002   0.100000E+001   0.170490E-001  -0.345015E+000
   0.222044E+002   0.100000E+001   0.240174E-001  -0.334037E+000
   0.222846E+002   0.100000E+001   0.309901E-001  -0.319843E+000
   0.223647E+002   0.100000E+001   0.376532E-001  -0.302359E+000
   0.224449E+002   0.100000E+001   0.436488E-001  -0.281683E+000
   0.225251E+002   0.100000E+001   0.484826E-001  -0.258125E+000
   0.226052E+002   0.100000E+001   0.516993E-001  -0.232276E+000
   0.226854E+002   0.100000E+001   0.529177E-001  -0.205092E+000
   0.227655E+002   0.100000E+001   0.518576E-001  -0.177757E+000
   0.228457E+002   0.100000E+001   0.484309E-001  -0.151550E+000
   0.229259E+002   0.100000E+001   0.428912E-001  -0.127708E+000
   0.230060E+002   0.100000E+001   0.357488E-001  -0.107201E+000
   0.230862E+002   0.100000E+001   0.276861E-001  -0.905197E-001
   0.231663E+002   0.100000E+001   0.193769E-001  -0.777192E-001
   0.232465E+002   0.100000E+001   0.112504E-001  -0.685936E-001
   0.233267E+002   0.100000E+001   0.354984E-002  -0.628566E-001
   0.234068E+002   0.100000E+001  -0.353945E-002  -0.601743E-001
   0.234870E+002   0.100000E+001  -0.989561E-002  -0.601725E-001
   0.235671E+002   0.100000E+001  -0.154866E-001  -0.624810E-001
   0.236473E+002   0.100000E+001  -0.203363E-001  -0.667641E-001
   0.237275E+002   0.100000E+001  -0.244825E-001  -0.727219E-001
   0.238076E+002   0.100000E+001  -0.279610E-001  -0.800795E-001
   0.238878E+002   0.100000E+001  -0.308058E-001  -0.885746E-001
   0.239679E+002   0.100000E+001  -0.330618E-001  -0.979523E-001
   0.240481E+002   0.100000E+001  -0.348018E-001  -0.107978E+000
   0.241283E+002   0.100000E+001  -0.361264E-001  -0.118461E+000
   0.242084E+002   0.100000E+001  -0.371443E-001  -0.129266E+000
   0.242886E+002   0.100000E+001  -0.379470E-001  -0.140316E+000
   0.243687E+002   0.100000E+001  -0.385938E-001  -0.151570E+000
   0.244489E+002   0.100000E+001  -0.391094E-001  -0.163004E+000
   0.245291E+002   0.100000E+001  -0.394900E-001  -0.174594E+000
   0.246092E+002   0.100000E+001  -0.397117E-001  -0.186304E+000
   0.246894E+002   0.100000E+001  -0.397360E-001  -0.198079E+000
   0.247695E+002   0.100000E+001  -0.395155E-001  -0.209842E+000
   0.248497E+002   0.100000E+001  -0.389979E-001  -0.221489E+000
   0.249299E+002   0.100000E+001  -0.381309E-001  -0.232895E+000
   0.250100E+002   0.100000E+001  -0.368635E-001  -0.243912E+000
   0.250902E+002   0.100000E+001  -0.351456E-001  -0.254374E+000
   0.251703E+002   0.100000E+001  -0.329237E-001  -0.264098E+000
   0.252505E+002   0.100000E+001  -0.301371E-001  -0.272881E+000
   0.253307E+002   0.100000E+001  -0.267178E-001  -0.280492E+000
   0.254108E+002   0.100000E+001  -0.225939E-001  -0.286665E+000
   0.254910E+002   0.100000E+001  -0.177012E-001  -0.291096E+000
   0.255711E+002   0.100000E+001  -0.119986E-001  -0.293441E+000
   0.256513E+002   0.100000E+001  -0.548771E-002  -0.293321E+000
   0.257315E+002   0.100000E+001   0.176485E-002  -0.290342E+000
   0.258116E+002   0.100000E+001   0.960802E-002  -0.284117E+000
   0.258918E+002   0.100000E+001   0.177922E-001  -0.274316E+000
   0.259719E+002   0.100000E+001   0.259666E-001  -0.260718E+000
   0.260521E+002   0.100000E+001   0.336932E-001  -0.243280E+000
   0.261323E+002   0.100000E+001   0.404785E-001  -0.222204E+000
   0.262124E+002   0.100000E+001   0.458258E-001  -0.197991E+000
   0.262926E+002   0.100000E+001   0.493060E-001  -0.171455E+000
   0.263727E+002   0.100000E+001   0.506371E-001  -0.143670E+000
   0.264529E+002   0.100000E+001   0.497515E-001  -0.115849E+000
   0.265331E+002   0.100000E+001   0.468154E-001  -0.891698E-001
   0.266132E+002   0.100000E+001   0.421855E-001  -0.646036E-001
   0.266934E+002   0.100000E+001   0.363198E-001  -0.428265E-001
   0.267735E+002   0.100000E+001   0.296843E-001  -0.242113E-001
   0.268537E+002   0.100000E+001   0.226885E-001  -0.888303E-002
   0.269339E+002   0.100000E+001   0.156574E-001   0.320732E-002
   0.270140E+002   0.100000E+001   0.882855E-002   0.122167E-001
   0.270942E+002   0.100000E+001   0.236208E-002   0.183604E-001
   0.271743E+002   0.100000E+001  -0.364316E-002   0.218789E-001
   0.272545E+002   0.100000E+001  -0.913398E-002   0.230184E-001
   0.273347E+002   0.100000E+001  -0.140893E-001   0.220199E-001
   0.274148E+002   0.100000E+001  -0.185096E-001   0.191133E-001
   0.274950E+002   0.100000E+001  -0.224088E-001   0.145156E-001
   0.275752E+002   0.100000E+001  -0.258085E-001   0.843017E-002
   0.276553E+002   0.100000E+001  -0.287340E-001   0.104739E-002
   0.277355E+002   0.100000E+001  -0.312114E-001  -0.745442E-002
   0.278156E+002   0.100000E+001  -0.332662E-001  -0.169078E-001
   0.278958E+002   0.100000E+001  -0.349214E-001  -0.271550E-001
   0.279760E+002   0.100000E+001  -0.361975E-001  -0.380463E-001
   0.280561E+002   0.100000E+001  -0.371113E-001  -0.494389E-001
   0.281363E+002   0.100000E+001  -0.376759E-001  -0.611956E-001
   0.282164E+002   0.100000E+001  -0.379010E-001  -0.731833E-001
   0.282966E+002   0.100000E+001  -0.377919E-001  -0.852720E-001
   0.283768E+002   0.100000E+001  -0.373506E-001  -0.973330E-001
   0.284569E+002   0.100000E+001  -0.365750E-001  -0.109238E+000
   0.285371E+002   0.100000E+001  -0.354595E-001  -0.120858E+000
   0.286172E+002   0.100000E+001  -0.339951E-001  -0.132061E+000
   0.286974E+002   0.100000E+001  -0.321698E-001  -0.142712E+000
   0.287776E+002   0.100000E+001  -0.299687E-001  -0.152673E+000
   0.288577E+002   0.100000E+001  -0.273751E-001  -0.161797E+000
   0.289379E+002   0.100000E+001  -0.243712E-001  -0.169931E+000
   0.290180E+002   0.100000E+001  -0.209397E-001  -0.176915E+000
   0.290982E+002   0.100000E+001  -0.170663E-001  -0.182579E+000
   0.291784E+002   0.100000E+001  -0.127432E-001  -0.186744E+000
   0.292585E+002   0.100000E+001  -0.797379E-002  -0.189222E+000
   0.293387E+002   0.100000E+001  -0.277915E-002  -0.189819E+000
   0.294188E+002   0.100000E+001   0.279316E-002  -0.188340E+000
   0.294990E+002   0.100000E+001   0.865875E-002  -0.184598E+000
   0.295792E+002   0.100000E+001   0.146847E-001  -0.178434E+000
   0.296593E+002   0.100000E+001   0.206784E-001  -0.169737E+000
   0.297395E+002   0.100000E+001   0.263813E-001  -0.158490E+000
   0.298196E+002   0.100000E+001   0.314736E-001  -0.144812E+000
   0.298998E+002   0.100000E+001   0.355994E-001  -0.129010E+000
   0.299800E+002   0.100000E+001   0.384187E-001  -0.111615E+000
   0.300601E+002   0.100000E+001   0.396808E-001  -0.933655E-001
   0.301403E+002   0.100000E+001   0.392952E-001  -0.751306E-001
   0.302204E+002   0.100000E+001   0.373685E-001  -0.577746E-001
   0.303006E+002   0.100000E+001   0.341828E-001  -0.420170E-001
   0.303808E+002   0.100000E+001   0.301265E-001  -0.283396E-001
   0.304609E+002   0.100000E+001   0.256092E-001  -0.169665E-001
   0.305411E+002   0.100000E+001   0.209950E-001  -0.790272E-002
   0.306212E+002   0.100000E+001   0.165678E-001  -0.998255E-003
   0.307014E+002   0.100000E+001   0.125223E-001   0.398889E-002
   0.307816E+002   0.100000E+001   0.897347E-002   0.734310E-002
   0.308617E+002   0.100000E+001   0.597156E-002   0.935688E-002
   0.309419E+002   0.100000E+001   0.351953E-002   0.103094E-001
   0.310220E+002   0.100000E+001   0.158809E-002   0.104544E-001
   0.311022E+002   0.100000E+001   0.128010E-003   0.100140E-001
   0.311824E+002   0.100000E+001  -0.920629E-003   0.917682E-002
   0.312625E+002   0.100000E+001  -0.162165E-002   0.809811E-002
   0.313427E+002   0.100000E+001  -0.203812E-002   0.690180E-002
   0.314228E+002   0.100000E+001  -0.222930E-002   0.568327E-002
   0.315030E+002   0.100000E+001  -0.224879E-002   0.451272E-002
   0.315832E+002   0.100000E+001  -0.214351E-002   0.343875E-002
   0.316633E+002   0.100000E+001  -0.195350E-002   0.249192E-002
   0.317435E+002   0.100000E+001  -0.171203E-002   0.168812E-002
   0.318236E+002   0.100000E+001  -0.144607E-002   0.103163E-002
   0.319038E+002   0.100000E+001  -0.117691E-002   0.517788E-003
   0.319840E+002   0.100000E+001  -0.920689E-003   0.135267E-003
   0.320641E+002   0.100000E+001  -0.688857E-003  -0.131834E-003
   0.321443E+002   0.100000E+001  -0.488616E-003  -0.302137E-003
   0.322244E+002   0.100000E+001  -0.323350E-003  -0.395255E-003
   0.323046E+002   0.100000E+001  -0.193201E-003  -0.430270E-003
   0.323848E+002   0.100000E+001  -0.957767E-004  -0.424500E-003
   0.324649E+002   0.100000E+001  -0.269738E-004  -0.392661E-003
   0.325451E+002   0.100000E+001   0.182109E-004  -0.346463E-003
   0.326253E+002   0.100000E+001   0.449715E-004  -0.294597E-003
   0.327054E+002   0.100000E+001   0.581647E-004  -0.243021E-003
   0.327856E+002   0.100000E+001   0.619826E-004  -0.195418E-003
   0.328657E+002   0.100000E+001   0.598068E-004  -0.153723E-003
   0.329459E+002   0.100000E+001   0.542015E-004  -0.118627E-003
   0.330261E+002   0.100000E+001   0.469943E-004  -0.900085E-004
   0.331062E+002   0.100000E+001   0.394029E-004  -0.672768E-004
   0.331864E+002   0.100000E+001   0.321729E-004  -0.496174E-004
   0.332665E+002   0.100000E+001   0.257063E-004  -0.361576E-004
   0.333467E+002   0.100000E+001   0.201715E-004  -0.260677E-004
   0.334269E+002   0.100000E+001   0.155877E-004  -0.186132E-004
   0.335070E+002   0.100000E+001   0.118885E-004  -0.131760E-004
   0.335872E+002   0.100000E+001   0.896503E-005  -0.925499E-005
   0.336673E+002   0.100000E+001   0.669428E-005  -0.645577E-005
   0.337475E+002   0.100000E+001   0.495602E-005  -0.447523E-005
   0.338277E+002   0.100000E+001   0.364174E-005  -0.308505E-005
   0.339078E+002   0.100000E+001   0.265851E-005  -0.211615E-005
   0.339880E+002   0.100000E+001   0.192962E-005  -0.144511E-005
   0.340681E+002   0.100000E+001   0.139354E-005  -0.982965E-006
   0.341483E+002   0.100000E+001   0.100196E-005  -0.666261E-006
   0.342285E+002   0.100000E+001   0.717631E-006  -0.450185E-006
   0.343086E+002   0.100000E+001   0.512249E-006  -0.303341E-006
   0.343888E+002   0.100000E+001   0.364565E-006  -0.203893E-006
   0.344689E+002   0.100000E+001   0.258788E-006  -0.136749E-006
   0.345491E+002   0.100000E+001   0.183288E-006  -0.915404E-007
   0.346293E+002   0.100000E+001   0.129560E-006  -0.611737E-007
   0.347094E+002   0.100000E+001   0.914252E-007  -0.408197E-007
   0.347896E+002   0.100000E+001   0.644202E-007  -0.272025E-007
   0.348697E+002   0.100000E+001   0.453343E-007  -0.181074E-007
   0.349499E+002   0.100000E+001   0.318683E-007  -0.120414E-007
   0.350301E+002   0.100000E+001   0.223814E-007  -0.800081E-008
   0.351102E+002   0.100000E+001   0.157063E-007  -0.531227E-008
   0.351904E+002   0.100000E+001   0.110147E-007  -0.352506E-008
   0.352705E+002   0.100000E+001   0.772027E-008  -0.233798E-008
   0.353507E+002   0.100000E+001   0.540870E-008  -0.155005E-008
   0.354309E+002   0.100000E+001   0.378784E-008  -0.102735E-008
   0.355110E+002   0.100000E+001   0.265192E-008  -0.680761E-009
   0.355912E+002   0.100000E+001   0.185620E-008  -0.451033E-009
   0.356713E+002   0.100000E+001   0.129899E-008  -0.298805E-009
   0.357515E+002   0.100000E+001   0.908920E-009  -0.197952E-009
   0.358317E+002   0.100000E+001   0.635910E-009  -0.131144E-009
   0.359118E+002   0.100000E+001   0.444864E-009  -0.868898E-010
   0.359920E+002   0.100000E+001   0.311193E-009  -0.575759E-010
   0.360721E+002   0.100000E+001   0.217674E-009  -0.381570E-010
   0.361523E+002   0.100000E+001   0.152250E-009  -0.252918E-010
   0.362325E+002   0.100000E+001   0.106484E-009  -0.167672E-010
   0.363126E+002   0.100000E+001   0.744706E-010  -0.111177E-010
   0.363928E+002   0.100000E+001   0.520774E-010  -0.737298E-011
   0.364729E+002   0.100000E+001   0.364142E-010  -0.489026E-011
   0.365531E+002   0.100000E+001   0.254588E-010  -0.324391E-011
   0.366333E+002   0.100000E+001   0.177967E-010  -0.215197E-011
   0.367134E+002   0.100000E+001   0.124383E-010  -0.142761E-011
   0.367936E+002   0.100000E+001   0.869129E-011  -0.947017E-012
   0.368737E+002   0.100000E+001   0.607144E-011  -0.628131E-012
   0.369539E+002   0.100000E+001   0.423998E-011  -0.416530E-012
   0.370341E+002   0.100000E+001   0.295990E-011  -0.276122E-012
   0.371142E+002   0.100000E+001   0.206543E-011  -0.182964E-012
   0.371944E+002   0.100000E+001   0.144058E-011  -0.121167E-012
   0.372745E+002   0.100000E+001   0.100423E-011  -0.801857E-013
   0.373547E+002   0.100000E+001   0.699623E-012  -0.530197E-013
   0.374349E+002   0.100000E+001   0.487084E-012  -0.350215E-013
   0.375150E+002   0.100000E+001   0.338859E-012  -0.231053E-013
   0.375952E+002   0.100000E+001   0.235545E-012  -0.152225E-013
   0.376754E+002   0.100000E+001   0.163580E-012  -0.100131E-013
   0.377555E+002   0.100000E+001   0.113488E-012  -0.657453E-014
   0.378357E+002   0.100000E+001   0.786480E-013  -0.430796E-014
   0.379158E+002   0.100000E+001   0.544371E-013  -0.281629E-014
   0.379960E+002   0.100000E+001   0.376289E-013  -0.183638E-014
   0.380762E+002   0.100000E+001   0.259722E-013  -0.119398E-014
   0.381563E+002   0.100000E+001   0.178976E-013  -0.773820E-015
   0.382365E+002   0.100000E+001   0.123114E-013  -0.499726E-015
   0.383166E+002   0.100000E+001   0.845210E-014  -0.321440E-015
   0.383968E+002   0.100000E+001   0.579003E-014  -0.205848E-015
   0.384770E+002   0.100000E+001   0.395685E-014  -0.131176E-015
   0.385571E+002   0.100000E+001   0.269683E-014  -0.831329E-016
   0.386373E+002   0.100000E+001   0.183254E-014  -0.523613E-016
   0.387174E+002   0.100000E+001   0.124104E-014  -0.327515E-016
   0.387976E+002   0.100000E+001   0.837266E-015  -0.203254E-016
   0.388778E+002   0.100000E+001   0.562410E-015  -0.125015E-016
   0.389579E+002   0.100000E+001   0.375908E-015  -0.761076E-017
   0.390381E+002   0.100000E+001   0.249814E-015  -0.457871E-017
   0.391182E+002   0.100000E+001   0.164913E-015  -0.271674E-017
   0.391984E+002   0.100000E+001   0.108018E-015  -0.158585E-017
   0.392786E+002   0.100000E+001   0.701034E-016  -0.907860E-018
   0.393587E+002   0.100000E+001   0.450026E-016  -0.507618E-018
   0.394389E+002   0.100000E+001   0.285155E-016  -0.275714E-018
   0.395190E+002   0.100000E+001   0.177882E-016  -0.144388E-018
   0.395992E+002   0.100000E+001   0.108864E-016  -0.721043E-019
   0.396794E+002   0.100000E+001   0.650044E-017  -0.337175E-019
   0.397595E+002   0.100000E+001   0.374268E-017  -0.142539E-019
   0.398397E+002   0.100000E+001   0.200629E-017  -0.500507E-020
   0.399198E+002   0.100000E+001   0.863085E-018  -0.105086E-020
   0.400000E+002   0.100000E+001   0.000000E+000  -0.000000E+000
   0.400802E+002   0.100000E+001   0.402339E-017  -0.826183E-021

