  -0.801603E-001   0.100000E+001   0.597038E-001  -0.110747E+000
   0.000000E+000   0.100000E+001   0.194252E-001  -0.141793E+000
   0.801603E-001   0.100000E+001   0.276128E-001  -0.134137E+000
   0.160321E+000   0.100000E+001   0.359124E-001  -0.122745E+000
   0.240481E+000   0.100000E+001   0.438884E-001  -0.107493E+000
   0.320641E+000   0.100000E+001   0.510765E-001  -0.884915E-001
   0.400802E+000   0.100000E+001   0.569134E-001  -0.661060E-001
   0.480962E+000   0.100000E+001   0.608860E-001  -0.410799E-001
   0.561122E+000   0.100000E+001   0.625951E-001  -0.144833E-001
   0.641283E+000   0.100000E+001   0.618553E-001   0.123827E-001
   0.721443E+000   0.100000E+001   0.587473E-001   0.381735E-001
   0.801603E+000   0.100000E+001   0.535932E-001   0.617071E-001
   0.881764E+000   0.100000E+001   0.468751E-001   0.821084E-001
   0.961924E+000   0.100000E+001   0.391318E-001   0.988559E-001
   0.104208E+001   0.100000E+001   0.308710E-001   0.111747E+000
   0.112224E+001   0.100000E+001   0.225159E-001   0.120823E+000
   0.120240E+001   0.100000E+001   0.143824E-001   0.126284E+000
   0.128257E+001   0.100000E+001   0.667848E-002   0.128428E+000
   0.136273E+001   0.100000E+001  -0.485574E-003   0.127609E+000
   0.144289E+001   0.100000E+001  -0.707959E-002   0.124215E+000
   0.152305E+001   0.100000E+001  -0.131252E-001   0.118666E+000
   0.160321E+001   0.100000E+001  -0.186556E-001   0.111406E+000
   0.168337E+001   0.100000E+001  -0.236741E-001   0.102879E+000
   0.176353E+001   0.100000E+001  -0.281326E-001   0.934760E-001
   0.184369E+001   0.100000E+001  -0.319445E-001   0.834881E-001
   0.192385E+001   0.100000E+001  -0.350242E-001   0.730860E-001
   0.200401E+001   0.100000E+001  -0.373285E-001   0.623348E-001
   0.208417E+001   0.100000E+001  -0.388787E-001   0.512367E-001
   0.216433E+001   0.100000E+001  -0.397540E-001   0.397791E-001
   0.224449E+001   0.100000E+001  -0.400681E-001   0.279693E-001
   0.232465E+001   0.100000E+001  -0.399420E-001   0.158499E-001
   0.240481E+001   0.100000E+001  -0.394830E-001   0.350029E-002
   0.248497E+001   0.100000E+001  -0.387728E-001  -0.897272E-002
   0.256513E+001   0.100000E+001  -0.378631E-001  -0.214484E-001
   0.264529E+001   0.100000E+001  -0.367771E-001  -0.338056E-001
   0.272545E+001   0.100000E+001  -0.355138E-001  -0.459314E-001
   0.280561E+001   0.100000E+001  -0.340531E-001  -0.577222E-001
   0.288577E+001   0.100000E+001  -0.323577E-001  -0.690788E-001
   0.296593E+001   0.100000E+001  -0.303744E-001  -0.798954E-001
   0.304609E+001   0.100000E+001  -0.280408E-001  -0.900480E-001
   0.312625E+001   0.100000E+001  -0.252968E-001  -0.993880E-001
   0.320641E+001   0.100000E+001  -0.220870E-001  -0.107739E+000
   0.328657E+001   0.100000E+001  -0.183557E-001  -0.114895E+000
   0.336673E+001   0.100000E+001  -0.140470E-001  -0.120622E+000
   0.344689E+001   0.100000E+001  -0.911552E-002  -0.124662E+000
   0.352705E+001   0.100000E+001  -0.353844E-002  -0.126737E+000
   0.360721E+001   0.100000E+001   0.267498E-002  -0.126552E+000
   0.368737E+001   0.100000E+001   0.947639E-002  -0.123808E+000
   0.376754E+001   0.100000E+001   0.167742E-001  -0.118207E+000
   0.384770E+001   0.100000E+001   0.244311E-001  -0.109465E+000
   0.392786E+001   0.100000E+001   0.322562E-001  -0.973327E-001
   0.400802E+001   0.100000E+001   0.399906E-001  -0.816312E-001
   0.408818E+001   0.100000E+001   0.472862E-001  -0.623022E-001
   0.416834E+001   0.100000E+001   0.536975E-001  -0.394828E-001
   0.424850E+001   0.100000E+001   0.587092E-001  -0.135894E-001
   0.432866E+001   0.100000E+001   0.618228E-001   0.146226E-001
   0.440882E+001   0.100000E+001   0.626868E-001   0.440784E-001
   0.448898E+001   0.100000E+001   0.612094E-001   0.735164E-001
   0.456914E+001   0.100000E+001   0.575818E-001   0.101700E+000
   0.464930E+001   0.100000E+001   0.521991E-001   0.127614E+000
   0.472946E+001   0.100000E+001   0.455385E-001   0.150560E+000
   0.480962E+001   0.100000E+001   0.380668E-001   0.170154E+000
   0.488978E+001   0.100000E+001   0.302007E-001   0.186260E+000
   0.496994E+001   0.100000E+001   0.222975E-001   0.198928E+000
   0.505010E+001   0.100000E+001   0.146481E-001   0.208324E+000
   0.513026E+001   0.100000E+001   0.746979E-002   0.214691E+000
   0.521042E+001   0.100000E+001   0.904063E-003   0.218310E+000
   0.529058E+001   0.100000E+001  -0.497596E-002   0.219479E+000
   0.537074E+001   0.100000E+001  -0.101507E-001   0.218495E+000
   0.545090E+001   0.100000E+001  -0.146373E-001   0.215645E+000
   0.553106E+001   0.100000E+001  -0.184750E-001   0.211195E+000
   0.561122E+001   0.100000E+001  -0.217158E-001   0.205386E+000
   0.569138E+001   0.100000E+001  -0.244188E-001   0.198425E+000
   0.577154E+001   0.100000E+001  -0.266463E-001   0.190487E+000
   0.585170E+001   0.100000E+001  -0.284599E-001   0.181717E+000
   0.593186E+001   0.100000E+001  -0.299171E-001   0.172236E+000
   0.601202E+001   0.100000E+001  -0.310671E-001   0.162148E+000
   0.609218E+001   0.100000E+001  -0.319465E-001   0.151552E+000
   0.617234E+001   0.100000E+001  -0.325775E-001   0.140542E+000
   0.625251E+001   0.100000E+001  -0.329688E-001   0.129218E+000
   0.633267E+001   0.100000E+001  -0.331196E-001   0.117679E+000
   0.641283E+001   0.100000E+001  -0.330239E-001   0.106028E+000
   0.649299E+001   0.100000E+001  -0.326726E-001   0.943668E-001
   0.657315E+001   0.100000E+001  -0.320559E-001   0.827986E-001
   0.665331E+001   0.100000E+001  -0.311655E-001   0.714297E-001
   0.673347E+001   0.100000E+001  -0.299881E-001   0.603726E-001
   0.681363E+001   0.100000E+001  -0.284994E-001   0.497502E-001
   0.689379E+001   0.100000E+001  -0.266636E-001   0.396985E-001
   0.697395E+001   0.100000E+001  -0.244400E-001   0.303684E-001
   0.705411E+001   0.100000E+001  -0.217800E-001   0.219253E-001
   0.713427E+001   0.100000E+001  -0.186285E-001   0.145522E-001
   0.721443E+001   0.100000E+001  -0.149362E-001   0.845505E-002
   0.729459E+001   0.100000E+001  -0.106437E-001   0.386885E-002
   0.737475E+001   0.100000E+001  -0.572991E-002   0.106198E-002
   0.745491E+001   0.100000E+001  -0.195653E-003   0.323361E-003
   0.753507E+001   0.100000E+001   0.595268E-002   0.195558E-002
   0.761523E+001   0.100000E+001   0.126496E-001   0.627610E-002
   0.769539E+001   0.100000E+001   0.197715E-001   0.135873E-001
   0.777555E+001   0.100000E+001   0.271710E-001   0.241405E-001
   0.785571E+001   0.100000E+001   0.346279E-001   0.381155E-001
   0.793587E+001   0.100000E+001   0.418309E-001   0.555872E-001
   0.801603E+001   0.100000E+001   0.484400E-001   0.764706E-001
   0.809619E+001   0.100000E+001   0.540664E-001   0.100497E+000
   0.817635E+001   0.100000E+001   0.583693E-001   0.127160E+000
   0.825651E+001   0.100000E+001   0.610397E-001   0.155739E+000
   0.833667E+001   0.100000E+001   0.618550E-001   0.185324E+000
   0.841683E+001   0.100000E+001   0.607196E-001   0.214838E+000
   0.849699E+001   0.100000E+001   0.576439E-001   0.243182E+000
   0.857715E+001   0.100000E+001   0.527794E-001   0.269482E+000
   0.865731E+001   0.100000E+001   0.464923E-001   0.293232E+000
   0.873747E+001   0.100000E+001   0.392682E-001   0.314362E+000
   0.881764E+001   0.100000E+001   0.316450E-001   0.333193E+000
   0.889780E+001   0.100000E+001   0.241365E-001   0.350240E+000
   0.897796E+001   0.100000E+001   0.170618E-001   0.365864E+000
   0.905812E+001   0.100000E+001   0.105724E-001   0.379854E+000
   0.913828E+001   0.100000E+001   0.463979E-002   0.391173E+000
   0.921844E+001   0.100000E+001  -0.860588E-003   0.397932E+000
   0.929860E+001   0.100000E+001  -0.605216E-002   0.397751E+000
   0.937876E+001   0.100000E+001  -0.110187E-001   0.388479E+000
   0.945892E+001   0.100000E+001  -0.157678E-001   0.368958E+000
   0.953908E+001   0.100000E+001  -0.202126E-001   0.339413E+000
   0.961924E+001   0.100000E+001  -0.242283E-001   0.301316E+000
   0.969940E+001   0.100000E+001  -0.276887E-001   0.256843E+000
   0.977956E+001   0.100000E+001  -0.305054E-001   0.208262E+000
   0.985972E+001   0.100000E+001  -0.326634E-001   0.157516E+000
   0.993988E+001   0.100000E+001  -0.342014E-001   0.106081E+000
   0.100200E+002   0.100000E+001  -0.352055E-001   0.550266E-001
   0.101002E+002   0.100000E+001  -0.357730E-001   0.512659E-002
   0.101804E+002   0.100000E+001  -0.359945E-001  -0.430472E-001
   0.102605E+002   0.100000E+001  -0.359273E-001  -0.890843E-001
   0.103407E+002   0.100000E+001  -0.355838E-001  -0.132727E+000
   0.104208E+002   0.100000E+001  -0.349572E-001  -0.173867E+000
   0.105010E+002   0.100000E+001  -0.340322E-001  -0.212510E+000
   0.105812E+002   0.100000E+001  -0.327860E-001  -0.248729E+000
   0.106613E+002   0.100000E+001  -0.312100E-001  -0.282610E+000
   0.107415E+002   0.100000E+001  -0.292990E-001  -0.314225E+000
   0.108216E+002   0.100000E+001  -0.270293E-001  -0.343605E+000
   0.109018E+002   0.100000E+001  -0.243574E-001  -0.370725E+000
   0.109820E+002   0.100000E+001  -0.212523E-001  -0.395512E+000
   0.110621E+002   0.100000E+001  -0.176909E-001  -0.417843E+000
   0.111423E+002   0.100000E+001  -0.136653E-001  -0.437559E+000
   0.112224E+002   0.100000E+001  -0.915609E-002  -0.454489E+000
   0.113026E+002   0.100000E+001  -0.412162E-002  -0.468458E+000
   0.113828E+002   0.100000E+001   0.148388E-002  -0.479289E+000
   0.114629E+002   0.100000E+001   0.767366E-002  -0.486794E+000
   0.115431E+002   0.100000E+001   0.144184E-001  -0.490754E+000
   0.116232E+002   0.100000E+001   0.216008E-001  -0.490900E+000
   0.117034E+002   0.100000E+001   0.290691E-001  -0.486902E+000
   0.117836E+002   0.100000E+001   0.366058E-001  -0.478389E+000
   0.118637E+002   0.100000E+001   0.438863E-001  -0.465101E+000
   0.119439E+002   0.100000E+001   0.504256E-001  -0.447092E+000
   0.120240E+002   0.100000E+001   0.556101E-001  -0.424893E+000
   0.121042E+002   0.100000E+001   0.587925E-001  -0.399573E+000
   0.121844E+002   0.100000E+001   0.595453E-001  -0.372556E+000
   0.122645E+002   0.100000E+001   0.577381E-001  -0.345379E+000
   0.123447E+002   0.100000E+001   0.535996E-001  -0.319564E+000
   0.124248E+002   0.100000E+001   0.475482E-001  -0.296475E+000
   0.125050E+002   0.100000E+001   0.400949E-001  -0.277256E+000
   0.125852E+002   0.100000E+001   0.317924E-001  -0.262727E+000
   0.126653E+002   0.100000E+001   0.231404E-001  -0.253274E+000
   0.127455E+002   0.100000E+001   0.145198E-001  -0.248852E+000
   0.128257E+002   0.100000E+001   0.627473E-002  -0.249089E+000
   0.129058E+002   0.100000E+001  -0.136559E-002  -0.253460E+000
   0.129860E+002   0.100000E+001  -0.823814E-002  -0.261422E+000
   0.130661E+002   0.100000E+001  -0.142469E-001  -0.272416E+000
   0.131463E+002   0.100000E+001  -0.193371E-001  -0.285902E+000
   0.132265E+002   0.100000E+001  -0.235223E-001  -0.301379E+000
   0.133066E+002   0.100000E+001  -0.269203E-001  -0.318404E+000
   0.133868E+002   0.100000E+001  -0.296499E-001  -0.336638E+000
   0.134669E+002   0.100000E+001  -0.318125E-001  -0.355827E+000
   0.135471E+002   0.100000E+001  -0.335536E-001  -0.375779E+000
   0.136273E+002   0.100000E+001  -0.349594E-001  -0.396350E+000
   0.137074E+002   0.100000E+001  -0.360403E-001  -0.417431E+000
   0.137876E+002   0.100000E+001  -0.367976E-001  -0.438942E+000
   0.138677E+002   0.100000E+001  -0.372305E-001  -0.460813E+000
   0.139479E+002   0.100000E+001  -0.373641E-001  -0.482957E+000
   0.140281E+002   0.100000E+001  -0.372467E-001  -0.505235E+000
   0.141082E+002   0.100000E+001  -0.369285E-001  -0.527455E+000
   0.141884E+002   0.100000E+001  -0.364058E-001  -0.549385E+000
   0.142685E+002   0.100000E+001  -0.356370E-001  -0.570781E+000
   0.143487E+002   0.100000E+001  -0.345901E-001  -0.591405E+000
   0.144289E+002   0.100000E+001  -0.332231E-001  -0.611043E+000
   0.145090E+002   0.100000E+001  -0.314779E-001  -0.629503E+000
   0.145892E+002   0.100000E+001  -0.293236E-001  -0.646609E+000
   0.146693E+002   0.100000E+001  -0.267651E-001  -0.662189E+000
   0.147495E+002   0.100000E+001  -0.238062E-001  -0.676084E+000
   0.148297E+002   0.100000E+001  -0.204410E-001  -0.688127E+000
   0.149098E+002   0.100000E+001  -0.166308E-001  -0.698157E+000
   0.149900E+002   0.100000E+001  -0.122883E-001  -0.706017E+000
   0.150701E+002   0.100000E+001  -0.732455E-002  -0.711513E+000
   0.151503E+002   0.100000E+001  -0.170628E-002  -0.714383E+000
   0.152305E+002   0.100000E+001   0.455825E-002  -0.714270E+000
   0.153106E+002   0.100000E+001   0.113938E-001  -0.710728E+000
   0.153908E+002   0.100000E+001   0.186660E-001  -0.703268E+000
   0.154709E+002   0.100000E+001   0.261733E-001  -0.691415E+000
   0.155511E+002   0.100000E+001   0.336287E-001  -0.674782E+000
   0.156313E+002   0.100000E+001   0.406486E-001  -0.653103E+000
   0.157114E+002   0.100000E+001   0.467406E-001  -0.626373E+000
   0.157916E+002   0.100000E+001   0.513175E-001  -0.594988E+000
   0.158717E+002   0.100000E+001   0.537989E-001  -0.559895E+000
   0.159519E+002   0.100000E+001   0.537476E-001  -0.522664E+000
   0.160321E+002   0.100000E+001   0.510278E-001  -0.485436E+000
   0.161122E+002   0.100000E+001   0.458806E-001  -0.450586E+000
   0.161924E+002   0.100000E+001   0.388617E-001  -0.420170E+000
   0.162725E+002   0.100000E+001   0.306969E-001  -0.395409E+000
   0.163527E+002   0.100000E+001   0.220751E-001  -0.376561E+000
   0.164329E+002   0.100000E+001   0.135426E-001  -0.363091E+000
   0.165130E+002   0.100000E+001   0.548043E-002  -0.354120E+000
   0.165932E+002   0.100000E+001  -0.189635E-002  -0.348873E+000
   0.166733E+002   0.100000E+001  -0.847347E-002  -0.346860E+000
   0.167535E+002   0.100000E+001  -0.142094E-001  -0.347811E+000
   0.168337E+002   0.100000E+001  -0.191445E-001  -0.351593E+000
   0.169138E+002   0.100000E+001  -0.233437E-001  -0.358101E+000
   0.169940E+002   0.100000E+001  -0.268756E-001  -0.367196E+000
   0.170741E+002   0.100000E+001  -0.298002E-001  -0.378667E+000
   0.171543E+002   0.100000E+001  -0.321837E-001  -0.392233E+000
   0.172345E+002   0.100000E+001  -0.341051E-001  -0.407512E+000
   0.173146E+002   0.100000E+001  -0.356407E-001  -0.424076E+000
   0.173948E+002   0.100000E+001  -0.368515E-001  -0.441492E+000
   0.174749E+002   0.100000E+001  -0.377729E-001  -0.459380E+000
   0.175551E+002   0.100000E+001  -0.384141E-001  -0.477441E+000
   0.176353E+002   0.100000E+001  -0.387886E-001  -0.495433E+000
   0.177154E+002   0.100000E+001  -0.389234E-001  -0.513147E+000
   0.177956E+002   0.100000E+001  -0.388625E-001  -0.530362E+000
   0.178758E+002   0.100000E+001  -0.386385E-001  -0.546817E+000
   0.179559E+002   0.100000E+001  -0.382487E-001  -0.562223E+000
   0.180361E+002   0.100000E+001  -0.376432E-001  -0.576264E+000
   0.181162E+002   0.100000E+001  -0.367578E-001  -0.588606E+000
   0.181964E+002   0.100000E+001  -0.355398E-001  -0.598903E+000
   0.182766E+002   0.100000E+001  -0.339354E-001  -0.606791E+000
   0.183567E+002   0.100000E+001  -0.319147E-001  -0.611894E+000
   0.184369E+002   0.100000E+001  -0.294852E-001  -0.613853E+000
   0.185170E+002   0.100000E+001  -0.266132E-001  -0.612341E+000
   0.185972E+002   0.100000E+001  -0.231998E-001  -0.607089E+000
   0.186774E+002   0.100000E+001  -0.191300E-001  -0.597871E+000
   0.187575E+002   0.100000E+001  -0.143345E-001  -0.584494E+000
   0.188377E+002   0.100000E+001  -0.880814E-002  -0.566846E+000
   0.189178E+002   0.100000E+001  -0.256473E-002  -0.544944E+000
   0.189980E+002   0.100000E+001   0.441372E-002  -0.518989E+000
   0.190782E+002   0.100000E+001   0.121313E-001  -0.489369E+000
   0.191583E+002   0.100000E+001   0.205871E-001  -0.456596E+000
   0.192385E+002   0.100000E+001   0.297883E-001  -0.421281E+000
   0.193186E+002   0.100000E+001   0.395739E-001  -0.384120E+000
   0.193988E+002   0.100000E+001   0.492599E-001  -0.345871E+000
   0.194790E+002   0.100000E+001   0.576744E-001  -0.307417E+000
   0.195591E+002   0.100000E+001   0.635016E-001  -0.269788E+000
   0.196393E+002   0.100000E+001   0.656841E-001  -0.234159E+000
   0.197194E+002   0.100000E+001   0.638474E-001  -0.201737E+000
   0.197996E+002   0.100000E+001   0.585702E-001  -0.173509E+000
   0.198798E+002   0.100000E+001   0.510274E-001  -0.149980E+000
   0.199599E+002   0.100000E+001   0.424038E-001  -0.131058E+000
   0.200401E+002   0.100000E+001   0.336039E-001  -0.116185E+000
   0.201202E+002   0.100000E+001   0.252450E-001  -0.104666E+000
   0.202004E+002   0.100000E+001   0.175893E-001  -0.959450E-001
   0.202806E+002   0.100000E+001   0.106153E-001  -0.897218E-001
   0.203607E+002   0.100000E+001   0.420337E-002  -0.859251E-001
   0.204409E+002   0.100000E+001  -0.173403E-002  -0.845616E-001
   0.205210E+002   0.100000E+001  -0.721512E-002  -0.855927E-001
   0.206012E+002   0.100000E+001  -0.121544E-001  -0.888620E-001
   0.206814E+002   0.100000E+001  -0.164596E-001  -0.940855E-001
   0.207615E+002   0.100000E+001  -0.201007E-001  -0.100915E+000
   0.208417E+002   0.100000E+001  -0.231271E-001  -0.109003E+000
   0.209218E+002   0.100000E+001  -0.256432E-001  -0.118072E+000
   0.210020E+002   0.100000E+001  -0.277631E-001  -0.127931E+000
   0.210822E+002   0.100000E+001  -0.295817E-001  -0.138474E+000
   0.211623E+002   0.100000E+001  -0.311602E-001  -0.149640E+000
   0.212425E+002   0.100000E+001  -0.325190E-001  -0.161381E+000
   0.213226E+002   0.100000E+001  -0.336454E-001  -0.173635E+000
   0.214028E+002   0.100000E+001  -0.345034E-001  -0.186313E+000
   0.214830E+002   0.100000E+001  -0.350493E-001  -0.199301E+000
   0.215631E+002   0.100000E+001  -0.352309E-001  -0.212456E+000
   0.216433E+002   0.100000E+001  -0.350067E-001  -0.225619E+000
   0.217234E+002   0.100000E+001  -0.343481E-001  -0.238607E+000
   0.218036E+002   0.100000E+001  -0.332349E-001  -0.251223E+000
   0.218838E+002   0.100000E+001  -0.316638E-001  -0.263264E+000
   0.219639E+002   0.100000E+001  -0.296317E-001  -0.274526E+000
   0.220441E+002   0.100000E+001  -0.271355E-001  -0.284819E+000
   0.221242E+002   0.100000E+001  -0.241777E-001  -0.293973E+000
   0.222044E+002   0.100000E+001  -0.207541E-001  -0.301819E+000
   0.222846E+002   0.100000E+001  -0.168666E-001  -0.308177E+000
   0.223647E+002   0.100000E+001  -0.125234E-001  -0.312870E+000
   0.224449E+002   0.100000E+001  -0.772815E-002  -0.315719E+000
   0.225251E+002   0.100000E+001  -0.249478E-002  -0.316556E+000
   0.226052E+002   0.100000E+001   0.314370E-002  -0.315211E+000
   0.226854E+002   0.100000E+001   0.913374E-002  -0.311515E+000
   0.227655E+002   0.100000E+001   0.154112E-001  -0.305306E+000
   0.228457E+002   0.100000E+001   0.218934E-001  -0.296424E+000
   0.229259E+002   0.100000E+001   0.284483E-001  -0.284728E+000
   0.230060E+002   0.100000E+001   0.349097E-001  -0.270111E+000
   0.230862E+002   0.100000E+001   0.410748E-001  -0.252546E+000
   0.231663E+002   0.100000E+001   0.466798E-001  -0.232127E+000
   0.232465E+002   0.100000E+001   0.513464E-001  -0.209117E+000
   0.233267E+002   0.100000E+001   0.546224E-001  -0.184001E+000
   0.234068E+002   0.100000E+001   0.561071E-001  -0.157539E+000
   0.234870E+002   0.100000E+001   0.555488E-001  -0.130755E+000
   0.235671E+002   0.100000E+001   0.528907E-001  -0.104803E+000
   0.236473E+002   0.100000E+001   0.482980E-001  -0.807870E-001
   0.237275E+002   0.100000E+001   0.421409E-001  -0.596033E-001
   0.238076E+002   0.100000E+001   0.349107E-001  -0.418419E-001
   0.238878E+002   0.100000E+001   0.271091E-001  -0.277709E-001
   0.239679E+002   0.100000E+001   0.191721E-001  -0.173974E-001
   0.240481E+002   0.100000E+001   0.114445E-001  -0.105552E-001
   0.241283E+002   0.100000E+001   0.418531E-002  -0.696973E-002
   0.242084E+002   0.100000E+001  -0.242237E-002  -0.629639E-002
   0.242886E+002   0.100000E+001  -0.826971E-002  -0.815457E-002
   0.243687E+002   0.100000E+001  -0.133168E-001  -0.121598E-001
   0.244489E+002   0.100000E+001  -0.175789E-001  -0.179469E-001
   0.245291E+002   0.100000E+001  -0.211084E-001  -0.251843E-001
   0.246092E+002   0.100000E+001  -0.239797E-001  -0.335803E-001
   0.246894E+002   0.100000E+001  -0.262776E-001  -0.428853E-001
   0.247695E+002   0.100000E+001  -0.280890E-001  -0.528911E-001
   0.248497E+002   0.100000E+001  -0.294966E-001  -0.634284E-001
   0.249299E+002   0.100000E+001  -0.305732E-001  -0.743629E-001
   0.250100E+002   0.100000E+001  -0.313784E-001  -0.855886E-001
   0.250902E+002   0.100000E+001  -0.319565E-001  -0.970210E-001
   0.251703E+002   0.100000E+001  -0.323383E-001  -0.108590E+000
   0.252505E+002   0.100000E+001  -0.325419E-001  -0.120236E+000
   0.253307E+002   0.100000E+001  -0.325738E-001  -0.131902E+000
   0.254108E+002   0.100000E+001  -0.324290E-001  -0.143532E+000
   0.254910E+002   0.100000E+001  -0.320898E-001  -0.155069E+000
   0.255711E+002   0.100000E+001  -0.315260E-001  -0.166441E+000
   0.256513E+002   0.100000E+001  -0.306947E-001  -0.177564E+000
   0.257315E+002   0.100000E+001  -0.295409E-001  -0.188334E+000
   0.258116E+002   0.100000E+001  -0.279987E-001  -0.198621E+000
   0.258918E+002   0.100000E+001  -0.259929E-001  -0.208265E+000
   0.259719E+002   0.100000E+001  -0.234421E-001  -0.217072E+000
   0.260521E+002   0.100000E+001  -0.202642E-001  -0.224813E+000
   0.261323E+002   0.100000E+001  -0.163834E-001  -0.231217E+000
   0.262124E+002   0.100000E+001  -0.117402E-001  -0.235979E+000
   0.262926E+002   0.100000E+001  -0.630275E-002  -0.238758E+000
   0.263727E+002   0.100000E+001  -0.805486E-004  -0.239192E+000
   0.264529E+002   0.100000E+001   0.686131E-002  -0.236907E+000
   0.265331E+002   0.100000E+001   0.143879E-001  -0.231546E+000
   0.266132E+002   0.100000E+001   0.222819E-001  -0.222791E+000
   0.266934E+002   0.100000E+001   0.302347E-001  -0.210418E+000
   0.267735E+002   0.100000E+001   0.378446E-001  -0.194345E+000
   0.268537E+002   0.100000E+001   0.446322E-001  -0.174715E+000
   0.269339E+002   0.100000E+001   0.500867E-001  -0.151961E+000
   0.270140E+002   0.100000E+001   0.537512E-001  -0.126848E+000
   0.270942E+002   0.100000E+001   0.553300E-001  -0.100423E+000
   0.271743E+002   0.100000E+001   0.547685E-001  -0.738678E-001
   0.272545E+002   0.100000E+001   0.522576E-001  -0.483045E-001
   0.273347E+002   0.100000E+001   0.481601E-001  -0.246296E-001
   0.274148E+002   0.100000E+001   0.429050E-001  -0.345027E-002
   0.274950E+002   0.100000E+001   0.369030E-001   0.148957E-001
   0.275752E+002   0.100000E+001   0.305024E-001   0.302781E-001
   0.276553E+002   0.100000E+001   0.239750E-001   0.427087E-001
   0.277355E+002   0.100000E+001   0.175198E-001   0.522869E-001
   0.278156E+002   0.100000E+001   0.112753E-001   0.591612E-001
   0.278958E+002   0.100000E+001   0.533292E-002   0.635057E-001
   0.279760E+002   0.100000E+001  -0.252672E-003   0.655039E-001
   0.280561E+002   0.100000E+001  -0.545458E-002   0.653386E-001
   0.281363E+002   0.100000E+001  -0.102636E-001   0.631841E-001
   0.282164E+002   0.100000E+001  -0.146778E-001   0.592056E-001
   0.282966E+002   0.100000E+001  -0.186936E-001   0.535616E-001
   0.283768E+002   0.100000E+001  -0.223016E-001   0.464103E-001
   0.284569E+002   0.100000E+001  -0.254852E-001   0.379147E-001
   0.285371E+002   0.100000E+001  -0.282219E-001   0.282475E-001
   0.286172E+002   0.100000E+001  -0.304868E-001   0.175939E-001
   0.286974E+002   0.100000E+001  -0.322551E-001   0.615201E-002
   0.287776E+002   0.100000E+001  -0.335061E-001  -0.586781E-002
   0.288577E+002   0.100000E+001  -0.342282E-001  -0.182467E-001
   0.289379E+002   0.100000E+001  -0.344216E-001  -0.307631E-001
   0.290180E+002   0.100000E+001  -0.341007E-001  -0.432004E-001
   0.290982E+002   0.100000E+001  -0.332921E-001  -0.553549E-001
   0.291784E+002   0.100000E+001  -0.320291E-001  -0.670418E-001
   0.292585E+002   0.100000E+001  -0.303445E-001  -0.780974E-001
   0.293387E+002   0.100000E+001  -0.282638E-001  -0.883752E-001
   0.294188E+002   0.100000E+001  -0.258016E-001  -0.977392E-001
   0.294990E+002   0.100000E+001  -0.229641E-001  -0.106055E+000
   0.295792E+002   0.100000E+001  -0.197568E-001  -0.113187E+000
   0.296593E+002   0.100000E+001  -0.161944E-001  -0.118993E+000
   0.297395E+002   0.100000E+001  -0.123093E-001  -0.123337E+000
   0.298196E+002   0.100000E+001  -0.815212E-002  -0.126098E+000
   0.298998E+002   0.100000E+001  -0.378559E-002  -0.127177E+000
   0.299800E+002   0.100000E+001   0.725885E-003  -0.126502E+000
   0.300601E+002   0.100000E+001   0.532031E-002  -0.124014E+000
   0.301403E+002   0.100000E+001   0.992589E-002  -0.119660E+000
   0.302204E+002   0.100000E+001   0.144300E-001  -0.113398E+000
   0.303006E+002   0.100000E+001   0.186422E-001  -0.105230E+000
   0.303808E+002   0.100000E+001   0.222795E-001  -0.952702E-001
   0.304609E+002   0.100000E+001   0.250040E-001  -0.838280E-001
   0.305411E+002   0.100000E+001   0.265183E-001  -0.714415E-001
   0.306212E+002   0.100000E+001   0.266785E-001  -0.588224E-001
   0.307014E+002   0.100000E+001   0.255577E-001  -0.467110E-001
   0.307816E+002   0.100000E+001   0.234189E-001  -0.357154E-001
   0.308617E+002   0.100000E+001   0.206197E-001  -0.262159E-001
   0.309419E+002   0.100000E+001   0.175139E-001  -0.183610E-001
   0.310220E+002   0.100000E+001   0.143918E-001  -0.121204E-001
   0.311022E+002   0.100000E+001   0.114608E-001  -0.734962E-002
   0.311824E+002   0.100000E+001   0.884813E-002  -0.384494E-002
   0.312625E+002   0.100000E+001   0.661496E-002  -0.138367E-002
   0.313427E+002   0.100000E+001   0.477397E-002   0.250108E-003
   0.314228E+002   0.100000E+001   0.330594E-002   0.125155E-002
   0.315030E+002   0.100000E+001   0.217244E-002   0.178828E-002
   0.315832E+002   0.100000E+001   0.132559E-002   0.199827E-002
   0.316633E+002   0.100000E+001   0.715148E-003   0.199082E-002
   0.317435E+002   0.100000E+001   0.293227E-003   0.184939E-002
   0.318236E+002   0.100000E+001   0.168571E-004   0.163537E-002
   0.319038E+002   0.100000E+001  -0.150749E-003   0.139202E-002
   0.319840E+002   0.100000E+001  -0.239952E-003   0.114829E-002
   0.320641E+002   0.100000E+001  -0.275071E-003   0.922113E-003
   0.321443E+002   0.100000E+001  -0.275033E-003   0.723262E-003
   0.322244E+002   0.100000E+001  -0.254089E-003   0.555625E-003
   0.323046E+002   0.100000E+001  -0.222527E-003   0.419102E-003
   0.323848E+002   0.100000E+001  -0.187367E-003   0.311120E-003
   0.324649E+002   0.100000E+001  -0.153039E-003   0.227816E-003
   0.325451E+002   0.100000E+001  -0.122022E-003   0.164897E-003
   0.326253E+002   0.100000E+001  -0.954234E-004   0.118217E-003
   0.327054E+002   0.100000E+001  -0.734614E-004   0.840929E-004
   0.327856E+002   0.100000E+001  -0.558396E-004   0.594463E-004
   0.328657E+002   0.100000E+001  -0.420090E-004   0.418158E-004
   0.329459E+002   0.100000E+001  -0.313396E-004   0.292993E-004
   0.330261E+002   0.100000E+001  -0.232197E-004   0.204655E-004
   0.331062E+002   0.100000E+001  -0.171063E-004   0.142590E-004
   0.331864E+002   0.100000E+001  -0.125429E-004   0.991364E-005
   0.332665E+002   0.100000E+001  -0.915986E-005   0.687965E-005
   0.333467E+002   0.100000E+001  -0.666609E-005   0.476605E-005
   0.334269E+002   0.100000E+001  -0.483645E-005   0.329647E-005
   0.335070E+002   0.100000E+001  -0.349944E-005   0.227644E-005
   0.335872E+002   0.100000E+001  -0.252578E-005   0.156962E-005
   0.336673E+002   0.100000E+001  -0.181891E-005   0.108061E-005
   0.337475E+002   0.100000E+001  -0.130714E-005   0.742834E-006
   0.338277E+002   0.100000E+001  -0.937548E-006   0.509885E-006
   0.339078E+002   0.100000E+001  -0.671249E-006   0.349483E-006
   0.339880E+002   0.100000E+001  -0.479786E-006   0.239206E-006
   0.340681E+002   0.100000E+001  -0.342401E-006   0.163506E-006
   0.341483E+002   0.100000E+001  -0.244002E-006   0.111618E-006
   0.342285E+002   0.100000E+001  -0.173646E-006   0.761031E-007
   0.343086E+002   0.100000E+001  -0.123422E-006   0.518276E-007
   0.343888E+002   0.100000E+001  -0.876228E-007   0.352564E-007
   0.344689E+002   0.100000E+001  -0.621400E-007   0.239585E-007
   0.345491E+002   0.100000E+001  -0.440240E-007   0.162648E-007
   0.346293E+002   0.100000E+001  -0.311605E-007   0.110313E-007
   0.347094E+002   0.100000E+001  -0.220365E-007   0.747514E-008
   0.347896E+002   0.100000E+001  -0.155715E-007   0.506107E-008
   0.348697E+002   0.100000E+001  -0.109950E-007   0.342385E-008
   0.349499E+002   0.100000E+001  -0.775812E-008   0.231446E-008
   0.350301E+002   0.100000E+001  -0.547059E-008   0.156338E-008
   0.351102E+002   0.100000E+001  -0.385519E-008   0.105528E-008
   0.351904E+002   0.100000E+001  -0.271524E-008   0.711814E-009
   0.352705E+002   0.100000E+001  -0.191134E-008   0.479815E-009
   0.353507E+002   0.100000E+001  -0.134475E-008   0.323216E-009
   0.354309E+002   0.100000E+001  -0.945665E-009   0.217585E-009
   0.355110E+002   0.100000E+001  -0.664707E-009   0.146381E-009
   0.355912E+002   0.100000E+001  -0.467014E-009   0.984154E-010
   0.356713E+002   0.100000E+001  -0.327978E-009   0.661245E-010
   0.357515E+002   0.100000E+001  -0.230238E-009   0.443999E-010
   0.358317E+002   0.100000E+001  -0.161560E-009   0.297933E-010
   0.359118E+002   0.100000E+001  -0.113323E-009   0.199788E-010
   0.359920E+002   0.100000E+001  -0.794572E-010   0.133884E-010
   0.360721E+002   0.100000E+001  -0.556900E-010   0.896578E-011
   0.361523E+002   0.100000E+001  -0.390169E-010   0.599987E-011
   0.362325E+002   0.100000E+001  -0.273248E-010   0.401217E-011
   0.363126E+002   0.100000E+001  -0.191289E-010   0.268096E-011
   0.363928E+002   0.100000E+001  -0.133858E-010   0.179003E-011
   0.364729E+002   0.100000E+001  -0.936313E-011   0.119420E-011
   0.365531E+002   0.100000E+001  -0.654654E-011   0.796025E-012
   0.366333E+002   0.100000E+001  -0.457520E-011   0.530137E-012
   0.367134E+002   0.100000E+001  -0.319602E-011   0.352730E-012
   0.367936E+002   0.100000E+001  -0.223151E-011   0.234460E-012
   0.368737E+002   0.100000E+001  -0.155729E-011   0.155684E-012
   0.369539E+002   0.100000E+001  -0.108621E-011   0.103262E-012
   0.370341E+002   0.100000E+001  -0.757200E-012   0.684113E-013
   0.371142E+002   0.100000E+001  -0.527535E-012   0.452666E-013
   0.371944E+002   0.100000E+001  -0.367298E-012   0.299125E-013
   0.372745E+002   0.100000E+001  -0.255561E-012   0.197386E-013
   0.373547E+002   0.100000E+001  -0.177688E-012   0.130054E-013
   0.374349E+002   0.100000E+001  -0.123450E-012   0.855517E-014
   0.375150E+002   0.100000E+001  -0.856964E-013   0.561800E-014
   0.375952E+002   0.100000E+001  -0.594362E-013   0.368235E-014
   0.376754E+002   0.100000E+001  -0.411836E-013   0.240878E-014
   0.377555E+002   0.100000E+001  -0.285069E-013   0.157227E-014
   0.378357E+002   0.100000E+001  -0.197101E-013   0.102386E-014
   0.379158E+002   0.100000E+001  -0.136114E-013   0.665041E-015
   0.379960E+002   0.100000E+001  -0.938733E-014   0.430783E-015
   0.380762E+002   0.100000E+001  -0.646480E-014   0.278203E-015
   0.381563E+002   0.100000E+001  -0.444512E-014   0.179077E-015
   0.382365E+002   0.100000E+001  -0.305111E-014   0.114855E-015
   0.383166E+002   0.100000E+001  -0.209028E-014   0.733744E-016
   0.383968E+002   0.100000E+001  -0.142901E-014   0.466703E-016
   0.384770E+002   0.100000E+001  -0.974645E-015   0.295416E-016
   0.385571E+002   0.100000E+001  -0.663014E-015   0.185989E-016
   0.386373E+002   0.100000E+001  -0.449704E-015   0.116392E-016
   0.387174E+002   0.100000E+001  -0.304016E-015   0.723457E-017
   0.387976E+002   0.100000E+001  -0.204758E-015   0.446241E-017
   0.388778E+002   0.100000E+001  -0.137319E-015   0.272851E-017
   0.389579E+002   0.100000E+001  -0.916415E-016   0.165165E-017
   0.390381E+002   0.100000E+001  -0.608123E-016   0.988215E-018
   0.391182E+002   0.100000E+001  -0.400887E-016   0.583271E-018
   0.391984E+002   0.100000E+001  -0.262234E-016   0.338763E-018
   0.392786E+002   0.100000E+001  -0.169974E-016   0.193000E-018
   0.393587E+002   0.100000E+001  -0.108983E-016   0.107418E-018
   0.394389E+002   0.100000E+001  -0.689769E-017   0.580885E-019
   0.395190E+002   0.100000E+001  -0.429810E-017   0.302928E-019
   0.395992E+002   0.100000E+001  -0.262764E-017   0.150672E-019
   0.396794E+002   0.100000E+001  -0.156739E-017   0.701881E-020
   0.397595E+002   0.100000E+001  -0.901520E-018   0.295640E-020
   0.398397E+002   0.100000E+001  -0.482787E-018   0.103461E-020
   0.399198E+002   0.100000E+001  -0.207490E-018   0.216490E-021
   0.400000E+002   0.100000E+001  -0.000000E+000   0.000000E+000
   0.400802E+002   0.100000E+001  -0.966527E-018   0.168503E-021

