 Initial conditions outputted from a previous simulation. Time =    24.400000000000002     
   40.000000000000000        0.0000000000000000              500           1   24.400000000000002     
   2.9371262635219894E-003 -0.14947051209278911     
   1.0201136323417443E-002 -0.14904299085896064     
   1.8030159233936891E-002 -0.14547663555775392     
   2.6248497602404185E-002 -0.13845448838513172     
   3.4585696473398181E-002 -0.12771825399460579     
   4.2670310773706248E-002 -0.11312866129813770     
   5.0032944403095705E-002  -9.4739309539635427E-002
   5.6141078012669696E-002  -7.2881158251600270E-002
   6.0466596326037861E-002  -4.8227001688619785E-002
   6.2583125297642636E-002  -2.1795394665588313E-002
   6.2265014638893529E-002   5.1394525247484436E-003
   5.9546962806639542E-002   3.1225580394223403E-002
   5.4714518803305960E-002   5.5240676814752122E-002
   4.8230404601623436E-002   7.6250963479159883E-002
   4.0632278599275082E-002   9.3675488445958840E-002
   3.2441379526708995E-002  0.10726250527923134     
   2.4103542319747262E-002  0.11701643021351284     
   1.5963907958455911E-002  0.12311399956667782     
   8.2659867518762586E-003  0.12583238273600353     
   1.1641793697653351E-003  0.12549665883731959     
  -5.2584611604197520E-003  0.12244534036886388     
  -1.0972137808804251E-002  0.11700957201298182     
  -1.5984289610227714E-002  0.10950159986357327     
  -2.0326503486104919E-002  0.10020912996059919     
  -2.4044398160894168E-002   8.9393294382829835E-002
  -2.7190143748693170E-002   7.7288787516656479E-002
  -2.9817148103448203E-002   6.4105295726623046E-002
  -3.1976432983072824E-002   5.0029688246008050E-002
  -3.3714272310430574E-002   3.5228641958717992E-002
  -3.5070735278390337E-002   1.9851495229897646E-002
  -3.6078850592051723E-002   4.0332018490349770E-003
  -3.6764176884822163E-002  -1.2102694263607399E-002
  -3.7144625470551071E-002  -2.8441108294915259E-002
  -3.7230435677101312E-002  -4.4872507182202717E-002
  -3.7024257015083925E-002  -6.1290045540035885E-002
  -3.6521356234292736E-002  -7.7586718631490623E-002
  -3.5710037935281887E-002  -9.3652451886997057E-002
  -3.4572431875451656E-002 -0.10937095340542720     
  -3.3085861799238982E-002 -0.12461602137230808     
  -3.1225037569513395E-002 -0.13924678953896402     
  -2.8965094150107805E-002 -0.15310114060263197     
  -2.6284748840297210E-002 -0.16598661482145638     
  -2.3167780534075554E-002 -0.17766935114514584     
  -1.9600774283536515E-002 -0.18786412709854741     
  -1.5566803638669333E-002 -0.19623095395620416     
  -1.1038044562679436E-002 -0.20238344239787609     
  -5.9729069878404631E-003 -0.20591034824570537     
  -3.2282733818011253E-004 -0.20640660007241526     
   5.9495881389481546E-003 -0.20350731421067383     
   1.2843403699692675E-002 -0.19691939093694769     
   2.0287614752097307E-002 -0.18644894301233941     
   2.8109495068765113E-002 -0.17202697963166208     
   3.6008838559958484E-002 -0.15373907917165783     
   4.3548215265058976E-002 -0.13186511369305404     
   5.0174287552031981E-002 -0.10692853935178330     
   5.5283331819514371E-002  -7.9739382719549834E-002
   5.8329430868042501E-002  -5.1397580291340679E-002
   5.8949595612718654E-002  -2.3220422316075573E-002
   5.7060305902579760E-002   3.4157551651334919E-003
   5.2881755870359592E-002   2.7280733618709637E-002
   4.6875809467620815E-002   4.7466774800473739E-002
   3.9626003195857226E-002   6.3470507732653600E-002
   3.1713124685575036E-002   7.5167284219782957E-002
   2.3630289061570085E-002   8.2716706582933425E-002
   1.5749505758679304E-002   8.6452344362717412E-002
   8.3252998251728359E-003   8.6789740323879122E-002
   1.5145341632619570E-003   8.4162170058388178E-002
  -4.6010680505208530E-003   7.8980945595799726E-002
  -9.9946901688906919E-003   7.1614857154204237E-002
  -1.4677834833332059E-002   6.2383411072837472E-002
  -1.8688046453694325E-002   5.1559051277087195E-002
  -2.2080445222780989E-002   3.9374691248550288E-002
  -2.4920620697521462E-002   2.6033388860795870E-002
  -2.7277347086173784E-002   1.1717364614032956E-002
  -2.9217531683426907E-002  -3.4051680611125552E-003
  -3.0805366480178044E-002  -1.9175585425123886E-002
  -3.2101622586885627E-002  -3.5442102890450959E-002
  -3.3160278809962113E-002  -5.2057033195014035E-002
  -3.4024825424655757E-002  -6.8873088058115761E-002
  -3.4726327372119906E-002  -8.5739972289266622E-002
  -3.5282748762446928E-002 -0.10250322360394457     
  -3.5697645576053504E-002 -0.11900589360063338     
  -3.5954992170814597E-002 -0.13509172006686637     
  -3.6011622675796259E-002 -0.15060613383431090     
  -3.5797599405092972E-002 -0.16539229848107118     
  -3.5231098203266357E-002 -0.17928645176388072     
  -3.4230000572135613E-002 -0.19212028933688041     
  -3.2712986341341906E-002 -0.20372915721365020     
  -3.0597155058471326E-002 -0.21395693574991964     
  -2.7797995667009200E-002 -0.22265268115580875     
  -2.4233797002376340E-002 -0.22966263886380209     
  -1.9829372361963558E-002 -0.23482383444447058     
  -1.4522091025628387E-002 -0.23795895990213634     
  -8.3079610279754041E-003 -0.23887245499955093     
  -1.2535370645136007E-003 -0.23735896634416134     
   6.5460890753920049E-003 -0.23321966239367908     
   1.4950613104881586E-002 -0.22626308119121075     
   2.3719155304100594E-002 -0.21629622782919330     
   3.2488324915976405E-002 -0.20313911933836670     
   4.0788630855486063E-002 -0.18668012091763783     
   4.8107685936722509E-002 -0.16696019121337577     
   5.3910789765531750E-002 -0.14425917083564135     
   5.7755476547392465E-002 -0.11915996714220907     
   5.9437568714708906E-002  -9.2552908040693216E-002
   5.8905377225519313E-002  -6.5560189710451966E-002
   5.6299649611730153E-002  -3.9414630652577429E-002
   5.1987422156425135E-002  -1.5311986371269251E-002
   4.6367287240908071E-002   5.7376280854249100E-003
   3.9805108980753456E-002   2.3002987285038617E-002
   3.2695289662412502E-002   3.6059895964836483E-002
   2.5388272399578717E-002   4.4778202662785940E-002
   1.8186450203007947E-002   4.9275144991069782E-002
   1.1319718143156181E-002   4.9853805616996691E-002
   4.9066151945115887E-003   4.6937689762862216E-002
  -1.0103072714978674E-003   4.1004292681966453E-002
  -6.4473132650931103E-003   3.2530650902969617E-002
  -1.1444187099601176E-002   2.1956956706242113E-002
  -1.6018036462490146E-002   9.6713983834179826E-003
  -2.0146751655932372E-002  -3.9848536709931040E-003
  -2.3830266967723276E-002  -1.8701297692368595E-002
  -2.7099867246993554E-002  -3.4185865246154121E-002
  -2.9993406318277172E-002  -5.0162401558054126E-002
  -3.2527138611438348E-002  -6.6377387570027396E-002
  -3.4684924169759421E-002  -8.2611094643082653E-002
  -3.6434291486166524E-002  -9.8687415477115056E-002
  -3.7755508292401527E-002 -0.11447917827261377     
  -3.8647890792198041E-002 -0.12990774768441382     
  -3.9125515588749271E-002 -0.14493554813947457     
  -3.9167392791972795E-002 -0.15955300605800449     
  -3.8729650496820395E-002 -0.17375965421741082     
  -3.7834780251959514E-002 -0.18754301143408109     
  -3.6554243370494829E-002 -0.20086410291734855     
  -3.4930530261901439E-002 -0.21365025672207485     
  -3.2982242209185303E-002 -0.22579162338831632     
  -3.0708935508344169E-002 -0.23714060600353695     
  -2.8065112405518174E-002 -0.24751309379005748     
  -2.4987063248178787E-002 -0.25669047392418870     
  -2.1468736902728307E-002 -0.26442351678724324     
  -1.7506649128021218E-002 -0.27044223342865753     
  -1.3030747087790276E-002 -0.27446770654482006     
  -7.9397507290827965E-003 -0.27622138257910955     
  -2.1536281782361349E-003 -0.27543296418026803     
   4.3880779160101607E-003 -0.27184992356312027     
   1.1687734932378468E-002 -0.26525026925387513     
   1.9641103126473845E-002 -0.25546219267440917     
   2.8062630318938159E-002 -0.24239410993555965     
   3.6685872224098921E-002 -0.22607403883771585     
   4.5022979639261072E-002 -0.20669270855195915     
   5.2389944073735331E-002 -0.18464823240891368     
   5.8150101840896876E-002 -0.16057865144289485     
   6.1784803678353074E-002 -0.13535640586745981     
   6.2895045690800552E-002 -0.11003615529784011     
   6.1314840097371218E-002  -8.5760799251925660E-002
   5.7167558645799262E-002  -6.3636379085675696E-002
   5.0841745560863912E-002  -4.4600684072016943E-002
   4.2969766538302777E-002  -2.9315066015899241E-002
   3.4309669088448187E-002  -1.8102190922317952E-002
   2.5547657191034395E-002  -1.0945194823346641E-002
   1.7139624459958508E-002  -7.5481617040166968E-003
   9.3538603506957470E-003  -7.4418890120420142E-003
   2.3604138274439346E-003  -1.0100011708907090E-002
  -3.7588711038162746E-003  -1.5032339925373502E-002
  -9.0157441573022815E-003  -2.1840402855055455E-002
  -1.3518400171678198E-002  -3.0233513845781726E-002
  -1.7408676367438734E-002  -4.0015406165264632E-002
  -2.0755143986990496E-002  -5.1054217329640182E-002
  -2.3589144529893247E-002  -6.3243808568824111E-002
  -2.5976716932141524E-002  -7.6470460670249152E-002
  -2.8027208546135950E-002  -9.0596117022935477E-002
  -2.9909331927653930E-002 -0.10545773391645381     
  -3.1771616746414454E-002 -0.12088095657206528     
  -3.3630843465950751E-002 -0.13669744881432236     
  -3.5362945380164740E-002 -0.15275152475891141     
  -3.6828116073149023E-002 -0.16890177147871710     
  -3.7883434639538562E-002 -0.18501689732372409     
  -3.8620289642117479E-002 -0.20097624895749092     
  -3.8874507141137410E-002 -0.21668989144168629     
  -3.8922683046345746E-002 -0.23208604646830902     
  -3.8339813598197464E-002 -0.24713950674884944     
  -3.7581618488272996E-002 -0.26181330365875544     
  -3.6397930136237627E-002 -0.27603872300142906     
  -3.3661996608966155E-002 -0.28965363426755847     
  -2.8702391428988724E-002 -0.30231975699170005     
  -2.2892643878756370E-002 -0.31350331533262127     
  -1.6725878429308384E-002 -0.32261907047677191     
  -1.0819677530059798E-002 -0.32912221085879018     
  -4.9656526561911562E-003 -0.33262949644523504     
   7.5007256560295538E-004 -0.33291408765723268     
   7.6100242948430865E-003 -0.32991499723127299     
   1.5389388893379194E-002 -0.32363348752808746     
   2.2897938512079809E-002 -0.31411948854911426     
   2.9693212153811040E-002 -0.30151384451724866     
   3.6722772881812270E-002 -0.28606154835299691     
   4.3616948650663859E-002 -0.26804183614182975     
   5.0205558779211519E-002 -0.24779832190117998     
   5.5903152506778228E-002 -0.22573799996282842     
   5.9952354793384358E-002 -0.20238885176806745     
   6.1222117314575962E-002 -0.17844914910535020     
   5.9299355397759185E-002 -0.15482228387826447     
   5.4395176402869616E-002 -0.13255873390124637     
   4.7213412280043221E-002 -0.11271988141326034     
   3.8641902697134391E-002  -9.6199497885349317E-002
   2.9625549810787528E-002  -8.3571025988435577E-002
   2.0820849477428644E-002  -7.5010894722697341E-002
   1.2486332844884637E-002  -7.0328626166408073E-002
   4.7615732881205412E-003  -6.9089359475338105E-002
  -2.2606393668360035E-003  -7.0760258174114521E-002
  -8.5410492795057399E-003  -7.4828928874129494E-002
  -1.3925155150347580E-002  -8.0868142161109519E-002
  -1.8311653951732915E-002  -8.8534284235875005E-002
  -2.1724335840843129E-002  -9.7537948971182106E-002
  -2.4293575931205041E-002 -0.10761526283209526     
  -2.6215289264795071E-002 -0.11851833152510338     
  -2.7683743845528807E-002 -0.13002919093554083     
  -2.8894896738512588E-002 -0.14198255124134226     
  -3.0013100072763477E-002 -0.15428555725497867     
  -3.1132104643463578E-002 -0.16692157798752549     
  -3.2271612050427355E-002 -0.17993252863655082     
  -3.3377661977418566E-002 -0.19338503436439491     
  -3.4348030504206699E-002 -0.20732995733677231     
  -3.5078937101520880E-002 -0.22176801940643989     
  -3.5492406682077544E-002 -0.23663189999578862     
  -3.5544852072812730E-002 -0.25178831431302723     
  -3.5228689162796575E-002 -0.26705587916727908     
  -3.4548105646128709E-002 -0.28223045659529244     
  -3.3484456343844234E-002 -0.29710800527119968     
  -3.2021633096569156E-002 -0.31149509351230653     
  -3.0104972710915782E-002 -0.32520745330435163     
  -2.7624558457943680E-002 -0.33805605729436827     
  -2.4464840135089636E-002 -0.34982533840834346     
  -2.0501532932236423E-002 -0.36025521641136277     
  -1.5652913004153134E-002 -0.36903068295456187     
  -9.9081658425937934E-003 -0.37578681942057279     
  -3.3185960982308393E-003 -0.38013090392362187     
   3.9345526498825419E-003 -0.38167471114284396     
   1.1624587100191642E-002 -0.38007849117840770     
   1.9483234227228002E-002 -0.37509230336710209     
   2.7209344264736115E-002 -0.36659028307356717     
   3.4578664801078587E-002 -0.35459785835692126     
   4.1318796975447027E-002 -0.33930188405691636     
   4.7081183633201573E-002 -0.32105529248931830     
   5.1528985881794699E-002 -0.30037597769626406     
   5.4349693802177926E-002 -0.27793077150072937     
   5.5399566896877923E-002 -0.25450641471537228     
   5.4690628400287288E-002 -0.23095578872431613     
   5.2351226621923146E-002 -0.20812873549390634     
   4.8612060576247978E-002 -0.18680142126200863     
   4.3681100888299754E-002 -0.16761353576425503     
   3.7824833392123183E-002 -0.15103524240598595     
   3.1355941783124820E-002 -0.13735937740555126     
   2.4522278210544771E-002 -0.12671599754037885     
   1.7572214145559366E-002 -0.11910882970621377     
   1.0691490927283330E-002 -0.11445340454648409     
   4.0016133882107806E-003 -0.11261417827872786     
  -2.3842338534061226E-003 -0.11343331214521288     
  -8.4213457994377593E-003 -0.11674311859794932     
  -1.4051182090789005E-002 -0.12237201332690002     
  -1.9209520396230698E-002 -0.13013946144877472     
  -2.3840631336082059E-002 -0.13984790737552560     
  -2.7871851481248707E-002 -0.15127782416565363     
  -3.1279698287919530E-002 -0.16418453013128154     
  -3.4056926703152537E-002 -0.17830433315095787     
  -3.6207285743199903E-002 -0.19336386098061650     
  -3.7737804063975866E-002 -0.20909077426293868     
  -3.8651419767585946E-002 -0.22522347036819787     
  -3.8974027816370577E-002 -0.24151687656969451     
  -3.8757430151651742E-002 -0.25774729657653761     
  -3.8063423499377275E-002 -0.27371617313527818     
  -3.6961539669584070E-002 -0.28925203768980468     
  -3.5492081688434728E-002 -0.30421140315209688     
  -3.3688620650916934E-002 -0.31847469713855431     
  -3.1573574858254634E-002 -0.33194052239463517     
  -2.9166535339637877E-002 -0.34451787811458828     
  -2.6490731935544125E-002 -0.35611806082626246     
  -2.3542664592942290E-002 -0.36664831159827260     
  -2.0305631341820167E-002 -0.37600483807597879     
  -1.6757051474894355E-002 -0.38406791645144439     
  -1.2887986043001814E-002 -0.39069968173580949     
  -8.6882505560488248E-003 -0.39574693686136081     
  -4.1342693775108874E-003 -0.39904722038765728     
   8.0032194068716542E-004 -0.40043511435642187     
   6.1181422878396046E-003 -0.39974732852689671     
   1.1812478189211060E-002 -0.39682646722718795     
   1.7838536304928029E-002 -0.39152252528661224     
   2.4102684677301704E-002 -0.38369322041261872     
   3.0448708242469005E-002 -0.37320439257282456     
   3.6671652330356498E-002 -0.35994743489260073     
   4.2487162741347936E-002 -0.34386914845013455     
   4.7563876814234247E-002 -0.32501556291843464     
   5.1510921952692759E-002 -0.30363848283794026     
   5.3824120303448686E-002 -0.28035436956447068     
   5.3976736425345007E-002 -0.25621287243268887     
   5.1716734744181807E-002 -0.23255664806596621     
   4.7246672728979755E-002 -0.21071764377933466     
   4.1089641241882358E-002 -0.19172584122678396     
   3.3833746982852311E-002 -0.17619221382651409     
   2.6002473721285415E-002 -0.16436502296171557     
   1.8045469092396096E-002 -0.15623679932517107     
   1.0327302379956740E-002 -0.15162505594081971     
   3.1020666567449662E-003 -0.15023793659595192     
  -3.4709370223883888E-003 -0.15173248014547910     
  -9.2854272573042462E-003 -0.15574377684629903     
  -1.4276178647001220E-002 -0.16189005538756426     
  -1.8435379574225676E-002 -0.16978571755914437     
  -2.1815392010837108E-002 -0.17906974459514641     
  -2.4508008724159942E-002 -0.18942931714138747     
  -2.6621851734116207E-002 -0.20060791830067803     
  -2.8268416434289016E-002 -0.21240466112663617     
  -2.9551279184571330E-002 -0.22467065198806319     
  -3.0556405101618455E-002 -0.23730158720711675     
  -3.1346512635750161E-002 -0.25022645416859862     
  -3.1959460950534063E-002 -0.26339463046506850     
  -3.2409188037452172E-002 -0.27676304229587595     
  -3.2689977406349637E-002 -0.29028473981350755     
  -3.2784248069445715E-002 -0.30390143737952091     
  -3.2670671796028679E-002 -0.31754195123878848     
  -3.2328372980005793E-002 -0.33112530423286002     
  -3.1735311419979970E-002 -0.34456459892933827     
  -3.0862008701462128E-002 -0.35776762927185707     
  -2.9663827559440352E-002 -0.37063198949298609     
  -2.8075776298587759E-002 -0.38303494399669163     
  -2.6013099061847161E-002 -0.39482072312444039     
  -2.3378836200544338E-002 -0.40578929937345493     
  -2.0077054744783933E-002 -0.41569039779287209     
  -1.6028780786913679E-002 -0.42422480194277495     
  -1.1187388586875286E-002 -0.43105297970209472     
  -5.5510999620330742E-003 -0.43580959458565971     
   8.2818936292112296E-004 -0.43812198537454944     
   7.8388035858319074E-003 -0.43763129304433585     
   1.5303745901538048E-002 -0.43401665315056659     
   2.2974142320762111E-002 -0.42702549565416464     
   3.0523722984210907E-002 -0.41651501942632774     
   3.7552654529541915E-002 -0.40250792873111751     
   4.3613834169781991E-002 -0.38525570820086408     
   4.8271105177792775E-002 -0.36528605773035205     
   5.1182772509989288E-002 -0.34339892502617703     
   5.2182146667525735E-002 -0.32058538222446908     
   5.1317041413219598E-002 -0.29788062766584561     
   4.8825634744292364E-002 -0.27620406774432060     
   4.5059562511985091E-002 -0.25624997036602370     
   4.0391522255077229E-002 -0.23846052281724930     
   3.5145320588612083E-002 -0.22306702585871124     
   2.9565994238067151E-002 -0.21015974971927212     
   2.3825061634579758E-002 -0.19975104646605943     
   1.8043795947255165E-002 -0.19181456463072294     
   1.2316867110205933E-002 -0.18630066287718905     
   6.7259698726061870E-003 -0.18313794730491265     
   1.3427435231969330E-003 -0.18223192862037235     
  -3.7736045244150837E-003 -0.18346672696036928     
  -8.5785170343401114E-003 -0.18671012851540536     
  -1.3041818119957849E-002 -0.19181981357707556     
  -1.7145095326409641E-002 -0.19864872045559806     
  -2.0877806779013106E-002 -0.20704842565723827     
  -2.4233362182119550E-002 -0.21687033139939232     
  -2.7206145019024158E-002 -0.22796517934426358     
  -2.9789834306379073E-002 -0.24018171765905749     
  -3.1976885157155820E-002 -0.25336524193119525     
  -3.3758856808066562E-002 -0.26735648909930554     
  -3.5127260931811455E-002 -0.28199115808306036     
  -3.6074608937741809E-002 -0.29710015409577328     
  -3.6595388314201657E-002 -0.31251050471469732     
  -3.6686781382894995E-002 -0.32804680294292277     
  -3.6349002086599518E-002 -0.34353298397901305     
  -3.5585171421589450E-002 -0.35879420914894677     
  -3.4400705606987686E-002 -0.37365860909058390     
  -3.2802247724694686E-002 -0.38795863469731245     
  -3.0796225818810561E-002 -0.40153177611108315     
  -2.8387178362668086E-002 -0.41422044012131470     
  -2.5576054098114601E-002 -0.42587083367077511     
  -2.2358763512335900E-002 -0.43633078486085936     
  -1.8725345991106573E-002 -0.44544654338633927     
  -1.4660215322815301E-002 -0.45305876067452094     
  -1.0143996776704859E-002 -0.45899806210892191     
  -5.1574445594427705E-003 -0.46308085183799463     
   3.1208799564502130E-004 -0.46510624378567189     
   6.2611625856823028E-003 -0.46485539803323844     
   1.2657538498949144E-002 -0.46209506649333210     
   1.9424633296755003E-002 -0.45658759782846409     
   2.6424431714832209E-002 -0.44811034591349325     
   3.3441381198387070E-002 -0.43648811952737243     
   4.0172032524267459E-002 -0.42164165668451115     
   4.6228162344629189E-002 -0.40365145825981025     
   5.1162980500969853E-002 -0.38282796449878059     
   5.4527200242083386E-002 -0.35976601101158462     
   5.5950848736106916E-002 -0.33535071551708129     
   5.5229608664615841E-002 -0.31068710537822070     
   5.2382141815791268E-002 -0.28695537868678123     
   4.7650929085004907E-002 -0.26523476165527482     
   4.1445004618712429E-002 -0.24635993793528260     
   3.4251113480661108E-002 -0.23085486668872970     
   2.6549123111876675E-002 -0.21894537055856672     
   1.8754668686740299E-002 -0.21061965923085205     
   1.1192538035119770E-002 -0.20570211747986855     
   4.0930566569846623E-003 -0.20391902295082071     
  -2.3979664527990071E-003 -0.20494830477965031     
  -8.2032089576017739E-003 -0.20845316475595635     
  -1.3296841074968846E-002 -0.21410284123948722     
  -1.7689299441590704E-002 -0.22158452086708505     
  -2.1414723482985388E-002 -0.23060953959170954     
  -2.4521131613205883E-002 -0.24091594205394709     
  -2.7063133237411885E-002 -0.25226877883962778     
  -2.9096760110430595E-002 -0.26445904109639889     
  -3.0675923376836358E-002 -0.27730176232018316     
  -3.1850086868840888E-002 -0.29063360912885755     
  -3.2662834088354499E-002 -0.30431018194219595     
  -3.3151055584361454E-002 -0.31820317011955562     
  -3.3344547170130981E-002 -0.33219744839776116     
  -3.3265875485060339E-002 -0.34618817061742013     
  -3.2930409207860806E-002 -0.36007789686949998     
  -3.2346447159260133E-002 -0.37377377227076747     
  -3.1515410610051739E-002 -0.38718476439570354     
  -3.0432098347875081E-002 -0.40021896363598913     
  -2.9085027670450143E-002 -0.41278095377005919     
  -2.7456908380018030E-002 -0.42476926870248011     
  -2.5525322346830168E-002 -0.43607396711629542     
  -2.3263709213765509E-002 -0.44657438027397056     
  -2.0642790907240423E-002 -0.45613712127304412     
  -1.7632601459956664E-002 -0.46461449155937934     
  -1.4205317015420943E-002 -0.47184348913017887     
  -1.0339094077619859E-002 -0.47764572030197383     
  -6.0231087059904884E-003 -0.48182865249574569     
  -1.2639230529231701E-003 -0.48418882985138023     
   3.9068489089253864E-003 -0.48451791219111545     
   9.4239024966815150E-003 -0.48261267113389217     
   1.5179464489518174E-002 -0.47829029868738665     
   2.1015982628176291E-002 -0.47141033860163867     
   2.6722894186824105E-002 -0.46190383442128907     
   3.2041058157898199E-002 -0.44980833038475582     
   3.6678675303254110E-002 -0.43530374162088170     
   4.0340909777687381E-002 -0.41873935798229645     
   4.2771114482128239E-002 -0.40063877049300362     
   4.3795332693608129E-002 -0.38167127854843147     
   4.3356862904284303E-002 -0.36258795255949228     
   4.1528360088573003E-002 -0.34413515626180113     
   3.8496628024088035E-002 -0.32696937753521021     
   3.4526066397163956E-002 -0.31159663466476517     
   2.9913957636333526E-002 -0.29834775721471268     
   2.4950587275461605E-002 -0.28738610222306837     
   1.9891557365858143E-002 -0.27873555412797102     
   1.4943435572056921E-002 -0.27231602815873063     
   1.0260183041991864E-002 -0.26797759590029352     
   5.9466852407449112E-003 -0.26552881479687318     
   2.0660234226092225E-003 -0.26475809200467559     
  -1.3519844472926544E-003 -0.26544871224280875     
  -4.3024687462409365E-003 -0.26738881606833670     
  -6.7981667031969829E-003 -0.27037761832430424     
  -8.8633461926549851E-003 -0.27422893292574990     
  -1.0529021167744167E-002 -0.27877281990795044     
  -1.1829336041929282E-002 -0.28385594618479681     
  -1.2798940129968073E-002 -0.28934107608385912     
  -1.3471172939803424E-002 -0.29510598836150720     
  -1.3876899355889797E-002 -0.30104203754415071     
  -1.4043859746652588E-002 -0.30705252374006792     
  -1.3996430932963811E-002 -0.31305100087137777     
  -1.3755721357806163E-002 -0.31895963389168946     
  -1.3339942838709476E-002 -0.32470770473136312     
  -1.2765012557712334E-002 -0.33023036010502316     
  -1.2045342121678470E-002 -0.33546768891130258     
  -1.1194764511325696E-002 -0.34036420887819857     
  -1.0227535604361793E-002 -0.34486882700505195     
  -9.1593273924766294E-003 -0.34893531245196957     
  -8.0081086334917312E-003 -0.35252328082871454     
  -6.7947910930676618E-003 -0.35559963374130704     
  -5.5435135872403899E-003 -0.35814032848189442     
  -4.2814504787589301E-003 -0.36013227646496548     
  -3.0380733865411789E-003 -0.36157509840077068     
  -1.8438669488237678E-003 -0.36248241845179602     
  -7.2859474653796659E-004 -0.36288238080870466     
   2.8068825701725250E-004 -0.36281713779129271     
   1.1616023943578056E-003 -0.36234119194115388     
   1.8980869518663854E-003 -0.36151865689898766     
   2.4814579836030743E-003 -0.36041969283140013     
   2.9107197053598621E-003 -0.35911652127252325     
   3.1921076853906097E-003 -0.35767948981564923     
   3.3379783651347555E-003 -0.35617362349533094     
   3.3652572903369346E-003 -0.35465598297257878     
   3.2936980141719642E-003 -0.35317398895617419     
   3.1441861585199439E-003 -0.35176471288024874     
   2.9372663602918172E-003 -0.35045501025628356     
   2.6919973080223279E-003 -0.34926230054458013     
   2.4251706025473839E-003 -0.34819577399726004     
   2.1508741792566634E-003 -0.34725782077833611     
   1.8803472679668916E-003 -0.34644551570825594     
   1.6220611266759015E-003 -0.34575203659931197     
   1.3819578930884884E-003 -0.34516793488774217     
   1.1637814920296878E-003 -0.34468221481976941     
   9.6944749298495843E-004 -0.34428321082095154     
   7.9942309958232194E-004 -0.34395926940479732     
   6.5309564408800658E-004 -0.34369924315140282     
   5.2909341739613774E-004 -0.34349281830794143     
   4.2554233230389897E-004 -0.34333072262019354     
   3.4029805838616824E-004 -0.34320484118085626     
   2.7116842843414180E-004 -0.34310822228921783     
   2.1604004793271655E-004 -0.34303500275649329     
   1.7288665770048671E-004 -0.34298037140380638     
   1.3984269741206502E-004 -0.34294056237005155     
   1.1541549320884588E-004 -0.34291266441505908     
   9.8568322999039105E-005 -0.34289429603062832     
   8.8590897137486117E-005 -0.34288359703302174     
   8.5028776275031614E-005 -0.34287970333999424     
