 Initial conditions outputted from a previous simulation. Time =    16.199999999999999     
   40.000000000000000        0.0000000000000000              500           1   16.199999999999999     
   4.0184711835670808E-002 -0.11224084890502695     
   4.7805013894867111E-002  -9.5019800266675364E-002
   5.4359100738788746E-002  -7.4197141386527651E-002
   5.9292004128726775E-002  -5.0323442503611725E-002
   6.2140979293724981E-002  -2.4327885586232306E-002
   6.2597636945125185E-002   2.5956073420362220E-003
   6.0615676643415876E-002   2.9090017052737293E-002
   5.6406465547883450E-002   5.3873330012902308E-002
   5.0387257705491378E-002   7.5909274718483022E-002
   4.3083256196449857E-002   9.4504709918789703E-002
   3.5028820727303914E-002  0.10931079525070303     
   2.6697581418842570E-002  0.12026041529711612     
   1.8467274927653547E-002  0.12748456261342656     
   1.0612373715115642E-002  0.13123532763885004     
   3.3134306248382185E-003  0.13182716013256932     
  -3.3261156305880680E-003  0.12959711605585364     
  -9.2616026344827657E-003  0.12488027558965781     
  -1.4490326581917921E-002  0.11799570511736356     
  -1.9037504395840198E-002  0.10923925247189312     
  -2.2945252656627543E-002   9.8880563885384395E-002
  -2.6264330269995369E-002   8.7162652332252649E-002
  -2.9048199529843652E-002   7.4302992075165913E-002
  -3.1348922174898111E-002   6.0495517380561657E-002
  -3.3214443187780350E-002   4.5913144725461819E-002
  -3.4686881533152907E-002   3.0710582057960921E-002
  -3.5801520608991090E-002   1.5027277230247845E-002
  -3.6586260731652616E-002  -1.0095847540638832E-003
  -3.7061356847434938E-002  -1.7282086398893819E-002
  -3.7239315891888884E-002  -3.3678606816294962E-002
  -3.7124870791200075E-002  -5.0090877947786737E-002
  -3.6714983881618916E-002  -6.6411057342387295E-002
  -3.5998864313604495E-002  -8.2528799182790602E-002
  -3.4958015134839676E-002  -9.8328302537435186E-002
  -3.3566357614143297E-002 -0.11368531782156843     
  -3.1790513364382551E-002 -0.12846409822318985     
  -2.9590364099310009E-002 -0.14251429379468347     
  -2.6920058539687385E-002 -0.15566780911732789     
  -2.3729685327164993E-002 -0.16773568556400525     
  -1.9967875991866359E-002 -0.17850512306873242     
  -1.5585676633840034E-002 -0.18773683951136147     
  -1.0542129856961825E-002 -0.19516312766999752     
  -4.8120132573427040E-003 -0.20048723984079830     
   1.6040191326553302E-003 -0.20338512756944388     
   8.6669447167405968E-003 -0.20351127070147942     
   1.6284894633113847E-002 -0.20051160590502404     
   2.4297590470671288E-002 -0.19404802484139452     
   3.2461505465828350E-002 -0.18383912726879800     
   4.0438978730907883E-002 -0.16971953579850463     
   4.7797514017410628E-002 -0.15171496656582856     
   5.4030583206776672E-002 -0.13012218660855507     
   5.8613180629260506E-002 -0.10557105742430950     
   6.1093917615195385E-002  -7.9034081996315828E-002
   6.1199665810891930E-002  -5.1751591700289895E-002
   5.8908204969240575E-002  -2.5071273403162994E-002
   5.4453111113333515E-002  -2.4779632579423485E-004
   4.8261307716849750E-002   2.1725226608043241E-002
   4.0856782673044240E-002   4.0198497352949558E-002
   3.2768842354014921E-002   5.4861413005844316E-002
   2.4465972083166771E-002   6.5679355386091404E-002
   1.6319217006966362E-002   7.2810745478328345E-002
   8.5918139547754898E-003   7.6528723981746496E-002
   1.4488813819604777E-003   7.7160200491366029E-002
  -5.0220673507814523E-003   7.5045832854156544E-002
  -1.0789193601980921E-002   7.0517195026153418E-002
  -1.5858168889792790E-002   6.3884578010372853E-002
  -2.0258485722709611E-002   5.5431149393791873E-002
  -2.4033676801165509E-002   4.5412071182911400E-002
  -2.7235052024369679E-002   3.4057235182094331E-002
  -2.9917481686584240E-002   2.1575117194069331E-002
  -3.2134842405600911E-002   8.1555059979278900E-003
  -3.3934777679478889E-002  -6.0292953231478172E-003
  -3.5355561715629050E-002  -2.0823769140209034E-002
  -3.6426962048461610E-002  -3.6087954458945699E-002
  -3.7172892539528227E-002  -5.1695046232965079E-002
  -3.7612743276035317E-002  -6.7527658124859058E-002
  -3.7760853210643278E-002  -8.3474004720827708E-002
  -3.7623488152453838E-002  -9.9425846305711801E-002
  -3.7195173916976250E-002 -0.11527747075459206     
  -3.6458732878303993E-002 -0.13092333763190850     
  -3.5388935071303314E-002 -0.14625522063163207     
  -3.3956294462618261E-002 -0.16116121746777626     
  -3.2127591591942721E-002 -0.17552351657920273     
  -2.9859077926615664E-002 -0.18920836519280176     
  -2.7096236571934145E-002 -0.20204933917120896     
  -2.3786559459391371E-002 -0.21383554130178034     
  -1.9885800076928761E-002 -0.22431355187072236     
  -1.5362207589995994E-002 -0.23319966565758582     
  -1.0199254431625199E-002 -0.24019593319910665     
  -4.3894601465694740E-003 -0.24500438582883560     
   2.0700725136178324E-003 -0.24732864687120598     
   9.1444735056276840E-003 -0.24686186756509718     
   1.6729251969473283E-002 -0.24328452534697073     
   2.4654595672797548E-002 -0.23628737042449344     
   3.2666046598400299E-002 -0.22561145709907207     
   4.0390022542466653E-002 -0.21111205308669023     
   4.7410380627456138E-002 -0.19284984160079671     
   5.3272507757395927E-002 -0.17116645456135096     
   5.7476159168680555E-002 -0.14671348068444989     
   5.9628635915123546E-002 -0.12043286805830980     
   5.9585465714618618E-002  -9.3472847505718881E-002
   5.7305027757188785E-002  -6.7051706959194934E-002
   5.2889514927771032E-002  -4.2330637506898867E-002
   4.6739375135737095E-002  -2.0303377318825620E-002
   3.9430925255570119E-002  -1.6886820331385548E-003
   3.1487006214154636E-002   1.3129011191833222E-002
   2.3363141893994022E-002   2.4075878340566331E-002
   1.5420130859476626E-002   3.1311900680821458E-002
   7.8959380758809369E-003   3.5135812868221775E-002
   9.1857804553908485E-004   3.5897591938550619E-002
  -5.4409825919826673E-003   3.3938463817790990E-002
  -1.1149352674044731E-002   2.9565302063722557E-002
  -1.6219084152691628E-002   2.3050371636263077E-002
  -2.0645547046829190E-002   1.4642010508123710E-002
  -2.4432900822749570E-002   4.5810579273649465E-003
  -2.7615937733464855E-002  -6.8894399585128245E-003
  -3.0248077146543557E-002  -1.9527272404425922E-002
  -3.2415502941920069E-002  -3.3102829931120827E-002
  -3.4214153834648237E-002  -4.7415475625913500E-002
  -3.5708425438269416E-002  -6.2304411913948407E-002
  -3.6901435647534425E-002  -7.7646431812293554E-002
  -3.7718901668795761E-002  -9.3342186039658104E-002
  -3.8127894250581704E-002 -0.10929551272231830     
  -3.8180758274795681E-002 -0.12540029146487489     
  -3.7939715207252582E-002 -0.14153928218104547     
  -3.7425892510532494E-002 -0.15758809235632376     
  -3.6600372534853765E-002 -0.17341942622754300     
  -3.5400271972482543E-002 -0.18890298174389475     
  -3.3791932396406613E-002 -0.20390215668899192     
  -3.1772872251461901E-002 -0.21827084519751813     
  -2.9353771815668426E-002 -0.23185023905793151     
  -2.6492860629995438E-002 -0.24446605365849591     
  -2.3095874078820969E-002 -0.25592307335991293     
  -1.9071006733263389E-002 -0.26599784027955453     
  -1.4368231942959111E-002 -0.27443315731076684     
  -8.9679798870124870E-003 -0.28093787045612273     
  -2.8813271731930041E-003 -0.28519272443543253     
   3.8362522434334913E-003 -0.28686214054471038     
   1.1094929220155160E-002 -0.28561219268034788     
   1.8752375876048735E-002 -0.28113349915342517     
   2.6593683334478365E-002 -0.27316984825325008     
   3.4358056331371456E-002 -0.26155419640722244     
   4.1739619939385166E-002 -0.24625002796609960     
   4.8380137447202813E-002 -0.22739585772664689     
   5.3879604624505764E-002 -0.20534778261435202     
   5.7781151434900355E-002 -0.18070826908166818     
   5.9661266012996171E-002 -0.15432930217105231     
   5.9299001035940831E-002 -0.12727568226872232     
   5.6678155682690169E-002 -0.10073803972099003     
   5.1970847001979140E-002  -7.5906976848651997E-002
   4.5548622859019561E-002  -5.3832143426036448E-002
   3.7938254545844437E-002  -3.5298193705646144E-002
   2.9685003660801741E-002  -2.0748977663181532E-002
   2.1281943228606288E-002  -1.0280261117610611E-002
   1.3158272165073589E-002  -3.6996775608063950E-003
   5.5951175368266302E-003  -6.2928829039039140E-004
  -1.3452445299063039E-003  -6.1764195709561841E-004
  -7.6027348666369695E-003  -3.2343687977545647E-003
  -1.3101846107784126E-002  -8.1183125147231798E-003
  -1.7850252908491730E-002  -1.4980493474728051E-002
  -2.1889393753276674E-002  -2.3581942277142717E-002
  -2.5232955126697477E-002  -3.3704430403805885E-002
  -2.7920292408184368E-002  -4.5130967043197481E-002
  -3.0026803149025116E-002  -5.7647437014141399E-002
  -3.1668529618715156E-002  -7.1061950147575256E-002
  -3.2941849892756066E-002  -8.5232975536242872E-002
  -3.3918972275481234E-002 -0.10008910991445849     
  -3.4613868155731142E-002 -0.11562971113694227     
  -3.4978791316230815E-002 -0.13190111454081332     
  -3.4981037804834157E-002 -0.14895235820937167     
  -3.4660186394152019E-002 -0.16678364284329059     
  -3.4091217874544048E-002 -0.18530324906780296     
  -3.3305797477604385E-002 -0.20430192876953232     
  -3.2280194307096027E-002 -0.22344996144414372     
  -3.1031435560771592E-002 -0.24232030027869800     
  -2.9636334993223167E-002 -0.26042928566937207     
  -2.8140386530773297E-002 -0.27729736559213902     
  -2.6354741796588494E-002 -0.29250157253185505     
  -2.4199756032568166E-002 -0.30570047305423947     
  -2.1080933278271555E-002 -0.31666511718345808     
  -1.7812344526921677E-002 -0.32522884792993695     
  -1.4157639171960390E-002 -0.33129755939844507     
  -9.0091301359039328E-003 -0.33479713306964431     
  -2.1667154652594070E-003 -0.33559956221907356     
   5.1217047645007330E-003 -0.33352239755371260     
   1.2423240497627963E-002 -0.32841237012270830     
   1.9012663918713077E-002 -0.32018053067583474     
   2.5210556241205086E-002 -0.30884492883563985     
   3.1442250893800414E-002 -0.29445880720221618     
   3.9311786501942836E-002 -0.27707615524748402     
   4.7999036599499278E-002 -0.25669126640517320     
   5.5529802836010500E-002 -0.23337309992249083     
   6.0495695639260064E-002 -0.20748966757582016     
   6.2255610943162482E-002 -0.17986674219401361     
   6.0183225261035207E-002 -0.15179962664092284     
   5.5170885818754498E-002 -0.12491495386954383     
   4.8043041300306337E-002 -0.10082747989088016     
   3.9989008933118415E-002  -8.0809880774507695E-002
   3.1717549515520901E-002  -6.5531182067542881E-002
   2.3642030072167218E-002  -5.5004524586629758E-002
   1.5834936208697591E-002  -4.8729247029258536E-002
   8.3804544632176559E-003  -4.5953272954818887E-002
   1.4712742073828323E-003  -4.5938369118763860E-002
  -4.8175843811761676E-003  -4.8126815264567933E-002
  -1.0402774968259114E-002  -5.2193030737161999E-002
  -1.5216397030447391E-002  -5.7989420512374233E-002
  -1.9276975826724038E-002  -6.5444470453926637E-002
  -2.2711475769103977E-002  -7.4469445442721369E-002
  -2.5606599357720739E-002  -8.4908399728222242E-002
  -2.7950366849220802E-002  -9.6536453714405876E-002
  -2.9802214384169471E-002 -0.10908992062271261     
  -3.1316142355436900E-002 -0.12231357260010074     
  -3.2599960324523426E-002 -0.13600434080972290     
  -3.3712697720476928E-002 -0.15003129618773955     
  -3.4657255848191161E-002 -0.16433063148840935     
  -3.5364867355681173E-002 -0.17888142019002876     
  -3.5792482000773694E-002 -0.19367338816859783     
  -3.5987981998521094E-002 -0.20868189716488519     
  -3.6006461270311776E-002 -0.22385789623291236     
  -3.5831646947416883E-002 -0.23912845424610357     
  -3.5417534388230310E-002 -0.25439915595853635     
  -3.4679435813036591E-002 -0.26955571949481888     
  -3.3519606873125343E-002 -0.28446157360292690     
  -3.1894112667019726E-002 -0.29895344751978398     
  -2.9795098060007449E-002 -0.31283926812097129     
  -2.7163771559257484E-002 -0.32589829622307664     
  -2.3890270385227952E-002 -0.33788083085772153     
  -1.9893109006774490E-002 -0.34850657707402299     
  -1.5129810055191262E-002 -0.35746570175662706     
  -9.5787159373238052E-003 -0.36442343336081356     
  -3.3011942054457801E-003 -0.36902557071621911     
   3.6564826267197125E-003 -0.37090994384079601     
   1.1245348302943565E-002 -0.36971780845565166     
   1.9344511340531220E-002 -0.36510925721038301     
   2.7798162107156670E-002 -0.35679231073208784     
   3.6288799624726434E-002 -0.34456457759469056     
   4.4307866455355643E-002 -0.32837450494764842     
   5.1287410123628877E-002 -0.30839422597579119     
   5.6658205050515942E-002 -0.28507996372399608     
   5.9987676742980993E-002 -0.25920168751195821     
   6.1008456276713682E-002 -0.23181762864176067     
   5.9618890080295209E-002 -0.20418875499608827     
   5.5948618365542838E-002 -0.17764532425226309     
   5.0279892939833197E-002 -0.15342389893061420     
   4.3114210526427915E-002 -0.13251705388282303     
   3.5094790454732724E-002 -0.11556479036973957     
   2.6782737010303509E-002 -0.10281318806370923     
   1.8648709785980395E-002  -9.4155360400303229E-002
   1.1005418460623743E-002  -8.9230735693445778E-002
   3.9958168102542397E-003  -8.7552007408180407E-002
  -2.2929293885955572E-003  -8.8622852630416346E-002
  -7.8816400329969373E-003  -9.2011502035996964E-002
  -1.2815585497013652E-002  -9.7379661383656210E-002
  -1.7121372653870884E-002 -0.10447109627377567     
  -2.0838327727575476E-002 -0.11307869566941040     
  -2.3986055078475305E-002 -0.12301362389466285     
  -2.6620621498315657E-002 -0.13408480243295395     
  -2.8810956646434949E-002 -0.14609662540051169     
  -3.0602185259974837E-002 -0.15885823365058566     
  -3.2039790343250517E-002 -0.17219425024886670     
  -3.3149091629396152E-002 -0.18595290130221259     
  -3.3950546637322845E-002 -0.20000606975461002     
  -3.4467632313078360E-002 -0.21424363554581516     
  -3.4708452109686212E-002 -0.22856525981663070     
  -3.4667701518357866E-002 -0.24287139317742948     
  -3.4325701156902338E-002 -0.25705623456783561     
  -3.3654967110510338E-002 -0.27100295909280814     
  -3.2628603092984911E-002 -0.28458182038834123     
  -3.1228928237441569E-002 -0.29765049586964881     
  -2.9442890100822711E-002 -0.31005618309637822     
  -2.7241590944581451E-002 -0.32163866640117611     
  -2.4605507237770531E-002 -0.33223180451241535     
  -2.1522645945815166E-002 -0.34166604585313071     
  -1.7998780976426664E-002 -0.34977149758184578     
  -1.4079360276501746E-002 -0.35638193850013700     
  -9.7944856550253971E-003 -0.36134194557210525     
  -5.1786507521417967E-003 -0.36451085058480193     
  -2.7686972347248869E-004 -0.36576492506414593     
   4.8546803640837988E-003 -0.36499777448016590     
   1.0137945321773346E-002 -0.36211958825322732     
   1.5492102045668050E-002 -0.35705937880377020     
   2.0823121972926319E-002 -0.34977102122586595     
   2.6013823059084132E-002 -0.34024447512360817     
   3.0924855923213288E-002 -0.32852273327707660     
   3.5398517785364264E-002 -0.31472093392031142     
   3.9308404277962519E-002 -0.29903732639676661     
   4.2516418908631858E-002 -0.28175171844969671     
   4.4813678827106129E-002 -0.26321741879643262     
   4.5982701929233705E-002 -0.24384262665130188     
   4.5857826507885356E-002 -0.22410936842590840     
   4.4370836398365060E-002 -0.20463708695778668     
   4.1578653322445390E-002 -0.18615688719822501     
   3.7636791905088569E-002 -0.16934869150296736     
   3.2806502356342207E-002 -0.15470194401350013     
   2.7408906536692902E-002 -0.14249875870750478     
   2.1743497588664357E-002 -0.13286116794383362     
   1.6056243092207691E-002 -0.12578610343394522     
   1.0550408145893305E-002 -0.12116581635382144     
   5.3859708539626952E-003 -0.11881730145759543     
   6.6827833868865298E-004 -0.11851761425317141     
  -3.5469078154709540E-003 -0.12002930938077216     
  -7.2356213720570972E-003 -0.12311337889757637     
  -1.0393851026976189E-002 -0.12753649202251965     
  -1.3033426322833212E-002 -0.13307619146209615     
  -1.5177489340140278E-002 -0.13952388960274664     
  -1.6854437039126625E-002 -0.14668576143880221     
  -1.8093935583228572E-002 -0.15438240980223927     
  -1.8925379865963560E-002 -0.16244797677521217     
  -1.9376824451260717E-002 -0.17072896945300400     
  -1.9473817774453887E-002 -0.17908286561516115     
  -1.9238820135842563E-002 -0.18737660326481884     
  -1.8691387672310399E-002 -0.19548513923076563     
  -1.7848646488498696E-002 -0.20329018436744287     
  -1.6725749248337238E-002 -0.21067913421120860     
  -1.5336446314760985E-002 -0.21754424220926696     
  -1.3693941091681983E-002 -0.22378210749968985     
  -1.1811947375094056E-002 -0.22929352545173928     
  -9.7057815220218929E-003 -0.23398375080949885     
  -7.3934571575708843E-003 -0.23776323570394495     
  -4.8968222793646142E-003 -0.24054888215509118     
  -2.2426937810445563E-003 -0.24226582430008770     
   5.3614386239219432E-004 -0.24284975304777023     
   3.4002135451470950E-003 -0.24224977203455200     
   6.3030153493155482E-003 -0.24043170228759567     
   9.1912256154021779E-003 -0.23738166159309054     
   1.2005571330472361E-002 -0.23310965557083155     
   1.4682493296792434E-002 -0.22765282318687619     
   1.7156630103157142E-002 -0.22107788390344171     
   1.9364039926837814E-002 -0.21348227531161040     
   2.1245942298357731E-002 -0.20499349600984007     
   2.2752626072048678E-002 -0.19576630553092270     
   2.3847066778565944E-002 -0.18597768019720359     
   2.4507766239439156E-002 -0.17581974993875099     
   2.4730396110705301E-002 -0.16549128245410621     
   2.4527992245978403E-002 -0.15518855081387484     
   2.3929673615310006E-002 -0.14509653915482496     
   2.2978091312075597E-002 -0.13538137161597238     
   2.1725991824792470E-002 -0.12618461525178309     
   2.0232365911580948E-002 -0.11761977983782036     
   1.8558642852538047E-002 -0.10977100456719199     
   1.6765300612018991E-002 -0.10269365619390051     
   1.4909131915228012E-002  -9.6416403226420255E-002
   1.3041271135777974E-002  -9.0944278149166238E-002
   1.1205973709321689E-002  -8.6262270762343288E-002
   9.4400613324155912E-003  -8.2339076830244787E-002
   7.7729035843221552E-003  -7.9130726117392247E-002
   6.2267936923199041E-003  -7.6583910453225712E-002
   4.8175839437035028E-003  -7.4638913508763227E-002
   3.5554659242539362E-003  -7.3232105125482616E-002
   2.4458053167728594E-003  -7.2298004979773997E-002
   1.4899656349441268E-003  -7.1770946324358154E-002
   6.8607721161027270E-004  -7.1586384470410214E-002
   2.9725743010035514E-005  -7.1681900188041658E-002
  -4.8545153771120886E-004  -7.1997948234577752E-002
  -8.6726408836125014E-004  -7.2478397959492097E-002
  -1.1245560895232700E-003  -7.3070907914345729E-002
  -1.2668756385664909E-003  -7.3727170620516119E-002
  -1.3042143532900129E-003  -7.4403057746100038E-002
  -1.2468058958211463E-003  -7.5058690295520314E-002
  -1.1049721173326651E-003  -7.5658453232016906E-002
  -8.8900630516952357E-004  -7.6170969335237759E-002
  -6.0908414370891702E-004  -7.6569043082728938E-002
  -2.7519430541832874E-004  -7.6829581940388428E-002
   1.0291804698286647E-004  -7.6933499632854896E-002
   5.1580020579595392E-004  -7.6865603709096370E-002
   9.5433734862619311E-004  -7.6614467997497437E-002
   1.4097972510363650E-003  -7.6172289335381907E-002
   1.8738759516323897E-003  -7.5534727216965372E-002
   2.3387450171091172E-003  -7.4700724687486272E-002
   2.7971001361103468E-003  -7.3672308903294070E-002
   3.2422100195130562E-003  -7.2454370241184937E-002
   3.6679640390188863E-003  -7.1054419569627894E-002
   4.0689166232195234E-003  -6.9482324209859350E-002
   4.4403261471090815E-003  -6.7750024218766566E-002
   4.7781860643187190E-003  -6.5871231822154236E-002
   5.0792463155067118E-003  -6.3861117879912735E-002
   5.3410232899115196E-003  -6.1735990124585513E-002
   5.5617968816857200E-003  -5.9512968742373995E-002
   5.7405939002721194E-003  -5.7209665533007222E-002
   5.8771579876050273E-003  -5.4843873194912567E-002
   5.9719067318301528E-003  -5.2433271025734911E-002
   6.0258771349700454E-003  -4.9995152568183085E-002
   6.0406612343513830E-003  -4.7546179902903406E-002
   6.0183340825943543E-003  -4.5102168529957097E-002
   5.9613764001355280E-003  -4.2677905723348460E-002
   5.8725943223427394E-003  -4.0287003970320104E-002
   5.7550387235131926E-003  -3.7941789920763337E-002
   5.6119264384346780E-003  -3.5653228216446620E-002
   5.4465653939157616E-003  -3.3430878580524799E-002
   5.2622853373342823E-003  -3.1282883693905431E-002
   5.0623754964317560E-003  -2.9215984753151927E-002
   4.8500301025090967E-003  -2.7235561179993546E-002
   4.6283023107744452E-003  -2.5345690696298131E-002
   4.4000667014255463E-003  -2.3549225888434343E-002
   4.1679902388046123E-003  -2.1847883455930250E-002
   3.9345113010767901E-003  -2.0242342535571389E-002
   3.7018261863374278E-003  -1.8732348775472862E-002
   3.4718823590679914E-003  -1.7316821180042231E-002
   3.2463776119706278E-003  -1.5993959133854617E-002
   3.0267642727096083E-003  -1.4761347414965374E-002
   2.8142575799930156E-003  -1.3616057405934117E-002
   2.6098473829334794E-003  -1.2554743091203004E-002
   2.4143123715257221E-003  -1.1573730782715203E-002
   2.2282361157722245E-003  -1.0669101833748645E-002
   2.0520242710408776E-003  -9.8367678797446519E-003
   1.8859223927328458E-003  -9.0725383839228881E-003
   1.7300338892952609E-003  -8.3721804655781853E-003
   1.5843377253742638E-003  -7.7314711517232201E-003
   1.4487055643291251E-003  -7.1462423209628515E-003
   1.3229181099424609E-003  -6.6124187059547557E-003
   1.2066804699070435E-003  -6.1260493914595572E-003
   1.0996364181628906E-003  -5.6833332925094564E-003
   1.0013814795883735E-003  -5.2806391252254318E-003
   9.1147479932555031E-004  -4.9145203947792114E-003
   8.2944979066114442E-004  -4.5817259240925907E-003
   7.5482358057938508E-004  -4.2792064358291261E-003
   6.8710529165448206E-004  -4.0041176814301967E-003
   6.2580321364040211E-004  -3.7538205864281718E-003
   5.7043092865709634E-004  -3.5258788527584737E-003
   5.2051246093931752E-004  -3.3180544276977912E-003
   4.7558652634073273E-004  -3.1283012165156730E-003
   4.3520995873115614E-004  -2.9547573828526382E-003
   3.9896039055869998E-004  -2.7957365479438605E-003
   3.6643826357094097E-004  -2.6497181676383603E-003
   3.3726824334267945E-004  -2.5153373351256025E-003
   3.1110010812813803E-004  -2.3913742276691114E-003
   2.8760917887123697E-004  -2.2767433876632551E-003
   2.6649635315100585E-004  -2.1704830021053445E-003
   2.4748780155657384E-004  -2.0717443201846452E-003
   2.3033438059367700E-004  -1.9797813261635462E-003
   2.1481081181153299E-004  -1.8939407640604380E-003
   2.0071467247276180E-004  -1.8136525918099648E-003
   1.8786523882069147E-004  -1.7384209255265212E-003
   1.7610221886643182E-004  -1.6678155191695333E-003
   1.6528440765082062E-004  -1.6014638112327973E-003
   1.5528829415370178E-004  -1.5390435579758761E-003
   1.4600664543871133E-004  -1.4802760620996509E-003
   1.3734709024528451E-004  -1.4249199965537069E-003
   1.2923072107677154E-004  -1.3727658152615280E-003
   1.2159073088714399E-004  -1.3236307358706634E-003
   1.1437109773943259E-004  -1.2773542740893737E-003
   1.0752532829567504E-004  -1.2337943046693851E-003
   1.0101526869803905E-004  -1.1928236205482089E-003
   9.4809989309963615E-005  -1.1543269589874008E-003
   8.8884747899549879E-005  -1.1181984616507176E-003
   8.3220034158848458E-005  -1.0843395343763263E-003
   7.7800696955129629E-005  -1.0526570718308766E-003
   7.2615154395898432E-005  -1.0230620122143495E-003
   6.7654685649708789E-005  -9.9546818764065952E-004
   6.2912802490558661E-005  -9.6979143668123632E-004
   5.8384697715215974E-005  -9.4594894676256174E-004
   5.4066766910142346E-005  -9.2385879559307813E-004
   4.9956199507305805E-005  -9.0343966250371478E-004
   4.6050634655554335E-005  -8.8461068246757700E-004
   4.2347877135721450E-005  -8.6729141757069608E-004
   3.8845668352670467E-005  -8.5140192279374799E-004
   3.5541507335486804E-005  -8.3686288509531622E-004
   3.2432516657535328E-005  -8.2359581692639610E-004
   2.9515348241118130E-005  -8.1152328742359304E-004
   2.6786124127688086E-005  -8.0056917659808869E-004
   2.4240407464582130E-005  -7.9065893983555689E-004
   2.1873199173418452E-005  -7.8171987193053488E-004
   1.9678956015560472E-005  -7.7368136168379784E-004
   1.7651626050342265E-005  -7.6647512978030962E-004
   1.5784697784629933E-005  -7.6003544422599859E-004
   1.4071259627542982E-005  -7.5429930904809023E-004
   1.2504066585666967E-005  -7.4920662325777220E-004
   1.1075611463649540E-005  -7.4470030823393007E-004
   9.7781981690175982E-006  -7.4072640270402825E-004
   8.6040150398345063E-006  -7.3723412537378462E-004
   7.5452064109820741E-006  -7.3417590601010060E-004
   6.5939409330125257E-006  -7.3150738642149349E-004
   5.7424754670456133E-006  -7.2918739328880035E-004
   4.9832136486412729E-006  -7.2717788517288298E-004
   4.3087584090042550E-006  -7.2544387631411219E-004
   3.7119579492434064E-006  -7.2395334007224093E-004
   3.1859449538842035E-006  -7.2267709497743035E-004
   2.7241690506181010E-006  -7.2158867633412510E-004
   2.3204225195678279E-006  -7.2066419625711742E-004
   1.9688592900968106E-006  -7.1988219503798015E-004
   1.6640076602310180E-006  -7.1922348667031479E-004
   1.4007774767464440E-006  -7.1867100097852622E-004
   1.1744620564275853E-006  -7.1820962441443718E-004
   9.8073474178801435E-007  -7.1782604175054103E-004
   8.1564105421675142E-007  -7.1750858103255568E-004
   6.7558834784399900E-007  -7.1724706308322686E-004
   5.5733283108114928E-007  -7.1703265586068373E-004
   4.5796206783034617E-007  -7.1685773560624107E-004
   3.7487534135894939E-007  -7.1671575788412410E-004
   3.0576746582911395E-007  -7.1660113721773000E-004
   2.4861243376249386E-007  -7.1650913176526498E-004
   2.0163767886720005E-007  -7.1643573877445239E-004
   1.6329869322021103E-007  -7.1637760813703219E-004
   1.3227194582927349E-007  -7.1633195960004727E-004
   1.0744435456507998E-007  -7.1629649103310778E-004
   8.7868799627045259E-008  -7.1626931404584929E-004
   7.2735408995969881E-008  -7.1624893923071507E-004
   6.1412832060311586E-008  -7.1623422906248941E-004
   5.3479518136349737E-008  -7.1622428236512716E-004
   4.8686295103648531E-008  -7.1621840407029753E-004
   4.6916293278505113E-008  -7.1621626202842163E-004
