 Initial conditions outputted from a previous simulation. Time =    17.400000000000002     
   40.000000000000000        0.0000000000000000              500           1   17.400000000000002     
  -2.1987977952741069E-002  0.12530773864872266     
  -2.5435600188737570E-002  0.11392770344013313     
  -2.8347494819640513E-002  0.10135240904677477     
  -3.0765217130379448E-002   8.7781322676888193E-002
  -3.2743394645406557E-002   7.3391149484682214E-002
  -3.4316244034394580E-002   5.8346313638739752E-002
  -3.5524259994347912E-002   4.2787005055348694E-002
  -3.6395975842230088E-002   2.6844505079102941E-002
  -3.6953395473238206E-002   1.0639050566547318E-002
  -3.7211089072918258E-002  -5.7161031257550524E-003
  -3.7175711047145045E-002  -2.2111578981371855E-002
  -3.6846240807138234E-002  -3.8439152247904049E-002
  -3.6213916330136292E-002  -5.4588752857788719E-002
  -3.5262205529147495E-002  -7.0445510424566746E-002
  -3.3966875339755009E-002  -8.5886801015103889E-002
  -3.2296158517278545E-002 -0.10077925014061918     
  -3.0211139218941543E-002 -0.11497572311864972     
  -2.7666513072713970E-002 -0.12831233940607489     
  -2.4611923816147751E-002 -0.14060557688629227     
  -2.0994149971706615E-002 -0.15164958415506852     
  -1.6760487764954889E-002 -0.16121388929901895     
  -1.1863747187894532E-002 -0.16904180594249857     
  -6.2693332821148334E-003 -0.17485002562209040     
   3.5110599419841278E-005 -0.17833020218170065     
   7.0271271111112766E-003 -0.17915385133443823     
   1.4633887113369321E-002 -0.17698268307789769     
   2.2714324947975890E-002 -0.17148756062815168     
   3.1041058879923960E-002 -0.16238035777771698     
   3.9286531723736938E-002 -0.14946320349887482     
   4.7020958062985237E-002 -0.13269725903885643     
   5.3732626913455130E-002 -0.11228570832578784     
   5.8880820410642000E-002  -8.8751203306594875E-002
   6.1982751063254786E-002  -6.2970948717233605E-002
   6.2716439949033961E-002  -3.6128726087227482E-002
   6.1001737128885972E-002  -9.5700622326446074E-003
   5.7021537326659467E-002   1.5401910325607629E-002
   5.1172335904445074E-002   3.7714840508814282E-002
   4.3968900901805143E-002   5.6635238172000751E-002
   3.5944489952945038E-002   7.1780194957720075E-002
   2.7577827883982987E-002   8.3061120583903830E-002
   1.9255952854869619E-002   9.0600867150566408E-002
   1.1265798262810918E-002   9.4653896924288425E-002
   3.8025507035935537E-003   9.5542677823387157E-002
  -3.0149611821410852E-003   9.3612901262052808E-002
  -9.1276855430165380E-003   8.9205316753954905E-002
  -1.4521209855413574E-002   8.2640283367646297E-002
  -1.9212776397328057E-002   7.4210990871797292E-002
  -2.3240454717875052E-002   6.4181928779119976E-002
  -2.6654411930890673E-002   5.2790125435210333E-002
  -2.9510151860551087E-002   4.0247629087557336E-002
  -3.1863417320954976E-002   2.6744389969007892E-002
  -3.3766427026039089E-002   1.2451093061725512E-002
  -3.5265300629697051E-002  -2.4781985660660044E-003
  -3.6398653092012748E-002  -1.7903430023571421E-002
  -3.7197179540969634E-002  -3.3695755152146352E-002
  -3.7683708605091959E-002  -4.9734635522682362E-002
  -3.7873111315004038E-002  -6.5905224196490933E-002
  -3.7771909981984667E-002  -8.2096293284120755E-002
  -3.7378073158202588E-002  -9.8198462207015599E-002
  -3.6681571674232402E-002 -0.11410205237786204     
  -3.5665631373355988E-002 -0.12969391142357548     
  -3.4307942441334574E-002 -0.14485312511395906     
  -3.2581078269686342E-002 -0.15944636488513406     
  -3.0451882143354338E-002 -0.17332399497845705     
  -2.7880239919677852E-002 -0.18631749884009682     
  -2.4818618794866805E-002 -0.19823768844596151     
  -2.1214005408482620E-002 -0.20887259971567645     
  -1.7012280099578787E-002 -0.21798442805380996     
  -1.2164413881651417E-002 -0.22530585399079073     
  -6.6351577592965900E-003 -0.23053768350829770     
  -4.1337126523209046E-004 -0.23335134942908173     
   6.4773641488415131E-003 -0.23339891522921616     
   1.3964104114911733E-002 -0.23033064692071886     
   2.1904206567294620E-002 -0.22382140190432784     
   3.0067161144182276E-002 -0.21360901014331440     
   3.8122214004686808E-002 -0.19954410874798875     
   4.5635851474642684E-002 -0.18164996180827536     
   5.2097492362645131E-002 -0.16019253495395253     
   5.6979575244744722E-002 -0.13574529840303029     
   5.9827789013239492E-002 -0.10920977296383839     
   6.0365168132165456E-002  -8.1758348875392045E-002
   5.8559426514459494E-002  -5.4699620981288180E-002
   5.4613347056045952E-002  -2.9298999980374500E-002
   4.8901442892791989E-002  -6.6074076820742808E-003
   4.1893001305579478E-002   1.2647463814419911E-002
   3.4096524120007618E-002   2.8082436851008873E-002
   2.5995477753367378E-002   3.9613075077449059E-002
   1.7976724250535918E-002   4.7375727223694000E-002
   1.0307832597819313E-002   5.1640279400630637E-002
   3.1606631142482651E-003   5.2734867197926812E-002
  -3.3640945620386858E-003   5.1001561923299091E-002
  -9.2204072114533426E-003   4.6779742843949465E-002
  -1.4415970704193043E-002   4.0396043212318683E-002
  -1.8981840119791749E-002   3.2149940362293059E-002
  -2.2939585580838202E-002   2.2306569173557826E-002
  -2.6334980176445949E-002   1.1101087220589211E-002
  -2.9238402771398844E-002  -1.2606847576430824E-003
  -3.1694457681358118E-002  -1.4603678606004023E-002
  -3.3720612672582168E-002  -2.8773300711177265E-002
  -3.5330544876180307E-002  -4.3620208013186078E-002
  -3.6533651303466065E-002  -5.8992011267482831E-002
  -3.7345446547308370E-002  -7.4732342312518033E-002
  -3.7791323195755414E-002  -9.0687196557462990E-002
  -3.7902237380440067E-002 -0.10671579591482400     
  -3.7699380060058560E-002 -0.12269866152107997     
  -3.7196339580709496E-002 -0.13853659643473315     
  -3.6394692127344308E-002 -0.15414151640725221     
  -3.5269445933128654E-002 -0.16942179986814890     
  -3.3787455846903458E-002 -0.18426540461927210     
  -3.1925284672223657E-002 -0.19852950773295314     
  -2.9653714979612909E-002 -0.21204112896140986     
  -2.6949498137696926E-002 -0.22460403253377720     
  -2.3790929056427889E-002 -0.23600836618615853     
  -2.0133893426673682E-002 -0.24603698409732647     
  -1.5905117182689502E-002 -0.25446379207237774     
  -1.1049994182703709E-002 -0.26104546074839180     
  -5.5748372455184216E-003 -0.26551511499614483     
   4.8286315615262381E-004 -0.26758519628325306     
   7.0893723967165772E-003 -0.26695721162709235     
   1.4198139624129696E-002 -0.26333644544175072     
   2.1704374556244153E-002 -0.25645424470134492     
   2.9393449100030954E-002 -0.24610046933578572     
   3.6967304074929347E-002 -0.23216992197405306     
   4.4058572779746730E-002 -0.21471567461931371     
   5.0214540750442176E-002 -0.19399948274328305     
   5.4942230037080986E-002 -0.17053020737777197     
   5.7818397523889016E-002 -0.14507207819792417     
   5.8584361288572188E-002 -0.11861251058255415     
   5.7154466768543251E-002  -9.2285942328128645E-002
   5.3639813439664993E-002  -6.7260798533445673E-002
   4.8366286557142216E-002  -4.4609278225342622E-002
   4.1759233377175214E-002  -2.5187171182540533E-002
   3.4251313798107100E-002  -9.5530636584761769E-003
   2.6306808693357123E-002   2.0524967116443368E-003
   1.8354527493856552E-002   9.6731043861260843E-003
   1.0703763970082986E-002   1.3561871079670855E-002
   3.5671855444621538E-003   1.4088466758188752E-002
  -2.8988080920995542E-003   1.1655376247390522E-002
  -8.6252974770249496E-003   6.6419467903273220E-003
  -1.3619883395011604E-002  -6.2168449792373876E-004
  -1.7907660989184521E-002  -9.8568222550986257E-003
  -2.1539846372600400E-002  -2.0823338927471447E-002
  -2.4618597945914065E-002  -3.3303831041521882E-002
  -2.7243453663144738E-002  -4.7093472059951631E-002
  -2.9463342406564643E-002  -6.1994923739168838E-002
  -3.1307197689936020E-002  -7.7814774249530289E-002
  -3.2801392066082825E-002  -9.4361476789600857E-002
  -3.3967943373663483E-002 -0.11144385764246535     
  -3.4834792802030647E-002 -0.12886984251048395     
  -3.5442043574678027E-002 -0.14644604166383043     
  -3.5820173081622726E-002 -0.16397816896130163     
  -3.5978560612339665E-002 -0.18127102647347684     
  -3.5926402159519685E-002 -0.19812747016284002     
  -3.5692545229671566E-002 -0.21434778967147722     
  -3.5291592557526563E-002 -0.22973138250396699     
  -3.4696067254021065E-002 -0.24407990236530541     
  -3.3836258866389961E-002 -0.25720195822738062     
  -3.2636168885214610E-002 -0.26891904261941590     
  -3.0997856235856606E-002 -0.27907441769901775     
  -2.8801856434462012E-002 -0.28754085997420525     
  -2.5916715818636006E-002 -0.29422322597513373     
  -2.2204170687047779E-002 -0.29905252138360755     
  -1.7541786163438627E-002 -0.30196837341509924     
  -1.1852213592867462E-002 -0.30289258220285387     
  -5.0992273908930137E-003 -0.30170161820996183     
   2.6271999569591094E-003 -0.29820501855872150     
   1.1104390864452090E-002 -0.29214507948099744     
   2.0004826257423326E-002 -0.28322276632948773     
   2.8953791790800806E-002 -0.27115069993187185     
   3.7592605444474625E-002 -0.25572601029015818     
   4.5535340136630860E-002 -0.23691267181458689     
   5.2262624890726792E-002 -0.21492336005713347     
   5.7192134558041771E-002 -0.19028468797768439     
   5.9878593196372780E-002 -0.16387150544347062     
   6.0167869506987451E-002 -0.13686750930284897     
   5.7979756486690452E-002 -0.11064789323750567     
   5.3927168846368070E-002  -8.6613383403464680E-002
   4.8303564484285917E-002  -6.5947443395403538E-002
   4.2030511024067622E-002  -4.9475543691612493E-002
   3.4650093858367974E-002  -3.7515741083983346E-002
   2.6639120412669633E-002  -2.9950817617165410E-002
   1.9125880248381251E-002  -2.6340200920010028E-002
   1.2189331046161794E-002  -2.6050578593452393E-002
   4.3169707516677097E-003  -2.8451881446243537E-002
  -4.1191177788017326E-003  -3.3156928459414647E-002
  -1.2889826197734692E-002  -4.0004068575813179E-002
  -2.0687475978016439E-002  -4.9009177170917913E-002
  -2.6942929153223195E-002  -6.0136860021043202E-002
  -3.0381142493276878E-002  -7.3196108960213585E-002
  -3.2073263414071511E-002  -8.7742400094754425E-002
  -3.3676933170835123E-002 -0.10320448349857582     
  -3.5446689597821587E-002 -0.11908083491604338     
  -3.6416730317049749E-002 -0.13502843015783147     
  -3.6919622948880952E-002 -0.15081891405691997     
  -3.6567404684011227E-002 -0.16634345986331894     
  -3.5645263698346925E-002 -0.18151275297181921     
  -3.4254320043476151E-002 -0.19625471237629008     
  -3.2765084023486955E-002 -0.21050726925448934     
  -3.1426524267611493E-002 -0.22424903416405237     
  -3.0434867841799922E-002 -0.23752493493914964     
  -2.9818487417446415E-002 -0.25044346752725200     
  -2.9434641883155848E-002 -0.26314491575144111     
  -2.9004932518100938E-002 -0.27574083825047685     
  -2.8209239492044281E-002 -0.28824920617813110     
  -2.6770426195013311E-002 -0.30054857615932246     
  -2.4515959685776013E-002 -0.31236706910869722     
  -2.1380687440369403E-002 -0.32330958738498805     
  -1.7386231873187670E-002 -0.33290926191044873     
  -1.2561705337893716E-002 -0.34068664314458325     
  -6.9625915458900378E-003 -0.34619514093148090     
  -6.8033583392652897E-004 -0.34904738619042602     
   6.2098001579162510E-003 -0.34892512184819507     
   1.3587863852530564E-002 -0.34557507599749815     
   2.1306730851323601E-002 -0.33880805698475519     
   2.9142711873259314E-002 -0.32850556696603345     
   3.6810397524668567E-002 -0.31464254064489033     
   4.3991978158947231E-002 -0.29732640651270942     
   5.0226497553083865E-002 -0.27684112874137318     
   5.4930201648887338E-002 -0.25369086491141701     
   5.7640551232468626E-002 -0.22862595284355616     
   5.8093672140892151E-002 -0.20262085250181627     
   5.6301189552832455E-002 -0.17679960331038255     
   5.2518885122120072E-002 -0.15231235322955783     
   4.7148814298030625E-002 -0.13019103088047027     
   4.0640054653625496E-002 -0.11122299825825978     
   3.3431653706785545E-002  -9.5875178940225694E-002
   2.5957092498819331E-002  -8.4286968802671378E-002
   1.8589676142201736E-002  -7.6323550718849067E-002
   1.1558769341723143E-002  -7.1667321285576180E-002
   4.9993894912755635E-003  -6.9921721279299270E-002
  -1.0202855758327724E-003  -7.0695251605113654E-002
  -6.4818032005174711E-003  -7.3651305748660634E-002
  -1.1387401446368269E-002  -7.8524115836306252E-002
  -1.5803122562778198E-002  -8.5108050732310425E-002
  -1.9808097926423799E-002  -9.3238913474576954E-002
  -2.3432366392345829E-002 -0.10277507153881103     
  -2.6672775570364418E-002 -0.11358165068799393     
  -2.9514414370743015E-002 -0.12552134966151254     
  -3.1951246955109515E-002 -0.13845108282817620     
  -3.3993164712969162E-002 -0.15222383056437830     
  -3.5670295664593864E-002 -0.16669323914041509     
  -3.7002508809576479E-002 -0.18171907452333300     
  -3.7997022216729147E-002 -0.19716993923740128     
  -3.8650853991655042E-002 -0.21292288976548152     
  -3.8961167399366010E-002 -0.22886039419654244     
  -3.8918622694832525E-002 -0.24486618770352203     
  -3.8507503325745582E-002 -0.26082078035819689     
  -3.7704913873613133E-002 -0.27659756473811598     
  -3.6495505439260806E-002 -0.29205890688052705     
  -3.4854318011148328E-002 -0.30705407442408755     
  -3.2753969230478755E-002 -0.32141669243431625     
  -3.0172347429212494E-002 -0.33496203944809261     
  -2.7052023977803197E-002 -0.34748609500377076     
  -2.3352379997282284E-002 -0.35876163100598885     
  -1.9034115019026892E-002 -0.36853827726322874     
  -1.4059484941562114E-002 -0.37654448508216759     
  -8.4509156236759857E-003 -0.38249063632960645     
  -2.2199041095625170E-003 -0.38608071078316908     
   4.5639277103056786E-003 -0.38702111572563358     
   1.1799596677364030E-002 -0.38503612085332645     
   1.9386842257118370E-002 -0.37988682214294234     
   2.7103897722490437E-002 -0.37138922557759191     
   3.4726239538568522E-002 -0.35944981904382184     
   4.1907960943816935E-002 -0.34410055534122203     
   4.8194247615097538E-002 -0.32554361985927543     
   5.3181761451135019E-002 -0.30419654079533209     
   5.6467281078540398E-002 -0.28070682566094307     
   5.7831656928406430E-002 -0.25594023208629368     
   5.7229782036756861E-002 -0.23091752890095454     
   5.4661655304356190E-002 -0.20670907644153608     
   5.0325106611202972E-002 -0.18432262304597097     
   4.4509490662845569E-002 -0.16458696281279778     
   3.7613546239929199E-002 -0.14807487340545233     
   3.0169545435962834E-002 -0.13507591054974252     
   2.2565917961251264E-002 -0.12560891588282916     
   1.5139242628813866E-002 -0.11949268403774954     
   8.1397673819484425E-003 -0.11643070917037042     
   1.6463933178485254E-003 -0.11608684435450953     
  -4.2736495727791141E-003 -0.11814692787298874     
  -9.6043163967187480E-003 -0.12233833208284438     
  -1.4343786169259343E-002 -0.12842551215616452     
  -1.8491232800847520E-002 -0.13619267526802842     
  -2.2044406531933750E-002 -0.14542520174118748     
  -2.5013414062684102E-002 -0.15590080736334119     
  -2.7439517954806376E-002 -0.16739267389838253     
  -2.9377113227594502E-002 -0.17968262274239499     
  -3.0830936678047583E-002 -0.19257738253378945     
  -3.1818581271692271E-002 -0.20590910916338895     
  -3.2380643297374979E-002 -0.21951834316171964     
  -3.2549590862505633E-002 -0.23323986439569389     
  -3.2361099785377233E-002 -0.24691278278173295     
  -3.1846858179357555E-002 -0.26039924340686871     
  -3.1035641120418872E-002 -0.27358129465697878     
  -2.9954017444131485E-002 -0.28634791660929881     
  -2.8626178750456227E-002 -0.29859400741180914     
  -2.7077242008842248E-002 -0.31022797207871006     
  -2.5333339933087212E-002 -0.32117604211912643     
  -2.3413311777317924E-002 -0.33138082103101774     
  -2.1317775344553005E-002 -0.34079473380468200     
  -1.9022975144386580E-002 -0.34936784718035385     
  -1.6482564853482037E-002 -0.35703279645083164     
  -1.3636855940615594E-002 -0.36369278770264601     
  -1.0425465039945717E-002 -0.36921664795897952     
  -6.7980836005202038E-003 -0.37344058892626192     
  -2.7214681855322448E-003 -0.37617393627623358     
   1.8150308864552395E-003 -0.37720640808850503     
   6.7924098426971613E-003 -0.37631666034076555     
   1.2152849797381189E-002 -0.37328409944189173     
   1.7790425479681345E-002 -0.36790661864843666     
   2.3544791422642677E-002 -0.36002556793090229     
   2.9200853677730322E-002 -0.34955704412882077     
   3.4496728020765748E-002 -0.33652647297026256     
   3.9141510491151797E-002 -0.32110132025168947     
   4.2843406351929687E-002 -0.30361416052639023     
   4.5346457030898520E-002 -0.28456607550094337     
   4.6469828837696507E-002 -0.26460129232179397     
   4.6139344268185015E-002 -0.24445095186259971     
   4.4400636560815727E-002 -0.22485567368469761     
   4.1409050814008079E-002 -0.20648643629004310     
   3.7400278667073392E-002 -0.18988405473127545     
   3.2651968138581650E-002 -0.17542865487590978     
   2.7447012293995821E-002 -0.16333858136978960     
   2.2045459154520494E-002 -0.15369015126279914     
   1.6667451492903960E-002 -0.14644761853237667     
   1.1486289500992385E-002 -0.14149467205245284     
   6.6289435804808231E-003 -0.13866221623783193     
   2.1809875854013720E-003 -0.13775038123698088     
  -1.8064451922462812E-003 -0.13854476316597045     
  -5.3092159056321942E-003 -0.14082774593121294     
  -8.3231711148026785E-003 -0.14438594388147463     
  -1.0858092745600342E-002 -0.14901476693461929     
  -1.2932783690066712E-002 -0.15452095327282539     
  -1.4571241864722842E-002 -0.16072369354088123     
  -1.5799804309260979E-002 -0.16745478903987515     
  -1.6645126289323759E-002 -0.17455817466063034     
  -1.7132842629043500E-002 -0.18188905354906773     
  -1.7286764532558702E-002 -0.18931281896132393     
  -1.7128495519943207E-002 -0.19670389183549544     
  -1.6677375037080465E-002 -0.20394457532629326     
  -1.5950674321774331E-002 -0.21092400529098565     
  -1.4963988087794311E-002 -0.21753725775528612     
  -1.3731783387586597E-002 -0.22368466500666825     
  -1.2268075595181964E-002 -0.22927138749091239     
  -1.0587204097245943E-002 -0.23420728411704494     
  -8.7046811859985158E-003 -0.23840711913823462     
  -6.6380843579693189E-003 -0.24179113997697502     
  -4.4079527251843567E-003 -0.24428605421751926     
  -2.0386347504806682E-003 -0.24582642207018490     
   4.4098054739091547E-004 -0.24635646106467540     
   2.9969321740865003E-003 -0.24583223066440812     
   5.5899518073595734E-003 -0.24422412354096287     
   8.1756263848210449E-003 -0.24151953659685935     
   1.0705052847889045E-002 -0.23772553112898387     
   1.3126053091771254E-002 -0.23287122486470199     
   1.5384968765509018E-002 -0.22700960131972989     
   1.7428984840715797E-002 -0.22021839159081555     
   1.9208844129279631E-002 -0.21259970035930567     
   2.0681726274091875E-002 -0.20427812796034614     
   2.1813994610410885E-002 -0.19539728851951182     
   2.2583484739734368E-002 -0.18611482622721520     
   2.2981035972213425E-002 -0.17659625301657597     
   2.3011054034641459E-002 -0.16700812234989948     
   2.2691026434566195E-002 -0.15751116716887301     
   2.2050061819766549E-002 -0.14825403493165279     
   2.1126657299715218E-002 -0.13936814839195893     
   1.9965984786138993E-002 -0.13096403644686316     
   1.8617015241659526E-002 -0.12312926230223094     
   1.7129771459174679E-002 -0.11592787505342964     
   1.5552932124301895E-002 -0.10940116080452350     
   1.3931924427233624E-002 -0.10356938530776395     
   1.2307558685804368E-002  -9.8434197998970685E-002
   1.0715189322269465E-002  -9.3981392519921297E-002
   9.1843392513600956E-003  -9.0183772438392332E-002
   7.7386999977354437E-003  -8.7003934562148236E-002
   6.3964119700958529E-003  -8.4396843345067946E-002
   5.1705323027742486E-003  -8.2312123216416941E-002
   4.0696101157513299E-003  -8.0696038296939984E-002
   3.0983076805605630E-003  -7.9493156884973326E-002
   2.2580221816265460E-003  -7.8647716734856404E-002
   1.5474740471831843E-003  -7.8104720166642896E-002
   9.6323978451017358E-004  -7.7810792955088345E-002
   5.0021978657757075E-004  -7.7714840903512439E-002
   1.5203919840738091E-004  -7.7768538236617876E-002
  -8.8616699049639064E-005  -7.7926679468981075E-002
  -2.2972799499062165E-004  -7.8147421848044171E-002
  -2.7971914633383990E-004  -7.8392441340183180E-002
  -2.4728324177839862E-004  -7.8627021623195154E-002
  -1.4124369042496128E-004  -7.8820091787953350E-002
   2.9554194656007752E-005  -7.8944224750861880E-002
   2.5632880270610591E-004  -7.8975605359793824E-002
   5.3043115381198880E-004  -7.8893974692881008E-002
   8.4340219545498763E-004  -7.8682554833265708E-002
   1.1870225843673323E-003  -7.8327956573514490E-002
   1.5533581563232182E-003  -7.7820071169240376E-002
   1.9348033203389092E-003  -7.7151946317962461E-002
   2.3241237306416283E-003  -7.6319645912317130E-002
   2.7144988380162884E-003  -7.5322092830881149E-002
   3.0995642518548351E-003  -7.4160894069814312E-002
   3.4734532639023631E-003  -7.2840147814763362E-002
   3.8308364418441409E-003  -7.1366232553594602E-002
   4.1669579015070814E-003  -6.9747578998798965E-002
   4.4776666978108221E-003  -6.7994426364184929E-002
   4.7594417426898260E-003  -6.6118565352256992E-002
   5.0094087670775975E-003  -6.4133070992939883E-002
   5.2253480767982972E-003  -6.2052029172121548E-002
   5.4056921838215319E-003  -5.9890261242863653E-002
   5.5495128006354914E-003  -5.7663051477548806E-002
   5.6564971375346364E-003  -5.5385882267597761E-002
   5.7269139059459243E-003  -5.3074181896469112E-002
   5.7615698721152761E-003  -5.0743089404884027E-002
   5.7617581956117547E-003  -4.8407240555062750E-002
   5.7292001020970680E-003  -4.6080578218624588E-002
   5.6659816622905727E-003  -4.3776189706069300E-002
   5.5744875703811723E-003  -4.1506172675236243E-002
   5.4573338350701519E-003  -3.9281530354042783E-002
   5.3173012218395623E-003  -3.7112095938498471E-002
   5.1572711287979052E-003  -3.5006485223197631E-002
   4.9801653579667768E-003  -3.2972075821791812E-002
   4.7888909789279609E-003  -3.1015010762508163E-002
   4.5862911924228244E-003  -2.9140223811104645E-002
   4.3751028065869358E-003  -2.7351483583269963E-002
   4.1579206543984277E-003  -2.5651453354440690E-002
   3.9371690207447635E-003  -2.4041763444761267E-002
   3.7150799207192275E-003  -2.2523093133283212E-002
   3.4936778831234244E-003  -2.1095259218681522E-002
   3.2747707471098464E-003  -1.9757308573108860E-002
   3.0599458750550442E-003  -1.8507612311254761E-002
   2.8505711185050357E-003  -1.7343959499809970E-002
   2.6477998422018349E-003  -1.6263648647281855E-002
   2.4525793086462486E-003  -1.5263575527120068E-002
   2.2656617468168531E-003  -1.4340316187881412E-002
   2.0876174679996468E-003  -1.3490204284908812E-002
   1.9188494439740225E-003  -1.2709402123425608E-002
   1.7596088233869961E-003  -1.1993965029908352E-002
   1.6100109270441960E-003  -1.1339898865740597E-002
   1.4700513287946985E-003  -1.0743210664518945E-002
   1.3396216931488238E-003  -1.0199952513092298E-002
   1.2185251018700643E-003  -9.7062589083229799E-003
   1.1064906582404172E-003  -9.2583779089993826E-003
   1.0031872087279835E-003  -8.8526964679001476E-003
   9.0823606700797630E-004  -8.4857603753963340E-003
   8.2122266463900294E-004  -8.1542892758282616E-003
   7.4170708634458923E-004  -7.8551872337280278E-003
   6.6923347612654399E-004  -7.5855493311120896E-003
   6.0333832377450810E-004  -7.3426647716546478E-003
   5.4355766022227405E-004  -7.1240169544535079E-003
   4.8943320514190287E-004  -6.9272809609638069E-003
   4.4051752165841999E-004  -6.7503188749273284E-003
   3.9637824158162527E-004  -6.5911733279859930E-003
   3.5660143051979848E-004  -6.4480596341720993E-003
   3.2079416605161544E-004  -6.3193568454857647E-003
   2.8858640413090118E-004  -6.2035980290301206E-003
   2.5963220938309207E-004  -6.0994600342836689E-003
   2.3361042418031577E-004  -6.0057529875496554E-003
   2.1022484957496833E-004  -5.9214097198479606E-003
   1.8920400851861065E-004  -5.8454753048466247E-003
   1.7030055845625701E-004  -5.7770968551441194E-003
   1.5329041650578347E-004  -5.7155136985328706E-003
   1.3797165612955737E-004  -5.6600480309727651E-003
   1.2416322958686766E-004  -5.6100961200145922E-003
   1.1170356561767542E-004  -5.5651201114345775E-003
   1.0044908683766030E-004  -5.5246404729325013E-003
   9.0272686298022500E-005  -5.4882290919354305E-003
   8.1062197650970966E-005  -5.4555030298405974E-003
   7.2718888432278053E-005  -5.4261189224002063E-003
   6.5156001188086113E-005  -5.3997680053400670E-003
   5.8297362581479483E-005  -5.3761717356349790E-003
   5.2076076258852552E-005  -5.3550779720536240E-003
   4.6433311193071028E-005  -5.3362576735202115E-003
   4.1317193491702476E-005  -5.3195020703678481E-003
   3.6681806260204579E-005  -5.3046202615394519E-003
   3.2486299054089076E-005  -5.2914371901112778E-003
   2.8694105827254481E-005  -5.2797919499960235E-003
   2.5272268096937416E-005  -5.2695363780962652E-003
   2.2190858132638143E-005  -5.2605338884024223E-003
   1.9422495356073060E-005  -5.2526585075077454E-003
   1.6941948165950325E-005  -5.2457940744785126E-003
   1.4725812906518753E-005  -5.2398335716428287E-003
   1.2752260861720396E-005  -5.2346785567543332E-003
   1.1000843468035056E-005  -5.2302386712807947E-003
   9.4523469977137119E-006  -5.2264312035541841E-003
   8.0886891681792159E-006  -5.2231806887321087E-003
   6.8928483387072421E-006  -5.2204185312859338E-003
   5.8488153046850839E-006  -5.2180826403894704E-003
   4.9415635781823434E-006  -5.2161170707926870E-003
   4.1570362154583032E-006  -5.2144716616580851E-003
   3.4821373278761726E-006  -5.2131016712830634E-003
   2.9047182297696093E-006  -5.2119674142562808E-003
   2.4135721115034000E-006  -5.2110339016107135E-003
   1.9984432420502817E-006  -5.2102704742618801E-003
   1.6500130536157541E-006  -5.2096504439138203E-003
   1.3598628110283690E-006  -5.2091507774299868E-003
   1.1204971753278481E-006  -5.2087517990313638E-003
   9.2540250155025942E-007  -5.2084368475771217E-003
   7.6894958044345047E-007  -5.2081919705500813E-003
   6.4620597136470169E-007  -5.2080057661064456E-003
   5.5304778832296854E-007  -5.2078691524915640E-003
   4.8657309281851995E-007  -5.2077749451620867E-003
   4.4542694425145128E-007  -5.2077179222591967E-003
   4.2976562126738899E-007  -5.2076959610224726E-003
