 Initial conditions outputted from a previous simulation. Time =    17.800000000000001     
   40.000000000000000        0.0000000000000000              500           1   17.800000000000001     
   4.0184711835572540E-002  0.11224084891558690     
   3.1932606096787372E-002  0.12560820017000116     
   2.3581515523926993E-002  0.13515231089329971     
   1.5449773856904596E-002  0.14105528090777428     
   7.7860108315449782E-003  0.14359437104902384     
   7.2267487010078762E-004  0.14310283161943324     
  -5.6549033822860086E-003  0.13991476801887595     
  -1.1322232454216017E-002  0.13436134925897936     
  -1.6289161553245446E-002  0.12675334107814643     
  -2.0588585689437298E-002  0.11737687189549989     
  -2.4267093111147272E-002  0.10649174902841563     
  -2.7377214169343918E-002   9.4331400680707417E-002
  -2.9972355193764937E-002   8.1104412710711907E-002
  -3.2103330034666089E-002   6.6996762161364160E-002
  -3.3816059089397596E-002   5.2174447686704643E-002
  -3.5150174793368946E-002   3.6786368273251893E-002
  -3.6138223776049916E-002   2.0967304606342191E-002
  -3.6805248731835674E-002   4.8409263651009006E-003
  -3.7168600614318807E-002  -1.1477210762116758E-002
  -3.7237871277961659E-002  -2.7876694674655249E-002
  -3.7014876457812332E-002  -4.4249311753073901E-002
  -3.6493653226908132E-002  -6.0486114635942397E-002
  -3.5660465322859269E-002  -7.6474486479144343E-002
  -3.4493838784862785E-002  -9.2095186820981140E-002
  -3.2964681734243939E-002 -0.10721937142448279     
  -3.1036578282371191E-002 -0.12170559198607696     
  -2.8666390111388322E-002 -0.13539680205392632     
  -2.5805352093008858E-002 -0.14811742444917392     
  -2.2400910939552779E-002 -0.15967057625510758     
  -1.8399626893899051E-002 -0.16983560727781036     
  -1.3751531898802844E-002 -0.17836620187291560     
  -8.4163995897096455E-003 -0.18498944924883221     
  -2.3724101063507452E-003 -0.18940654758721207     
   4.3723538893617473E-003 -0.19129624094141129     
   1.1765359019099905E-002 -0.19032278031134292     
   1.9692365372371703E-002 -0.18615118073981785     
   2.7958939869785846E-002 -0.17847363787104265     
   3.6274106650384136E-002 -0.16705161152368025     
   4.4242368785833562E-002 -0.15177704165161701     
   5.1373986641313152E-002 -0.13275104663096987     
   5.7125445465382806E-002 -0.11036647402560452     
   6.0976702449075430E-002  -8.5363278830250841E-002
   6.2534490371846690E-002  -5.8814972583973231E-002
   6.1628167115435228E-002  -3.2019165776465713E-002
   5.8355552703761832E-002  -6.3098480032839450E-003
   5.3055519287593007E-002   1.7143974104385586E-002
   4.6221602673626648E-002   3.7479458859516465E-002
   3.8397382167998574E-002   5.4184875733922139E-002
   3.0091539300036701E-002   6.7063290921345969E-002
   2.1728264000118885E-002   7.6155910513088704E-002
   1.3629231521297403E-002   8.1660850246808664E-002
   6.0165662260938599E-003   8.3865789830260107E-002
  -9.7300268889746993E-004   8.3099304658585185E-002
  -7.2702717785875027E-003   7.9698906872598910E-002
  -1.2856570218787668E-002   7.3991923690807676E-002
  -1.7749063407562618E-002   6.6285762084542885E-002
  -2.1987999826847408E-002   5.6864582245148836E-002
  -2.5625683831810998E-002   4.5989295332128741E-002
  -2.8717718136098049E-002   3.3898168527198125E-002
  -3.1317201750919683E-002   2.0806806786110868E-002
  -3.3471875912343046E-002   6.9080345781580279E-003
  -3.5223251925222319E-002  -7.6270888813557199E-003
  -3.6606346311386609E-002  -2.2646569638826001E-002
  -3.7649121666875590E-002  -3.8013751894845370E-002
  -3.8371591923744161E-002  -5.3603850941177381E-002
  -3.8785101036890486E-002  -6.9301709584040416E-002
  -3.8892311118108522E-002  -8.5000829951445478E-002
  -3.8688162519670485E-002 -0.10060273555306412     
  -3.8161651184592901E-002 -0.11601506418934782     
  -3.7297559587826892E-002 -0.13114705062924648     
  -3.6076824703546638E-002 -0.14590239140162475     
  -3.4475261760580370E-002 -0.16017129884082801     
  -3.2461732525315735E-002 -0.17382435766829235     
  -2.9996178120047779E-002 -0.18670924708365597     
  -2.7028743016946667E-002 -0.19864884100973326     
  -2.3502873475317699E-002 -0.20943963100688806     
  -1.9361286179904298E-002 -0.21885274498106375     
  -1.4553509242960698E-002 -0.22663884322633135     
  -9.0431004547366321E-003 -0.23253141234397345     
  -2.8170226066382299E-003 -0.23624289582753341     
   4.1013889330168236E-003 -0.23745991005102832     
   1.1637273022173461E-002 -0.23584767852598398     
   1.9652787570517079E-002 -0.23106432398694760     
   2.7934640999377328E-002 -0.22278842487221556     
   3.6171637348190129E-002 -0.21077546779248707     
   4.3976595761312139E-002 -0.19494164430517591     
   5.0905667373811740E-002 -0.17544186190384589     
   5.6432893996502462E-002 -0.15272681014923087     
   6.0052483035965575E-002 -0.12757493993799685     
   6.1452130190631664E-002 -0.10104822040388928     
   6.0493930676456580E-002  -7.4361396304751345E-002
   5.7245255873302391E-002  -4.8749767827891040E-002
   5.2047525882542328E-002  -2.5347149651933583E-002
   4.5384914600974879E-002  -5.0351720195101002E-003
   3.7750980198949145E-002   1.1661147349824650E-002
   2.9647055526056003E-002   2.4558649742950175E-002
   2.1503009772001733E-002   3.3731407919079165E-002
   1.3623701439693952E-002   3.9411077959520410E-002
   6.2058226790918675E-003   4.1895494664547207E-002
  -6.3921477940670653E-004   4.1489159003116366E-002
  -6.8598111657770314E-003   3.8480071693080188E-002
  -1.2443776336232136E-002   3.3139733888267096E-002
  -1.7406656151018610E-002   2.5732772873192807E-002
  -2.1769182660814582E-002   1.6524383130193603E-002
  -2.5540915212869612E-002   5.7822095109165209E-003
  -2.8747926028600192E-002  -6.2271121788174911E-003
  -3.1432866202594535E-002  -1.9251574474542756E-002
  -3.3637476182171902E-002  -3.3070359150021683E-002
  -3.5400782396121176E-002  -4.7501246879641530E-002
  -3.6757533072723711E-002  -6.2396728700234140E-002
  -3.7734108912832208E-002  -7.7631850834009863E-002
  -3.8365502379733546E-002  -9.3089836774321380E-002
  -3.8690291785122434E-002 -0.10865434187332362     
  -3.8731294045733757E-002 -0.12420882737866637     
  -3.8462001147355575E-002 -0.13963863163705850     
  -3.7831896688358978E-002 -0.15482874343621153     
  -3.6818894529083254E-002 -0.16965961201876209     
  -3.5422711190860635E-002 -0.18400765666471325     
  -3.3638679317422281E-002 -0.19774840501049148     
  -3.1454389397322036E-002 -0.21075841658652919     
  -2.8833978424126279E-002 -0.22291486179452386     
  -2.5724491986931306E-002 -0.23408939193432041     
  -2.2061298824498317E-002 -0.24413880178854105     
  -1.7789494297754532E-002 -0.25289485980689946     
  -1.2886100053989184E-002 -0.26015694460496536     
  -7.3452781552014682E-003 -0.26569012992314950     
  -1.1702723137889184E-003 -0.26922737487234061     
   5.6268903850942298E-003 -0.27047528339386873     
   1.3005267758144933E-002 -0.26912376002220484     
   2.0880189964223746E-002 -0.26486360348214760     
   2.9068248700252857E-002 -0.25741436057555189     
   3.7282933305354898E-002 -0.24656776198928773     
   4.5134533958739481E-002 -0.23224395166573122     
   5.2142715934499616E-002 -0.21455267069019668     
   5.7798745745501458E-002 -0.19384714946279977     
   6.1659884192918256E-002 -0.17075279131318893     
   6.3383923328479613E-002 -0.14615302557391224     
   6.2774774939133290E-002 -0.12112819889852613     
   5.9790226097960371E-002  -9.6849673373497758E-002
   5.4600794016756542E-002  -7.4448303643000438E-002
   4.7604413359497680E-002  -5.4879295044573805E-002
   3.9353142198430245E-002  -3.8811045442789217E-002
   3.0440284815152572E-002  -2.6565999792751788E-002
   2.1384060764901975E-002  -1.8128336570734274E-002
   1.2546817502206814E-002  -1.3214621373884426E-002
   4.1488707208247131E-003  -1.1384513982537176E-002
  -3.6868082523424258E-003  -1.2153606507191102E-002
  -1.0885039297167092E-002  -1.5077162307221011E-002
  -1.7389331447933084E-002  -1.9790136851563708E-002
  -2.3177162658088214E-002  -2.6007594305629225E-002
  -2.8240659542664789E-002  -3.3505232034201929E-002
  -3.2563418702660718E-002  -4.2097597543606931E-002
  -3.6126118562901030E-002  -5.1625266592807827E-002
  -3.8932930850997069E-002  -6.1954143951501874E-002
  -4.0989769238165642E-002  -7.2983707287333985E-002
  -4.2304860861920569E-002  -8.4653039003826036E-002
  -4.2893119513343070E-002  -9.6938395722222265E-002
  -4.2827674929761708E-002 -0.10983809003650985     
  -4.2234092247328672E-002 -0.12335024554508865     
  -4.1235413881493328E-002 -0.13744930835905056     
  -3.9936870066076553E-002 -0.15206529210279174     
  -3.8445053633596321E-002 -0.16707224310849020     
  -3.6839446982485674E-002 -0.18229136799280704     
  -3.5163376379474240E-002 -0.19750571677981457     
  -3.3413503089212281E-002 -0.21248148333081163     
  -3.1528565143533541E-002 -0.22698676498260439     
  -2.9349123493300100E-002 -0.24080235037082415     
  -2.6678941145096214E-002 -0.25372030368484833     
  -2.3410914016577175E-002 -0.26553771999657810     
  -1.9539011737340309E-002 -0.27605701643107733     
  -1.5066698144369950E-002 -0.28509454370593956     
  -9.9647636985119459E-003 -0.29248889667127520     
  -4.1802833192534292E-003 -0.29809694332825221     
   2.3304006322334286E-003 -0.30178015021662885     
   9.6479162446000515E-003 -0.30337654499113004     
   1.7649091180331263E-002 -0.30266781294340284     
   2.6284928615647712E-002 -0.29937424496901316     
   3.5023324327925952E-002 -0.29314473671430236     
   4.3602237099446016E-002 -0.28363431200450523     
   5.0975942982511145E-002 -0.27054486150114038     
   5.6640834628540720E-002 -0.25374761305813637     
   6.0680417142074519E-002 -0.23336044805229109     
   6.2917342075525962E-002 -0.20977378683815587     
   6.2421487620686396E-002 -0.18367385838177053     
   5.9665607614644629E-002 -0.15610990397063154     
   5.5060542481668556E-002 -0.12839793158789972     
   4.9133705499164348E-002 -0.10202855422361634     
   4.1686854676214399E-002  -7.8471696095725324E-002
   3.3271818511246207E-002  -5.9044948991636800E-002
   2.3868910728347258E-002  -4.4699694466274843E-002
   1.3734718404175244E-002  -3.5911828299813188E-002
   3.9974407833074195E-003  -3.2643239004229746E-002
  -4.0522952955634479E-003  -3.4357597045662325E-002
  -1.0764977123478240E-002  -4.0118404825377769E-002
  -1.6465226565318153E-002  -4.8882584721146538E-002
  -2.1522802480808890E-002  -5.9715019119285860E-002
  -2.5843881286198550E-002  -7.1941131997391466E-002
  -2.9317906465990785E-002  -8.5135765302138330E-002
  -3.1768616992129378E-002  -9.9032830358968080E-002
  -3.3154829996327580E-002 -0.11341176971122467     
  -3.3621239495948398E-002 -0.12802401167970198     
  -3.3478545660909409E-002 -0.14259186800697443     
  -3.3104351316012359E-002 -0.15686134886414640     
  -3.2828334860227924E-002 -0.17067284940408964     
  -3.2844329605949726E-002 -0.18400837717340621     
  -3.3182367915959868E-002 -0.19698968721773227     
  -3.3732721895939906E-002 -0.20982781225582636     
  -3.4303921489178678E-002 -0.22274361438248305     
  -3.4695165121720287E-002 -0.23588869410647786     
  -3.4730774950061452E-002 -0.24929362205169761     
  -3.4283262561599248E-002 -0.26285494931367365     
  -3.3277791085907199E-002 -0.27635843398373350     
  -3.1682458404335090E-002 -0.28952379176709608     
  -2.9484848452388943E-002 -0.30205240557898572     
  -2.6670077350352064E-002 -0.31366211232732305     
  -2.3213326712671341E-002 -0.32410178910102244     
  -1.9096656692589507E-002 -0.33314648495295973     
  -1.4320153737246094E-002 -0.34058021394691868     
  -8.8720486304879782E-003 -0.34617734256430832     
  -2.7672898469452176E-003 -0.34968528823406103     
   3.9576256336287955E-003 -0.35081729010578261     
   1.1290293642532569E-002 -0.34925956304521633     
   1.9108351776817845E-002 -0.34468759030643020     
   2.7165789674495289E-002 -0.33680453499331503     
   3.5127081928790757E-002 -0.32539701517405983     
   4.2567570783897897E-002 -0.31039873758992259     
   4.9030596069751700E-002 -0.29195503951767232     
   5.4056950893344016E-002 -0.27046892280099694     
   5.7228304627788579E-002 -0.24661579943650425     
   5.8304532028710852E-002 -0.22131799024685356     
   5.7223222750756524E-002 -0.19566594988857242     
   5.4148827020385967E-002 -0.17080292045700507     
   4.9407405060117995E-002 -0.14778814882653496     
   4.3400453450612671E-002 -0.12747236842676976     
   3.6583218995795003E-002 -0.11041917419236569     
   2.9364807376940767E-002  -9.6883077754015293E-002
   2.2082196329375692E-002  -8.6850373662990796E-002
   1.5004649599748118E-002  -8.0122258608621988E-002
   8.2513784271117524E-003  -7.6406849943344360E-002
   1.8871187840800549E-003  -7.5402387218865718E-002
  -4.0249377765150798E-003  -7.6844853687015491E-002
  -9.4378362529390289E-003  -8.0517556552397423E-002
  -1.4309216992338730E-002  -8.6237080094868399E-002
  -1.8646504234268269E-002  -9.3828209258344120E-002
  -2.2478453295855832E-002 -0.10310833540069626     
  -2.5840869867552740E-002 -0.11388361162555979     
  -2.8768769293194288E-002 -0.12595517395570904     
  -3.1277566412447687E-002 -0.13913006060567806     
  -3.3383469033016991E-002 -0.15322848367972627     
  -3.5103583834752636E-002 -0.16808725680718872     
  -3.6458996970449915E-002 -0.18355822723077761     
  -3.7463094942866759E-002 -0.19950431006000877     
  -3.8120643465321208E-002 -0.21579429979033254     
  -3.8432888085690800E-002 -0.23229756404994495     
  -3.8393193477125498E-002 -0.24888041888484663     
  -3.7997662122300976E-002 -0.26540300740871453     
  -3.7243375076085820E-002 -0.28171742324110749     
  -3.6102758002632143E-002 -0.29766712689640445     
  -3.4547454859259384E-002 -0.31308426198603284     
  -3.2544267129725225E-002 -0.32778874481305698     
  -3.0059751996343073E-002 -0.34158777554426578     
  -2.7077678741871787E-002 -0.35427604280664077     
  -2.3563238850916352E-002 -0.36563909047685450     
  -1.9489866141716074E-002 -0.37545315944796792     
  -1.4834586572876314E-002 -0.38348623910562268     
  -9.5837188184011678E-003 -0.38949749810531942     
  -3.7657741234411080E-003 -0.39323703427247930     
   2.5881514204744750E-003 -0.39445344214616790     
   9.3629868136103876E-003 -0.39290121592513638     
   1.6426047085183405E-002 -0.38836400360038820     
   2.3583452499206538E-002 -0.38067872862478758     
   3.0599585476866097E-002 -0.36976519577068445     
   3.7267711810123984E-002 -0.35565967481180016     
   4.3308066858634857E-002 -0.33853538482117068     
   4.8364817176945664E-002 -0.31872519347555633     
   5.2128221358583061E-002 -0.29674303948851183     
   5.4256310651926203E-002 -0.27327783242957043     
   5.4616372524082163E-002 -0.24917772987870285     
   5.3212695166301359E-002 -0.22538440836036730     
   5.0076635220379556E-002 -0.20283467358427681     
   4.5394770725468568E-002 -0.18236792789610634     
   3.9472762004592606E-002 -0.16463792827970056     
   3.2660214364915584E-002 -0.15005950728954739     
   2.5392262613494480E-002 -0.13880919082430684     
   1.8020434536449918E-002 -0.13085889500316866     
   1.0841546554944024E-002 -0.12604813100638543     
   4.0663091301001543E-003 -0.12415492522683763     
  -2.1868958581878714E-003 -0.12494250528335271     
  -7.8582717466873109E-003 -0.12816569238431888     
  -1.2900330066634982E-002 -0.13355000069940728     
  -1.7277798171592234E-002 -0.14079391475316191     
  -2.0982808553403842E-002 -0.14960110765220327     
  -2.4044623016008595E-002 -0.15969827734651157     
  -2.6508840157721224E-002 -0.17083334494006866     
  -2.8419930167666568E-002 -0.18277460172393561     
  -2.9821410592656340E-002 -0.19531162713198638     
  -3.0756466461617771E-002 -0.20825177341979093     
  -3.1266763488779395E-002 -0.22141620546176910     
  -3.1396885061325222E-002 -0.23464080267159870     
  -3.1199380631560809E-002 -0.24778126222123079     
  -3.0732432781240854E-002 -0.26071923922909390     
  -3.0051384169665470E-002 -0.27336605528023455     
  -2.9199604229995346E-002 -0.28566055141848068     
  -2.8201904961006836E-002 -0.29756044962045952     
  -2.7061970037190682E-002 -0.30903044145811293     
  -2.5764288399688327E-002 -0.32003106644901147     
  -2.4278910740364260E-002 -0.33051052247000867     
  -2.2566102055562073E-002 -0.34039949073200715     
  -2.0579540715409603E-002 -0.34960793828777248     
  -1.8268960544173870E-002 -0.35802281504412398     
  -1.5583598535929775E-002 -0.36550642685769047     
  -1.2476888818739667E-002 -0.37189613291664225     
  -8.9120154452355781E-003 -0.37700606998564201     
  -4.8677763803874263E-003 -0.38063109793049693     
  -3.4451879722860224E-004 -0.38255285114774434     
   4.6297210155301725E-003 -0.38254798708854026     
   9.9927027462862680E-003 -0.38039923542519644     
   1.5641415290088525E-002 -0.37591032125887369     
   2.1426667549095106E-002 -0.36892593375661986     
   2.7150989841861383E-002 -0.35935729840386810     
   3.2572643755932260E-002 -0.34721229915431467     
   3.7418510024009456E-002 -0.33262641463815656     
   4.1407453282746323E-002 -0.31588740875983817     
   4.4283039039029096E-002 -0.29744410136017718     
   4.5850450802655512E-002 -0.27788995605584232     
   4.6008702764743128E-002 -0.25791768898867895     
   4.4768361713753348E-002 -0.23825094983360742     
   4.2248716367658784E-002 -0.21956873288109754     
   3.8655450887343089E-002 -0.20244149851411278     
   3.4246466711760293E-002 -0.18729263052227921     
   2.9295945693049670E-002 -0.17438846120743129     
   2.4064629353490449E-002 -0.16385103877420507     
   1.8780043152122582E-002 -0.15568390717970318     
   1.3626680000595795E-002 -0.14980195316772235     
   8.7440722602894518E-003 -0.14605934039832866     
   4.2300468029059391E-003 -0.14427262478529321     
   1.4673082328390689E-004 -0.14423836594586720     
  -3.4724597675837902E-003 -0.14574574617923416     
  -6.6159549143710470E-003 -0.14858513815013388     
  -9.2878989269735146E-003 -0.15255358982901618     
  -1.1503023499693279E-002 -0.15745806458872222     
  -1.3282571270897584E-002 -0.16311709615030875     
  -1.4651192964890611E-002 -0.16936134857093071     
  -1.5634691295762029E-002 -0.17603343969041504     
  -1.6258470593229598E-002 -0.18298729206066341     
  -1.6546554513723270E-002 -0.19008720620135591     
  -1.6521050575572023E-002 -0.19720680011553554     
  -1.6201962479132723E-002 -0.20422792331639678     
  -1.5607272191310643E-002 -0.21103962902414020     
  -1.4753231738280253E-002 -0.21753727077206131     
  -1.3654819590005279E-002 -0.22362177753365070     
  -1.2326327500382364E-002 -0.22919915355368981     
  -1.0782050011626377E-002 -0.23418024383109848     
  -9.0370507816017760E-003 -0.23848080210968708     
  -7.1079777006240854E-003 -0.24202189396256402     
  -5.0138924687991304E-003 -0.24473066157076598     
  -2.7770703254955658E-003 -0.24654146712947794     
  -4.2371301983411811E-004 -0.24739741631313505     
   2.0154954458840037E-003 -0.24725223977643807     
   4.5050727723887178E-003 -0.24607247744194372     
   7.0047513514299962E-003 -0.24383986651556391     
   9.4699068671375581E-003 -0.24055378107437211     
   1.1852472006351453E-002 -0.23623351327349640     
   1.4102369410524210E-002 -0.23092013267289041     
   1.6169443071200079E-002 -0.22467762446113534     
   1.8005796405384807E-002 -0.21759300587090716     
   1.9568367654226374E-002 -0.20977516801574012     
   2.0821503928548316E-002 -0.20135229608006072     
   2.1739252807901351E-002 -0.19246787951569433     
   2.2307092065840986E-002 -0.18327551319853361     
   2.2522871231760493E-002 -0.17393287270486599     
   2.2396836662118370E-002 -0.16459538031767340     
   2.1950737228542971E-002 -0.15541013028571582     
   2.1216135272459663E-002 -0.14651059744378656     
   2.0232145932124451E-002 -0.13801252369938899     
   1.9042875573541351E-002 -0.13001119905312597     
   1.7694830197959473E-002 -0.12258017051890509     
   1.6234530318841440E-002 -0.11577125110667132     
   1.4706503018551042E-002 -0.10961559292959676     
   1.3151738847425418E-002 -0.10412554182004122     
   1.1606631267831570E-002  -9.9296986984820784E-002
   1.0102369910026996E-002  -9.5111947505023886E-002
   8.6647254010968292E-003  -9.1541191767434568E-002
   7.3141426829719716E-003  -8.8546742733186037E-002
   6.0660567361504863E-003  -8.6084171993374481E-002
   4.9313535184999343E-003  -8.4104628649966193E-002
   3.9169108620590943E-003  -8.2556583151350255E-002
   3.0261670527189197E-003  -8.1387289408762664E-002
   2.2596788688768422E-003  -8.0543982951715665E-002
   1.6156437047095986E-003  -7.9974841545425446E-002
   1.0903704553000978E-003  -7.9629738828492239E-002
   6.7869161140879386E-004  -7.9460822060989394E-002
   3.7431503163252121E-004  -7.9422943487244255E-002
   1.7011800292697279E-004  -7.9473972190386002E-002
   5.8388677067940244E-005  -7.9575010043066510E-002
   3.1021361825634517E-005  -7.9690531767453526E-002
   7.9672785971631073E-005  -7.9788465590095003E-002
   1.9588646199370616E-004  -7.9840227700440428E-002
   3.7119183375078634E-004  -7.9820720730612707E-002
   5.9718423364193507E-004  -7.9708303821128965E-002
   8.6559088363113502E-004  -7.9484739578831398E-002
   1.1683272984052025E-003  -7.9135121369613093E-002
   1.4975475481126010E-003  -7.8647782897545482E-002
   1.8456909645995399E-003  -7.8014190895624114E-002
   2.2055270475963428E-003  -7.7228820981484272E-002
   2.5701995577266795E-003  -7.6289016289065370E-002
   2.9332700920777369E-003  -7.5194828344800610E-002
   3.2887608436984496E-003  -7.3948839784589313E-002
   3.6311957599702814E-003  -7.2555968867919457E-002
   3.9556389463506775E-003  -7.1023256290678724E-002
   4.2577289213142390E-003  -6.9359635475502487E-002
   4.5337072206065076E-003  -6.7575688271099568E-002
   4.7804398729726369E-003  -6.5683388759091049E-002
   4.9954304180210010E-003  -6.3695838586846257E-002
   5.1768233958210614E-003  -6.1626997860092007E-002
   5.3233975861403122E-003  -5.9491416090456758E-002
   5.4345486861328242E-003  -5.7303967962750613E-002
   5.5102615584988399E-003  -5.5079598741162195E-002
   5.5510726258742420E-003  -5.2833083965461831E-002
   5.5580234006109260E-003  -5.0578807707119762E-002
   5.5326064948947439E-003  -4.8330563085589778E-002
   5.4767057329027429E-003  -4.6101378024022317E-002
   5.3925321703011848E-003  -4.3903368397319932E-002
   5.2825579106200752E-003  -4.1747619844118948E-002
   5.1494495945062094E-003  -3.9644098628383223E-002
   4.9960033351240489E-003  -3.7601591092273561E-002
   4.8250826951300703E-003  -3.5627670479120209E-002
   4.6395610654696856E-003  -3.3728689253661487E-002
   4.4422695332834274E-003  -3.1909794525862754E-002
   4.2359510349769536E-003  -3.0174963803930525E-002
   4.0232212989807061E-003  -2.8527058061524460E-002
   3.8065368062058067E-003  -2.6967888995711828E-002
   3.5881697466439919E-003  -2.5498297361970894E-002
   3.3701897362812074E-003  -2.4118239382607862E-002
   3.1544518842691951E-003  -2.2826878415286505E-002
   2.9425906677123391E-003  -2.1622679318519713E-002
   2.7360189794197790E-003  -2.0503503241356375E-002
   2.5359316594557777E-003  -1.9466700877374375E-002
   2.3433127998148989E-003  -1.8509202543166757E-002
   2.1589461177700859E-003  -1.7627603756240735E-002
   1.9834277218145329E-003  -1.6818245286891794E-002
   1.8171806391699466E-003  -1.6077286936078437E-002
   1.6604705304923296E-003  -1.5400774541904864E-002
   1.5134220811915272E-003  -1.4784699938367648E-002
   1.3760356259067377E-003  -1.4225053780564703E-002
   1.2482036300866025E-003  -1.3717871310941447E-002
   1.1297267179540631E-003  -1.3259271272673259E-002
   1.0203289976808158E-003  -1.2845488280945030E-002
   9.1967249120365497E-004  -1.2472899043100094E-002
   8.2737052710629071E-004  -1.2138042877024600E-002
   7.4300000006209351E-004  -1.1837637016404130E-002
   6.6611243947157107E-004  -1.1568587214279571E-002
   5.9624386332916021E-004  -1.1327994165147620E-002
   5.3292342135518081E-004  -1.1113156263024795E-002
   4.7568085445652422E-004  -1.0921569200535847E-002
   4.2405281610307191E-004  -1.0750922894093110E-002
   3.7758811570755973E-004  -1.0599096194279010E-002
   3.3585195504668878E-004  -1.0464149810097972E-002
   2.9842923660600764E-004  -1.0344317842101897E-002
   2.6492702787918315E-004  -1.0237998283622179E-002
   2.3497626847672311E-004  -1.0143742812411512E-002
   2.0823280774069994E-004  -1.0060246157720328E-002
   1.8437785971819895E-004  -9.9863352908951871E-003
   1.6311796007532567E-004  -9.9209586515841466E-003
   1.4418450608237189E-004  -9.8631755870637449E-003
   1.2733295639861159E-004  -9.8121461494491812E-003
   1.1234176220927997E-004  -9.7671213649374675E-003
   9.9011095479388398E-005  -9.7274340610588299E-003
   8.7161433897305565E-005  -9.6924903123666167E-003
   7.6632055653195005E-005  -9.6617615421285986E-003
   6.7279490582836701E-005  -9.6347772974729583E-003
   5.8975967547637248E-005  -9.6111186982566921E-003
   5.1607891520079029E-005  -9.5904125455716360E-003
   4.5074377712682836E-005  -9.5723260639214349E-003
   3.9285863975257806E-005  -9.5565622417221538E-003
   3.4162816981822535E-005  -9.5428557282265895E-003
   2.9634543124112587E-005  -9.5309692406436181E-003
   2.5638110769113758E-005  -9.5206904320715314E-003
   2.2117385582762183E-005  -9.5118291695890800E-003
   1.9022176849946093E-005  -9.5042151735170635E-003
   1.6307491882077961E-005  -9.4976959711141895E-003
   1.3932893644923364E-005  -9.4921351185355551E-003
   1.1861951015681570E-005  -9.4874106480508699E-003
   1.0061769890840945E-005  -9.4834137058540935E-003
   8.5026001857502906E-006  -9.4800473496409864E-003
   7.1575122088837246E-006  -9.4772254714153899E-003
   6.0021223516036736E-006  -9.4748718191637379E-003
   5.0143542444422082E-006  -9.4729191122502193E-003
   4.1742491393262875E-006  -9.4713082411656754E-003
   3.4638266249138691E-006  -9.4699875192048952E-003
   2.8669508672571757E-006  -9.4689119841246984E-003
   2.3692013265333704E-006  -9.4680427997240954E-003
   1.9578407914658063E-006  -9.4673467440107763E-003
   1.6218522346223732E-006  -9.4667956841029046E-003
   1.3517922567940237E-006  -9.4663660614226035E-003
   1.1394580410853091E-006  -9.4660384893873774E-003
   9.7788885655169586E-007  -9.4657972900685401E-003
   8.6200393556746501E-007  -9.4656299869896581E-003
   7.8951519382038579E-007  -9.4655277238374236E-003
   7.6121007469682936E-007  -9.4654873590942178E-003
