  -0.801603E-001   0.100000E+001  -0.246716E-001   0.163142E+000
   0.000000E+000   0.100000E+001   0.150161E-001   0.145176E+000
   0.801603E-001   0.100000E+001   0.732567E-002   0.147502E+000
   0.160321E+000   0.100000E+001   0.278527E-003   0.146821E+000
   0.240481E+000   0.100000E+001  -0.607425E-002   0.143464E+000
   0.320641E+000   0.100000E+001  -0.116995E-001   0.137763E+000
   0.400802E+000   0.100000E+001  -0.166255E-001   0.130026E+000
   0.480962E+000   0.100000E+001  -0.208824E-001   0.120537E+000
   0.561122E+000   0.100000E+001  -0.245194E-001   0.109552E+000
   0.641283E+000   0.100000E+001  -0.275904E-001   0.973042E-001
   0.721443E+000   0.100000E+001  -0.301491E-001   0.839987E-001
   0.801603E+000   0.100000E+001  -0.322463E-001   0.698198E-001
   0.881764E+000   0.100000E+001  -0.339280E-001   0.549316E-001
   0.961924E+000   0.100000E+001  -0.352332E-001   0.394810E-001
   0.104208E+001   0.100000E+001  -0.361943E-001   0.236007E-001
   0.112224E+001   0.100000E+001  -0.368360E-001   0.741189E-002
   0.120240E+001   0.100000E+001  -0.371759E-001  -0.897214E-002
   0.128257E+001   0.100000E+001  -0.372248E-001  -0.254433E-001
   0.136273E+001   0.100000E+001  -0.369877E-001  -0.418946E-001
   0.144289E+001   0.100000E+001  -0.364639E-001  -0.582157E-001
   0.152305E+001   0.100000E+001  -0.356471E-001  -0.742876E-001
   0.160321E+001   0.100000E+001  -0.345224E-001  -0.899780E-001
   0.168337E+001   0.100000E+001  -0.330628E-001  -0.105139E+000
   0.176353E+001   0.100000E+001  -0.312264E-001  -0.119609E+000
   0.184369E+001   0.100000E+001  -0.289566E-001  -0.133213E+000
   0.192385E+001   0.100000E+001  -0.261877E-001  -0.145771E+000
   0.200401E+001   0.100000E+001  -0.228525E-001  -0.157088E+000
   0.208417E+001   0.100000E+001  -0.188908E-001  -0.166956E+000
   0.216433E+001   0.100000E+001  -0.142543E-001  -0.175142E+000
   0.224449E+001   0.100000E+001  -0.891050E-002  -0.181383E+000
   0.232465E+001   0.100000E+001  -0.284607E-002  -0.185388E+000
   0.240481E+001   0.100000E+001   0.392523E-002  -0.186843E+000
   0.248497E+001   0.100000E+001   0.113476E-001  -0.185419E+000
   0.256513E+001   0.100000E+001   0.193028E-001  -0.180793E+000
   0.264529E+001   0.100000E+001   0.275898E-001  -0.172669E+000
   0.272545E+001   0.100000E+001   0.359086E-001  -0.160817E+000
   0.280561E+001   0.100000E+001   0.438563E-001  -0.145132E+000
   0.288577E+001   0.100000E+001   0.509425E-001  -0.125717E+000
   0.296593E+001   0.100000E+001   0.566324E-001  -0.102970E+000
   0.304609E+001   0.100000E+001   0.604213E-001  -0.776393E-001
   0.312625E+001   0.100000E+001   0.619296E-001  -0.508100E-001
   0.320641E+001   0.100000E+001   0.609916E-001  -0.237867E-001
   0.328657E+001   0.100000E+001   0.577001E-001   0.209728E-002
   0.336673E+001   0.100000E+001   0.523860E-001   0.256805E-001
   0.344689E+001   0.100000E+001   0.455401E-001   0.461096E-001
   0.352705E+001   0.100000E+001   0.377102E-001   0.628804E-001
   0.360721E+001   0.100000E+001   0.294116E-001   0.757992E-001
   0.368737E+001   0.100000E+001   0.210715E-001   0.849074E-001
   0.376754E+001   0.100000E+001   0.130086E-001   0.904027E-001
   0.384770E+001   0.100000E+001   0.543823E-002   0.925753E-001
   0.392786E+001   0.100000E+001  -0.151052E-002   0.917617E-001
   0.400802E+001   0.100000E+001  -0.777399E-002   0.883126E-001
   0.408818E+001   0.100000E+001  -0.133345E-001   0.825706E-001
   0.416834E+001   0.100000E+001  -0.182041E-001   0.748561E-001
   0.424850E+001   0.100000E+001  -0.224135E-001   0.654598E-001
   0.432866E+001   0.100000E+001  -0.260042E-001   0.546402E-001
   0.440882E+001   0.100000E+001  -0.290241E-001   0.426241E-001
   0.448898E+001   0.100000E+001  -0.315240E-001   0.296106E-001
   0.456914E+001   0.100000E+001  -0.335553E-001   0.157758E-001
   0.464930E+001   0.100000E+001  -0.351665E-001   0.127698E-002
   0.472946E+001   0.100000E+001  -0.364006E-001  -0.137437E-001
   0.480962E+001   0.100000E+001  -0.372926E-001  -0.291569E-001
   0.488978E+001   0.100000E+001  -0.378682E-001  -0.448448E-001
   0.496994E+001   0.100000E+001  -0.381436E-001  -0.606994E-001
   0.505010E+001   0.100000E+001  -0.381268E-001  -0.766199E-001
   0.513026E+001   0.100000E+001  -0.378186E-001  -0.925091E-001
   0.521042E+001   0.100000E+001  -0.372141E-001  -0.108268E+000
   0.529058E+001   0.100000E+001  -0.363021E-001  -0.123793E+000
   0.537074E+001   0.100000E+001  -0.350645E-001  -0.138966E+000
   0.545090E+001   0.100000E+001  -0.334758E-001  -0.153657E+000
   0.553106E+001   0.100000E+001  -0.315011E-001  -0.167719E+000
   0.561122E+001   0.100000E+001  -0.290955E-001  -0.180984E+000
   0.569138E+001   0.100000E+001  -0.262048E-001  -0.193270E+000
   0.577154E+001   0.100000E+001  -0.227691E-001  -0.204372E+000
   0.585170E+001   0.100000E+001  -0.187270E-001  -0.214067E+000
   0.593186E+001   0.100000E+001  -0.140224E-001  -0.222106E+000
   0.601202E+001   0.100000E+001  -0.861245E-002  -0.228212E+000
   0.609218E+001   0.100000E+001  -0.247289E-002  -0.232082E+000
   0.617234E+001   0.100000E+001   0.438474E-002  -0.233384E+000
   0.625251E+001   0.100000E+001   0.118987E-001  -0.231768E+000
   0.633267E+001   0.100000E+001   0.199438E-001  -0.226889E+000
   0.641283E+001   0.100000E+001   0.283068E-001  -0.218433E+000
   0.649299E+001   0.100000E+001   0.366742E-001  -0.206175E+000
   0.657315E+001   0.100000E+001   0.446309E-001  -0.190038E+000
   0.665331E+001   0.100000E+001   0.516649E-001  -0.170175E+000
   0.673347E+001   0.100000E+001   0.572149E-001  -0.147055E+000
   0.681363E+001   0.100000E+001   0.607939E-001  -0.121497E+000
   0.689379E+001   0.100000E+001   0.620561E-001  -0.946193E-001
   0.697395E+001   0.100000E+001   0.608649E-001  -0.677220E-001
   0.705411E+001   0.100000E+001   0.573657E-001  -0.421205E-001
   0.713427E+001   0.100000E+001   0.519241E-001  -0.189408E-001
   0.721443E+001   0.100000E+001   0.450346E-001   0.102949E-002
   0.729459E+001   0.100000E+001   0.372326E-001   0.173571E-001
   0.737475E+001   0.100000E+001   0.290103E-001   0.299010E-001
   0.745491E+001   0.100000E+001   0.207707E-001   0.387392E-001
   0.753507E+001   0.100000E+001   0.128175E-001   0.440948E-001
   0.761523E+001   0.100000E+001   0.533913E-002   0.462644E-001
   0.769539E+001   0.100000E+001  -0.153313E-002   0.455650E-001
   0.777555E+001   0.100000E+001  -0.773665E-002   0.423136E-001
   0.785571E+001   0.100000E+001  -0.132548E-001   0.368128E-001
   0.793587E+001   0.100000E+001  -0.180937E-001   0.293416E-001
   0.801603E+001   0.100000E+001  -0.222904E-001   0.201569E-001
   0.809619E+001   0.100000E+001  -0.259007E-001   0.949453E-002
   0.817635E+001   0.100000E+001  -0.289802E-001  -0.243136E-002
   0.825651E+001   0.100000E+001  -0.315824E-001  -0.154260E-001
   0.833667E+001   0.100000E+001  -0.337539E-001  -0.293142E-001
   0.841683E+001   0.100000E+001  -0.355266E-001  -0.439419E-001
   0.849699E+001   0.100000E+001  -0.369111E-001  -0.591703E-001
   0.857715E+001   0.100000E+001  -0.379174E-001  -0.748633E-001
   0.865731E+001   0.100000E+001  -0.385587E-001  -0.908831E-001
   0.873747E+001   0.100000E+001  -0.388326E-001  -0.107092E+000
   0.881764E+001   0.100000E+001  -0.387286E-001  -0.123349E+000
   0.889780E+001   0.100000E+001  -0.382322E-001  -0.139512E+000
   0.897796E+001   0.100000E+001  -0.373341E-001  -0.155429E+000
   0.905812E+001   0.100000E+001  -0.360349E-001  -0.170941E+000
   0.913828E+001   0.100000E+001  -0.343331E-001  -0.185886E+000
   0.921844E+001   0.100000E+001  -0.322381E-001  -0.200105E+000
   0.929860E+001   0.100000E+001  -0.297849E-001  -0.213450E+000
   0.937876E+001   0.100000E+001  -0.270203E-001  -0.225790E+000
   0.945892E+001   0.100000E+001  -0.239555E-001  -0.237017E+000
   0.953908E+001   0.100000E+001  -0.205495E-001  -0.247029E+000
   0.961924E+001   0.100000E+001  -0.167184E-001  -0.255704E+000
   0.969940E+001   0.100000E+001  -0.123502E-001  -0.262868E+000
   0.977956E+001   0.100000E+001  -0.735210E-002  -0.268280E+000
   0.985972E+001   0.100000E+001  -0.169430E-002  -0.271628E+000
   0.993988E+001   0.100000E+001   0.460759E-002  -0.272555E+000
   0.100200E+002   0.100000E+001   0.114601E-001  -0.270696E+000
   0.101002E+002   0.100000E+001   0.187346E-001  -0.265717E+000
   0.101804E+002   0.100000E+001   0.262506E-001  -0.257352E+000
   0.102605E+002   0.100000E+001   0.337746E-001  -0.245429E+000
   0.103407E+002   0.100000E+001   0.410409E-001  -0.229902E+000
   0.104208E+002   0.100000E+001   0.476963E-001  -0.210878E+000
   0.105010E+002   0.100000E+001   0.533223E-001  -0.188654E+000
   0.105812E+002   0.100000E+001   0.574884E-001  -0.163762E+000
   0.106613E+002   0.100000E+001   0.597381E-001  -0.136990E+000
   0.107415E+002   0.100000E+001   0.596959E-001  -0.109375E+000
   0.108216E+002   0.100000E+001   0.572174E-001  -0.821474E-001
   0.109018E+002   0.100000E+001   0.524474E-001  -0.566030E-001
   0.109820E+002   0.100000E+001   0.458226E-001  -0.339342E-001
   0.110621E+002   0.100000E+001   0.379437E-001  -0.150447E-001
   0.111423E+002   0.100000E+001   0.294574E-001  -0.426155E-003
   0.112224E+002   0.100000E+001   0.208888E-001   0.986704E-002
   0.113026E+002   0.100000E+001   0.125969E-001   0.161269E-001
   0.113828E+002   0.100000E+001   0.482111E-002   0.188293E-001
   0.114629E+002   0.100000E+001  -0.228939E-002   0.184823E-001
   0.115431E+002   0.100000E+001  -0.866238E-002   0.155329E-001
   0.116232E+002   0.100000E+001  -0.142428E-001   0.103407E-001
   0.117034E+002   0.100000E+001  -0.190342E-001   0.320739E-002
   0.117836E+002   0.100000E+001  -0.230676E-001  -0.559158E-002
   0.118637E+002   0.100000E+001  -0.263957E-001  -0.157851E-001
   0.119439E+002   0.100000E+001  -0.290878E-001  -0.271058E-001
   0.120240E+002   0.100000E+001  -0.312118E-001  -0.393027E-001
   0.121042E+002   0.100000E+001  -0.328279E-001  -0.521542E-001
   0.121844E+002   0.100000E+001  -0.340104E-001  -0.654749E-001
   0.122645E+002   0.100000E+001  -0.348367E-001  -0.791178E-001
   0.123447E+002   0.100000E+001  -0.353585E-001  -0.929703E-001
   0.124248E+002   0.100000E+001  -0.355971E-001  -0.106946E+000
   0.125050E+002   0.100000E+001  -0.355753E-001  -0.120973E+000
   0.125852E+002   0.100000E+001  -0.353236E-001  -0.134985E+000
   0.126653E+002   0.100000E+001  -0.348659E-001  -0.148913E+000
   0.127455E+002   0.100000E+001  -0.342171E-001  -0.162685E+000
   0.128257E+002   0.100000E+001  -0.333623E-001  -0.176223E+000
   0.129058E+002   0.100000E+001  -0.322498E-001  -0.189439E+000
   0.129860E+002   0.100000E+001  -0.308355E-001  -0.202227E+000
   0.130661E+002   0.100000E+001  -0.290897E-001  -0.214465E+000
   0.131463E+002   0.100000E+001  -0.269713E-001  -0.226012E+000
   0.132265E+002   0.100000E+001  -0.244261E-001  -0.236708E+000
   0.133066E+002   0.100000E+001  -0.214087E-001  -0.246375E+000
   0.133868E+002   0.100000E+001  -0.178775E-001  -0.254807E+000
   0.134669E+002   0.100000E+001  -0.138136E-001  -0.261773E+000
   0.135471E+002   0.100000E+001  -0.918371E-002  -0.267021E+000
   0.136273E+002   0.100000E+001  -0.398418E-002  -0.270282E+000
   0.137074E+002   0.100000E+001   0.181059E-002  -0.271277E+000
   0.137876E+002   0.100000E+001   0.818078E-002  -0.269722E+000
   0.138677E+002   0.100000E+001   0.151137E-001  -0.265338E+000
   0.139479E+002   0.100000E+001   0.224783E-001  -0.257865E+000
   0.140281E+002   0.100000E+001   0.301148E-001  -0.247091E+000
   0.141082E+002   0.100000E+001   0.377479E-001  -0.232900E+000
   0.141884E+002   0.100000E+001   0.449400E-001  -0.215316E+000
   0.142685E+002   0.100000E+001   0.511330E-001  -0.194580E+000
   0.143487E+002   0.100000E+001   0.557716E-001  -0.171205E+000
   0.144289E+002   0.100000E+001   0.582495E-001  -0.145987E+000
   0.145090E+002   0.100000E+001   0.582942E-001  -0.119992E+000
   0.145892E+002   0.100000E+001   0.558912E-001  -0.944414E-001
   0.146693E+002   0.100000E+001   0.512939E-001  -0.705568E-001
   0.147495E+002   0.100000E+001   0.450011E-001  -0.494018E-001
   0.148297E+002   0.100000E+001   0.376562E-001  -0.317467E-001
   0.149098E+002   0.100000E+001   0.298154E-001  -0.180027E-001
   0.149900E+002   0.100000E+001   0.218647E-001  -0.823781E-002
   0.150701E+002   0.100000E+001   0.140921E-001  -0.225985E-002
   0.151503E+002   0.100000E+001   0.680017E-002   0.274359E-003
   0.152305E+002   0.100000E+001   0.115158E-003  -0.209831E-003
   0.153106E+002   0.100000E+001  -0.583869E-002  -0.327408E-002
   0.153908E+002   0.100000E+001  -0.109692E-001  -0.849706E-002
   0.154709E+002   0.100000E+001  -0.153871E-001  -0.154849E-001
   0.155511E+002   0.100000E+001  -0.192162E-001  -0.239038E-001
   0.156313E+002   0.100000E+001  -0.224879E-001  -0.334917E-001
   0.157114E+002   0.100000E+001  -0.252058E-001  -0.440468E-001
   0.157916E+002   0.100000E+001  -0.274164E-001  -0.554084E-001
   0.158717E+002   0.100000E+001  -0.292304E-001  -0.674384E-001
   0.159519E+002   0.100000E+001  -0.307249E-001  -0.800211E-001
   0.160321E+002   0.100000E+001  -0.319192E-001  -0.930614E-001
   0.161122E+002   0.100000E+001  -0.328113E-001  -0.106474E+000
   0.161924E+002   0.100000E+001  -0.333769E-001  -0.120172E+000
   0.162725E+002   0.100000E+001  -0.336303E-001  -0.134054E+000
   0.163527E+002   0.100000E+001  -0.336409E-001  -0.148002E+000
   0.164329E+002   0.100000E+001  -0.334598E-001  -0.161899E+000
   0.165130E+002   0.100000E+001  -0.330854E-001  -0.175646E+000
   0.165932E+002   0.100000E+001  -0.324784E-001  -0.189168E+000
   0.166733E+002   0.100000E+001  -0.315934E-001  -0.202409E+000
   0.167535E+002   0.100000E+001  -0.304081E-001  -0.215312E+000
   0.168337E+002   0.100000E+001  -0.289330E-001  -0.227811E+000
   0.169138E+002   0.100000E+001  -0.271765E-001  -0.239813E+000
   0.169940E+002   0.100000E+001  -0.251063E-001  -0.251192E+000
   0.170741E+002   0.100000E+001  -0.226734E-001  -0.261787E+000
   0.171543E+002   0.100000E+001  -0.198674E-001  -0.271397E+000
   0.172345E+002   0.100000E+001  -0.166474E-001  -0.279794E+000
   0.173146E+002   0.100000E+001  -0.129760E-001  -0.286736E+000
   0.173948E+002   0.100000E+001  -0.884350E-002  -0.291985E+000
   0.174749E+002   0.100000E+001  -0.422495E-002  -0.295313E+000
   0.175551E+002   0.100000E+001   0.979778E-003  -0.296507E+000
   0.176353E+002   0.100000E+001   0.682247E-002  -0.295355E+000
   0.177154E+002   0.100000E+001   0.132411E-001  -0.291636E+000
   0.177956E+002   0.100000E+001   0.200857E-001  -0.285136E+000
   0.178758E+002   0.100000E+001   0.271542E-001  -0.275676E+000
   0.179559E+002   0.100000E+001   0.342098E-001  -0.263171E+000
   0.180361E+002   0.100000E+001   0.408772E-001  -0.247676E+000
   0.181162E+002   0.100000E+001   0.467130E-001  -0.229453E+000
   0.181964E+002   0.100000E+001   0.512537E-001  -0.209005E+000
   0.182766E+002   0.100000E+001   0.541221E-001  -0.187081E+000
   0.183567E+002   0.100000E+001   0.550330E-001  -0.164619E+000
   0.184369E+002   0.100000E+001   0.539107E-001  -0.142655E+000
   0.185170E+002   0.100000E+001   0.508181E-001  -0.122194E+000
   0.185972E+002   0.100000E+001   0.459974E-001  -0.104091E+000
   0.186774E+002   0.100000E+001   0.397969E-001  -0.889560E-001
   0.187575E+002   0.100000E+001   0.328290E-001  -0.771094E-001
   0.188377E+002   0.100000E+001   0.256791E-001  -0.685691E-001
   0.189178E+002   0.100000E+001   0.187531E-001  -0.631007E-001
   0.189980E+002   0.100000E+001   0.122174E-001  -0.603140E-001
   0.190782E+002   0.100000E+001   0.614816E-002  -0.597838E-001
   0.191583E+002   0.100000E+001   0.520602E-003  -0.611363E-001
   0.192385E+002   0.100000E+001  -0.463633E-002  -0.640984E-001
   0.193186E+002   0.100000E+001  -0.928582E-002  -0.684868E-001
   0.193988E+002   0.100000E+001  -0.133827E-001  -0.741763E-001
   0.194790E+002   0.100000E+001  -0.169593E-001  -0.810572E-001
   0.195591E+002   0.100000E+001  -0.200293E-001  -0.890201E-001
   0.196393E+002   0.100000E+001  -0.226137E-001  -0.979467E-001
   0.197194E+002   0.100000E+001  -0.247549E-001  -0.107709E+000
   0.197996E+002   0.100000E+001  -0.264863E-001  -0.118177E+000
   0.198798E+002   0.100000E+001  -0.278255E-001  -0.129214E+000
   0.199599E+002   0.100000E+001  -0.288073E-001  -0.140689E+000
   0.200401E+002   0.100000E+001  -0.294899E-001  -0.152471E+000
   0.201202E+002   0.100000E+001  -0.299388E-001  -0.164449E+000
   0.202004E+002   0.100000E+001  -0.302186E-001  -0.176536E+000
   0.202806E+002   0.100000E+001  -0.303736E-001  -0.188677E+000
   0.203607E+002   0.100000E+001  -0.304272E-001  -0.200845E+000
   0.204409E+002   0.100000E+001  -0.303847E-001  -0.213026E+000
   0.205210E+002   0.100000E+001  -0.302308E-001  -0.225206E+000
   0.206012E+002   0.100000E+001  -0.299236E-001  -0.237357E+000
   0.206814E+002   0.100000E+001  -0.294042E-001  -0.249423E+000
   0.207615E+002   0.100000E+001  -0.285987E-001  -0.261317E+000
   0.208417E+002   0.100000E+001  -0.274423E-001  -0.272912E+000
   0.209218E+002   0.100000E+001  -0.258686E-001  -0.284048E+000
   0.210020E+002   0.100000E+001  -0.238141E-001  -0.294534E+000
   0.210822E+002   0.100000E+001  -0.212444E-001  -0.304153E+000
   0.211623E+002   0.100000E+001  -0.181206E-001  -0.312673E+000
   0.212425E+002   0.100000E+001  -0.144380E-001  -0.319850E+000
   0.213226E+002   0.100000E+001  -0.101940E-001  -0.325443E+000
   0.214028E+002   0.100000E+001  -0.539268E-002  -0.329212E+000
   0.214830E+002   0.100000E+001  -0.787969E-004  -0.330923E+000
   0.215631E+002   0.100000E+001   0.569023E-002  -0.330356E+000
   0.216433E+002   0.100000E+001   0.118055E-001  -0.327309E+000
   0.217234E+002   0.100000E+001   0.181342E-001  -0.321613E+000
   0.218036E+002   0.100000E+001   0.245025E-001  -0.313155E+000
   0.218838E+002   0.100000E+001   0.307109E-001  -0.301895E+000
   0.219639E+002   0.100000E+001   0.365122E-001  -0.287895E+000
   0.220441E+002   0.100000E+001   0.416694E-001  -0.271334E+000
   0.221242E+002   0.100000E+001   0.459092E-001  -0.252531E+000
   0.222044E+002   0.100000E+001   0.489940E-001  -0.231958E+000
   0.222846E+002   0.100000E+001   0.507566E-001  -0.210214E+000
   0.223647E+002   0.100000E+001   0.511080E-001  -0.187990E+000
   0.224449E+002   0.100000E+001   0.500260E-001  -0.165999E+000
   0.225251E+002   0.100000E+001   0.476053E-001  -0.144917E+000
   0.226052E+002   0.100000E+001   0.440175E-001  -0.125325E+000
   0.226854E+002   0.100000E+001   0.394946E-001  -0.107667E+000
   0.227655E+002   0.100000E+001   0.343188E-001  -0.922462E-001
   0.228457E+002   0.100000E+001   0.287099E-001  -0.792332E-001
   0.229259E+002   0.100000E+001   0.228773E-001  -0.687033E-001
   0.230060E+002   0.100000E+001   0.169845E-001  -0.606656E-001
   0.230862E+002   0.100000E+001   0.111403E-001  -0.550767E-001
   0.231663E+002   0.100000E+001   0.545345E-002  -0.518575E-001
   0.232465E+002   0.100000E+001   0.213975E-004  -0.509026E-001
   0.233267E+002   0.100000E+001  -0.508186E-002  -0.520763E-001
   0.234068E+002   0.100000E+001  -0.979699E-002  -0.552146E-001
   0.234870E+002   0.100000E+001  -0.140752E-001  -0.601357E-001
   0.235671E+002   0.100000E+001  -0.178872E-001  -0.666468E-001
   0.236473E+002   0.100000E+001  -0.212206E-001  -0.745497E-001
   0.237275E+002   0.100000E+001  -0.240746E-001  -0.836451E-001
   0.238076E+002   0.100000E+001  -0.264572E-001  -0.937371E-001
   0.238878E+002   0.100000E+001  -0.283868E-001  -0.104636E+000
   0.239679E+002   0.100000E+001  -0.298905E-001  -0.116165E+000
   0.240481E+002   0.100000E+001  -0.310001E-001  -0.128160E+000
   0.241283E+002   0.100000E+001  -0.317468E-001  -0.140473E+000
   0.242084E+002   0.100000E+001  -0.321594E-001  -0.152970E+000
   0.242886E+002   0.100000E+001  -0.322651E-001  -0.165524E+000
   0.243687E+002   0.100000E+001  -0.320917E-001  -0.178024E+000
   0.244489E+002   0.100000E+001  -0.316687E-001  -0.190368E+000
   0.245291E+002   0.100000E+001  -0.310249E-001  -0.202470E+000
   0.246092E+002   0.100000E+001  -0.301845E-001  -0.214258E+000
   0.246894E+002   0.100000E+001  -0.291632E-001  -0.225672E+000
   0.247695E+002   0.100000E+001  -0.279638E-001  -0.236660E+000
   0.248497E+002   0.100000E+001  -0.265742E-001  -0.247170E+000
   0.249299E+002   0.100000E+001  -0.249659E-001  -0.257141E+000
   0.250100E+002   0.100000E+001  -0.230933E-001  -0.266500E+000
   0.250902E+002   0.100000E+001  -0.208952E-001  -0.275149E+000
   0.251703E+002   0.100000E+001  -0.182968E-001  -0.282959E+000
   0.252505E+002   0.100000E+001  -0.152147E-001  -0.289765E+000
   0.253307E+002   0.100000E+001  -0.115625E-001  -0.295360E+000
   0.254108E+002   0.100000E+001  -0.725916E-002  -0.299494E+000
   0.254910E+002   0.100000E+001  -0.223972E-002  -0.301872E+000
   0.255711E+002   0.100000E+001   0.353145E-002  -0.302161E+000
   0.256513E+002   0.100000E+001   0.100446E-001  -0.299994E+000
   0.257315E+002   0.100000E+001   0.172260E-001  -0.294991E+000
   0.258116E+002   0.100000E+001   0.249181E-001  -0.286778E+000
   0.258918E+002   0.100000E+001   0.328577E-001  -0.275032E+000
   0.259719E+002   0.100000E+001   0.406601E-001  -0.259544E+000
   0.260521E+002   0.100000E+001   0.478203E-001  -0.240307E+000
   0.261323E+002   0.100000E+001   0.537535E-001  -0.217625E+000
   0.262124E+002   0.100000E+001   0.578910E-001  -0.192185E+000
   0.262926E+002   0.100000E+001   0.598138E-001  -0.165049E+000
   0.263727E+002   0.100000E+001   0.593698E-001  -0.137507E+000
   0.264529E+002   0.100000E+001   0.567069E-001  -0.110845E+000
   0.265331E+002   0.100000E+001   0.522036E-001  -0.861240E-001
   0.266132E+002   0.100000E+001   0.463454E-001  -0.640787E-001
   0.266934E+002   0.100000E+001   0.396157E-001  -0.451205E-001
   0.267735E+002   0.100000E+001   0.324356E-001  -0.294066E-001
   0.268537E+002   0.100000E+001   0.251450E-001  -0.169161E-001
   0.269339E+002   0.100000E+001   0.180025E-001  -0.751085E-002
   0.270140E+002   0.100000E+001   0.111929E-001  -0.982213E-003
   0.270942E+002   0.100000E+001   0.483478E-002   0.291519E-002
   0.271743E+002   0.100000E+001  -0.101097E-002   0.443669E-002
   0.272545E+002   0.100000E+001  -0.632862E-002   0.382780E-002
   0.273347E+002   0.100000E+001  -0.111332E-001   0.131189E-002
   0.274148E+002   0.100000E+001  -0.154553E-001  -0.291462E-002
   0.274950E+002   0.100000E+001  -0.193279E-001  -0.868057E-002
   0.275752E+002   0.100000E+001  -0.227764E-001  -0.158334E-001
   0.276553E+002   0.100000E+001  -0.258136E-001  -0.242297E-001
   0.277355E+002   0.100000E+001  -0.284397E-001  -0.337263E-001
   0.278156E+002   0.100000E+001  -0.306457E-001  -0.441731E-001
   0.278958E+002   0.100000E+001  -0.324186E-001  -0.554100E-001
   0.279760E+002   0.100000E+001  -0.337464E-001  -0.672674E-001
   0.280561E+002   0.100000E+001  -0.346210E-001  -0.795692E-001
   0.281363E+002   0.100000E+001  -0.350385E-001  -0.921369E-001
   0.282164E+002   0.100000E+001  -0.349972E-001  -0.104792E+000
   0.282966E+002   0.100000E+001  -0.344943E-001  -0.117359E+000
   0.283768E+002   0.100000E+001  -0.335230E-001  -0.129662E+000
   0.284569E+002   0.100000E+001  -0.320707E-001  -0.141522E+000
   0.285371E+002   0.100000E+001  -0.301195E-001  -0.152756E+000
   0.286172E+002   0.100000E+001  -0.276492E-001  -0.163173E+000
   0.286974E+002   0.100000E+001  -0.246406E-001  -0.172569E+000
   0.287776E+002   0.100000E+001  -0.210812E-001  -0.180735E+000
   0.288577E+002   0.100000E+001  -0.169684E-001  -0.187452E+000
   0.289379E+002   0.100000E+001  -0.123125E-001  -0.192502E+000
   0.290180E+002   0.100000E+001  -0.713757E-002  -0.195671E+000
   0.290982E+002   0.100000E+001  -0.148180E-002  -0.196749E+000
   0.291784E+002   0.100000E+001   0.460125E-002  -0.195535E+000
   0.292585E+002   0.100000E+001   0.110374E-001  -0.191838E+000
   0.293387E+002   0.100000E+001   0.177203E-001  -0.185478E+000
   0.294188E+002   0.100000E+001   0.244923E-001  -0.176299E+000
   0.294990E+002   0.100000E+001   0.311211E-001  -0.164201E+000
   0.295792E+002   0.100000E+001   0.372801E-001  -0.149186E+000
   0.296593E+002   0.100000E+001   0.425483E-001  -0.131444E+000
   0.297395E+002   0.100000E+001   0.464481E-001  -0.111431E+000
   0.298196E+002   0.100000E+001   0.485332E-001  -0.899290E-001
   0.298998E+002   0.100000E+001   0.485116E-001  -0.680054E-001
   0.299800E+002   0.100000E+001   0.463560E-001  -0.468649E-001
   0.300601E+002   0.100000E+001   0.423387E-001  -0.276166E-001
   0.301403E+002   0.100000E+001   0.369639E-001  -0.110667E-001
   0.302204E+002   0.100000E+001   0.308319E-001   0.237486E-002
   0.303006E+002   0.100000E+001   0.245059E-001   0.126604E-001
   0.303808E+002   0.100000E+001   0.184309E-001   0.200006E-001
   0.304609E+002   0.100000E+001   0.129101E-001   0.247530E-001
   0.305411E+002   0.100000E+001   0.811674E-002   0.273370E-001
   0.306212E+002   0.100000E+001   0.412159E-002   0.281776E-001
   0.307014E+002   0.100000E+001   0.922286E-003   0.276738E-001
   0.307816E+002   0.100000E+001  -0.153130E-002   0.261827E-001
   0.308617E+002   0.100000E+001  -0.331735E-002   0.240123E-001
   0.309419E+002   0.100000E+001  -0.452777E-002   0.214203E-001
   0.310220E+002   0.100000E+001  -0.525799E-002   0.186158E-001
   0.311022E+002   0.100000E+001  -0.559989E-002   0.157627E-001
   0.311824E+002   0.100000E+001  -0.563710E-002   0.129848E-001
   0.312625E+002   0.100000E+001  -0.544226E-002   0.103722E-001
   0.313427E+002   0.100000E+001  -0.507616E-002   0.798746E-002
   0.314228E+002   0.100000E+001  -0.458878E-002   0.587205E-002
   0.315030E+002   0.100000E+001  -0.402182E-002   0.405130E-002
   0.315832E+002   0.100000E+001  -0.341172E-002   0.253712E-002
   0.316633E+002   0.100000E+001  -0.279196E-002   0.132896E-002
   0.317435E+002   0.100000E+001  -0.219352E-002   0.413599E-003
   0.318236E+002   0.100000E+001  -0.164353E-002  -0.234627E-003
   0.319038E+002   0.100000E+001  -0.116283E-002  -0.651985E-003
   0.319840E+002   0.100000E+001  -0.763884E-003  -0.881701E-003
   0.320641E+002   0.100000E+001  -0.450146E-003  -0.969158E-003
   0.321443E+002   0.100000E+001  -0.217186E-003  -0.957231E-003
   0.322244E+002   0.100000E+001  -0.549950E-004  -0.882837E-003
   0.323046E+002   0.100000E+001   0.493396E-004  -0.775156E-003
   0.323848E+002   0.100000E+001   0.109305E-003  -0.655396E-003
   0.324649E+002   0.100000E+001   0.137330E-003  -0.537624E-003
   0.325451E+002   0.100000E+001   0.143879E-003  -0.430137E-003
   0.326253E+002   0.100000E+001   0.137147E-003  -0.336971E-003
   0.327054E+002   0.100000E+001   0.123150E-003  -0.259272E-003
   0.327856E+002   0.100000E+001   0.106033E-003  -0.196402E-003
   0.328657E+002   0.100000E+001   0.884584E-004  -0.146764E-003
   0.329459E+002   0.100000E+001   0.719909E-004  -0.108366E-003
   0.330261E+002   0.100000E+001   0.574251E-004  -0.791712E-004
   0.331062E+002   0.100000E+001   0.450516E-004  -0.573003E-004
   0.331864E+002   0.100000E+001   0.348532E-004  -0.411251E-004
   0.332665E+002   0.100000E+001   0.266436E-004  -0.292957E-004
   0.333467E+002   0.100000E+001   0.201595E-004  -0.207295E-004
   0.334269E+002   0.100000E+001   0.151180E-004  -0.145801E-004
   0.335070E+002   0.100000E+001   0.112492E-004  -0.101997E-004
   0.335872E+002   0.100000E+001   0.831352E-005  -0.710077E-005
   0.336673E+002   0.100000E+001   0.610705E-005  -0.492190E-005
   0.337475E+002   0.100000E+001   0.446239E-005  -0.339830E-005
   0.338277E+002   0.100000E+001   0.324533E-005  -0.233811E-005
   0.339078E+002   0.100000E+001   0.235037E-005  -0.160363E-005
   0.339880E+002   0.100000E+001   0.169591E-005  -0.109678E-005
   0.340681E+002   0.100000E+001   0.121966E-005  -0.748238E-006
   0.341483E+002   0.100000E+001   0.874578E-006  -0.509313E-006
   0.342285E+002   0.100000E+001   0.625498E-006  -0.345986E-006
   0.343086E+002   0.100000E+001   0.446316E-006  -0.234616E-006
   0.343888E+002   0.100000E+001   0.317805E-006  -0.158842E-006
   0.344689E+002   0.100000E+001   0.225879E-006  -0.107389E-006
   0.345491E+002   0.100000E+001   0.160278E-006  -0.725113E-007
   0.346293E+002   0.100000E+001   0.113563E-006  -0.489065E-007
   0.347094E+002   0.100000E+001   0.803571E-007  -0.329529E-007
   0.347896E+002   0.100000E+001   0.567939E-007  -0.221836E-007
   0.348697E+002   0.100000E+001   0.400978E-007  -0.149219E-007
   0.349499E+002   0.100000E+001   0.282831E-007  -0.100301E-007
   0.350301E+002   0.100000E+001   0.199325E-007  -0.673751E-008
   0.351102E+002   0.100000E+001   0.140366E-007  -0.452309E-008
   0.351904E+002   0.100000E+001   0.987777E-008  -0.303481E-008
   0.352705E+002   0.100000E+001   0.694669E-008  -0.203519E-008
   0.353507E+002   0.100000E+001   0.488251E-008  -0.136416E-008
   0.354309E+002   0.100000E+001   0.342985E-008  -0.913957E-009
   0.355110E+002   0.100000E+001   0.240819E-008  -0.612053E-009
   0.355912E+002   0.100000E+001   0.169007E-008  -0.409694E-009
   0.356713E+002   0.100000E+001   0.118557E-008  -0.274118E-009
   0.357515E+002   0.100000E+001   0.831329E-009  -0.183325E-009
   0.358317E+002   0.100000E+001   0.582700E-009  -0.122548E-009
   0.359118E+002   0.100000E+001   0.408272E-009  -0.818816E-010
   0.359920E+002   0.100000E+001   0.285952E-009  -0.546833E-010
   0.360721E+002   0.100000E+001   0.200206E-009  -0.365007E-010
   0.361523E+002   0.100000E+001   0.140120E-009  -0.243508E-010
   0.362325E+002   0.100000E+001   0.980319E-010  -0.162360E-010
   0.363126E+002   0.100000E+001   0.685604E-010  -0.108189E-010
   0.363928E+002   0.100000E+001   0.479309E-010  -0.720454E-011
   0.364729E+002   0.100000E+001   0.334958E-010  -0.479440E-011
   0.365531E+002   0.100000E+001   0.233987E-010  -0.318820E-011
   0.366333E+002   0.100000E+001   0.163385E-010  -0.211845E-011
   0.367134E+002   0.100000E+001   0.114038E-010  -0.140647E-011
   0.367936E+002   0.100000E+001   0.795584E-011  -0.932945E-012
   0.368737E+002   0.100000E+001   0.554775E-011  -0.618253E-012
   0.369539E+002   0.100000E+001   0.386660E-011  -0.409292E-012
   0.370341E+002   0.100000E+001   0.269345E-011  -0.270660E-012
   0.371142E+002   0.100000E+001   0.187518E-011  -0.178774E-012
   0.371944E+002   0.100000E+001   0.130471E-011  -0.117933E-012
   0.372745E+002   0.100000E+001   0.907196E-012  -0.776926E-013
   0.373547E+002   0.100000E+001   0.630359E-012  -0.511082E-013
   0.374349E+002   0.100000E+001   0.437675E-012  -0.335676E-013
   0.375150E+002   0.100000E+001   0.303645E-012  -0.220097E-013
   0.375952E+002   0.100000E+001   0.210477E-012  -0.144052E-013
   0.376754E+002   0.100000E+001   0.145760E-012  -0.940951E-014
   0.377555E+002   0.100000E+001   0.100839E-012  -0.613324E-014
   0.378357E+002   0.100000E+001   0.696860E-013  -0.398851E-014
   0.379158E+002   0.100000E+001   0.480996E-013  -0.258727E-014
   0.379960E+002   0.100000E+001   0.331567E-013  -0.167374E-014
   0.380762E+002   0.100000E+001   0.228235E-013  -0.107954E-014
   0.381563E+002   0.100000E+001   0.156861E-013  -0.694031E-015
   0.382365E+002   0.100000E+001   0.107622E-013  -0.444597E-015
   0.383166E+002   0.100000E+001   0.736993E-014  -0.283692E-015
   0.383968E+002   0.100000E+001   0.503634E-014  -0.180236E-015
   0.384770E+002   0.100000E+001   0.343364E-014  -0.113958E-015
   0.385571E+002   0.100000E+001   0.233487E-014  -0.716669E-016
   0.386373E+002   0.100000E+001   0.158308E-014  -0.448007E-016
   0.387174E+002   0.100000E+001   0.106983E-014  -0.278173E-016
   0.387976E+002   0.100000E+001   0.720283E-015  -0.171404E-016
   0.388778E+002   0.100000E+001   0.482882E-015  -0.104698E-016
   0.389579E+002   0.100000E+001   0.322147E-015  -0.633132E-017
   0.390381E+002   0.100000E+001   0.213701E-015  -0.378444E-017
   0.391182E+002   0.100000E+001   0.140829E-015  -0.223151E-017
   0.391984E+002   0.100000E+001   0.920911E-016  -0.129482E-017
   0.392786E+002   0.100000E+001   0.596720E-016  -0.736986E-018
   0.393587E+002   0.100000E+001   0.382479E-016  -0.409797E-018
   0.394389E+002   0.100000E+001   0.241999E-016  -0.221398E-018
   0.395190E+002   0.100000E+001   0.150747E-016  -0.115349E-018
   0.395992E+002   0.100000E+001   0.921297E-017  -0.573184E-019
   0.396794E+002   0.100000E+001   0.549378E-017  -0.266749E-019
   0.397595E+002   0.100000E+001   0.315885E-017  -0.112246E-019
   0.398397E+002   0.100000E+001   0.169110E-017  -0.392419E-020
   0.399198E+002   0.100000E+001   0.726560E-018  -0.820270E-021
   0.400000E+002   0.100000E+001   0.000000E+000  -0.000000E+000
   0.400802E+002   0.100000E+001   0.338356E-017  -0.636423E-021

