  -0.801603E-001   0.100000E+001   0.238325E-002  -0.179160E+000
   0.000000E+000   0.100000E+001  -0.193510E-001  -0.131271E+000
   0.801603E-001   0.100000E+001  -0.147816E-001  -0.140166E+000
   0.160321E+000   0.100000E+001  -0.958321E-002  -0.147210E+000
   0.240481E+000   0.100000E+001  -0.368254E-002  -0.152110E+000
   0.320641E+000   0.100000E+001   0.289596E-002  -0.154554E+000
   0.400802E+000   0.100000E+001   0.101461E-001  -0.154198E+000
   0.480962E+000   0.100000E+001   0.179593E-001  -0.150710E+000
   0.561122E+000   0.100000E+001   0.261639E-001  -0.143774E+000
   0.641283E+000   0.100000E+001   0.344951E-001  -0.133129E+000
   0.721443E+000   0.100000E+001   0.425828E-001  -0.118635E+000
   0.801603E+000   0.100000E+001   0.499603E-001  -0.100340E+000
   0.881764E+000   0.100000E+001   0.560961E-001  -0.785703E-001
   0.961924E+000   0.100000E+001   0.604616E-001  -0.539926E-001
   0.104208E+001   0.100000E+001   0.626278E-001  -0.276205E-001
   0.112224E+001   0.100000E+001   0.623652E-001  -0.726236E-003
   0.120240E+001   0.100000E+001   0.597046E-001   0.253348E-001
   0.128257E+001   0.100000E+001   0.549293E-001   0.493316E-001
   0.136273E+001   0.100000E+001   0.485028E-001   0.703164E-001
   0.144289E+001   0.100000E+001   0.409652E-001   0.876896E-001
   0.152305E+001   0.100000E+001   0.328394E-001   0.101177E+000
   0.160321E+001   0.100000E+001   0.245675E-001   0.110757E+000
   0.168337E+001   0.100000E+001   0.164815E-001   0.116585E+000
   0.176353E+001   0.100000E+001   0.880305E-002   0.118927E+000
   0.184369E+001   0.100000E+001   0.166213E-002   0.118116E+000
   0.192385E+001   0.100000E+001  -0.487522E-002   0.114521E+000
   0.200401E+001   0.100000E+001  -0.107809E-001   0.108516E+000
   0.208417E+001   0.100000E+001  -0.160476E-001   0.100460E+000
   0.216433E+001   0.100000E+001  -0.206810E-001   0.906745E-001
   0.224449E+001   0.100000E+001  -0.246985E-001   0.794377E-001
   0.232465E+001   0.100000E+001  -0.281285E-001   0.669881E-001
   0.240481E+001   0.100000E+001  -0.310077E-001   0.535301E-001
   0.248497E+001   0.100000E+001  -0.333768E-001   0.392419E-001
   0.256513E+001   0.100000E+001  -0.352769E-001   0.242818E-001
   0.264529E+001   0.100000E+001  -0.367463E-001   0.879291E-002
   0.272545E+001   0.100000E+001  -0.378206E-001  -0.709432E-002
   0.280561E+001   0.100000E+001  -0.385309E-001  -0.232588E-001
   0.288577E+001   0.100000E+001  -0.389039E-001  -0.395865E-001
   0.296593E+001   0.100000E+001  -0.389602E-001  -0.559677E-001
   0.304609E+001   0.100000E+001  -0.387119E-001  -0.722948E-001
   0.312625E+001   0.100000E+001  -0.381606E-001  -0.884597E-001
   0.320641E+001   0.100000E+001  -0.372967E-001  -0.104351E+000
   0.328657E+001   0.100000E+001  -0.361001E-001  -0.119855E+000
   0.336673E+001   0.100000E+001  -0.345417E-001  -0.134847E+000
   0.344689E+001   0.100000E+001  -0.325844E-001  -0.149195E+000
   0.352705E+001   0.100000E+001  -0.301846E-001  -0.162754E+000
   0.360721E+001   0.100000E+001  -0.272944E-001  -0.175360E+000
   0.368737E+001   0.100000E+001  -0.238632E-001  -0.186827E+000
   0.376754E+001   0.100000E+001  -0.198390E-001  -0.196942E+000
   0.384770E+001   0.100000E+001  -0.151715E-001  -0.205464E+000
   0.392786E+001   0.100000E+001  -0.981579E-002  -0.212122E+000
   0.400802E+001   0.100000E+001  -0.374112E-002  -0.216618E+000
   0.408818E+001   0.100000E+001   0.305732E-002  -0.218633E+000
   0.416834E+001   0.100000E+001   0.105410E-001  -0.217829E+000
   0.424850E+001   0.100000E+001   0.186071E-001  -0.213871E+000
   0.432866E+001   0.100000E+001   0.270653E-001  -0.206441E+000
   0.440882E+001   0.100000E+001   0.356184E-001  -0.195283E+000
   0.448898E+001   0.100000E+001   0.438529E-001  -0.180263E+000
   0.456914E+001   0.100000E+001   0.512528E-001  -0.161453E+000
   0.464930E+001   0.100000E+001   0.572466E-001  -0.139225E+000
   0.472946E+001   0.100000E+001   0.612922E-001  -0.114323E+000
   0.480962E+001   0.100000E+001   0.629823E-001  -0.878473E-001
   0.488978E+001   0.100000E+001   0.621388E-001  -0.611482E-001
   0.496994E+001   0.100000E+001   0.588587E-001  -0.356164E-001
   0.505010E+001   0.100000E+001   0.534892E-001  -0.124641E-001
   0.513026E+001   0.100000E+001   0.465448E-001   0.743143E-002
   0.521042E+001   0.100000E+001   0.385990E-001   0.235743E-001
   0.529058E+001   0.100000E+001   0.301894E-001   0.358048E-001
   0.537074E+001   0.100000E+001   0.217579E-001   0.442076E-001
   0.545090E+001   0.100000E+001   0.136293E-001   0.490192E-001
   0.553106E+001   0.100000E+001   0.601669E-002   0.505550E-001
   0.561122E+001   0.100000E+001  -0.957923E-003   0.491613E-001
   0.569138E+001   0.100000E+001  -0.723958E-002   0.451861E-001
   0.577154E+001   0.100000E+001  -0.128187E-001   0.389639E-001
   0.585170E+001   0.100000E+001  -0.177142E-001   0.308061E-001
   0.593186E+001   0.100000E+001  -0.219612E-001   0.209976E-001
   0.601202E+001   0.100000E+001  -0.256044E-001   0.979428E-002
   0.609218E+001   0.100000E+001  -0.286938E-001  -0.257673E-002
   0.617234E+001   0.100000E+001  -0.312801E-001  -0.159163E-001
   0.625251E+001   0.100000E+001  -0.334134E-001  -0.300510E-001
   0.633267E+001   0.100000E+001  -0.351402E-001  -0.448305E-001
   0.641283E+001   0.100000E+001  -0.365013E-001  -0.601236E-001
   0.649299E+001   0.100000E+001  -0.375291E-001  -0.758126E-001
   0.657315E+001   0.100000E+001  -0.382451E-001  -0.917883E-001
   0.665331E+001   0.100000E+001  -0.386572E-001  -0.107947E+000
   0.673347E+001   0.100000E+001  -0.387613E-001  -0.124189E+000
   0.681363E+001   0.100000E+001  -0.385435E-001  -0.140413E+000
   0.689379E+001   0.100000E+001  -0.379835E-001  -0.156512E+000
   0.697395E+001   0.100000E+001  -0.370651E-001  -0.172369E+000
   0.705411E+001   0.100000E+001  -0.357739E-001  -0.187856E+000
   0.713427E+001   0.100000E+001  -0.340847E-001  -0.202835E+000
   0.721443E+001   0.100000E+001  -0.319649E-001  -0.217154E+000
   0.729459E+001   0.100000E+001  -0.293736E-001  -0.230632E+000
   0.737475E+001   0.100000E+001  -0.262640E-001  -0.243070E+000
   0.745491E+001   0.100000E+001  -0.225886E-001  -0.254252E+000
   0.753507E+001   0.100000E+001  -0.183041E-001  -0.263934E+000
   0.761523E+001   0.100000E+001  -0.133727E-001  -0.271857E+000
   0.769539E+001   0.100000E+001  -0.775164E-002  -0.277745E+000
   0.777555E+001   0.100000E+001  -0.145846E-002  -0.281306E+000
   0.785571E+001   0.100000E+001   0.545019E-002  -0.282237E+000
   0.793587E+001   0.100000E+001   0.128770E-001  -0.280247E+000
   0.801603E+001   0.100000E+001   0.206372E-001  -0.275075E+000
   0.809619E+001   0.100000E+001   0.284670E-001  -0.266528E+000
   0.817635E+001   0.100000E+001   0.361080E-001  -0.254529E+000
   0.825651E+001   0.100000E+001   0.432487E-001  -0.239150E+000
   0.833667E+001   0.100000E+001   0.495619E-001  -0.220616E+000
   0.841683E+001   0.100000E+001   0.547493E-001  -0.199335E+000
   0.849699E+001   0.100000E+001   0.584485E-001  -0.175896E+000
   0.857715E+001   0.100000E+001   0.603628E-001  -0.151074E+000
   0.865731E+001   0.100000E+001   0.602479E-001  -0.125805E+000
   0.873747E+001   0.100000E+001   0.579010E-001  -0.101140E+000
   0.881764E+001   0.100000E+001   0.533767E-001  -0.781603E-001
   0.889780E+001   0.100000E+001   0.470883E-001  -0.578604E-001
   0.897796E+001   0.100000E+001   0.395997E-001  -0.409781E-001
   0.905812E+001   0.100000E+001   0.314782E-001  -0.279007E-001
   0.913828E+001   0.100000E+001   0.231427E-001  -0.186757E-001
   0.921844E+001   0.100000E+001   0.149018E-001  -0.131268E-001
   0.929860E+001   0.100000E+001   0.699530E-002  -0.109684E-001
   0.937876E+001   0.100000E+001  -0.413129E-003  -0.118867E-001
   0.945892E+001   0.100000E+001  -0.718291E-002  -0.155807E-001
   0.953908E+001   0.100000E+001  -0.132494E-001  -0.217549E-001
   0.961924E+001   0.100000E+001  -0.185905E-001  -0.301129E-001
   0.969940E+001   0.100000E+001  -0.231847E-001  -0.403512E-001
   0.977956E+001   0.100000E+001  -0.270219E-001  -0.521562E-001
   0.985972E+001   0.100000E+001  -0.301102E-001  -0.652068E-001
   0.993988E+001   0.100000E+001  -0.324869E-001  -0.791869E-001
   0.100200E+002   0.100000E+001  -0.342369E-001  -0.937986E-001
   0.101002E+002   0.100000E+001  -0.354607E-001  -0.108784E+000
   0.101804E+002   0.100000E+001  -0.362684E-001  -0.123933E+000
   0.102605E+002   0.100000E+001  -0.367496E-001  -0.139095E+000
   0.103407E+002   0.100000E+001  -0.369581E-001  -0.154161E+000
   0.104208E+002   0.100000E+001  -0.369280E-001  -0.169057E+000
   0.105010E+002   0.100000E+001  -0.366636E-001  -0.183717E+000
   0.105812E+002   0.100000E+001  -0.361450E-001  -0.198074E+000
   0.106613E+002   0.100000E+001  -0.353493E-001  -0.212044E+000
   0.107415E+002   0.100000E+001  -0.342564E-001  -0.225527E+000
   0.108216E+002   0.100000E+001  -0.328519E-001  -0.238411E+000
   0.109018E+002   0.100000E+001  -0.311202E-001  -0.250577E+000
   0.109820E+002   0.100000E+001  -0.290399E-001  -0.261908E+000
   0.110621E+002   0.100000E+001  -0.265816E-001  -0.272282E+000
   0.111423E+002   0.100000E+001  -0.237317E-001  -0.281578E+000
   0.112224E+002   0.100000E+001  -0.204841E-001  -0.289667E+000
   0.113026E+002   0.100000E+001  -0.168170E-001  -0.296412E+000
   0.113828E+002   0.100000E+001  -0.126702E-001  -0.301660E+000
   0.114629E+002   0.100000E+001  -0.796972E-002  -0.305231E+000
   0.115431E+002   0.100000E+001  -0.265382E-002  -0.306903E+000
   0.116232E+002   0.100000E+001   0.332366E-002  -0.306404E+000
   0.117034E+002   0.100000E+001   0.998528E-002  -0.303418E+000
   0.117836E+002   0.100000E+001   0.172068E-001  -0.297594E+000
   0.118637E+002   0.100000E+001   0.248503E-001  -0.288589E+000
   0.119439E+002   0.100000E+001   0.327021E-001  -0.276120E+000
   0.120240E+002   0.100000E+001   0.403854E-001  -0.260015E+000
   0.121042E+002   0.100000E+001   0.474656E-001  -0.240295E+000
   0.121844E+002   0.100000E+001   0.534600E-001  -0.217236E+000
   0.122645E+002   0.100000E+001   0.578333E-001  -0.191404E+000
   0.123447E+002   0.100000E+001   0.601514E-001  -0.163666E+000
   0.124248E+002   0.100000E+001   0.601482E-001  -0.135125E+000
   0.125050E+002   0.100000E+001   0.577883E-001  -0.107018E+000
   0.125852E+002   0.100000E+001   0.532147E-001  -0.805625E-001
   0.126653E+002   0.100000E+001   0.467863E-001  -0.568146E-001
   0.127455E+002   0.100000E+001   0.390924E-001  -0.365522E-001
   0.128257E+002   0.100000E+001   0.307112E-001  -0.201965E-001
   0.129058E+002   0.100000E+001   0.221928E-001  -0.782137E-002
   0.129860E+002   0.100000E+001   0.139918E-001   0.781639E-003
   0.130661E+002   0.100000E+001   0.636638E-002   0.600168E-002
   0.131463E+002   0.100000E+001  -0.551201E-003   0.829349E-002
   0.132265E+002   0.100000E+001  -0.668054E-002   0.809524E-002
   0.133066E+002   0.100000E+001  -0.120114E-001   0.578930E-002
   0.133868E+002   0.100000E+001  -0.165515E-001   0.169077E-002
   0.134669E+002   0.100000E+001  -0.203889E-001  -0.393655E-002
   0.135471E+002   0.100000E+001  -0.236188E-001  -0.108726E-001
   0.136273E+002   0.100000E+001  -0.263177E-001  -0.189304E-001
   0.137074E+002   0.100000E+001  -0.285540E-001  -0.279478E-001
   0.137876E+002   0.100000E+001  -0.303982E-001  -0.377825E-001
   0.138677E+002   0.100000E+001  -0.318744E-001  -0.483073E-001
   0.139479E+002   0.100000E+001  -0.329872E-001  -0.594019E-001
   0.140281E+002   0.100000E+001  -0.337529E-001  -0.709425E-001
   0.141082E+002   0.100000E+001  -0.342022E-001  -0.827969E-001
   0.141884E+002   0.100000E+001  -0.343725E-001  -0.948260E-001
   0.142685E+002   0.100000E+001  -0.343026E-001  -0.106891E+000
   0.143487E+002   0.100000E+001  -0.340212E-001  -0.118864E+000
   0.144289E+002   0.100000E+001  -0.335252E-001  -0.130633E+000
   0.145090E+002   0.100000E+001  -0.327786E-001  -0.142107E+000
   0.145892E+002   0.100000E+001  -0.317621E-001  -0.153205E+000
   0.146693E+002   0.100000E+001  -0.304747E-001  -0.163857E+000
   0.147495E+002   0.100000E+001  -0.288927E-001  -0.173993E+000
   0.148297E+002   0.100000E+001  -0.269662E-001  -0.183542E+000
   0.149098E+002   0.100000E+001  -0.246418E-001  -0.192412E+000
   0.149900E+002   0.100000E+001  -0.218758E-001  -0.200485E+000
   0.150701E+002   0.100000E+001  -0.186578E-001  -0.207607E+000
   0.151503E+002   0.100000E+001  -0.150144E-001  -0.213599E+000
   0.152305E+002   0.100000E+001  -0.109141E-001  -0.218260E+000
   0.153106E+002   0.100000E+001  -0.624816E-002  -0.221373E+000
   0.153908E+002   0.100000E+001  -0.925501E-003  -0.222692E+000
   0.154709E+002   0.100000E+001   0.506109E-002  -0.221937E+000
   0.155511E+002   0.100000E+001   0.116190E-001  -0.218809E+000
   0.156313E+002   0.100000E+001   0.185793E-001  -0.213016E+000
   0.157114E+002   0.100000E+001   0.257477E-001  -0.204309E+000
   0.157916E+002   0.100000E+001   0.330585E-001  -0.192519E+000
   0.158717E+002   0.100000E+001   0.402114E-001  -0.177556E+000
   0.159519E+002   0.100000E+001   0.468291E-001  -0.159460E+000
   0.160321E+002   0.100000E+001   0.524159E-001  -0.138443E+000
   0.161122E+002   0.100000E+001   0.563842E-001  -0.114945E+000
   0.161924E+002   0.100000E+001   0.582189E-001  -0.896768E-001
   0.162725E+002   0.100000E+001   0.578284E-001  -0.636181E-001
   0.163527E+002   0.100000E+001   0.552514E-001  -0.379081E-001
   0.164329E+002   0.100000E+001   0.507307E-001  -0.137083E-001
   0.165130E+002   0.100000E+001   0.445499E-001   0.797025E-002
   0.165932E+002   0.100000E+001   0.372903E-001   0.263784E-001
   0.166733E+002   0.100000E+001   0.294291E-001   0.411186E-001
   0.167535E+002   0.100000E+001   0.214684E-001   0.521263E-001
   0.168337E+002   0.100000E+001   0.138639E-001   0.596010E-001
   0.169138E+002   0.100000E+001   0.687886E-002   0.639122E-001
   0.169940E+002   0.100000E+001   0.504575E-003   0.655004E-001
   0.170741E+002   0.100000E+001  -0.521439E-002   0.647795E-001
   0.171543E+002   0.100000E+001  -0.103373E-001   0.621116E-001
   0.172345E+002   0.100000E+001  -0.148354E-001   0.577880E-001
   0.173146E+002   0.100000E+001  -0.186901E-001   0.520525E-001
   0.173948E+002   0.100000E+001  -0.218933E-001   0.451216E-001
   0.174749E+002   0.100000E+001  -0.244987E-001   0.371965E-001
   0.175551E+002   0.100000E+001  -0.266025E-001   0.284608E-001
   0.176353E+002   0.100000E+001  -0.283231E-001   0.190658E-001
   0.177154E+002   0.100000E+001  -0.297346E-001   0.911531E-002
   0.177956E+002   0.100000E+001  -0.308281E-001  -0.133875E-002
   0.178758E+002   0.100000E+001  -0.315620E-001  -0.122813E-001
   0.179559E+002   0.100000E+001  -0.319396E-001  -0.237115E-001
   0.180361E+002   0.100000E+001  -0.320299E-001  -0.356262E-001
   0.181162E+002   0.100000E+001  -0.319144E-001  -0.480171E-001
   0.181964E+002   0.100000E+001  -0.316149E-001  -0.608714E-001
   0.182766E+002   0.100000E+001  -0.311116E-001  -0.741663E-001
   0.183567E+002   0.100000E+001  -0.304058E-001  -0.878542E-001
   0.184369E+002   0.100000E+001  -0.295071E-001  -0.101853E+000
   0.185170E+002   0.100000E+001  -0.284041E-001  -0.116040E+000
   0.185972E+002   0.100000E+001  -0.270767E-001  -0.130252E+000
   0.186774E+002   0.100000E+001  -0.254884E-001  -0.144289E+000
   0.187575E+002   0.100000E+001  -0.235953E-001  -0.157924E+000
   0.188377E+002   0.100000E+001  -0.213549E-001  -0.170916E+000
   0.189178E+002   0.100000E+001  -0.187560E-001  -0.183018E+000
   0.189980E+002   0.100000E+001  -0.157896E-001  -0.193989E+000
   0.190782E+002   0.100000E+001  -0.124369E-001  -0.203597E+000
   0.191583E+002   0.100000E+001  -0.867991E-002  -0.211622E+000
   0.192385E+002   0.100000E+001  -0.449070E-002  -0.217841E+000
   0.193186E+002   0.100000E+001   0.214876E-003  -0.222026E+000
   0.193988E+002   0.100000E+001   0.552095E-002  -0.223920E+000
   0.194790E+002   0.100000E+001   0.114655E-001  -0.223237E+000
   0.195591E+002   0.100000E+001   0.180043E-001  -0.219665E+000
   0.196393E+002   0.100000E+001   0.250028E-001  -0.212890E+000
   0.197194E+002   0.100000E+001   0.322938E-001  -0.202651E+000
   0.197996E+002   0.100000E+001   0.395869E-001  -0.188797E+000
   0.198798E+002   0.100000E+001   0.464160E-001  -0.171356E+000
   0.199599E+002   0.100000E+001   0.521999E-001  -0.150627E+000
   0.200401E+002   0.100000E+001   0.562786E-001  -0.127236E+000
   0.201202E+002   0.100000E+001   0.581003E-001  -0.102155E+000
   0.202004E+002   0.100000E+001   0.574347E-001  -0.766365E-001
   0.202806E+002   0.100000E+001   0.543969E-001  -0.520454E-001
   0.203607E+002   0.100000E+001   0.494158E-001  -0.296359E-001
   0.204409E+002   0.100000E+001   0.430528E-001  -0.103422E-001
   0.205210E+002   0.100000E+001   0.358947E-001   0.533576E-002
   0.206012E+002   0.100000E+001   0.284590E-001   0.173177E-001
   0.206814E+002   0.100000E+001   0.211040E-001   0.258260E-001
   0.207615E+002   0.100000E+001   0.140992E-001   0.312281E-001
   0.208417E+002   0.100000E+001   0.764606E-002   0.339126E-001
   0.209218E+002   0.100000E+001   0.182408E-002   0.342321E-001
   0.210020E+002   0.100000E+001  -0.331276E-002   0.324921E-001
   0.210822E+002   0.100000E+001  -0.776653E-002   0.289707E-001
   0.211623E+002   0.100000E+001  -0.115788E-001   0.239333E-001
   0.212425E+002   0.100000E+001  -0.148202E-001   0.176305E-001
   0.213226E+002   0.100000E+001  -0.176013E-001   0.102807E-001
   0.214028E+002   0.100000E+001  -0.200291E-001   0.205123E-002
   0.214830E+002   0.100000E+001  -0.221949E-001  -0.695087E-002
   0.215631E+002   0.100000E+001  -0.241660E-001  -0.166699E-001
   0.216433E+002   0.100000E+001  -0.259713E-001  -0.270808E-001
   0.217234E+002   0.100000E+001  -0.276242E-001  -0.381654E-001
   0.218036E+002   0.100000E+001  -0.291162E-001  -0.498946E-001
   0.218838E+002   0.100000E+001  -0.304193E-001  -0.622196E-001
   0.219639E+002   0.100000E+001  -0.314928E-001  -0.750682E-001
   0.220441E+002   0.100000E+001  -0.322869E-001  -0.883449E-001
   0.221242E+002   0.100000E+001  -0.327569E-001  -0.101929E+000
   0.222044E+002   0.100000E+001  -0.328641E-001  -0.115679E+000
   0.222846E+002   0.100000E+001  -0.325824E-001  -0.129430E+000
   0.223647E+002   0.100000E+001  -0.318905E-001  -0.143006E+000
   0.224449E+002   0.100000E+001  -0.307719E-001  -0.156226E+000
   0.225251E+002   0.100000E+001  -0.292190E-001  -0.168905E+000
   0.226052E+002   0.100000E+001  -0.272259E-001  -0.180863E+000
   0.226854E+002   0.100000E+001  -0.247875E-001  -0.191924E+000
   0.227655E+002   0.100000E+001  -0.219081E-001  -0.201916E+000
   0.228457E+002   0.100000E+001  -0.185860E-001  -0.210674E+000
   0.229259E+002   0.100000E+001  -0.148201E-001  -0.218036E+000
   0.230060E+002   0.100000E+001  -0.106053E-001  -0.223844E+000
   0.230862E+002   0.100000E+001  -0.595137E-002  -0.227929E+000
   0.231663E+002   0.100000E+001  -0.890491E-003  -0.230109E+000
   0.232465E+002   0.100000E+001   0.454244E-002  -0.230194E+000
   0.233267E+002   0.100000E+001   0.103051E-001  -0.228009E+000
   0.234068E+002   0.100000E+001   0.163160E-001  -0.223399E+000
   0.234870E+002   0.100000E+001   0.224441E-001  -0.216237E+000
   0.235671E+002   0.100000E+001   0.285277E-001  -0.206455E+000
   0.236473E+002   0.100000E+001   0.344014E-001  -0.194057E+000
   0.237275E+002   0.100000E+001   0.399011E-001  -0.179115E+000
   0.238076E+002   0.100000E+001   0.448433E-001  -0.161758E+000
   0.238878E+002   0.100000E+001   0.489987E-001  -0.142198E+000
   0.239679E+002   0.100000E+001   0.520890E-001  -0.120775E+000
   0.240481E+002   0.100000E+001   0.538179E-001  -0.980107E-001
   0.241283E+002   0.100000E+001   0.539294E-001  -0.746204E-001
   0.242084E+002   0.100000E+001   0.522764E-001  -0.514772E-001
   0.242886E+002   0.100000E+001   0.488770E-001  -0.295146E-001
   0.243687E+002   0.100000E+001   0.439314E-001  -0.959320E-002
   0.244489E+002   0.100000E+001   0.377805E-001   0.761858E-002
   0.245291E+002   0.100000E+001   0.308271E-001   0.217006E-001
   0.246092E+002   0.100000E+001   0.234632E-001   0.324658E-001
   0.246894E+002   0.100000E+001   0.160332E-001   0.399125E-001
   0.247695E+002   0.100000E+001   0.882346E-002   0.441768E-001
   0.248497E+002   0.100000E+001   0.205859E-002   0.454945E-001
   0.249299E+002   0.100000E+001  -0.410181E-002   0.441660E-001
   0.250100E+002   0.100000E+001  -0.955989E-002   0.405259E-001
   0.250902E+002   0.100000E+001  -0.142723E-001   0.349202E-001
   0.251703E+002   0.100000E+001  -0.182425E-001   0.276874E-001
   0.252505E+002   0.100000E+001  -0.215119E-001   0.191430E-001
   0.253307E+002   0.100000E+001  -0.241498E-001   0.956820E-002
   0.254108E+002   0.100000E+001  -0.262413E-001  -0.798090E-003
   0.254910E+002   0.100000E+001  -0.278750E-001  -0.117612E-001
   0.255711E+002   0.100000E+001  -0.291336E-001  -0.231681E-001
   0.256513E+002   0.100000E+001  -0.300870E-001  -0.349008E-001
   0.257315E+002   0.100000E+001  -0.307895E-001  -0.468686E-001
   0.258116E+002   0.100000E+001  -0.312800E-001  -0.589998E-001
   0.258918E+002   0.100000E+001  -0.315840E-001  -0.712351E-001
   0.259719E+002   0.100000E+001  -0.317150E-001  -0.835229E-001
   0.260521E+002   0.100000E+001  -0.316764E-001  -0.958152E-001
   0.261323E+002   0.100000E+001  -0.314602E-001  -0.108064E+000
   0.262124E+002   0.100000E+001  -0.310454E-001  -0.120219E+000
   0.262926E+002   0.100000E+001  -0.303948E-001  -0.132216E+000
   0.263727E+002   0.100000E+001  -0.294528E-001  -0.143976E+000
   0.264529E+002   0.100000E+001  -0.281464E-001  -0.155390E+000
   0.265331E+002   0.100000E+001  -0.263881E-001  -0.166309E+000
   0.266132E+002   0.100000E+001  -0.240841E-001  -0.176545E+000
   0.266934E+002   0.100000E+001  -0.211434E-001  -0.185859E+000
   0.267735E+002   0.100000E+001  -0.174894E-001  -0.193972E+000
   0.268537E+002   0.100000E+001  -0.130694E-001  -0.200567E+000
   0.269339E+002   0.100000E+001  -0.786364E-002  -0.205300E+000
   0.270140E+002   0.100000E+001  -0.189181E-002  -0.207817E+000
   0.270942E+002   0.100000E+001   0.478128E-002  -0.207760E+000
   0.271743E+002   0.100000E+001   0.120398E-001  -0.204789E+000
   0.272545E+002   0.100000E+001   0.197077E-001  -0.198600E+000
   0.273347E+002   0.100000E+001   0.275363E-001  -0.188950E+000
   0.274148E+002   0.100000E+001   0.351914E-001  -0.175705E+000
   0.274950E+002   0.100000E+001   0.422531E-001  -0.158904E+000
   0.275752E+002   0.100000E+001   0.482457E-001  -0.138829E+000
   0.276553E+002   0.100000E+001   0.527091E-001  -0.116068E+000
   0.277355E+002   0.100000E+001   0.552984E-001  -0.914959E-001
   0.278156E+002   0.100000E+001   0.558678E-001  -0.661688E-001
   0.278958E+002   0.100000E+001   0.544912E-001  -0.411596E-001
   0.279760E+002   0.100000E+001   0.514102E-001  -0.174029E-001
   0.280561E+002   0.100000E+001   0.469471E-001   0.438177E-002
   0.281363E+002   0.100000E+001   0.414354E-001   0.236923E-001
   0.282164E+002   0.100000E+001   0.351869E-001   0.402093E-001
   0.282966E+002   0.100000E+001   0.284845E-001   0.537612E-001
   0.283768E+002   0.100000E+001   0.215816E-001   0.642972E-001
   0.284569E+002   0.100000E+001   0.146982E-001   0.718656E-001
   0.285371E+002   0.100000E+001   0.801601E-002   0.765913E-001
   0.286172E+002   0.100000E+001   0.167486E-002   0.786534E-001
   0.286974E+002   0.100000E+001  -0.422422E-002   0.782641E-001
   0.287776E+002   0.100000E+001  -0.961146E-002   0.756538E-001
   0.288577E+002   0.100000E+001  -0.144389E-001   0.710625E-001
   0.289379E+002   0.100000E+001  -0.186722E-001   0.647360E-001
   0.290180E+002   0.100000E+001  -0.222861E-001   0.569257E-001
   0.290982E+002   0.100000E+001  -0.252628E-001   0.478887E-001
   0.291784E+002   0.100000E+001  -0.275930E-001   0.378863E-001
   0.292585E+002   0.100000E+001  -0.292777E-001   0.271813E-001
   0.293387E+002   0.100000E+001  -0.303297E-001   0.160329E-001
   0.294188E+002   0.100000E+001  -0.307737E-001   0.469164E-002
   0.294990E+002   0.100000E+001  -0.306452E-001  -0.660677E-002
   0.295792E+002   0.100000E+001  -0.299875E-001  -0.176456E-001
   0.296593E+002   0.100000E+001  -0.288485E-001  -0.282302E-001
   0.297395E+002   0.100000E+001  -0.272771E-001  -0.381895E-001
   0.298196E+002   0.100000E+001  -0.253201E-001  -0.473744E-001
   0.298998E+002   0.100000E+001  -0.230204E-001  -0.556563E-001
   0.299800E+002   0.100000E+001  -0.204166E-001  -0.629233E-001
   0.300601E+002   0.100000E+001  -0.175439E-001  -0.690780E-001
   0.301403E+002   0.100000E+001  -0.144351E-001  -0.740347E-001
   0.302204E+002   0.100000E+001  -0.111218E-001  -0.777170E-001
   0.303006E+002   0.100000E+001  -0.763569E-002  -0.800556E-001
   0.303808E+002   0.100000E+001  -0.401251E-002  -0.809844E-001
   0.304609E+002   0.100000E+001  -0.301703E-003  -0.804401E-001
   0.305411E+002   0.100000E+001   0.341722E-002  -0.783687E-001
   0.306212E+002   0.100000E+001   0.701526E-002  -0.747468E-001
   0.307014E+002   0.100000E+001   0.103038E-001  -0.696217E-001
   0.307816E+002   0.100000E+001   0.130501E-001  -0.631590E-001
   0.308617E+002   0.100000E+001   0.150275E-001  -0.556740E-001
   0.309419E+002   0.100000E+001   0.160852E-001  -0.476164E-001
   0.310220E+002   0.100000E+001   0.162029E-001  -0.394973E-001
   0.311022E+002   0.100000E+001   0.154970E-001  -0.317888E-001
   0.311824E+002   0.100000E+001   0.141770E-001  -0.248423E-001
   0.312625E+002   0.100000E+001   0.124815E-001  -0.188576E-001
   0.313427E+002   0.100000E+001   0.106270E-001  -0.138980E-001
   0.314228E+002   0.100000E+001   0.878285E-002  -0.992711E-002
   0.315030E+002   0.100000E+001   0.706505E-002  -0.684694E-002
   0.315832E+002   0.100000E+001   0.554152E-002  -0.452951E-002
   0.316633E+002   0.100000E+001   0.424217E-002  -0.283925E-002
   0.317435E+002   0.100000E+001   0.317005E-002  -0.164710E-002
   0.318236E+002   0.100000E+001   0.231101E-002  -0.838043E-003
   0.319038E+002   0.100000E+001   0.164116E-002  -0.314446E-003
   0.319840E+002   0.100000E+001   0.113238E-002   0.335764E-005
   0.320641E+002   0.100000E+001   0.756028E-003   0.178193E-003
   0.321443E+002   0.100000E+001   0.485252E-003   0.258025E-003
   0.322244E+002   0.100000E+001   0.296181E-003   0.278261E-003
   0.323046E+002   0.100000E+001   0.168505E-003   0.264067E-003
   0.323848E+002   0.100000E+001   0.855742E-004   0.232548E-003
   0.324649E+002   0.100000E+001   0.342087E-004   0.194701E-003
   0.325451E+002   0.100000E+001   0.433395E-005   0.157071E-003
   0.326253E+002   0.100000E+001  -0.114775E-004   0.123127E-003
   0.327054E+002   0.100000E+001  -0.185022E-004   0.943295E-004
   0.327856E+002   0.100000E+001  -0.203478E-004   0.709267E-004
   0.328657E+002   0.100000E+001  -0.193812E-004   0.525087E-004
   0.329459E+002   0.100000E+001  -0.170863E-004   0.383705E-004
   0.330261E+002   0.100000E+001  -0.143435E-004   0.277313E-004
   0.331062E+002   0.100000E+001  -0.116386E-004   0.198536E-004
   0.331864E+002   0.100000E+001  -0.920977E-005   0.140981E-004
   0.332665E+002   0.100000E+001  -0.714843E-005   0.994000E-005
   0.333467E+002   0.100000E+001  -0.546395E-005   0.696442E-005
   0.334269E+002   0.100000E+001  -0.412454E-005   0.485245E-005
   0.335070E+002   0.100000E+001  -0.308133E-005   0.336412E-005
   0.335872E+002   0.100000E+001  -0.228191E-005   0.232183E-005
   0.336673E+002   0.100000E+001  -0.167730E-005   0.159598E-005
   0.337475E+002   0.100000E+001  -0.122497E-005   0.109301E-005
   0.338277E+002   0.100000E+001  -0.889610E-006   0.746046E-006
   0.339078E+002   0.100000E+001  -0.642901E-006   0.507674E-006
   0.339880E+002   0.100000E+001  -0.462609E-006   0.344509E-006
   0.340681E+002   0.100000E+001  -0.331613E-006   0.233197E-006
   0.341483E+002   0.100000E+001  -0.236912E-006   0.157489E-006
   0.342285E+002   0.100000E+001  -0.168751E-006   0.106140E-006
   0.343086E+002   0.100000E+001  -0.119884E-006   0.713987E-007
   0.343888E+002   0.100000E+001  -0.849683E-007   0.479476E-007
   0.344689E+002   0.100000E+001  -0.600967E-007   0.321501E-007
   0.345491E+002   0.100000E+001  -0.424272E-007   0.215279E-007
   0.346293E+002   0.100000E+001  -0.299040E-007   0.143974E-007
   0.347094E+002   0.100000E+001  -0.210468E-007   0.961815E-008
   0.347896E+002   0.100000E+001  -0.147941E-007   0.641904E-008
   0.348697E+002   0.100000E+001  -0.103872E-007   0.428022E-008
   0.349499E+002   0.100000E+001  -0.728575E-008   0.285181E-008
   0.350301E+002   0.100000E+001  -0.510583E-008   0.189876E-008
   0.351102E+002   0.100000E+001  -0.357536E-008   0.126341E-008
   0.351904E+002   0.100000E+001  -0.250192E-008   0.840185E-009
   0.352705E+002   0.100000E+001  -0.174969E-008   0.558448E-009
   0.353507E+002   0.100000E+001  -0.122297E-008   0.371012E-009
   0.354309E+002   0.100000E+001  -0.854397E-009   0.246382E-009
   0.355110E+002   0.100000E+001  -0.596647E-009   0.163552E-009
   0.355912E+002   0.100000E+001  -0.416493E-009   0.108528E-009
   0.356713E+002   0.100000E+001  -0.290634E-009   0.719895E-010
   0.357515E+002   0.100000E+001  -0.202744E-009   0.477360E-010
   0.358317E+002   0.100000E+001  -0.141391E-009   0.316427E-010
   0.359118E+002   0.100000E+001  -0.985772E-010   0.209675E-010
   0.359920E+002   0.100000E+001  -0.687098E-010   0.138889E-010
   0.360721E+002   0.100000E+001  -0.478798E-010   0.919654E-011
   0.361523E+002   0.100000E+001  -0.333564E-010   0.608713E-011
   0.362325E+002   0.100000E+001  -0.232327E-010   0.402735E-011
   0.363126E+002   0.100000E+001  -0.161776E-010   0.266339E-011
   0.363928E+002   0.100000E+001  -0.112621E-010   0.176052E-011
   0.364729E+002   0.100000E+001  -0.783813E-011   0.116312E-011
   0.365531E+002   0.100000E+001  -0.545362E-011   0.768000E-012
   0.366333E+002   0.100000E+001  -0.379342E-011   0.506799E-012
   0.367134E+002   0.100000E+001  -0.263780E-011   0.334212E-012
   0.367936E+002   0.100000E+001  -0.183362E-011   0.220240E-012
   0.368737E+002   0.100000E+001  -0.127415E-011   0.145021E-012
   0.369539E+002   0.100000E+001  -0.885035E-012   0.954101E-013
   0.370341E+002   0.100000E+001  -0.614496E-012   0.627125E-013
   0.371142E+002   0.100000E+001  -0.426460E-012   0.411790E-013
   0.371944E+002   0.100000E+001  -0.295815E-012   0.270097E-013
   0.372745E+002   0.100000E+001  -0.205081E-012   0.176947E-013
   0.373547E+002   0.100000E+001  -0.142094E-012   0.115772E-013
   0.374349E+002   0.100000E+001  -0.983877E-013   0.756392E-014
   0.375150E+002   0.100000E+001  -0.680769E-013   0.493425E-014
   0.375952E+002   0.100000E+001  -0.470676E-013   0.321341E-014
   0.376754E+002   0.100000E+001  -0.325145E-013   0.208889E-014
   0.377555E+002   0.100000E+001  -0.224403E-013   0.135519E-014
   0.378357E+002   0.100000E+001  -0.154717E-013   0.877275E-015
   0.379158E+002   0.100000E+001  -0.106552E-013   0.566549E-015
   0.379960E+002   0.100000E+001  -0.732912E-014   0.364928E-015
   0.380762E+002   0.100000E+001  -0.503449E-014   0.234387E-015
   0.381563E+002   0.100000E+001  -0.345311E-014   0.150070E-015
   0.382365E+002   0.100000E+001  -0.236455E-014   0.957520E-016
   0.383166E+002   0.100000E+001  -0.161619E-014   0.608611E-016
   0.383968E+002   0.100000E+001  -0.110243E-014   0.385202E-016
   0.384770E+002   0.100000E+001  -0.750283E-015   0.242654E-016
   0.385571E+002   0.100000E+001  -0.509322E-015   0.152053E-016
   0.386373E+002   0.100000E+001  -0.344759E-015   0.947180E-017
   0.387174E+002   0.100000E+001  -0.232613E-015   0.586099E-017
   0.387976E+002   0.100000E+001  -0.156369E-015   0.359931E-017
   0.388778E+002   0.100000E+001  -0.104675E-015   0.219134E-017
   0.389579E+002   0.100000E+001  -0.697311E-016   0.132091E-017
   0.390381E+002   0.100000E+001  -0.461926E-016   0.787083E-018
   0.391182E+002   0.100000E+001  -0.304000E-016   0.462688E-018
   0.391984E+002   0.100000E+001  -0.198533E-016   0.267669E-018
   0.392786E+002   0.100000E+001  -0.128482E-016   0.151907E-018
   0.393587E+002   0.100000E+001  -0.822546E-017   0.842267E-019
   0.394389E+002   0.100000E+001  -0.519843E-017   0.453786E-019
   0.395190E+002   0.100000E+001  -0.323478E-017   0.235790E-019
   0.395992E+002   0.100000E+001  -0.197502E-017   0.116864E-019
   0.396794E+002   0.100000E+001  -0.117671E-017   0.542523E-020
   0.397595E+002   0.100000E+001  -0.676096E-018   0.227762E-020
   0.398397E+002   0.100000E+001  -0.361732E-018   0.794585E-021
   0.399198E+002   0.100000E+001  -0.155326E-018   0.165730E-021
   0.400000E+002   0.100000E+001  -0.000000E+000   0.000000E+000
   0.400802E+002   0.100000E+001  -0.722997E-018   0.127645E-021

