  -0.801603E-001   0.100000E+001  -0.402028E-001   0.322732E-002
   0.000000E+000   0.100000E+001  -0.328999E-001   0.774205E-001
   0.801603E-001   0.100000E+001  -0.342867E-001   0.623390E-001
   0.160321E+000   0.100000E+001  -0.354112E-001   0.467434E-001
   0.240481E+000   0.100000E+001  -0.362195E-001   0.307730E-001
   0.320641E+000   0.100000E+001  -0.367719E-001   0.145199E-001
   0.400802E+000   0.100000E+001  -0.370156E-001  -0.185473E-002
   0.480962E+000   0.100000E+001  -0.369754E-001  -0.182678E-001
   0.561122E+000   0.100000E+001  -0.366443E-001  -0.346060E-001
   0.641283E+000   0.100000E+001  -0.360079E-001  -0.507588E-001
   0.721443E+000   0.100000E+001  -0.350496E-001  -0.666132E-001
   0.801603E+000   0.100000E+001  -0.337436E-001  -0.820462E-001
   0.881764E+000   0.100000E+001  -0.320567E-001  -0.969248E-001
   0.961924E+000   0.100000E+001  -0.299495E-001  -0.111102E+000
   0.104208E+001   0.100000E+001  -0.273763E-001  -0.124415E+000
   0.112224E+001   0.100000E+001  -0.242866E-001  -0.136679E+000
   0.120240E+001   0.100000E+001  -0.206279E-001  -0.147691E+000
   0.128257E+001   0.100000E+001  -0.163487E-001  -0.157220E+000
   0.136273E+001   0.100000E+001  -0.114049E-001  -0.165009E+000
   0.144289E+001   0.100000E+001  -0.576661E-002  -0.170775E+000
   0.152305E+001   0.100000E+001   0.572002E-003  -0.174205E+000
   0.160321E+001   0.100000E+001   0.758025E-002  -0.174965E+000
   0.168337E+001   0.100000E+001   0.151755E-001  -0.172712E+000
   0.176353E+001   0.100000E+001   0.232037E-001  -0.167110E+000
   0.184369E+001   0.100000E+001   0.314184E-001  -0.157863E+000
   0.192385E+001   0.100000E+001   0.394670E-001  -0.144761E+000
   0.200401E+001   0.100000E+001   0.468979E-001  -0.127748E+000
   0.208417E+001   0.100000E+001   0.531978E-001  -0.107013E+000
   0.216433E+001   0.100000E+001   0.578587E-001  -0.830838E-001
   0.224449E+001   0.100000E+001   0.604600E-001  -0.568576E-001
   0.232465E+001   0.100000E+001   0.607488E-001  -0.295510E-001
   0.240481E+001   0.100000E+001   0.586942E-001  -0.253829E-002
   0.248497E+001   0.100000E+001   0.544974E-001   0.228608E-001
   0.256513E+001   0.100000E+001   0.485470E-001   0.455704E-001
   0.264529E+001   0.100000E+001   0.413382E-001   0.648621E-001
   0.272545E+001   0.100000E+001   0.333843E-001   0.803624E-001
   0.280561E+001   0.100000E+001   0.251488E-001   0.919931E-001
   0.288577E+001   0.100000E+001   0.170061E-001   0.998863E-001
   0.296593E+001   0.100000E+001   0.922936E-002   0.104303E+000
   0.304609E+001   0.100000E+001   0.199781E-002   0.105568E+000
   0.312625E+001   0.100000E+001  -0.458692E-002   0.104029E+000
   0.320641E+001   0.100000E+001  -0.104820E-001   0.100029E+000
   0.328657E+001   0.100000E+001  -0.156852E-001   0.938921E-001
   0.336673E+001   0.100000E+001  -0.202205E-001   0.859146E-001
   0.344689E+001   0.100000E+001  -0.241267E-001   0.763656E-001
   0.352705E+001   0.100000E+001  -0.274501E-001   0.654841E-001
   0.360721E+001   0.100000E+001  -0.302393E-001   0.534816E-001
   0.368737E+001   0.100000E+001  -0.325422E-001   0.405434E-001
   0.376754E+001   0.100000E+001  -0.344033E-001   0.268326E-001
   0.384770E+001   0.100000E+001  -0.358616E-001   0.124929E-001
   0.392786E+001   0.100000E+001  -0.369496E-001  -0.234764E-002
   0.400802E+001   0.100000E+001  -0.376921E-001  -0.175737E-001
   0.408818E+001   0.100000E+001  -0.381065E-001  -0.330802E-001
   0.416834E+001   0.100000E+001  -0.382038E-001  -0.487691E-001
   0.424850E+001   0.100000E+001  -0.379896E-001  -0.645462E-001
   0.432866E+001   0.100000E+001  -0.374651E-001  -0.803167E-001
   0.440882E+001   0.100000E+001  -0.366268E-001  -0.959809E-001
   0.448898E+001   0.100000E+001  -0.354655E-001  -0.111430E+000
   0.456914E+001   0.100000E+001  -0.339647E-001  -0.126541E+000
   0.464930E+001   0.100000E+001  -0.320999E-001  -0.141176E+000
   0.472946E+001   0.100000E+001  -0.298376E-001  -0.155180E+000
   0.480962E+001   0.100000E+001  -0.271362E-001  -0.168375E+000
   0.488978E+001   0.100000E+001  -0.239482E-001  -0.180560E+000
   0.496994E+001   0.100000E+001  -0.202230E-001  -0.191509E+000
   0.505010E+001   0.100000E+001  -0.159109E-001  -0.200963E+000
   0.513026E+001   0.100000E+001  -0.109675E-001  -0.208636E+000
   0.521042E+001   0.100000E+001  -0.536057E-002  -0.214213E+000
   0.529058E+001   0.100000E+001   0.921223E-003  -0.217353E+000
   0.537074E+001   0.100000E+001   0.785595E-002  -0.217704E+000
   0.545090E+001   0.100000E+001   0.153715E-001  -0.214912E+000
   0.553106E+001   0.100000E+001   0.233260E-001  -0.208651E+000
   0.561122E+001   0.100000E+001   0.314868E-001  -0.198650E+000
   0.569138E+001   0.100000E+001   0.395133E-001  -0.184746E+000
   0.577154E+001   0.100000E+001   0.469554E-001  -0.166949E+000
   0.585170E+001   0.100000E+001   0.532809E-001  -0.145525E+000
   0.593186E+001   0.100000E+001   0.579402E-001  -0.121072E+000
   0.601202E+001   0.100000E+001   0.604698E-001  -0.945375E-001
   0.609218E+001   0.100000E+001   0.606004E-001  -0.671632E-001
   0.617234E+001   0.100000E+001   0.583202E-001  -0.403094E-001
   0.625251E+001   0.100000E+001   0.538772E-001  -0.152453E-001
   0.633267E+001   0.100000E+001   0.477103E-001   0.702409E-002
   0.641283E+001   0.100000E+001   0.403464E-001   0.258404E-001
   0.649299E+001   0.100000E+001   0.323069E-001   0.408855E-001
   0.657315E+001   0.100000E+001   0.240507E-001   0.521128E-001
   0.665331E+001   0.100000E+001   0.159442E-001   0.596614E-001
   0.673347E+001   0.100000E+001   0.825135E-002   0.637820E-001
   0.681363E+001   0.100000E+001   0.113483E-002   0.647821E-001
   0.689379E+001   0.100000E+001  -0.531890E-002   0.629890E-001
   0.697395E+001   0.100000E+001  -0.110833E-001   0.587337E-001
   0.705411E+001   0.100000E+001  -0.161739E-001   0.523404E-001
   0.713427E+001   0.100000E+001  -0.206198E-001   0.441133E-001
   0.721443E+001   0.100000E+001  -0.244622E-001   0.343289E-001
   0.729459E+001   0.100000E+001  -0.277468E-001   0.232311E-001
   0.737475E+001   0.100000E+001  -0.305141E-001   0.110315E-001
   0.745491E+001   0.100000E+001  -0.328085E-001  -0.208719E-002
   0.753507E+001   0.100000E+001  -0.346768E-001  -0.159668E-001
   0.761523E+001   0.100000E+001  -0.361590E-001  -0.304708E-001
   0.769539E+001   0.100000E+001  -0.372843E-001  -0.454816E-001
   0.777555E+001   0.100000E+001  -0.380729E-001  -0.608947E-001
   0.785571E+001   0.100000E+001  -0.385396E-001  -0.766082E-001
   0.793587E+001   0.100000E+001  -0.386898E-001  -0.925182E-001
   0.801603E+001   0.100000E+001  -0.385157E-001  -0.108519E+000
   0.809619E+001   0.100000E+001  -0.379964E-001  -0.124498E+000
   0.817635E+001   0.100000E+001  -0.371095E-001  -0.140335E+000
   0.825651E+001   0.100000E+001  -0.358273E-001  -0.155904E+000
   0.833667E+001   0.100000E+001  -0.341113E-001  -0.171068E+000
   0.841683E+001   0.100000E+001  -0.319290E-001  -0.185666E+000
   0.849699E+001   0.100000E+001  -0.292642E-001  -0.199512E+000
   0.857715E+001   0.100000E+001  -0.261212E-001  -0.212393E+000
   0.865731E+001   0.100000E+001  -0.225051E-001  -0.224080E+000
   0.873747E+001   0.100000E+001  -0.184186E-001  -0.234339E+000
   0.881764E+001   0.100000E+001  -0.138832E-001  -0.242933E+000
   0.889780E+001   0.100000E+001  -0.891450E-002  -0.249630E+000
   0.897796E+001   0.100000E+001  -0.353445E-002  -0.254213E+000
   0.905812E+001   0.100000E+001   0.225605E-002  -0.256476E+000
   0.913828E+001   0.100000E+001   0.845325E-002  -0.256213E+000
   0.921844E+001   0.100000E+001   0.150407E-001  -0.253205E+000
   0.929860E+001   0.100000E+001   0.220135E-001  -0.247220E+000
   0.937876E+001   0.100000E+001   0.292766E-001  -0.238012E+000
   0.945892E+001   0.100000E+001   0.366307E-001  -0.225376E+000
   0.953908E+001   0.100000E+001   0.437253E-001  -0.209215E+000
   0.961924E+001   0.100000E+001   0.500051E-001  -0.189635E+000
   0.969940E+001   0.100000E+001   0.549112E-001  -0.167036E+000
   0.977956E+001   0.100000E+001   0.580096E-001  -0.142147E+000
   0.985972E+001   0.100000E+001   0.590105E-001  -0.115963E+000
   0.993988E+001   0.100000E+001   0.578582E-001  -0.896395E-001
   0.100200E+002   0.100000E+001   0.546542E-001  -0.643479E-001
   0.101002E+002   0.100000E+001   0.495926E-001  -0.411553E-001
   0.101804E+002   0.100000E+001   0.429598E-001  -0.209416E-001
   0.102605E+002   0.100000E+001   0.351265E-001  -0.434672E-002
   0.103407E+002   0.100000E+001   0.265539E-001   0.825151E-002
   0.104208E+002   0.100000E+001   0.177596E-001   0.167462E-001
   0.105010E+002   0.100000E+001   0.923917E-002   0.212834E-001
   0.105812E+002   0.100000E+001   0.137170E-002   0.222145E-001
   0.106613E+002   0.100000E+001  -0.563542E-002   0.200191E-001
   0.107415E+002   0.100000E+001  -0.117265E-001   0.152128E-001
   0.108216E+002   0.100000E+001  -0.169321E-001   0.827066E-002
   0.109018E+002   0.100000E+001  -0.213326E-001  -0.414308E-003
   0.109820E+002   0.100000E+001  -0.250387E-001  -0.105398E-001
   0.110621E+002   0.100000E+001  -0.281436E-001  -0.218769E-001
   0.111423E+002   0.100000E+001  -0.307146E-001  -0.342407E-001
   0.112224E+002   0.100000E+001  -0.327894E-001  -0.474639E-001
   0.113026E+002   0.100000E+001  -0.343721E-001  -0.613786E-001
   0.113828E+002   0.100000E+001  -0.354864E-001  -0.758097E-001
   0.114629E+002   0.100000E+001  -0.361921E-001  -0.905838E-001
   0.115431E+002   0.100000E+001  -0.365665E-001  -0.105547E+000
   0.116232E+002   0.100000E+001  -0.366689E-001  -0.120584E+000
   0.117034E+002   0.100000E+001  -0.365350E-001  -0.135617E+000
   0.117836E+002   0.100000E+001  -0.361917E-001  -0.150602E+000
   0.118637E+002   0.100000E+001  -0.356546E-001  -0.165509E+000
   0.119439E+002   0.100000E+001  -0.349181E-001  -0.180306E+000
   0.120240E+002   0.100000E+001  -0.339568E-001  -0.194945E+000
   0.121042E+002   0.100000E+001  -0.327228E-001  -0.209353E+000
   0.121844E+002   0.100000E+001  -0.311410E-001  -0.223423E+000
   0.122645E+002   0.100000E+001  -0.291429E-001  -0.237011E+000
   0.123447E+002   0.100000E+001  -0.266815E-001  -0.249931E+000
   0.124248E+002   0.100000E+001  -0.237004E-001  -0.261961E+000
   0.125050E+002   0.100000E+001  -0.201470E-001  -0.272846E+000
   0.125852E+002   0.100000E+001  -0.159785E-001  -0.282298E+000
   0.126653E+002   0.100000E+001  -0.111659E-001  -0.290007E+000
   0.127455E+002   0.100000E+001  -0.570823E-002  -0.295643E+000
   0.128257E+002   0.100000E+001   0.390223E-003  -0.298868E+000
   0.129058E+002   0.100000E+001   0.706598E-002  -0.299345E+000
   0.129860E+002   0.100000E+001   0.142048E-001  -0.296758E+000
   0.130661E+002   0.100000E+001   0.217013E-001  -0.290835E+000
   0.131463E+002   0.100000E+001   0.293464E-001  -0.281367E+000
   0.132265E+002   0.100000E+001   0.368802E-001  -0.268249E+000
   0.133066E+002   0.100000E+001   0.439915E-001  -0.251518E+000
   0.133868E+002   0.100000E+001   0.502445E-001  -0.231403E+000
   0.134669E+002   0.100000E+001   0.551140E-001  -0.208369E+000
   0.135471E+002   0.100000E+001   0.581024E-001  -0.183160E+000
   0.136273E+002   0.100000E+001   0.588490E-001  -0.156780E+000
   0.137074E+002   0.100000E+001   0.572397E-001  -0.130432E+000
   0.137876E+002   0.100000E+001   0.533976E-001  -0.105374E+000
   0.138677E+002   0.100000E+001   0.477280E-001  -0.827694E-001
   0.139479E+002   0.100000E+001   0.407441E-001  -0.635135E-001
   0.140281E+002   0.100000E+001   0.329767E-001  -0.481401E-001
   0.141082E+002   0.100000E+001   0.249421E-001  -0.368072E-001
   0.141884E+002   0.100000E+001   0.170285E-001  -0.293568E-001
   0.142685E+002   0.100000E+001   0.947122E-002  -0.254373E-001
   0.143487E+002   0.100000E+001   0.243917E-002  -0.246316E-001
   0.144289E+002   0.100000E+001  -0.397720E-002  -0.265416E-001
   0.145090E+002   0.100000E+001  -0.972552E-002  -0.308279E-001
   0.145892E+002   0.100000E+001  -0.147879E-001  -0.372022E-001
   0.146693E+002   0.100000E+001  -0.191863E-001  -0.454051E-001
   0.147495E+002   0.100000E+001  -0.229755E-001  -0.551897E-001
   0.148297E+002   0.100000E+001  -0.262330E-001  -0.663157E-001
   0.149098E+002   0.100000E+001  -0.290121E-001  -0.785555E-001
   0.149900E+002   0.100000E+001  -0.313447E-001  -0.917010E-001
   0.150701E+002   0.100000E+001  -0.332603E-001  -0.105566E+000
   0.151503E+002   0.100000E+001  -0.347837E-001  -0.119988E+000
   0.152305E+002   0.100000E+001  -0.359276E-001  -0.134824E+000
   0.153106E+002   0.100000E+001  -0.367044E-001  -0.149948E+000
   0.153908E+002   0.100000E+001  -0.371199E-001  -0.165246E+000
   0.154709E+002   0.100000E+001  -0.371877E-001  -0.180606E+000
   0.155511E+002   0.100000E+001  -0.369290E-001  -0.195924E+000
   0.156313E+002   0.100000E+001  -0.363708E-001  -0.211098E+000
   0.157114E+002   0.100000E+001  -0.355270E-001  -0.226032E+000
   0.157916E+002   0.100000E+001  -0.343847E-001  -0.240637E+000
   0.158717E+002   0.100000E+001  -0.329192E-001  -0.254820E+000
   0.159519E+002   0.100000E+001  -0.311034E-001  -0.268477E+000
   0.160321E+002   0.100000E+001  -0.289151E-001  -0.281481E+000
   0.161122E+002   0.100000E+001  -0.263333E-001  -0.293683E+000
   0.161924E+002   0.100000E+001  -0.233301E-001  -0.304905E+000
   0.162725E+002   0.100000E+001  -0.198455E-001  -0.314945E+000
   0.163527E+002   0.100000E+001  -0.158121E-001  -0.323575E+000
   0.164329E+002   0.100000E+001  -0.111713E-001  -0.330535E+000
   0.165130E+002   0.100000E+001  -0.588707E-002  -0.335532E+000
   0.165932E+002   0.100000E+001   0.900297E-004  -0.338243E+000
   0.166733E+002   0.100000E+001   0.676447E-002  -0.338319E+000
   0.167535E+002   0.100000E+001   0.141018E-001  -0.335401E+000
   0.168337E+002   0.100000E+001   0.219572E-001  -0.329135E+000
   0.169138E+002   0.100000E+001   0.301094E-001  -0.319229E+000
   0.169940E+002   0.100000E+001   0.381788E-001  -0.305501E+000
   0.170741E+002   0.100000E+001   0.456225E-001  -0.287968E+000
   0.171543E+002   0.100000E+001   0.518225E-001  -0.266934E+000
   0.172345E+002   0.100000E+001   0.562103E-001  -0.243051E+000
   0.173146E+002   0.100000E+001   0.582925E-001  -0.217307E+000
   0.173948E+002   0.100000E+001   0.578701E-001  -0.190956E+000
   0.174749E+002   0.100000E+001   0.550792E-001  -0.165350E+000
   0.175551E+002   0.100000E+001   0.503328E-001  -0.141738E+000
   0.176353E+002   0.100000E+001   0.441596E-001  -0.121079E+000
   0.177154E+002   0.100000E+001   0.371212E-001  -0.103931E+000
   0.177956E+002   0.100000E+001   0.296940E-001  -0.904504E-001
   0.178758E+002   0.100000E+001   0.222270E-001  -0.804955E-001
   0.179559E+002   0.100000E+001   0.149496E-001  -0.737675E-001
   0.180361E+002   0.100000E+001   0.804376E-002  -0.699447E-001
   0.181162E+002   0.100000E+001   0.160765E-002  -0.687438E-001
   0.181964E+002   0.100000E+001  -0.431129E-002  -0.699359E-001
   0.182766E+002   0.100000E+001  -0.970082E-002  -0.733281E-001
   0.183567E+002   0.100000E+001  -0.145881E-001  -0.787375E-001
   0.184369E+002   0.100000E+001  -0.190098E-001  -0.859829E-001
   0.185170E+002   0.100000E+001  -0.229808E-001  -0.948831E-001
   0.185972E+002   0.100000E+001  -0.265186E-001  -0.105259E+000
   0.186774E+002   0.100000E+001  -0.296110E-001  -0.116937E+000
   0.187575E+002   0.100000E+001  -0.322304E-001  -0.129745E+000
   0.188377E+002   0.100000E+001  -0.343726E-001  -0.143500E+000
   0.189178E+002   0.100000E+001  -0.360656E-001  -0.158012E+000
   0.189980E+002   0.100000E+001  -0.373446E-001  -0.173085E+000
   0.190782E+002   0.100000E+001  -0.382264E-001  -0.188529E+000
   0.191583E+002   0.100000E+001  -0.386955E-001  -0.204164E+000
   0.192385E+002   0.100000E+001  -0.387315E-001  -0.219821E+000
   0.193186E+002   0.100000E+001  -0.383218E-001  -0.235337E+000
   0.193988E+002   0.100000E+001  -0.374827E-001  -0.250550E+000
   0.194790E+002   0.100000E+001  -0.362420E-001  -0.265300E+000
   0.195591E+002   0.100000E+001  -0.346280E-001  -0.279435E+000
   0.196393E+002   0.100000E+001  -0.326532E-001  -0.292809E+000
   0.197194E+002   0.100000E+001  -0.303107E-001  -0.305282E+000
   0.197996E+002   0.100000E+001  -0.275768E-001  -0.316721E+000
   0.198798E+002   0.100000E+001  -0.244507E-001  -0.326983E+000
   0.199599E+002   0.100000E+001  -0.209309E-001  -0.335921E+000
   0.200401E+002   0.100000E+001  -0.170195E-001  -0.343381E+000
   0.201202E+002   0.100000E+001  -0.127170E-001  -0.349203E+000
   0.202004E+002   0.100000E+001  -0.800991E-002  -0.353222E+000
   0.202806E+002   0.100000E+001  -0.287600E-002  -0.355267E+000
   0.203607E+002   0.100000E+001   0.269685E-002  -0.355152E+000
   0.204409E+002   0.100000E+001   0.869996E-002  -0.352677E+000
   0.205210E+002   0.100000E+001   0.150863E-001  -0.347629E+000
   0.206012E+002   0.100000E+001   0.217660E-001  -0.339796E+000
   0.206814E+002   0.100000E+001   0.285948E-001  -0.328993E+000
   0.207615E+002   0.100000E+001   0.353485E-001  -0.315101E+000
   0.208417E+002   0.100000E+001   0.417214E-001  -0.298113E+000
   0.209218E+002   0.100000E+001   0.473577E-001  -0.278189E+000
   0.210020E+002   0.100000E+001   0.518115E-001  -0.255700E+000
   0.210822E+002   0.100000E+001   0.546495E-001  -0.231273E+000
   0.211623E+002   0.100000E+001   0.554889E-001  -0.205782E+000
   0.212425E+002   0.100000E+001   0.540862E-001  -0.180316E+000
   0.213226E+002   0.100000E+001   0.504679E-001  -0.156065E+000
   0.214028E+002   0.100000E+001   0.448899E-001  -0.134161E+000
   0.214830E+002   0.100000E+001   0.377818E-001  -0.115511E+000
   0.215631E+002   0.100000E+001   0.297042E-001  -0.100671E+000
   0.216433E+002   0.100000E+001   0.211942E-001  -0.898258E-001
   0.217234E+002   0.100000E+001   0.127489E-001  -0.828443E-001
   0.218036E+002   0.100000E+001   0.478002E-002  -0.793847E-001
   0.218838E+002   0.100000E+001  -0.251757E-002  -0.790171E-001
   0.219639E+002   0.100000E+001  -0.900608E-002  -0.813096E-001
   0.220441E+002   0.100000E+001  -0.146590E-001  -0.858615E-001
   0.221242E+002   0.100000E+001  -0.195271E-001  -0.923254E-001
   0.222044E+002   0.100000E+001  -0.236497E-001  -0.100390E+000
   0.222846E+002   0.100000E+001  -0.270934E-001  -0.109781E+000
   0.223647E+002   0.100000E+001  -0.299437E-001  -0.120262E+000
   0.224449E+002   0.100000E+001  -0.322622E-001  -0.131629E+000
   0.225251E+002   0.100000E+001  -0.341237E-001  -0.143704E+000
   0.226052E+002   0.100000E+001  -0.355820E-001  -0.156330E+000
   0.226854E+002   0.100000E+001  -0.366723E-001  -0.169360E+000
   0.227655E+002   0.100000E+001  -0.374344E-001  -0.182658E+000
   0.228457E+002   0.100000E+001  -0.378882E-001  -0.196097E+000
   0.229259E+002   0.100000E+001  -0.380542E-001  -0.209564E+000
   0.230060E+002   0.100000E+001  -0.379459E-001  -0.222960E+000
   0.230862E+002   0.100000E+001  -0.375764E-001  -0.236191E+000
   0.231663E+002   0.100000E+001  -0.369636E-001  -0.249163E+000
   0.232465E+002   0.100000E+001  -0.361091E-001  -0.261777E+000
   0.233267E+002   0.100000E+001  -0.350016E-001  -0.273939E+000
   0.234068E+002   0.100000E+001  -0.336324E-001  -0.285556E+000
   0.234870E+002   0.100000E+001  -0.319978E-001  -0.296535E+000
   0.235671E+002   0.100000E+001  -0.300825E-001  -0.306792E+000
   0.236473E+002   0.100000E+001  -0.278379E-001  -0.316237E+000
   0.237275E+002   0.100000E+001  -0.251724E-001  -0.324753E+000
   0.238076E+002   0.100000E+001  -0.219672E-001  -0.332168E+000
   0.238878E+002   0.100000E+001  -0.181066E-001  -0.338240E+000
   0.239679E+002   0.100000E+001  -0.135041E-001  -0.342668E+000
   0.240481E+002   0.100000E+001  -0.811591E-002  -0.345106E+000
   0.241283E+002   0.100000E+001  -0.194666E-002  -0.345182E+000
   0.242084E+002   0.100000E+001   0.494356E-002  -0.342517E+000
   0.242886E+002   0.100000E+001   0.124264E-001  -0.336740E+000
   0.243687E+002   0.100000E+001   0.202903E-001  -0.327518E+000
   0.244489E+002   0.100000E+001   0.282291E-001  -0.314599E+000
   0.245291E+002   0.100000E+001   0.358383E-001  -0.297870E+000
   0.246092E+002   0.100000E+001   0.426199E-001  -0.277435E+000
   0.246894E+002   0.100000E+001   0.480112E-001  -0.253697E+000
   0.247695E+002   0.100000E+001   0.514581E-001  -0.227437E+000
   0.248497E+002   0.100000E+001   0.525437E-001  -0.199810E+000
   0.249299E+002   0.100000E+001   0.511223E-001  -0.172211E+000
   0.250100E+002   0.100000E+001   0.473788E-001  -0.146025E+000
   0.250902E+002   0.100000E+001   0.417678E-001  -0.122370E+000
   0.251703E+002   0.100000E+001   0.348752E-001  -0.101969E+000
   0.252505E+002   0.100000E+001   0.272829E-001  -0.851525E-001
   0.253307E+002   0.100000E+001   0.194844E-001  -0.719493E-001
   0.254108E+002   0.100000E+001   0.118500E-001  -0.621907E-001
   0.254910E+002   0.100000E+001   0.463025E-002  -0.556028E-001
   0.255711E+002   0.100000E+001  -0.202120E-002  -0.518663E-001
   0.256513E+002   0.100000E+001  -0.802145E-002  -0.506500E-001
   0.257315E+002   0.100000E+001  -0.133400E-001  -0.516292E-001
   0.258116E+002   0.100000E+001  -0.179858E-001  -0.544971E-001
   0.258918E+002   0.100000E+001  -0.219969E-001  -0.589732E-001
   0.259719E+002   0.100000E+001  -0.254299E-001  -0.648086E-001
   0.260521E+002   0.100000E+001  -0.283504E-001  -0.717889E-001
   0.261323E+002   0.100000E+001  -0.308245E-001  -0.797325E-001
   0.262124E+002   0.100000E+001  -0.329117E-001  -0.884875E-001
   0.262926E+002   0.100000E+001  -0.346615E-001  -0.979253E-001
   0.263727E+002   0.100000E+001  -0.361115E-001  -0.107935E+000
   0.264529E+002   0.100000E+001  -0.372872E-001  -0.118417E+000
   0.265331E+002   0.100000E+001  -0.382036E-001  -0.129277E+000
   0.266132E+002   0.100000E+001  -0.388665E-001  -0.140425E+000
   0.266934E+002   0.100000E+001  -0.392745E-001  -0.151766E+000
   0.267735E+002   0.100000E+001  -0.394201E-001  -0.163204E+000
   0.268537E+002   0.100000E+001  -0.392909E-001  -0.174637E+000
   0.269339E+002   0.100000E+001  -0.388710E-001  -0.185956E+000
   0.270140E+002   0.100000E+001  -0.381412E-001  -0.197046E+000
   0.270942E+002   0.100000E+001  -0.370794E-001  -0.207781E+000
   0.271743E+002   0.100000E+001  -0.356605E-001  -0.218028E+000
   0.272545E+002   0.100000E+001  -0.338569E-001  -0.227644E+000
   0.273347E+002   0.100000E+001  -0.316387E-001  -0.236474E+000
   0.274148E+002   0.100000E+001  -0.289749E-001  -0.244353E+000
   0.274950E+002   0.100000E+001  -0.258348E-001  -0.251099E+000
   0.275752E+002   0.100000E+001  -0.221908E-001  -0.256521E+000
   0.276553E+002   0.100000E+001  -0.180215E-001  -0.260411E+000
   0.277355E+002   0.100000E+001  -0.133166E-001  -0.262553E+000
   0.278156E+002   0.100000E+001  -0.808318E-002  -0.262718E+000
   0.278958E+002   0.100000E+001  -0.235317E-002  -0.260674E+000
   0.279760E+002   0.100000E+001   0.380782E-002  -0.256194E+000
   0.280561E+002   0.100000E+001   0.102911E-001  -0.249072E+000
   0.281363E+002   0.100000E+001   0.169360E-001  -0.239140E+000
   0.282164E+002   0.100000E+001   0.235248E-001  -0.226296E+000
   0.282966E+002   0.100000E+001   0.297823E-001  -0.210547E+000
   0.283768E+002   0.100000E+001   0.353877E-001  -0.192040E+000
   0.284569E+002   0.100000E+001   0.399989E-001  -0.171109E+000
   0.285371E+002   0.100000E+001   0.432925E-001  -0.148289E+000
   0.286172E+002   0.100000E+001   0.450144E-001  -0.124306E+000
   0.286974E+002   0.100000E+001   0.450279E-001  -0.100026E+000
   0.287776E+002   0.100000E+001   0.433446E-001  -0.763552E-001
   0.288577E+002   0.100000E+001   0.401260E-001  -0.541406E-001
   0.289379E+002   0.100000E+001   0.356536E-001  -0.340704E-001
   0.290180E+002   0.100000E+001   0.302792E-001  -0.166227E-001
   0.290982E+002   0.100000E+001   0.243717E-001  -0.205598E-002
   0.291784E+002   0.100000E+001   0.182740E-001   0.956572E-002
   0.292585E+002   0.100000E+001   0.122759E-001   0.183296E-001
   0.293387E+002   0.100000E+001   0.660277E-002   0.244285E-001
   0.294188E+002   0.100000E+001   0.141536E-002   0.281209E-001
   0.294990E+002   0.100000E+001  -0.318319E-002   0.297002E-001
   0.295792E+002   0.100000E+001  -0.713746E-002   0.294722E-001
   0.296593E+002   0.100000E+001  -0.104292E-001   0.277406E-001
   0.297395E+002   0.100000E+001  -0.130676E-001   0.247967E-001
   0.298196E+002   0.100000E+001  -0.150812E-001   0.209138E-001
   0.298998E+002   0.100000E+001  -0.165112E-001   0.163435E-001
   0.299800E+002   0.100000E+001  -0.174066E-001   0.113140E-001
   0.300601E+002   0.100000E+001  -0.178204E-001   0.602939E-002
   0.301403E+002   0.100000E+001  -0.178071E-001   0.669364E-003
   0.302204E+002   0.100000E+001  -0.174208E-001  -0.460981E-002
   0.303006E+002   0.100000E+001  -0.167140E-001  -0.967456E-002
   0.303808E+002   0.100000E+001  -0.157367E-001  -0.144128E-001
   0.304609E+002   0.100000E+001  -0.145363E-001  -0.187327E-001
   0.305411E+002   0.100000E+001  -0.131568E-001  -0.225608E-001
   0.306212E+002   0.100000E+001  -0.116393E-001  -0.258409E-001
   0.307014E+002   0.100000E+001  -0.100219E-001  -0.285321E-001
   0.307816E+002   0.100000E+001  -0.834026E-002  -0.306072E-001
   0.308617E+002   0.100000E+001  -0.662841E-002  -0.320521E-001
   0.309419E+002   0.100000E+001  -0.491987E-002  -0.328646E-001
   0.310220E+002   0.100000E+001  -0.324876E-002  -0.330542E-001
   0.311022E+002   0.100000E+001  -0.165093E-002  -0.326440E-001
   0.311824E+002   0.100000E+001  -0.164220E-003  -0.316716E-001
   0.312625E+002   0.100000E+001   0.117251E-002  -0.301915E-001
   0.313427E+002   0.100000E+001   0.232206E-002  -0.282763E-001
   0.314228E+002   0.100000E+001   0.325319E-002  -0.260162E-001
   0.315030E+002   0.100000E+001   0.394553E-002  -0.235148E-001
   0.315832E+002   0.100000E+001   0.439354E-002  -0.208829E-001
   0.316633E+002   0.100000E+001   0.460823E-002  -0.182287E-001
   0.317435E+002   0.100000E+001   0.461564E-002  -0.156493E-001
   0.318236E+002   0.100000E+001   0.445283E-002  -0.132233E-001
   0.319038E+002   0.100000E+001   0.416236E-002  -0.110071E-001
   0.319840E+002   0.100000E+001   0.378692E-002  -0.903417E-002
   0.320641E+002   0.100000E+001   0.336518E-002  -0.731798E-002
   0.321443E+002   0.100000E+001   0.292923E-002  -0.585549E-002
   0.322244E+002   0.100000E+001   0.250352E-002  -0.463196E-002
   0.323046E+002   0.100000E+001   0.210506E-002  -0.362515E-002
   0.323848E+002   0.100000E+001   0.174431E-002  -0.280897E-002
   0.324649E+002   0.100000E+001   0.142642E-002  -0.215626E-002
   0.325451E+002   0.100000E+001   0.115258E-002  -0.164072E-002
   0.326253E+002   0.100000E+001   0.921186E-003  -0.123815E-002
   0.327054E+002   0.100000E+001   0.728919E-003  -0.927090E-003
   0.327856E+002   0.100000E+001   0.571499E-003  -0.689080E-003
   0.328657E+002   0.100000E+001   0.444286E-003  -0.508619E-003
   0.329459E+002   0.100000E+001   0.342686E-003  -0.372954E-003
   0.330261E+002   0.100000E+001   0.262399E-003  -0.271780E-003
   0.331062E+002   0.100000E+001   0.199566E-003  -0.196893E-003
   0.331864E+002   0.100000E+001   0.150826E-003  -0.141853E-003
   0.332665E+002   0.100000E+001   0.113324E-003  -0.101668E-003
   0.333467E+002   0.100000E+001   0.846846E-004  -0.725123E-004
   0.334269E+002   0.100000E+001   0.629638E-004  -0.514816E-004
   0.335070E+002   0.100000E+001   0.465952E-004  -0.363946E-004
   0.335872E+002   0.100000E+001   0.343324E-004  -0.256269E-004
   0.336673E+002   0.100000E+001   0.251955E-004  -0.179783E-004
   0.337475E+002   0.100000E+001   0.184217E-004  -0.125694E-004
   0.338277E+002   0.100000E+001   0.134230E-004  -0.875989E-005
   0.339078E+002   0.100000E+001   0.974984E-005  -0.608709E-005
   0.339880E+002   0.100000E+001   0.706130E-005  -0.421835E-005
   0.340681E+002   0.100000E+001   0.510048E-005  -0.291601E-005
   0.341483E+002   0.100000E+001   0.367511E-005  -0.201109E-005
   0.342285E+002   0.100000E+001   0.264210E-005  -0.138403E-005
   0.343086E+002   0.100000E+001   0.189551E-005  -0.950619E-006
   0.343888E+002   0.100000E+001   0.135730E-005  -0.651742E-006
   0.344689E+002   0.100000E+001   0.970201E-006  -0.446080E-006
   0.345491E+002   0.100000E+001   0.692385E-006  -0.304839E-006
   0.346293E+002   0.100000E+001   0.493388E-006  -0.208017E-006
   0.347094E+002   0.100000E+001   0.351103E-006  -0.141756E-006
   0.347896E+002   0.100000E+001   0.249536E-006  -0.964796E-007
   0.348697E+002   0.100000E+001   0.177143E-006  -0.655871E-007
   0.349499E+002   0.100000E+001   0.125617E-006  -0.445369E-007
   0.350301E+002   0.100000E+001   0.889893E-007  -0.302114E-007
   0.351102E+002   0.100000E+001   0.629831E-007  -0.204735E-007
   0.351904E+002   0.100000E+001   0.445385E-007  -0.138614E-007
   0.352705E+002   0.100000E+001   0.314701E-007  -0.937636E-008
   0.353507E+002   0.100000E+001   0.222194E-007  -0.633709E-008
   0.354309E+002   0.100000E+001   0.156768E-007  -0.427944E-008
   0.355110E+002   0.100000E+001   0.110534E-007  -0.288760E-008
   0.355912E+002   0.100000E+001   0.778857E-008  -0.194692E-008
   0.356713E+002   0.100000E+001   0.548478E-008  -0.131167E-008
   0.357515E+002   0.100000E+001   0.386022E-008  -0.883031E-009
   0.358317E+002   0.100000E+001   0.271534E-008  -0.594020E-009
   0.359118E+002   0.100000E+001   0.190900E-008  -0.399302E-009
   0.359920E+002   0.100000E+001   0.134142E-008  -0.268210E-009
   0.360721E+002   0.100000E+001   0.942109E-009  -0.180019E-009
   0.361523E+002   0.100000E+001   0.661338E-009  -0.120733E-009
   0.362325E+002   0.100000E+001   0.464014E-009  -0.809081E-010
   0.363126E+002   0.100000E+001   0.325407E-009  -0.541759E-010
   0.363928E+002   0.100000E+001   0.228091E-009  -0.362458E-010
   0.364729E+002   0.100000E+001   0.159799E-009  -0.242289E-010
   0.365531E+002   0.100000E+001   0.111898E-009  -0.161816E-010
   0.366333E+002   0.100000E+001   0.783156E-010  -0.107969E-010
   0.367134E+002   0.100000E+001   0.547829E-010  -0.719700E-011
   0.367936E+002   0.100000E+001   0.383006E-010  -0.479243E-011
   0.368737E+002   0.100000E+001   0.267622E-010  -0.318778E-011
   0.369539E+002   0.100000E+001   0.186888E-010  -0.211799E-011
   0.370341E+002   0.100000E+001   0.130430E-010  -0.140551E-011
   0.371142E+002   0.100000E+001   0.909689E-011  -0.931502E-012
   0.371944E+002   0.100000E+001   0.634036E-011  -0.616511E-012
   0.372745E+002   0.100000E+001   0.441594E-011  -0.407442E-012
   0.373547E+002   0.100000E+001   0.307328E-011  -0.268854E-012
   0.374349E+002   0.100000E+001   0.213713E-011  -0.177112E-012
   0.375150E+002   0.100000E+001   0.148486E-011  -0.116468E-012
   0.375952E+002   0.100000E+001   0.103071E-011  -0.764429E-013
   0.376754E+002   0.100000E+001   0.714756E-012  -0.500700E-013
   0.377555E+002   0.100000E+001   0.495127E-012  -0.327234E-013
   0.378357E+002   0.100000E+001   0.342591E-012  -0.213355E-013
   0.379158E+002   0.100000E+001   0.236752E-012  -0.138748E-013
   0.379960E+002   0.100000E+001   0.163390E-012  -0.899776E-014
   0.380762E+002   0.100000E+001   0.112595E-012  -0.581725E-014
   0.381563E+002   0.100000E+001   0.774666E-013  -0.374850E-014
   0.382365E+002   0.100000E+001   0.532042E-013  -0.240667E-014
   0.383166E+002   0.100000E+001   0.364702E-013  -0.153901E-014
   0.383968E+002   0.100000E+001   0.249460E-013  -0.979833E-015
   0.384770E+002   0.100000E+001   0.170230E-013  -0.620790E-015
   0.385571E+002   0.100000E+001   0.115858E-013  -0.391184E-015
   0.386373E+002   0.100000E+001   0.786202E-014  -0.245011E-015
   0.387174E+002   0.100000E+001   0.531738E-014  -0.152416E-015
   0.387976E+002   0.100000E+001   0.358283E-014  -0.940860E-016
   0.388778E+002   0.100000E+001   0.240377E-014  -0.575713E-016
   0.389579E+002   0.100000E+001   0.160480E-014  -0.348745E-016
   0.390381E+002   0.100000E+001   0.106531E-014  -0.208803E-016
   0.391182E+002   0.100000E+001   0.702516E-015  -0.123321E-016
   0.391984E+002   0.100000E+001   0.459687E-015  -0.716687E-017
   0.392786E+002   0.100000E+001   0.298048E-015  -0.408546E-017
   0.393587E+002   0.100000E+001   0.191153E-015  -0.227506E-017
   0.394389E+002   0.100000E+001   0.121013E-015  -0.123089E-017
   0.395190E+002   0.100000E+001   0.754222E-016  -0.642182E-018
   0.395992E+002   0.100000E+001   0.461171E-016  -0.319529E-018
   0.396794E+002   0.100000E+001   0.275121E-016  -0.148890E-018
   0.397595E+002   0.100000E+001   0.158251E-016  -0.627252E-019
   0.398397E+002   0.100000E+001   0.847471E-017  -0.219526E-019
   0.399198E+002   0.100000E+001   0.364213E-017  -0.459377E-020
   0.400000E+002   0.100000E+001   0.000000E+000  -0.000000E+000
   0.400802E+002   0.100000E+001   0.169656E-016  -0.357728E-020

