  -0.801603E-001   0.100000E+001  -0.357831E-001  -0.844029E-001
   0.000000E+000   0.100000E+001  -0.372403E-001  -0.247846E-002
   0.801603E-001   0.100000E+001  -0.369049E-001  -0.188476E-001
   0.160321E+000   0.100000E+001  -0.363659E-001  -0.350973E-001
   0.240481E+000   0.100000E+001  -0.355318E-001  -0.511060E-001
   0.320641E+000   0.100000E+001  -0.344176E-001  -0.667837E-001
   0.400802E+000   0.100000E+001  -0.329352E-001  -0.819564E-001
   0.480962E+000   0.100000E+001  -0.310650E-001  -0.965085E-001
   0.561122E+000   0.100000E+001  -0.287598E-001  -0.110280E+000
   0.641283E+000   0.100000E+001  -0.259671E-001  -0.123096E+000
   0.721443E+000   0.100000E+001  -0.226350E-001  -0.134764E+000
   0.801603E+000   0.100000E+001  -0.187093E-001  -0.145064E+000
   0.881764E+000   0.100000E+001  -0.141389E-001  -0.153755E+000
   0.961924E+000   0.100000E+001  -0.888208E-002  -0.160565E+000
   0.104208E+001   0.100000E+001  -0.291487E-002  -0.165198E+000
   0.112224E+001   0.100000E+001   0.375834E-002  -0.167338E+000
   0.120240E+001   0.100000E+001   0.110902E-001  -0.166649E+000
   0.128257E+001   0.100000E+001   0.189734E-001  -0.162798E+000
   0.136273E+001   0.100000E+001   0.272225E-001  -0.155475E+000
   0.144289E+001   0.100000E+001   0.355563E-001  -0.144436E+000
   0.152305E+001   0.100000E+001   0.435885E-001  -0.129563E+000
   0.160321E+001   0.100000E+001   0.508341E-001  -0.110937E+000
   0.168337E+001   0.100000E+001   0.567429E-001  -0.889236E-001
   0.176353E+001   0.100000E+001   0.607688E-001  -0.642264E-001
   0.184369E+001   0.100000E+001   0.624772E-001  -0.378759E-001
   0.192385E+001   0.100000E+001   0.616609E-001  -0.111287E-001
   0.200401E+001   0.100000E+001   0.584083E-001   0.147079E-001
   0.208417E+001   0.100000E+001   0.530755E-001   0.384648E-001
   0.216433E+001   0.100000E+001   0.461808E-001   0.592516E-001
   0.224449E+001   0.100000E+001   0.382848E-001   0.765120E-001
   0.232465E+001   0.100000E+001   0.299065E-001   0.900009E-001
   0.240481E+001   0.100000E+001   0.214779E-001   0.997139E-001
   0.248497E+001   0.100000E+001   0.133242E-001   0.105809E+000
   0.256513E+001   0.100000E+001   0.566598E-002   0.108544E+000
   0.264529E+001   0.100000E+001  -0.136436E-002   0.108230E+000
   0.272545E+001   0.100000E+001  -0.769926E-002   0.105198E+000
   0.280561E+001   0.100000E+001  -0.133156E-001   0.997804E-001
   0.288577E+001   0.100000E+001  -0.182193E-001   0.922929E-001
   0.296593E+001   0.100000E+001  -0.224359E-001   0.830293E-001
   0.304609E+001   0.100000E+001  -0.260048E-001   0.722550E-001
   0.312625E+001   0.100000E+001  -0.289756E-001   0.602061E-001
   0.320641E+001   0.100000E+001  -0.314037E-001   0.470898E-001
   0.328657E+001   0.100000E+001  -0.333459E-001   0.330892E-001
   0.336673E+001   0.100000E+001  -0.348566E-001   0.183669E-001
   0.344689E+001   0.100000E+001  -0.359839E-001   0.306942E-002
   0.352705E+001   0.100000E+001  -0.367682E-001  -0.126696E-001
   0.360721E+001   0.100000E+001  -0.372400E-001  -0.287263E-001
   0.368737E+001   0.100000E+001  -0.374207E-001  -0.449845E-001
   0.376754E+001   0.100000E+001  -0.373234E-001  -0.613325E-001
   0.384770E+001   0.100000E+001  -0.369539E-001  -0.776609E-001
   0.392786E+001   0.100000E+001  -0.363115E-001  -0.938601E-001
   0.400802E+001   0.100000E+001  -0.353885E-001  -0.109818E+000
   0.408818E+001   0.100000E+001  -0.341684E-001  -0.125416E+000
   0.416834E+001   0.100000E+001  -0.326244E-001  -0.140529E+000
   0.424850E+001   0.100000E+001  -0.307183E-001  -0.155017E+000
   0.432866E+001   0.100000E+001  -0.284003E-001  -0.168726E+000
   0.440882E+001   0.100000E+001  -0.256116E-001  -0.181481E+000
   0.448898E+001   0.100000E+001  -0.222876E-001  -0.193083E+000
   0.456914E+001   0.100000E+001  -0.183633E-001  -0.203305E+000
   0.464930E+001   0.100000E+001  -0.137792E-001  -0.211891E+000
   0.472946E+001   0.100000E+001  -0.848914E-002  -0.218553E+000
   0.480962E+001   0.100000E+001  -0.246943E-002  -0.222974E+000
   0.488978E+001   0.100000E+001   0.427068E-002  -0.224815E+000
   0.496994E+001   0.100000E+001   0.116760E-001  -0.223726E+000
   0.505010E+001   0.100000E+001   0.196293E-001  -0.219360E+000
   0.513026E+001   0.100000E+001   0.279330E-001  -0.211405E+000
   0.521042E+001   0.100000E+001   0.362884E-001  -0.199618E+000
   0.529058E+001   0.100000E+001   0.442834E-001  -0.183889E+000
   0.537074E+001   0.100000E+001   0.514015E-001  -0.164326E+000
   0.545090E+001   0.100000E+001   0.570710E-001  -0.141344E+000
   0.553106E+001   0.100000E+001   0.607586E-001  -0.115733E+000
   0.561122E+001   0.100000E+001   0.620874E-001  -0.886349E-001
   0.569138E+001   0.100000E+001   0.609323E-001  -0.614119E-001
   0.577154E+001   0.100000E+001   0.574478E-001  -0.354279E-001
   0.585170E+001   0.100000E+001   0.520192E-001  -0.118336E-001
   0.593186E+001   0.100000E+001   0.451601E-001   0.856485E-002
   0.601202E+001   0.100000E+001   0.374082E-001   0.253259E-001
   0.609218E+001   0.100000E+001   0.292525E-001   0.383108E-001
   0.617234E+001   0.100000E+001   0.210918E-001   0.475934E-001
   0.625251E+001   0.100000E+001   0.132250E-001   0.533787E-001
   0.633267E+001   0.100000E+001   0.586002E-002   0.559418E-001
   0.641283E+001   0.100000E+001  -0.877829E-003   0.555899E-001
   0.649299E+001   0.100000E+001  -0.692822E-002   0.526359E-001
   0.657315E+001   0.100000E+001  -0.122801E-001   0.473847E-001
   0.665331E+001   0.100000E+001  -0.169595E-001   0.401255E-001
   0.673347E+001   0.100000E+001  -0.210100E-001   0.311265E-001
   0.681363E+001   0.100000E+001  -0.244858E-001   0.206315E-001
   0.689379E+001   0.100000E+001  -0.274447E-001   0.885690E-002
   0.697395E+001   0.100000E+001  -0.299380E-001  -0.400656E-002
   0.705411E+001   0.100000E+001  -0.320086E-001  -0.177884E-001
   0.713427E+001   0.100000E+001  -0.336931E-001  -0.323335E-001
   0.721443E+001   0.100000E+001  -0.350211E-001  -0.475002E-001
   0.729459E+001   0.100000E+001  -0.360099E-001  -0.631593E-001
   0.737475E+001   0.100000E+001  -0.366661E-001  -0.791878E-001
   0.745491E+001   0.100000E+001  -0.369953E-001  -0.954616E-001
   0.753507E+001   0.100000E+001  -0.370044E-001  -0.111856E+000
   0.761523E+001   0.100000E+001  -0.366982E-001  -0.128250E+000
   0.769539E+001   0.100000E+001  -0.360760E-001  -0.144520E+000
   0.777555E+001   0.100000E+001  -0.351296E-001  -0.160538E+000
   0.785571E+001   0.100000E+001  -0.338407E-001  -0.176170E+000
   0.793587E+001   0.100000E+001  -0.321700E-001  -0.191272E+000
   0.801603E+001   0.100000E+001  -0.300719E-001  -0.205686E+000
   0.809619E+001   0.100000E+001  -0.275105E-001  -0.219231E+000
   0.817635E+001   0.100000E+001  -0.244447E-001  -0.231705E+000
   0.825651E+001   0.100000E+001  -0.208329E-001  -0.242887E+000
   0.833667E+001   0.100000E+001  -0.166544E-001  -0.252530E+000
   0.841683E+001   0.100000E+001  -0.119066E-001  -0.260379E+000
   0.849699E+001   0.100000E+001  -0.659140E-002  -0.266172E+000
   0.857715E+001   0.100000E+001  -0.761752E-003  -0.269651E+000
   0.865731E+001   0.100000E+001   0.552384E-002  -0.270579E+000
   0.873747E+001   0.100000E+001   0.122017E-001  -0.268744E+000
   0.881764E+001   0.100000E+001   0.191726E-001  -0.263961E+000
   0.889780E+001   0.100000E+001   0.262893E-001  -0.256072E+000
   0.897796E+001   0.100000E+001   0.334384E-001  -0.244963E+000
   0.905812E+001   0.100000E+001   0.404282E-001  -0.230572E+000
   0.913828E+001   0.100000E+001   0.470134E-001  -0.212933E+000
   0.921844E+001   0.100000E+001   0.527779E-001  -0.192235E+000
   0.929860E+001   0.100000E+001   0.571500E-001  -0.168907E+000
   0.937876E+001   0.100000E+001   0.596311E-001  -0.143678E+000
   0.945892E+001   0.100000E+001   0.599133E-001  -0.117558E+000
   0.953908E+001   0.100000E+001   0.579519E-001  -0.917265E-001
   0.961924E+001   0.100000E+001   0.539857E-001  -0.673586E-001
   0.969940E+001   0.100000E+001   0.483648E-001  -0.454516E-001
   0.977956E+001   0.100000E+001   0.415030E-001  -0.267156E-001
   0.985972E+001   0.100000E+001   0.338454E-001  -0.115486E-001
   0.993988E+001   0.100000E+001   0.257487E-001  -0.724248E-004
   0.100200E+002   0.100000E+001   0.175516E-001   0.778186E-002
   0.101002E+002   0.100000E+001   0.954155E-002   0.122090E-001
   0.101804E+002   0.100000E+001   0.197101E-002   0.134775E-001
   0.102605E+002   0.100000E+001  -0.492450E-002   0.119041E-001
   0.103407E+002   0.100000E+001  -0.109920E-001   0.784563E-002
   0.104208E+002   0.100000E+001  -0.161695E-001   0.168200E-002
   0.105010E+002   0.100000E+001  -0.204733E-001  -0.620635E-002
   0.105812E+002   0.100000E+001  -0.239861E-001  -0.154685E-001
   0.106613E+002   0.100000E+001  -0.268063E-001  -0.258076E-001
   0.107415E+002   0.100000E+001  -0.290310E-001  -0.369869E-001
   0.108216E+002   0.100000E+001  -0.307498E-001  -0.488240E-001
   0.109018E+002   0.100000E+001  -0.320413E-001  -0.611746E-001
   0.109820E+002   0.100000E+001  -0.329828E-001  -0.739161E-001
   0.110621E+002   0.100000E+001  -0.336261E-001  -0.869388E-001
   0.111423E+002   0.100000E+001  -0.339889E-001  -0.100140E+000
   0.112224E+002   0.100000E+001  -0.340790E-001  -0.113423E+000
   0.113026E+002   0.100000E+001  -0.339013E-001  -0.126689E+000
   0.113828E+002   0.100000E+001  -0.334604E-001  -0.139846E+000
   0.114629E+002   0.100000E+001  -0.327597E-001  -0.152797E+000
   0.115431E+002   0.100000E+001  -0.318027E-001  -0.165448E+000
   0.116232E+002   0.100000E+001  -0.306043E-001  -0.177703E+000
   0.117034E+002   0.100000E+001  -0.291796E-001  -0.189466E+000
   0.117836E+002   0.100000E+001  -0.275253E-001  -0.200644E+000
   0.118637E+002   0.100000E+001  -0.256044E-001  -0.211137E+000
   0.119439E+002   0.100000E+001  -0.233663E-001  -0.220831E+000
   0.120240E+002   0.100000E+001  -0.207591E-001  -0.229588E+000
   0.121042E+002   0.100000E+001  -0.177300E-001  -0.237236E+000
   0.121844E+002   0.100000E+001  -0.142420E-001  -0.243574E+000
   0.122645E+002   0.100000E+001  -0.102699E-001  -0.248375E+000
   0.123447E+002   0.100000E+001  -0.576228E-002  -0.251392E+000
   0.124248E+002   0.100000E+001  -0.649285E-003  -0.252356E+000
   0.125050E+002   0.100000E+001   0.511323E-002  -0.250971E+000
   0.125852E+002   0.100000E+001   0.114975E-001  -0.246917E+000
   0.126653E+002   0.100000E+001   0.184284E-001  -0.239867E+000
   0.127455E+002   0.100000E+001   0.257120E-001  -0.229519E+000
   0.128257E+002   0.100000E+001   0.330788E-001  -0.215645E+000
   0.129058E+002   0.100000E+001   0.402373E-001  -0.198152E+000
   0.129860E+002   0.100000E+001   0.468757E-001  -0.177126E+000
   0.130661E+002   0.100000E+001   0.526239E-001  -0.152875E+000
   0.131463E+002   0.100000E+001   0.570277E-001  -0.125947E+000
   0.132265E+002   0.100000E+001   0.595621E-001  -0.971440E-001
   0.133066E+002   0.100000E+001   0.598332E-001  -0.675006E-001
   0.133868E+002   0.100000E+001   0.576938E-001  -0.382161E-001
   0.134669E+002   0.100000E+001   0.533422E-001  -0.105263E-001
   0.135471E+002   0.100000E+001   0.472699E-001   0.144589E-001
   0.136273E+002   0.100000E+001   0.400677E-001   0.359135E-001
   0.137074E+002   0.100000E+001   0.322737E-001   0.533889E-001
   0.137876E+002   0.100000E+001   0.243425E-001   0.668139E-001
   0.138677E+002   0.100000E+001   0.166467E-001   0.764144E-001
   0.139479E+002   0.100000E+001   0.945517E-002   0.825951E-001
   0.140281E+002   0.100000E+001   0.290908E-002   0.858248E-001
   0.141082E+002   0.100000E+001  -0.292786E-002   0.865518E-001
   0.141884E+002   0.100000E+001  -0.805703E-002   0.851637E-001
   0.142685E+002   0.100000E+001  -0.125405E-001   0.819788E-001
   0.143487E+002   0.100000E+001  -0.164055E-001   0.772503E-001
   0.144289E+002   0.100000E+001  -0.196768E-001   0.711857E-001
   0.145090E+002   0.100000E+001  -0.224094E-001   0.639630E-001
   0.145892E+002   0.100000E+001  -0.246437E-001   0.557418E-001
   0.146693E+002   0.100000E+001  -0.263985E-001   0.466708E-001
   0.147495E+002   0.100000E+001  -0.277214E-001   0.368940E-001
   0.148297E+002   0.100000E+001  -0.286807E-001   0.265463E-001
   0.149098E+002   0.100000E+001  -0.293625E-001   0.157437E-001
   0.149900E+002   0.100000E+001  -0.298531E-001   0.457032E-002
   0.150701E+002   0.100000E+001  -0.302091E-001  -0.692695E-002
   0.151503E+002   0.100000E+001  -0.304134E-001  -0.187297E-001
   0.152305E+002   0.100000E+001  -0.304060E-001  -0.308203E-001
   0.153106E+002   0.100000E+001  -0.301596E-001  -0.431479E-001
   0.153908E+002   0.100000E+001  -0.296748E-001  -0.556094E-001
   0.154709E+002   0.100000E+001  -0.289609E-001  -0.680512E-001
   0.155511E+002   0.100000E+001  -0.280424E-001  -0.802893E-001
   0.156313E+002   0.100000E+001  -0.269502E-001  -0.921374E-001
   0.157114E+002   0.100000E+001  -0.256519E-001  -0.103432E+000
   0.157916E+002   0.100000E+001  -0.240531E-001  -0.114036E+000
   0.158717E+002   0.100000E+001  -0.220819E-001  -0.123822E+000
   0.159519E+002   0.100000E+001  -0.196937E-001  -0.132654E+000
   0.160321E+002   0.100000E+001  -0.168266E-001  -0.140371E+000
   0.161122E+002   0.100000E+001  -0.134588E-001  -0.146777E+000
   0.161924E+002   0.100000E+001  -0.959903E-002  -0.151651E+000
   0.162725E+002   0.100000E+001  -0.523064E-002  -0.154753E+000
   0.163527E+002   0.100000E+001  -0.295703E-003  -0.155838E+000
   0.164329E+002   0.100000E+001   0.521598E-002  -0.154652E+000
   0.165130E+002   0.100000E+001   0.112757E-001  -0.150934E+000
   0.165932E+002   0.100000E+001   0.178324E-001  -0.144433E+000
   0.166733E+002   0.100000E+001   0.247749E-001  -0.134920E+000
   0.167535E+002   0.100000E+001   0.319532E-001  -0.122222E+000
   0.168337E+002   0.100000E+001   0.390991E-001  -0.106261E+000
   0.169138E+002   0.100000E+001   0.458148E-001  -0.870898E-001
   0.169940E+002   0.100000E+001   0.517415E-001  -0.649457E-001
   0.170741E+002   0.100000E+001   0.564342E-001  -0.402642E-001
   0.171543E+002   0.100000E+001   0.593700E-001  -0.136911E-001
   0.172345E+002   0.100000E+001   0.601669E-001   0.139200E-001
   0.173146E+002   0.100000E+001   0.586186E-001   0.415523E-001
   0.173948E+002   0.100000E+001   0.547807E-001   0.681023E-001
   0.174749E+002   0.100000E+001   0.490397E-001   0.924989E-001
   0.175551E+002   0.100000E+001   0.420543E-001   0.113842E+000
   0.176353E+002   0.100000E+001   0.345303E-001   0.131530E+000
   0.177154E+002   0.100000E+001   0.269212E-001   0.145322E+000
   0.177956E+002   0.100000E+001   0.195019E-001   0.155289E+000
   0.178758E+002   0.100000E+001   0.124379E-001   0.161692E+000
   0.179559E+002   0.100000E+001   0.578846E-002   0.164864E+000
   0.180361E+002   0.100000E+001  -0.325917E-003   0.165103E+000
   0.181162E+002   0.100000E+001  -0.577553E-002   0.162651E+000
   0.181964E+002   0.100000E+001  -0.105105E-001   0.157714E+000
   0.182766E+002   0.100000E+001  -0.145386E-001   0.150496E+000
   0.183567E+002   0.100000E+001  -0.179549E-001   0.141227E+000
   0.184369E+002   0.100000E+001  -0.208317E-001   0.130162E+000
   0.185170E+002   0.100000E+001  -0.231923E-001   0.117585E+000
   0.185972E+002   0.100000E+001  -0.250904E-001   0.103800E+000
   0.186774E+002   0.100000E+001  -0.265880E-001   0.891138E-001
   0.187575E+002   0.100000E+001  -0.277506E-001   0.738240E-001
   0.188377E+002   0.100000E+001  -0.286326E-001   0.581962E-001
   0.189178E+002   0.100000E+001  -0.292575E-001   0.424564E-001
   0.189980E+002   0.100000E+001  -0.296175E-001   0.267914E-001
   0.190782E+002   0.100000E+001  -0.297178E-001   0.113586E-001
   0.191583E+002   0.100000E+001  -0.296021E-001  -0.370495E-002
   0.192385E+002   0.100000E+001  -0.293143E-001  -0.182840E-001
   0.193186E+002   0.100000E+001  -0.288618E-001  -0.322903E-001
   0.193988E+002   0.100000E+001  -0.282486E-001  -0.456663E-001
   0.194790E+002   0.100000E+001  -0.274628E-001  -0.583870E-001
   0.195591E+002   0.100000E+001  -0.265039E-001  -0.704539E-001
   0.196393E+002   0.100000E+001  -0.253587E-001  -0.818848E-001
   0.197194E+002   0.100000E+001  -0.239885E-001  -0.926960E-001
   0.197996E+002   0.100000E+001  -0.222815E-001  -0.102881E+000
   0.198798E+002   0.100000E+001  -0.201242E-001  -0.112382E+000
   0.199599E+002   0.100000E+001  -0.174039E-001  -0.121071E+000
   0.200401E+002   0.100000E+001  -0.140227E-001  -0.128737E+000
   0.201202E+002   0.100000E+001  -0.989321E-002  -0.135096E+000
   0.202004E+002   0.100000E+001  -0.492251E-002  -0.139793E+000
   0.202806E+002   0.100000E+001   0.974471E-003  -0.142416E+000
   0.203607E+002   0.100000E+001   0.779610E-002  -0.142509E+000
   0.204409E+002   0.100000E+001   0.154274E-001  -0.139599E+000
   0.205210E+002   0.100000E+001   0.236260E-001  -0.133239E+000
   0.206012E+002   0.100000E+001   0.320572E-001  -0.123075E+000
   0.206814E+002   0.100000E+001   0.402993E-001  -0.108921E+000
   0.207615E+002   0.100000E+001   0.478374E-001  -0.908385E-001
   0.208417E+002   0.100000E+001   0.541069E-001  -0.692014E-001
   0.209218E+002   0.100000E+001   0.585863E-001  -0.447254E-001
   0.210020E+002   0.100000E+001   0.608313E-001  -0.184399E-001
   0.210822E+002   0.100000E+001   0.606500E-001   0.839941E-002
   0.211623E+002   0.100000E+001   0.581196E-001   0.344683E-001
   0.212425E+002   0.100000E+001   0.535786E-001   0.585553E-001
   0.213226E+002   0.100000E+001   0.475828E-001   0.797441E-001
   0.214028E+002   0.100000E+001   0.407469E-001   0.975144E-001
   0.214830E+002   0.100000E+001   0.335874E-001   0.111747E+000
   0.215631E+002   0.100000E+001   0.265013E-001   0.122618E+000
   0.216433E+002   0.100000E+001   0.196975E-001   0.130439E+000
   0.217234E+002   0.100000E+001   0.132743E-001   0.135533E+000
   0.218036E+002   0.100000E+001   0.726366E-002   0.138164E+000
   0.218838E+002   0.100000E+001   0.163836E-002   0.138518E+000
   0.219639E+002   0.100000E+001  -0.360050E-002   0.136739E+000
   0.220441E+002   0.100000E+001  -0.846968E-002   0.132951E+000
   0.221242E+002   0.100000E+001  -0.129695E-001   0.127287E+000
   0.222044E+002   0.100000E+001  -0.170713E-001   0.119893E+000
   0.222846E+002   0.100000E+001  -0.207684E-001   0.110923E+000
   0.223647E+002   0.100000E+001  -0.240234E-001   0.100544E+000
   0.224449E+002   0.100000E+001  -0.268032E-001   0.889294E-001
   0.225251E+002   0.100000E+001  -0.290978E-001   0.762647E-001
   0.226052E+002   0.100000E+001  -0.308882E-001   0.627486E-001
   0.226854E+002   0.100000E+001  -0.321815E-001   0.485892E-001
   0.227655E+002   0.100000E+001  -0.329941E-001   0.339959E-001
   0.228457E+002   0.100000E+001  -0.333285E-001   0.191722E-001
   0.229259E+002   0.100000E+001  -0.332026E-001   0.431366E-002
   0.230060E+002   0.100000E+001  -0.326287E-001  -0.103979E-001
   0.230862E+002   0.100000E+001  -0.316179E-001  -0.247902E-001
   0.231663E+002   0.100000E+001  -0.301979E-001  -0.386896E-001
   0.232465E+002   0.100000E+001  -0.283898E-001  -0.519281E-001
   0.233267E+002   0.100000E+001  -0.262051E-001  -0.643499E-001
   0.234068E+002   0.100000E+001  -0.236491E-001  -0.758081E-001
   0.234870E+002   0.100000E+001  -0.207174E-001  -0.861583E-001
   0.235671E+002   0.100000E+001  -0.173973E-001  -0.952524E-001
   0.236473E+002   0.100000E+001  -0.136759E-001  -0.102933E+000
   0.237275E+002   0.100000E+001  -0.954404E-002  -0.109033E+000
   0.238076E+002   0.100000E+001  -0.499716E-002  -0.113382E+000
   0.238878E+002   0.100000E+001  -0.326017E-004  -0.115812E+000
   0.239679E+002   0.100000E+001   0.535325E-002  -0.116146E+000
   0.240481E+002   0.100000E+001   0.111608E-001  -0.114192E+000
   0.241283E+002   0.100000E+001   0.173713E-001  -0.109736E+000
   0.242084E+002   0.100000E+001   0.239218E-001  -0.102547E+000
   0.242886E+002   0.100000E+001   0.306769E-001  -0.924013E-001
   0.243687E+002   0.100000E+001   0.374013E-001  -0.791159E-001
   0.244489E+002   0.100000E+001   0.437423E-001  -0.626243E-001
   0.245291E+002   0.100000E+001   0.492406E-001  -0.430664E-001
   0.246092E+002   0.100000E+001   0.533880E-001  -0.208793E-001
   0.246894E+002   0.100000E+001   0.557272E-001   0.316366E-002
   0.247695E+002   0.100000E+001   0.559584E-001   0.280065E-001
   0.248497E+002   0.100000E+001   0.540030E-001   0.524508E-001
   0.249299E+002   0.100000E+001   0.500085E-001   0.753307E-001
   0.250100E+002   0.100000E+001   0.443091E-001   0.956641E-001
   0.250902E+002   0.100000E+001   0.373632E-001   0.112749E+000
   0.251703E+002   0.100000E+001   0.296813E-001   0.126200E+000
   0.252505E+002   0.100000E+001   0.217545E-001   0.135924E+000
   0.253307E+002   0.100000E+001   0.139982E-001   0.142058E+000
   0.254108E+002   0.100000E+001   0.672176E-002   0.144891E+000
   0.254910E+002   0.100000E+001   0.121659E-003   0.144796E+000
   0.255711E+002   0.100000E+001  -0.570803E-002   0.142167E+000
   0.256513E+002   0.100000E+001  -0.107528E-001   0.137384E+000
   0.257315E+002   0.100000E+001  -0.150502E-001   0.130792E+000
   0.258116E+002   0.100000E+001  -0.186658E-001   0.122690E+000
   0.258918E+002   0.100000E+001  -0.216757E-001   0.113336E+000
   0.259719E+002   0.100000E+001  -0.241550E-001   0.102949E+000
   0.260521E+002   0.100000E+001  -0.261729E-001   0.917172E-001
   0.261323E+002   0.100000E+001  -0.277912E-001   0.798010E-001
   0.262124E+002   0.100000E+001  -0.290645E-001   0.673397E-001
   0.262926E+002   0.100000E+001  -0.300412E-001   0.544519E-001
   0.263727E+002   0.100000E+001  -0.307622E-001   0.412376E-001
   0.264529E+002   0.100000E+001  -0.312582E-001   0.277806E-001
   0.265331E+002   0.100000E+001  -0.315461E-001   0.141525E-001
   0.266132E+002   0.100000E+001  -0.316249E-001   0.419705E-003
   0.266934E+002   0.100000E+001  -0.314734E-001  -0.133466E-001
   0.267735E+002   0.100000E+001  -0.310506E-001  -0.270610E-001
   0.268537E+002   0.100000E+001  -0.302997E-001  -0.406142E-001
   0.269339E+002   0.100000E+001  -0.291534E-001  -0.538669E-001
   0.270140E+002   0.100000E+001  -0.275407E-001  -0.666469E-001
   0.270942E+002   0.100000E+001  -0.253933E-001  -0.787492E-001
   0.271743E+002   0.100000E+001  -0.226500E-001  -0.899393E-001
   0.272545E+002   0.100000E+001  -0.192609E-001  -0.999569E-001
   0.273347E+002   0.100000E+001  -0.151898E-001  -0.108520E+000
   0.274148E+002   0.100000E+001  -0.104173E-001  -0.115329E+000
   0.274950E+002   0.100000E+001  -0.494629E-002  -0.120070E+000
   0.275752E+002   0.100000E+001   0.118962E-002  -0.122420E+000
   0.276553E+002   0.100000E+001   0.791244E-002  -0.122055E+000
   0.277355E+002   0.100000E+001   0.150823E-001  -0.118670E+000
   0.278156E+002   0.100000E+001   0.224798E-001  -0.112005E+000
   0.278958E+002   0.100000E+001   0.297959E-001  -0.101903E+000
   0.279760E+002   0.100000E+001   0.366415E-001  -0.883689E-001
   0.280561E+002   0.100000E+001   0.425860E-001  -0.716339E-001
   0.281363E+002   0.100000E+001   0.472243E-001  -0.521938E-001
   0.282164E+002   0.100000E+001   0.502513E-001  -0.307843E-001
   0.282966E+002   0.100000E+001   0.515109E-001  -0.829727E-002
   0.283768E+002   0.100000E+001   0.510000E-001   0.143331E-001
   0.284569E+002   0.100000E+001   0.488343E-001   0.362285E-001
   0.285371E+002   0.100000E+001   0.452081E-001   0.566243E-001
   0.286172E+002   0.100000E+001   0.403688E-001   0.748990E-001
   0.286974E+002   0.100000E+001   0.346020E-001   0.905904E-001
   0.287776E+002   0.100000E+001   0.282137E-001   0.103406E+000
   0.288577E+002   0.100000E+001   0.215033E-001   0.113218E+000
   0.289379E+002   0.100000E+001   0.147371E-001   0.120036E+000
   0.290180E+002   0.100000E+001   0.813288E-002   0.123973E+000
   0.290982E+002   0.100000E+001   0.185753E-002   0.125211E+000
   0.291784E+002   0.100000E+001  -0.396449E-002   0.123975E+000
   0.292585E+002   0.100000E+001  -0.924046E-002   0.120518E+000
   0.293387E+002   0.100000E+001  -0.139010E-001   0.115112E+000
   0.294188E+002   0.100000E+001  -0.178959E-001   0.108044E+000
   0.294990E+002   0.100000E+001  -0.211943E-001   0.996106E-001
   0.295792E+002   0.100000E+001  -0.237848E-001   0.901143E-001
   0.296593E+002   0.100000E+001  -0.256765E-001   0.798528E-001
   0.297395E+002   0.100000E+001  -0.268975E-001   0.691124E-001
   0.298196E+002   0.100000E+001  -0.274919E-001   0.581603E-001
   0.298998E+002   0.100000E+001  -0.275155E-001   0.472383E-001
   0.299800E+002   0.100000E+001  -0.270310E-001   0.365593E-001
   0.300601E+002   0.100000E+001  -0.261032E-001   0.263055E-001
   0.301403E+002   0.100000E+001  -0.247952E-001   0.166297E-001
   0.302204E+002   0.100000E+001  -0.231662E-001   0.765674E-002
   0.303006E+002   0.100000E+001  -0.212707E-001  -0.512949E-003
   0.303808E+002   0.100000E+001  -0.191578E-001  -0.780057E-002
   0.304609E+002   0.100000E+001  -0.168715E-001  -0.141459E-001
   0.305411E+002   0.100000E+001  -0.144504E-001  -0.195037E-001
   0.306212E+002   0.100000E+001  -0.119288E-001  -0.238398E-001
   0.307014E+002   0.100000E+001  -0.933954E-002  -0.271271E-001
   0.307816E+002   0.100000E+001  -0.672178E-002  -0.293442E-001
   0.308617E+002   0.100000E+001  -0.413147E-002  -0.304801E-001
   0.309419E+002   0.100000E+001  -0.164992E-002  -0.305489E-001
   0.310220E+002   0.100000E+001   0.616600E-003  -0.296092E-001
   0.311022E+002   0.100000E+001   0.255158E-002  -0.277827E-001
   0.311824E+002   0.100000E+001   0.405491E-002  -0.252584E-001
   0.312625E+002   0.100000E+001   0.507068E-002  -0.222755E-001
   0.313427E+002   0.100000E+001   0.560214E-002  -0.190878E-001
   0.314228E+002   0.100000E+001   0.570728E-002  -0.159254E-001
   0.315030E+002   0.100000E+001   0.547922E-002  -0.129657E-001
   0.315832E+002   0.100000E+001   0.502260E-002  -0.103232E-001
   0.316633E+002   0.100000E+001   0.443495E-002  -0.805394E-002
   0.317435E+002   0.100000E+001   0.379617E-002  -0.616805E-002
   0.318236E+002   0.100000E+001   0.316487E-002  -0.464412E-002
   0.319038E+002   0.100000E+001   0.257930E-002  -0.344242E-002
   0.319840E+002   0.100000E+001   0.206081E-002  -0.251517E-002
   0.320641E+002   0.100000E+001   0.161804E-002  -0.181354E-002
   0.321443E+002   0.100000E+001   0.125093E-002  -0.129198E-002
   0.322244E+002   0.100000E+001   0.953954E-003  -0.910497E-003
   0.323046E+002   0.100000E+001   0.718739E-003  -0.635562E-003
   0.323848E+002   0.100000E+001   0.535811E-003  -0.440039E-003
   0.324649E+002   0.100000E+001   0.395792E-003  -0.302628E-003
   0.325451E+002   0.100000E+001   0.290085E-003  -0.207042E-003
   0.326253E+002   0.100000E+001   0.211223E-003  -0.141122E-003
   0.327054E+002   0.100000E+001   0.152979E-003  -0.959713E-004
   0.327856E+002   0.100000E+001   0.110324E-003  -0.652047E-004
   0.328657E+002   0.100000E+001   0.792996E-004  -0.443112E-004
   0.329459E+002   0.100000E+001   0.568584E-004  -0.301483E-004
   0.330261E+002   0.100000E+001   0.406948E-004  -0.205515E-004
   0.331062E+002   0.100000E+001   0.290900E-004  -0.140433E-004
   0.331864E+002   0.100000E+001   0.207777E-004  -0.962162E-005
   0.332665E+002   0.100000E+001   0.148332E-004  -0.661005E-005
   0.333467E+002   0.100000E+001   0.105864E-004  -0.455285E-005
   0.334269E+002   0.100000E+001   0.755448E-005  -0.314320E-005
   0.335070E+002   0.100000E+001   0.539049E-005  -0.217429E-005
   0.335872E+002   0.100000E+001   0.384619E-005  -0.150642E-005
   0.336673E+002   0.100000E+001   0.274413E-005  -0.104489E-005
   0.337475E+002   0.100000E+001   0.195764E-005  -0.725285E-006
   0.338277E+002   0.100000E+001   0.139633E-005  -0.503609E-006
   0.339078E+002   0.100000E+001   0.995738E-006  -0.349680E-006
   0.339880E+002   0.100000E+001   0.709862E-006  -0.242721E-006
   0.340681E+002   0.100000E+001   0.505879E-006  -0.168380E-006
   0.341483E+002   0.100000E+001   0.360362E-006  -0.116715E-006
   0.342285E+002   0.100000E+001   0.256583E-006  -0.808256E-007
   0.343086E+002   0.100000E+001   0.182598E-006  -0.559111E-007
   0.343888E+002   0.100000E+001   0.129876E-006  -0.386310E-007
   0.344689E+002   0.100000E+001   0.923234E-007  -0.266584E-007
   0.345491E+002   0.100000E+001   0.655905E-007  -0.183729E-007
   0.346293E+002   0.100000E+001   0.465705E-007  -0.126461E-007
   0.347094E+002   0.100000E+001   0.330459E-007  -0.869311E-008
   0.347896E+002   0.100000E+001   0.234349E-007  -0.596805E-008
   0.348697E+002   0.100000E+001   0.166091E-007  -0.409203E-008
   0.349499E+002   0.100000E+001   0.117645E-007  -0.280223E-008
   0.350301E+002   0.100000E+001   0.832809E-008  -0.191665E-008
   0.351102E+002   0.100000E+001   0.589207E-008  -0.130938E-008
   0.351904E+002   0.100000E+001   0.416626E-008  -0.893489E-009
   0.352705E+002   0.100000E+001   0.294433E-008  -0.609012E-009
   0.353507E+002   0.100000E+001   0.207966E-008  -0.414657E-009
   0.354309E+002   0.100000E+001   0.146815E-008  -0.282027E-009
   0.355110E+002   0.100000E+001   0.103591E-008  -0.191620E-009
   0.355912E+002   0.100000E+001   0.730561E-009  -0.130063E-009
   0.356713E+002   0.100000E+001   0.514962E-009  -0.881923E-010
   0.357515E+002   0.100000E+001   0.362812E-009  -0.597425E-010
   0.358317E+002   0.100000E+001   0.255493E-009  -0.404311E-010
   0.359118E+002   0.100000E+001   0.179832E-009  -0.273357E-010
   0.359920E+002   0.100000E+001   0.126517E-009  -0.184641E-010
   0.360721E+002   0.100000E+001   0.889666E-010  -0.124597E-010
   0.361523E+002   0.100000E+001   0.625313E-010  -0.839983E-011
   0.362325E+002   0.100000E+001   0.439299E-010  -0.565730E-011
   0.363126E+002   0.100000E+001   0.308470E-010  -0.380644E-011
   0.363928E+002   0.100000E+001   0.216497E-010  -0.255853E-011
   0.364729E+002   0.100000E+001   0.151871E-010  -0.171796E-011
   0.365531E+002   0.100000E+001   0.106482E-010  -0.115233E-011
   0.366333E+002   0.100000E+001   0.746184E-011  -0.772086E-012
   0.367134E+002   0.100000E+001   0.522616E-011  -0.516730E-012
   0.367936E+002   0.100000E+001   0.365826E-011  -0.345423E-012
   0.368737E+002   0.100000E+001   0.255925E-011  -0.230625E-012
   0.369539E+002   0.100000E+001   0.178932E-011  -0.153782E-012
   0.370341E+002   0.100000E+001   0.125022E-011  -0.102406E-012
   0.371142E+002   0.100000E+001   0.872958E-012  -0.680971E-013
   0.371944E+002   0.100000E+001   0.609110E-012  -0.452155E-013
   0.372745E+002   0.100000E+001   0.424692E-012  -0.299754E-013
   0.373547E+002   0.100000E+001   0.295877E-012  -0.198390E-013
   0.374349E+002   0.100000E+001   0.205961E-012  -0.131071E-013
   0.375150E+002   0.100000E+001   0.143242E-012  -0.864329E-014
   0.375952E+002   0.100000E+001   0.995279E-013  -0.568826E-014
   0.376754E+002   0.100000E+001   0.690838E-013  -0.373549E-014
   0.377555E+002   0.100000E+001   0.478996E-013  -0.244746E-014
   0.378357E+002   0.100000E+001   0.331724E-013  -0.159960E-014
   0.379158E+002   0.100000E+001   0.229440E-013  -0.104267E-014
   0.379960E+002   0.100000E+001   0.158475E-013  -0.677690E-015
   0.380762E+002   0.100000E+001   0.109296E-013  -0.439094E-015
   0.381563E+002   0.100000E+001   0.752559E-014  -0.283536E-015
   0.382365E+002   0.100000E+001   0.517250E-014  -0.182409E-015
   0.383166E+002   0.100000E+001   0.354821E-014  -0.116874E-015
   0.383968E+002   0.100000E+001   0.242873E-014  -0.745504E-016
   0.384770E+002   0.100000E+001   0.165849E-014  -0.473189E-016
   0.385571E+002   0.100000E+001   0.112950E-014  -0.298702E-016
   0.386373E+002   0.100000E+001   0.766959E-015  -0.187405E-016
   0.387174E+002   0.100000E+001   0.519042E-015  -0.116773E-016
   0.387976E+002   0.100000E+001   0.349936E-015  -0.721988E-017
   0.388778E+002   0.100000E+001   0.234911E-015  -0.442468E-017
   0.389579E+002   0.100000E+001   0.156917E-015  -0.268430E-017
   0.390381E+002   0.100000E+001   0.104221E-015  -0.160949E-017
   0.391182E+002   0.100000E+001   0.687635E-016  -0.951911E-018
   0.391984E+002   0.100000E+001   0.450169E-016  -0.553957E-018
   0.392786E+002   0.100000E+001   0.292013E-016  -0.316196E-018
   0.393587E+002   0.100000E+001   0.187365E-016  -0.176302E-018
   0.394389E+002   0.100000E+001   0.118664E-016  -0.955014E-019
   0.395190E+002   0.100000E+001   0.739862E-017  -0.498831E-019
   0.395992E+002   0.100000E+001   0.452542E-017  -0.248475E-019
   0.396794E+002   0.100000E+001   0.270047E-017  -0.115900E-019
   0.397595E+002   0.100000E+001   0.155365E-017  -0.488731E-020
   0.398397E+002   0.100000E+001   0.832131E-018  -0.171190E-020
   0.399198E+002   0.100000E+001   0.357664E-018  -0.358535E-021
   0.400000E+002   0.100000E+001   0.000000E+000  -0.000000E+000
   0.400802E+002   0.100000E+001   0.166625E-017  -0.280023E-021

