  -0.801603E-001   0.100000E+001   0.528793E-001   0.149731E+000
   0.000000E+000   0.100000E+001   0.623675E-001   0.158114E-001
   0.801603E-001   0.100000E+001   0.596268E-001   0.419969E-001
   0.160321E+000   0.100000E+001   0.548543E-001   0.661771E-001
   0.240481E+000   0.100000E+001   0.484014E-001   0.874201E-001
   0.320641E+000   0.100000E+001   0.408632E-001   0.105057E+000
   0.400802E+000   0.100000E+001   0.326901E-001   0.118906E+000
   0.480962E+000   0.100000E+001   0.243584E-001   0.128910E+000
   0.561122E+000   0.100000E+001   0.162142E-001   0.135245E+000
   0.641283E+000   0.100000E+001   0.850284E-002   0.138183E+000
   0.721443E+000   0.100000E+001   0.138326E-002   0.138042E+000
   0.801603E+000   0.100000E+001  -0.505938E-002   0.135160E+000
   0.881764E+000   0.100000E+001  -0.107938E-001   0.129869E+000
   0.961924E+000   0.100000E+001  -0.158262E-001   0.122479E+000
   0.104208E+001   0.100000E+001  -0.201874E-001   0.113279E+000
   0.112224E+001   0.100000E+001  -0.239226E-001   0.102531E+000
   0.120240E+001   0.100000E+001  -0.270841E-001   0.904687E-001
   0.128257E+001   0.100000E+001  -0.297262E-001   0.773018E-001
   0.136273E+001   0.100000E+001  -0.319024E-001   0.632162E-001
   0.144289E+001   0.100000E+001  -0.336638E-001   0.483790E-001
   0.152305E+001   0.100000E+001  -0.350573E-001   0.329433E-001
   0.160321E+001   0.100000E+001  -0.361234E-001   0.170534E-001
   0.168337E+001   0.100000E+001  -0.368910E-001   0.847221E-003
   0.176353E+001   0.100000E+001  -0.373745E-001  -0.155439E-001
   0.184369E+001   0.100000E+001  -0.375743E-001  -0.319983E-001
   0.192385E+001   0.100000E+001  -0.374816E-001  -0.484035E-001
   0.200401E+001   0.100000E+001  -0.370838E-001  -0.646524E-001
   0.208417E+001   0.100000E+001  -0.363649E-001  -0.806364E-001
   0.216433E+001   0.100000E+001  -0.353039E-001  -0.962396E-001
   0.224449E+001   0.100000E+001  -0.338725E-001  -0.111336E+000
   0.232465E+001   0.100000E+001  -0.320365E-001  -0.125787E+000
   0.240481E+001   0.100000E+001  -0.297569E-001  -0.139440E+000
   0.248497E+001   0.100000E+001  -0.269908E-001  -0.152121E+000
   0.256513E+001   0.100000E+001  -0.236905E-001  -0.163634E+000
   0.264529E+001   0.100000E+001  -0.198045E-001  -0.173762E+000
   0.272545E+001   0.100000E+001  -0.152813E-001  -0.182264E+000
   0.280561E+001   0.100000E+001  -0.100774E-001  -0.188878E+000
   0.288577E+001   0.100000E+001  -0.416664E-002  -0.193315E+000
   0.296593E+001   0.100000E+001   0.244775E-002  -0.195267E+000
   0.304609E+001   0.100000E+001   0.971927E-002  -0.194405E+000
   0.312625E+001   0.100000E+001   0.175424E-001  -0.190395E+000
   0.320641E+001   0.100000E+001   0.257359E-001  -0.182924E+000
   0.328657E+001   0.100000E+001   0.340276E-001  -0.171736E+000
   0.336673E+001   0.100000E+001   0.420464E-001  -0.156698E+000
   0.344689E+001   0.100000E+001   0.493282E-001  -0.137872E+000
   0.352705E+001   0.100000E+001   0.553451E-001  -0.115600E+000
   0.360721E+001   0.100000E+001   0.595688E-001  -0.905626E-001
   0.368737E+001   0.100000E+001   0.615663E-001  -0.637822E-001
   0.376754E+001   0.100000E+001   0.611053E-001  -0.365337E-001
   0.384770E+001   0.100000E+001   0.582235E-001  -0.101681E-001
   0.392786E+001   0.100000E+001   0.532236E-001   0.140938E-001
   0.400802E+001   0.100000E+001   0.465921E-001   0.353193E-001
   0.408818E+001   0.100000E+001   0.388851E-001   0.529280E-001
   0.416834E+001   0.100000E+001   0.306300E-001   0.666681E-001
   0.424850E+001   0.100000E+001   0.222683E-001   0.765457E-001
   0.432866E+001   0.100000E+001   0.141356E-001   0.827433E-001
   0.440882E+001   0.100000E+001   0.646712E-002   0.855474E-001
   0.448898E+001   0.100000E+001  -0.587433E-003   0.852936E-001
   0.456914E+001   0.100000E+001  -0.694614E-002   0.823294E-001
   0.464930E+001   0.100000E+001  -0.125793E-001   0.769918E-001
   0.472946E+001   0.100000E+001  -0.174960E-001   0.695954E-001
   0.480962E+001   0.100000E+001  -0.217318E-001   0.604291E-001
   0.488978E+001   0.100000E+001  -0.253386E-001   0.497554E-001
   0.496994E+001   0.100000E+001  -0.283752E-001   0.378113E-001
   0.505010E+001   0.100000E+001  -0.309011E-001   0.248098E-001
   0.513026E+001   0.100000E+001  -0.329715E-001   0.109409E-001
   0.521042E+001   0.100000E+001  -0.346342E-001  -0.362689E-002
   0.529058E+001   0.100000E+001  -0.359288E-001  -0.187446E-001
   0.537074E+001   0.100000E+001  -0.368863E-001  -0.342809E-001
   0.545090E+001   0.100000E+001  -0.375303E-001  -0.501189E-001
   0.553106E+001   0.100000E+001  -0.378790E-001  -0.661506E-001
   0.561122E+001   0.100000E+001  -0.379444E-001  -0.822723E-001
   0.569138E+001   0.100000E+001  -0.377314E-001  -0.983796E-001
   0.577154E+001   0.100000E+001  -0.372360E-001  -0.114365E+000
   0.585170E+001   0.100000E+001  -0.364448E-001  -0.130114E+000
   0.593186E+001   0.100000E+001  -0.353334E-001  -0.145507E+000
   0.601202E+001   0.100000E+001  -0.338669E-001  -0.160414E+000
   0.609218E+001   0.100000E+001  -0.320029E-001  -0.174698E+000
   0.617234E+001   0.100000E+001  -0.296909E-001  -0.188204E+000
   0.625251E+001   0.100000E+001  -0.268752E-001  -0.200764E+000
   0.633267E+001   0.100000E+001  -0.234998E-001  -0.212181E+000
   0.641283E+001   0.100000E+001  -0.195130E-001  -0.222235E+000
   0.649299E+001   0.100000E+001  -0.148672E-001  -0.230672E+000
   0.657315E+001   0.100000E+001  -0.953155E-002  -0.237202E+000
   0.665331E+001   0.100000E+001  -0.349111E-002  -0.241503E+000
   0.673347E+001   0.100000E+001   0.324471E-002  -0.243233E+000
   0.681363E+001   0.100000E+001   0.106142E-001  -0.242037E+000
   0.689379E+001   0.100000E+001   0.184992E-001  -0.237572E+000
   0.697395E+001   0.100000E+001   0.267017E-001  -0.229537E+000
   0.705411E+001   0.100000E+001   0.349187E-001  -0.217711E+000
   0.713427E+001   0.100000E+001   0.427397E-001  -0.202025E+000
   0.721443E+001   0.100000E+001   0.496904E-001  -0.182630E+000
   0.729459E+001   0.100000E+001   0.552444E-001  -0.159961E+000
   0.737475E+001   0.100000E+001   0.589427E-001  -0.134784E+000
   0.745491E+001   0.100000E+001   0.605094E-001  -0.108170E+000
   0.753507E+001   0.100000E+001   0.598256E-001  -0.813627E-001
   0.761523E+001   0.100000E+001   0.569531E-001  -0.556041E-001
   0.769539E+001   0.100000E+001   0.521328E-001  -0.319785E-001
   0.777555E+001   0.100000E+001   0.457641E-001  -0.113164E-001
   0.785571E+001   0.100000E+001   0.383528E-001   0.585601E-002
   0.793587E+001   0.100000E+001   0.303784E-001   0.193200E-001
   0.801603E+001   0.100000E+001   0.222202E-001   0.291030E-001
   0.809619E+001   0.100000E+001   0.142203E-001   0.353812E-001
   0.817635E+001   0.100000E+001   0.660757E-002   0.384125E-001
   0.825651E+001   0.100000E+001  -0.463495E-003   0.384851E-001
   0.833667E+001   0.100000E+001  -0.688892E-002   0.358902E-001
   0.841683E+001   0.100000E+001  -0.126387E-001   0.309130E-001
   0.849699E+001   0.100000E+001  -0.177083E-001   0.238254E-001
   0.857715E+001   0.100000E+001  -0.221116E-001   0.148856E-001
   0.865731E+001   0.100000E+001  -0.258917E-001   0.434235E-002
   0.873747E+001   0.100000E+001  -0.291044E-001  -0.756659E-002
   0.881764E+001   0.100000E+001  -0.318105E-001  -0.206210E-001
   0.889780E+001   0.100000E+001  -0.340540E-001  -0.346251E-001
   0.897796E+001   0.100000E+001  -0.358546E-001  -0.494068E-001
   0.905812E+001   0.100000E+001  -0.372213E-001  -0.648095E-001
   0.913828E+001   0.100000E+001  -0.381556E-001  -0.806820E-001
   0.921844E+001   0.100000E+001  -0.386772E-001  -0.968702E-001
   0.929860E+001   0.100000E+001  -0.387988E-001  -0.113217E+000
   0.937876E+001   0.100000E+001  -0.385105E-001  -0.129562E+000
   0.945892E+001   0.100000E+001  -0.378254E-001  -0.145741E+000
   0.953908E+001   0.100000E+001  -0.368008E-001  -0.161594E+000
   0.961924E+001   0.100000E+001  -0.354986E-001  -0.176974E+000
   0.969940E+001   0.100000E+001  -0.339581E-001  -0.191756E+000
   0.977956E+001   0.100000E+001  -0.321873E-001  -0.205834E+000
   0.985972E+001   0.100000E+001  -0.301435E-001  -0.219104E+000
   0.993988E+001   0.100000E+001  -0.277482E-001  -0.231450E+000
   0.100200E+002   0.100000E+001  -0.249327E-001  -0.242720E+000
   0.101002E+002   0.100000E+001  -0.216485E-001  -0.252722E+000
   0.101804E+002   0.100000E+001  -0.178524E-001  -0.261229E+000
   0.102605E+002   0.100000E+001  -0.135049E-001  -0.267987E+000
   0.103407E+002   0.100000E+001  -0.859325E-002  -0.272731E+000
   0.104208E+002   0.100000E+001  -0.311112E-002  -0.275193E+000
   0.105010E+002   0.100000E+001   0.296217E-002  -0.275116E+000
   0.105812E+002   0.100000E+001   0.957037E-002  -0.272251E+000
   0.106613E+002   0.100000E+001   0.165854E-001  -0.266363E+000
   0.107415E+002   0.100000E+001   0.238859E-001  -0.257247E+000
   0.108216E+002   0.100000E+001   0.313398E-001  -0.244746E+000
   0.109018E+002   0.100000E+001   0.387558E-001  -0.228781E+000
   0.109820E+002   0.100000E+001   0.457761E-001  -0.209391E+000
   0.110621E+002   0.100000E+001   0.518989E-001  -0.186798E+000
   0.111423E+002   0.100000E+001   0.565276E-001  -0.161480E+000
   0.112224E+002   0.100000E+001   0.590435E-001  -0.134217E+000
   0.113026E+002   0.100000E+001   0.590289E-001  -0.106082E+000
   0.113828E+002   0.100000E+001   0.564621E-001  -0.783611E-001
   0.114629E+002   0.100000E+001   0.516229E-001  -0.523782E-001
   0.115431E+002   0.100000E+001   0.450110E-001  -0.292941E-001
   0.116232E+002   0.100000E+001   0.372183E-001  -0.993598E-002
   0.117034E+002   0.100000E+001   0.288332E-001   0.528349E-002
   0.117836E+002   0.100000E+001   0.203083E-001   0.163437E-001
   0.118637E+002   0.100000E+001   0.119754E-001   0.235084E-001
   0.119439E+002   0.100000E+001   0.410997E-002   0.271834E-001
   0.120240E+002   0.100000E+001  -0.307370E-002   0.278046E-001
   0.121042E+002   0.100000E+001  -0.946827E-002   0.257800E-001
   0.121844E+002   0.100000E+001  -0.150021E-001   0.214736E-001
   0.122645E+002   0.100000E+001  -0.196755E-001   0.152206E-001
   0.123447E+002   0.100000E+001  -0.235571E-001   0.734086E-002
   0.124248E+002   0.100000E+001  -0.267463E-001  -0.186217E-002
   0.125050E+002   0.100000E+001  -0.293491E-001  -0.121132E-001
   0.125852E+002   0.100000E+001  -0.314565E-001  -0.231804E-001
   0.126653E+002   0.100000E+001  -0.331211E-001  -0.348826E-001
   0.127455E+002   0.100000E+001  -0.343824E-001  -0.470828E-001
   0.128257E+002   0.100000E+001  -0.352844E-001  -0.596731E-001
   0.129058E+002   0.100000E+001  -0.358742E-001  -0.725596E-001
   0.129860E+002   0.100000E+001  -0.362071E-001  -0.856531E-001
   0.130661E+002   0.100000E+001  -0.363384E-001  -0.988673E-001
   0.131463E+002   0.100000E+001  -0.362930E-001  -0.112122E+000
   0.132265E+002   0.100000E+001  -0.360504E-001  -0.125344E+000
   0.133066E+002   0.100000E+001  -0.355856E-001  -0.138459E+000
   0.133868E+002   0.100000E+001  -0.348660E-001  -0.151381E+000
   0.134669E+002   0.100000E+001  -0.338517E-001  -0.164008E+000
   0.135471E+002   0.100000E+001  -0.325242E-001  -0.176218E+000
   0.136273E+002   0.100000E+001  -0.308864E-001  -0.187870E+000
   0.137074E+002   0.100000E+001  -0.289119E-001  -0.198811E+000
   0.137876E+002   0.100000E+001  -0.265464E-001  -0.208882E+000
   0.138677E+002   0.100000E+001  -0.237356E-001  -0.217908E+000
   0.139479E+002   0.100000E+001  -0.204475E-001  -0.225693E+000
   0.140281E+002   0.100000E+001  -0.166847E-001  -0.232021E+000
   0.141082E+002   0.100000E+001  -0.124292E-001  -0.236654E+000
   0.141884E+002   0.100000E+001  -0.760062E-002  -0.239346E+000
   0.142685E+002   0.100000E+001  -0.217206E-002  -0.239839E+000
   0.143487E+002   0.100000E+001   0.387088E-002  -0.237869E+000
   0.144289E+002   0.100000E+001   0.105526E-001  -0.233174E+000
   0.145090E+002   0.100000E+001   0.177838E-001  -0.225502E+000
   0.145892E+002   0.100000E+001   0.253036E-001  -0.214633E+000
   0.146693E+002   0.100000E+001   0.328979E-001  -0.200426E+000
   0.147495E+002   0.100000E+001   0.402729E-001  -0.182865E+000
   0.148297E+002   0.100000E+001   0.469280E-001  -0.162118E+000
   0.149098E+002   0.100000E+001   0.521886E-001  -0.138595E+000
   0.149900E+002   0.100000E+001   0.554449E-001  -0.113007E+000
   0.150701E+002   0.100000E+001   0.562527E-001  -0.863540E-001
   0.151503E+002   0.100000E+001   0.544562E-001  -0.598552E-001
   0.152305E+002   0.100000E+001   0.502709E-001  -0.347903E-001
   0.153106E+002   0.100000E+001   0.443004E-001  -0.123110E-001
   0.153908E+002   0.100000E+001   0.371378E-001   0.674977E-002
   0.154709E+002   0.100000E+001   0.292679E-001   0.219688E-001
   0.155511E+002   0.100000E+001   0.211004E-001   0.333099E-001
   0.156313E+002   0.100000E+001   0.130098E-001   0.410143E-001
   0.157114E+002   0.100000E+001   0.530871E-002   0.454617E-001
   0.157916E+002   0.100000E+001  -0.177587E-002   0.470606E-001
   0.158717E+002   0.100000E+001  -0.807582E-002   0.461830E-001
   0.159519E+002   0.100000E+001  -0.135058E-001   0.431497E-001
   0.160321E+002   0.100000E+001  -0.181719E-001   0.382441E-001
   0.161122E+002   0.100000E+001  -0.221823E-001   0.317145E-001
   0.161924E+002   0.100000E+001  -0.255798E-001   0.237809E-001
   0.162725E+002   0.100000E+001  -0.284315E-001   0.146469E-001
   0.163527E+002   0.100000E+001  -0.307845E-001   0.450053E-002
   0.164329E+002   0.100000E+001  -0.326932E-001  -0.647899E-002
   0.165130E+002   0.100000E+001  -0.342224E-001  -0.181229E-001
   0.165932E+002   0.100000E+001  -0.354320E-001  -0.302755E-001
   0.166733E+002   0.100000E+001  -0.363542E-001  -0.427979E-001
   0.167535E+002   0.100000E+001  -0.370028E-001  -0.555690E-001
   0.168337E+002   0.100000E+001  -0.373839E-001  -0.684815E-001
   0.169138E+002   0.100000E+001  -0.374972E-001  -0.814368E-001
   0.169940E+002   0.100000E+001  -0.373539E-001  -0.943375E-001
   0.170741E+002   0.100000E+001  -0.369703E-001  -0.107083E+000
   0.171543E+002   0.100000E+001  -0.363586E-001  -0.119569E+000
   0.172345E+002   0.100000E+001  -0.355417E-001  -0.131692E+000
   0.173146E+002   0.100000E+001  -0.345089E-001  -0.143348E+000
   0.173948E+002   0.100000E+001  -0.331860E-001  -0.154439E+000
   0.174749E+002   0.100000E+001  -0.315066E-001  -0.164856E+000
   0.175551E+002   0.100000E+001  -0.294360E-001  -0.174474E+000
   0.176353E+002   0.100000E+001  -0.269657E-001  -0.183152E+000
   0.177154E+002   0.100000E+001  -0.240956E-001  -0.190731E+000
   0.177956E+002   0.100000E+001  -0.208216E-001  -0.197050E+000
   0.178758E+002   0.100000E+001  -0.171199E-001  -0.201945E+000
   0.179559E+002   0.100000E+001  -0.129045E-001  -0.205260E+000
   0.180361E+002   0.100000E+001  -0.813072E-002  -0.206832E+000
   0.181162E+002   0.100000E+001  -0.279157E-002  -0.206489E+000
   0.181964E+002   0.100000E+001   0.310049E-002  -0.204054E+000
   0.182766E+002   0.100000E+001   0.950440E-002  -0.199339E+000
   0.183567E+002   0.100000E+001   0.163758E-001  -0.192170E+000
   0.184369E+002   0.100000E+001   0.235788E-001  -0.182398E+000
   0.185170E+002   0.100000E+001   0.308450E-001  -0.169932E+000
   0.185972E+002   0.100000E+001   0.378001E-001  -0.154790E+000
   0.186774E+002   0.100000E+001   0.439390E-001  -0.137145E+000
   0.187575E+002   0.100000E+001   0.487508E-001  -0.117363E+000
   0.188377E+002   0.100000E+001   0.517585E-001  -0.960195E-001
   0.189178E+002   0.100000E+001   0.525360E-001  -0.738592E-001
   0.189980E+002   0.100000E+001   0.508964E-001  -0.517471E-001
   0.190782E+002   0.100000E+001   0.469347E-001  -0.305732E-001
   0.191583E+002   0.100000E+001   0.410349E-001  -0.111540E-001
   0.192385E+002   0.100000E+001   0.337539E-001   0.585600E-002
   0.193186E+002   0.100000E+001   0.256775E-001   0.200164E-001
   0.193988E+002   0.100000E+001   0.173456E-001   0.311010E-001
   0.194790E+002   0.100000E+001   0.919098E-002   0.390645E-001
   0.195591E+002   0.100000E+001   0.156077E-002   0.439925E-001
   0.196393E+002   0.100000E+001  -0.525613E-002   0.460595E-001
   0.197194E+002   0.100000E+001  -0.111762E-001   0.455121E-001
   0.197996E+002   0.100000E+001  -0.162561E-001   0.426477E-001
   0.198798E+002   0.100000E+001  -0.205881E-001   0.377931E-001
   0.199599E+002   0.100000E+001  -0.242536E-001   0.312825E-001
   0.200401E+002   0.100000E+001  -0.272914E-001   0.234356E-001
   0.201202E+002   0.100000E+001  -0.297259E-001   0.145447E-001
   0.202004E+002   0.100000E+001  -0.316207E-001   0.486665E-002
   0.202806E+002   0.100000E+001  -0.330658E-001  -0.538569E-002
   0.203607E+002   0.100000E+001  -0.341629E-001  -0.160488E-001
   0.204409E+002   0.100000E+001  -0.350153E-001  -0.270105E-001
   0.205210E+002   0.100000E+001  -0.357081E-001  -0.382066E-001
   0.206012E+002   0.100000E+001  -0.363068E-001  -0.496117E-001
   0.206814E+002   0.100000E+001  -0.368486E-001  -0.612258E-001
   0.207615E+002   0.100000E+001  -0.373355E-001  -0.730572E-001
   0.208417E+002   0.100000E+001  -0.377338E-001  -0.851059E-001
   0.209218E+002   0.100000E+001  -0.379797E-001  -0.973471E-001
   0.210020E+002   0.100000E+001  -0.379827E-001  -0.109720E+000
   0.210822E+002   0.100000E+001  -0.376515E-001  -0.122119E+000
   0.211623E+002   0.100000E+001  -0.368927E-001  -0.134395E+000
   0.212425E+002   0.100000E+001  -0.356301E-001  -0.146357E+000
   0.213226E+002   0.100000E+001  -0.338065E-001  -0.157780E+000
   0.214028E+002   0.100000E+001  -0.313678E-001  -0.168412E+000
   0.214830E+002   0.100000E+001  -0.282904E-001  -0.177983E+000
   0.215631E+002   0.100000E+001  -0.245458E-001  -0.186214E+000
   0.216433E+002   0.100000E+001  -0.201412E-001  -0.192811E+000
   0.217234E+002   0.100000E+001  -0.150922E-001  -0.197482E+000
   0.218036E+002   0.100000E+001  -0.943879E-002  -0.199944E+000
   0.218838E+002   0.100000E+001  -0.326214E-002  -0.199916E+000
   0.219639E+002   0.100000E+001   0.332377E-002  -0.197155E+000
   0.220441E+002   0.100000E+001   0.101586E-001  -0.191453E+000
   0.221242E+002   0.100000E+001   0.170566E-001  -0.182676E+000
   0.222044E+002   0.100000E+001   0.238036E-001  -0.170792E+000
   0.222846E+002   0.100000E+001   0.301571E-001  -0.155893E+000
   0.223647E+002   0.100000E+001   0.357964E-001  -0.138191E+000
   0.224449E+002   0.100000E+001   0.404321E-001  -0.118054E+000
   0.225251E+002   0.100000E+001   0.437866E-001  -0.960084E-001
   0.226052E+002   0.100000E+001   0.456529E-001  -0.727268E-001
   0.226854E+002   0.100000E+001   0.459032E-001  -0.489888E-001
   0.227655E+002   0.100000E+001   0.445533E-001  -0.256234E-001
   0.228457E+002   0.100000E+001   0.416930E-001  -0.341387E-002
   0.229259E+002   0.100000E+001   0.375442E-001   0.169670E-001
   0.230060E+002   0.100000E+001   0.323855E-001   0.350121E-001
   0.230862E+002   0.100000E+001   0.264977E-001   0.503968E-001
   0.231663E+002   0.100000E+001   0.201656E-001   0.629256E-001
   0.232465E+002   0.100000E+001   0.136243E-001   0.724942E-001
   0.233267E+002   0.100000E+001   0.708004E-002   0.791005E-001
   0.234068E+002   0.100000E+001   0.730597E-003   0.828444E-001
   0.234870E+002   0.100000E+001  -0.526187E-002   0.838966E-001
   0.235671E+002   0.100000E+001  -0.107850E-001   0.824708E-001
   0.236473E+002   0.100000E+001  -0.157650E-001   0.788098E-001
   0.237275E+002   0.100000E+001  -0.201554E-001   0.731732E-001
   0.238076E+002   0.100000E+001  -0.239356E-001   0.658265E-001
   0.238878E+002   0.100000E+001  -0.271109E-001   0.570334E-001
   0.239679E+002   0.100000E+001  -0.297108E-001   0.470459E-001
   0.240481E+002   0.100000E+001  -0.317831E-001   0.360944E-001
   0.241283E+002   0.100000E+001  -0.333838E-001   0.243806E-001
   0.242084E+002   0.100000E+001  -0.345648E-001   0.120797E-001
   0.242886E+002   0.100000E+001  -0.353670E-001  -0.652771E-003
   0.243687E+002   0.100000E+001  -0.358218E-001  -0.136732E-001
   0.244489E+002   0.100000E+001  -0.359548E-001  -0.268461E-001
   0.245291E+002   0.100000E+001  -0.357879E-001  -0.400435E-001
   0.246092E+002   0.100000E+001  -0.353403E-001  -0.531445E-001
   0.246894E+002   0.100000E+001  -0.346269E-001  -0.660350E-001
   0.247695E+002   0.100000E+001  -0.336582E-001  -0.786057E-001
   0.248497E+002   0.100000E+001  -0.324411E-001  -0.907515E-001
   0.249299E+002   0.100000E+001  -0.309790E-001  -0.102372E+000
   0.250100E+002   0.100000E+001  -0.292687E-001  -0.113369E+000
   0.250902E+002   0.100000E+001  -0.272954E-001  -0.123650E+000
   0.251703E+002   0.100000E+001  -0.250265E-001  -0.133110E+000
   0.252505E+002   0.100000E+001  -0.224119E-001  -0.141632E+000
   0.253307E+002   0.100000E+001  -0.193890E-001  -0.149067E+000
   0.254108E+002   0.100000E+001  -0.158939E-001  -0.155234E+000
   0.254910E+002   0.100000E+001  -0.118734E-001  -0.159919E+000
   0.255711E+002   0.100000E+001  -0.729364E-002  -0.162880E+000
   0.256513E+002   0.100000E+001  -0.214720E-002  -0.163858E+000
   0.257315E+002   0.100000E+001   0.354089E-002  -0.162581E+000
   0.258116E+002   0.100000E+001   0.970396E-002  -0.158781E+000
   0.258918E+002   0.100000E+001   0.162216E-001  -0.152207E+000
   0.259719E+002   0.100000E+001   0.229081E-001  -0.142653E+000
   0.260521E+002   0.100000E+001   0.295063E-001  -0.129993E+000
   0.261323E+002   0.100000E+001   0.356905E-001  -0.114228E+000
   0.262124E+002   0.100000E+001   0.410800E-001  -0.955398E-001
   0.262926E+002   0.100000E+001   0.452659E-001  -0.743347E-001
   0.263727E+002   0.100000E+001   0.478620E-001  -0.512807E-001
   0.264529E+002   0.100000E+001   0.485804E-001  -0.272925E-001
   0.265331E+002   0.100000E+001   0.473134E-001  -0.344434E-002
   0.266132E+002   0.100000E+001   0.441786E-001   0.191874E-001
   0.266934E+002   0.100000E+001   0.394954E-001   0.396934E-001
   0.267735E+002   0.100000E+001   0.337012E-001   0.574415E-001
   0.268537E+002   0.100000E+001   0.272538E-001   0.720959E-001
   0.269339E+002   0.100000E+001   0.205598E-001   0.835694E-001
   0.270140E+002   0.100000E+001   0.139395E-001   0.919498E-001
   0.270942E+002   0.100000E+001   0.762096E-002   0.974310E-001
   0.271743E+002   0.100000E+001   0.175003E-002   0.100261E+000
   0.272545E+002   0.100000E+001  -0.359054E-002   0.100705E+000
   0.273347E+002   0.100000E+001  -0.836267E-002   0.990325E-001
   0.274148E+002   0.100000E+001  -0.125593E-001   0.955022E-001
   0.274950E+002   0.100000E+001  -0.161955E-001   0.903607E-001
   0.275752E+002   0.100000E+001  -0.193032E-001   0.838379E-001
   0.276553E+002   0.100000E+001  -0.219266E-001   0.761431E-001
   0.277355E+002   0.100000E+001  -0.241177E-001   0.674629E-001
   0.278156E+002   0.100000E+001  -0.259312E-001   0.579591E-001
   0.278958E+002   0.100000E+001  -0.274193E-001   0.477696E-001
   0.279760E+002   0.100000E+001  -0.286273E-001   0.370112E-001
   0.280561E+002   0.100000E+001  -0.295910E-001   0.257839E-001
   0.281363E+002   0.100000E+001  -0.303347E-001   0.141758E-001
   0.282164E+002   0.100000E+001  -0.308717E-001   0.226815E-002
   0.282966E+002   0.100000E+001  -0.312040E-001  -0.985975E-002
   0.283768E+002   0.100000E+001  -0.313239E-001  -0.221266E-001
   0.284569E+002   0.100000E+001  -0.312148E-001  -0.344455E-001
   0.285371E+002   0.100000E+001  -0.308527E-001  -0.467206E-001
   0.286172E+002   0.100000E+001  -0.302078E-001  -0.588453E-001
   0.286974E+002   0.100000E+001  -0.292466E-001  -0.707003E-001
   0.287776E+002   0.100000E+001  -0.279331E-001  -0.821533E-001
   0.288577E+002   0.100000E+001  -0.262301E-001  -0.930576E-001
   0.289379E+002   0.100000E+001  -0.241003E-001  -0.103252E+000
   0.290180E+002   0.100000E+001  -0.215082E-001  -0.112562E+000
   0.290982E+002   0.100000E+001  -0.184229E-001  -0.120793E+000
   0.291784E+002   0.100000E+001  -0.148229E-001  -0.127739E+000
   0.292585E+002   0.100000E+001  -0.107037E-001  -0.133178E+000
   0.293387E+002   0.100000E+001  -0.608633E-002  -0.136880E+000
   0.294188E+002   0.100000E+001  -0.102728E-002  -0.138620E+000
   0.294990E+002   0.100000E+001   0.437250E-002  -0.138188E+000
   0.295792E+002   0.100000E+001   0.996170E-002  -0.135416E+000
   0.296593E+002   0.100000E+001   0.155376E-001  -0.130206E+000
   0.297395E+002   0.100000E+001   0.208516E-001  -0.122556E+000
   0.298196E+002   0.100000E+001   0.256230E-001  -0.112598E+000
   0.298998E+002   0.100000E+001   0.295628E-001  -0.100617E+000
   0.299800E+002   0.100000E+001   0.324092E-001  -0.870664E-001
   0.300601E+002   0.100000E+001   0.339705E-001  -0.725450E-001
   0.301403E+002   0.100000E+001   0.341656E-001  -0.577457E-001
   0.302204E+002   0.100000E+001   0.330468E-001  -0.433708E-001
   0.303006E+002   0.100000E+001   0.307921E-001  -0.300412E-001
   0.303808E+002   0.100000E+001   0.276701E-001  -0.182262E-001
   0.304609E+002   0.100000E+001   0.239898E-001  -0.821148E-002
   0.305411E+002   0.100000E+001   0.200543E-001  -0.106082E-003
   0.306212E+002   0.100000E+001   0.161268E-001   0.612693E-002
   0.307014E+002   0.100000E+001   0.124127E-001   0.106294E-001
   0.307816E+002   0.100000E+001   0.905467E-002   0.136081E-001
   0.308617E+002   0.100000E+001   0.613728E-002   0.153016E-001
   0.309419E+002   0.100000E+001   0.369640E-002   0.159552E-001
   0.310220E+002   0.100000E+001   0.173052E-002   0.158038E-001
   0.311022E+002   0.100000E+001   0.211687E-003   0.150616E-001
   0.311824E+002   0.100000E+001  -0.905002E-003   0.139155E-001
   0.312625E+002   0.100000E+001  -0.167381E-002   0.125232E-001
   0.313427E+002   0.100000E+001  -0.215255E-002   0.110124E-001
   0.314228E+002   0.100000E+001  -0.239835E-002   0.948251E-002
   0.315030E+002   0.100000E+001  -0.246469E-002   0.800682E-002
   0.315832E+002   0.100000E+001  -0.239935E-002   0.663591E-002
   0.316633E+002   0.100000E+001  -0.224332E-002   0.540116E-002
   0.317435E+002   0.100000E+001  -0.203037E-002   0.431854E-002
   0.318236E+002   0.100000E+001  -0.178734E-002   0.339222E-002
   0.319038E+002   0.100000E+001  -0.153489E-002   0.261777E-002
   0.319840E+002   0.100000E+001  -0.128831E-002   0.198478E-002
   0.320641E+002   0.100000E+001  -0.105839E-002   0.147888E-002
   0.321443E+002   0.100000E+001  -0.852098E-003   0.108349E-002
   0.322244E+002   0.100000E+001  -0.673123E-003   0.781198E-003
   0.323046E+002   0.100000E+001  -0.522484E-003   0.554945E-003
   0.323848E+002   0.100000E+001  -0.399124E-003   0.388984E-003
   0.324649E+002   0.100000E+001  -0.300564E-003   0.269496E-003
   0.325451E+002   0.100000E+001  -0.223530E-003   0.184899E-003
   0.326253E+002   0.100000E+001  -0.164469E-003   0.125877E-003
   0.327054E+002   0.100000E+001  -0.119935E-003   0.852070E-004
   0.327856E+002   0.100000E+001  -0.868255E-004   0.574621E-004
   0.328657E+002   0.100000E+001  -0.624956E-004   0.386792E-004
   0.329459E+002   0.100000E+001  -0.447864E-004   0.260306E-004
   0.330261E+002   0.100000E+001  -0.319924E-004   0.175388E-004
   0.331062E+002   0.100000E+001  -0.228022E-004   0.118437E-004
   0.331864E+002   0.100000E+001  -0.162284E-004   0.802134E-005
   0.332665E+002   0.100000E+001  -0.115399E-004   0.545052E-005
   0.333467E+002   0.100000E+001  -0.820232E-005   0.371602E-005
   0.334269E+002   0.100000E+001  -0.582910E-005   0.254143E-005
   0.335070E+002   0.100000E+001  -0.414250E-005   0.174287E-005
   0.335872E+002   0.100000E+001  -0.294407E-005   0.119789E-005
   0.336673E+002   0.100000E+001  -0.209244E-005   0.824693E-006
   0.337475E+002   0.100000E+001  -0.148716E-005   0.568392E-006
   0.338277E+002   0.100000E+001  -0.105688E-005   0.391974E-006
   0.339078E+002   0.100000E+001  -0.750970E-006   0.270345E-006
   0.339880E+002   0.100000E+001  -0.533464E-006   0.186407E-006
   0.340681E+002   0.100000E+001  -0.378825E-006   0.128455E-006
   0.341483E+002   0.100000E+001  -0.268900E-006   0.884448E-007
   0.342285E+002   0.100000E+001  -0.190781E-006   0.608343E-007
   0.343086E+002   0.100000E+001  -0.135285E-006   0.417947E-007
   0.343888E+002   0.100000E+001  -0.958786E-007   0.286782E-007
   0.344689E+002   0.100000E+001  -0.679109E-007   0.196524E-007
   0.345491E+002   0.100000E+001  -0.480725E-007   0.134495E-007
   0.346293E+002   0.100000E+001  -0.340089E-007   0.919221E-008
   0.347094E+002   0.100000E+001  -0.240452E-007   0.627429E-008
   0.347896E+002   0.100000E+001  -0.169904E-007   0.427712E-008
   0.348697E+002   0.100000E+001  -0.119985E-007   0.291202E-008
   0.349499E+002   0.100000E+001  -0.846849E-008   0.198020E-008
   0.350301E+002   0.100000E+001  -0.597371E-008   0.134498E-008
   0.351102E+002   0.100000E+001  -0.421163E-008   0.912499E-009
   0.351904E+002   0.100000E+001  -0.296779E-008   0.618408E-009
   0.352705E+002   0.100000E+001  -0.209025E-008   0.418659E-009
   0.353507E+002   0.100000E+001  -0.147149E-008   0.283143E-009
   0.354309E+002   0.100000E+001  -0.103541E-008   0.191304E-009
   0.355110E+002   0.100000E+001  -0.728237E-009   0.129131E-009
   0.355912E+002   0.100000E+001  -0.511970E-009   0.870829E-010
   0.356713E+002   0.100000E+001  -0.359775E-009   0.586737E-010
   0.357515E+002   0.100000E+001  -0.252720E-009   0.394975E-010
   0.358317E+002   0.100000E+001  -0.177448E-009   0.265655E-010
   0.359118E+002   0.100000E+001  -0.124546E-009   0.178522E-010
   0.359920E+002   0.100000E+001  -0.873806E-010   0.119865E-010
   0.360721E+002   0.100000E+001  -0.612817E-010   0.804128E-011
   0.361523E+002   0.100000E+001  -0.429612E-010   0.538995E-011
   0.362325E+002   0.100000E+001  -0.301058E-010   0.360969E-011
   0.363126E+002   0.100000E+001  -0.210887E-010   0.241532E-011
   0.363928E+002   0.100000E+001  -0.147663E-010   0.161471E-011
   0.364729E+002   0.100000E+001  -0.103351E-010   0.107850E-011
   0.365531E+002   0.100000E+001  -0.723056E-011   0.719677E-012
   0.366333E+002   0.100000E+001  -0.505634E-011   0.479775E-012
   0.367134E+002   0.100000E+001  -0.353428E-011   0.319524E-012
   0.367936E+002   0.100000E+001  -0.246920E-011   0.212578E-012
   0.368737E+002   0.100000E+001  -0.172423E-011   0.141274E-012
   0.369539E+002   0.100000E+001  -0.120338E-011   0.937801E-013
   0.370341E+002   0.100000E+001  -0.839395E-012   0.621785E-013
   0.371142E+002   0.100000E+001  -0.585159E-012   0.411738E-013
   0.371944E+002   0.100000E+001  -0.407669E-012   0.272283E-013
   0.372745E+002   0.100000E+001  -0.283825E-012   0.179806E-013
   0.373547E+002   0.100000E+001  -0.197461E-012   0.118558E-013
   0.374349E+002   0.100000E+001  -0.137271E-012   0.780471E-014
   0.375150E+002   0.100000E+001  -0.953498E-013   0.512900E-014
   0.375952E+002   0.100000E+001  -0.661719E-013   0.336436E-014
   0.376754E+002   0.100000E+001  -0.458788E-013   0.220246E-014
   0.377555E+002   0.100000E+001  -0.317761E-013   0.143872E-014
   0.378357E+002   0.100000E+001  -0.219837E-013   0.937640E-015
   0.379158E+002   0.100000E+001  -0.151906E-013   0.609537E-015
   0.379960E+002   0.100000E+001  -0.104826E-013   0.395160E-015
   0.380762E+002   0.100000E+001  -0.722330E-014   0.255416E-015
   0.381563E+002   0.100000E+001  -0.496950E-014   0.164552E-015
   0.382365E+002   0.100000E+001  -0.341298E-014   0.105634E-015
   0.383166E+002   0.100000E+001  -0.233948E-014   0.675443E-016
   0.383968E+002   0.100000E+001  -0.160024E-014   0.430014E-016
   0.384770E+002   0.100000E+001  -0.109201E-014   0.272445E-016
   0.385571E+002   0.100000E+001  -0.743233E-015   0.171687E-016
   0.386373E+002   0.100000E+001  -0.504365E-015   0.107542E-016
   0.387174E+002   0.100000E+001  -0.341133E-015   0.669075E-017
   0.387976E+002   0.100000E+001  -0.229864E-015   0.413080E-017
   0.388778E+002   0.100000E+001  -0.154225E-015   0.252807E-017
   0.389579E+002   0.100000E+001  -0.102968E-015   0.153170E-017
   0.390381E+002   0.100000E+001  -0.683561E-016   0.917260E-018
   0.391182E+002   0.100000E+001  -0.450791E-016   0.541858E-018
   0.391984E+002   0.100000E+001  -0.294985E-016   0.314973E-018
   0.392786E+002   0.100000E+001  -0.191267E-016   0.179590E-018
   0.393587E+002   0.100000E+001  -0.122673E-016   0.100030E-018
   0.394389E+002   0.100000E+001  -0.776623E-017   0.541311E-019
   0.395190E+002   0.100000E+001  -0.484039E-017   0.282470E-019
   0.395992E+002   0.100000E+001  -0.295965E-017   0.140573E-019
   0.396794E+002   0.100000E+001  -0.176558E-017   0.655126E-020
   0.397595E+002   0.100000E+001  -0.101551E-017   0.276029E-020
   0.398397E+002   0.100000E+001  -0.543778E-018   0.966131E-021
   0.399198E+002   0.100000E+001  -0.233673E-018   0.202188E-021
   0.400000E+002   0.100000E+001  -0.000000E+000   0.000000E+000
   0.400802E+002   0.100000E+001  -0.108841E-017   0.157514E-021

