  -0.801603E-001   0.100000E+001   0.137304E-002  -0.179070E+000
   0.000000E+000   0.100000E+001  -0.199448E-001  -0.130038E+000
   0.801603E-001   0.100000E+001  -0.154643E-001  -0.139177E+000
   0.160321E+000   0.100000E+001  -0.103642E-001  -0.146505E+000
   0.240481E+000   0.100000E+001  -0.456468E-002  -0.151733E+000
   0.320641E+000   0.100000E+001   0.191265E-002  -0.154552E+000
   0.400802E+000   0.100000E+001   0.907090E-002  -0.154620E+000
   0.480962E+000   0.100000E+001   0.168101E-001  -0.151604E+000
   0.561122E+000   0.100000E+001   0.249707E-001  -0.145183E+000
   0.641283E+000   0.100000E+001   0.333021E-001  -0.135084E+000
   0.721443E+000   0.100000E+001   0.414489E-001  -0.121147E+000
   0.801603E+000   0.100000E+001   0.489568E-001  -0.103387E+000
   0.881764E+000   0.100000E+001   0.552998E-001  -0.820859E-001
   0.961924E+000   0.100000E+001   0.599425E-001  -0.578584E-001
   0.104208E+001   0.100000E+001   0.624333E-001  -0.316712E-001
   0.112224E+001   0.100000E+001   0.625060E-001  -0.476813E-002
   0.120240E+001   0.100000E+001   0.601476E-001   0.214961E-001
   0.128257E+001   0.100000E+001   0.555997E-001   0.458649E-001
   0.136273E+001   0.100000E+001   0.492919E-001   0.673529E-001
   0.144289E+001   0.100000E+001   0.417400E-001   0.853319E-001
   0.152305E+001   0.100000E+001   0.334549E-001   0.995258E-001
   0.160321E+001   0.100000E+001   0.248872E-001   0.109947E+000
   0.168337E+001   0.100000E+001   0.164064E-001   0.116805E+000
   0.176353E+001   0.100000E+001   0.829639E-002   0.120417E+000
   0.184369E+001   0.100000E+001   0.756128E-003   0.121140E+000
   0.192385E+001   0.100000E+001  -0.609216E-002   0.119326E+000
   0.200401E+001   0.100000E+001  -0.121868E-001   0.115308E+000
   0.208417E+001   0.100000E+001  -0.175104E-001   0.109380E+000
   0.216433E+001   0.100000E+001  -0.220808E-001   0.101801E+000
   0.224449E+001   0.100000E+001  -0.259454E-001   0.927903E-001
   0.232465E+001   0.100000E+001  -0.291737E-001   0.825468E-001
   0.240481E+001   0.100000E+001  -0.318435E-001   0.712517E-001
   0.248497E+001   0.100000E+001  -0.340284E-001   0.590749E-001
   0.256513E+001   0.100000E+001  -0.357889E-001   0.461733E-001
   0.264529E+001   0.100000E+001  -0.371703E-001   0.326886E-001
   0.272545E+001   0.100000E+001  -0.382046E-001   0.187469E-001
   0.280561E+001   0.100000E+001  -0.389142E-001   0.446032E-002
   0.288577E+001   0.100000E+001  -0.393145E-001  -0.100687E-001
   0.296593E+001   0.100000E+001  -0.394144E-001  -0.247421E-001
   0.304609E+001   0.100000E+001  -0.392182E-001  -0.394605E-001
   0.312625E+001   0.100000E+001  -0.387280E-001  -0.541195E-001
   0.320641E+001   0.100000E+001  -0.379417E-001  -0.686081E-001
   0.328657E+001   0.100000E+001  -0.368484E-001  -0.828066E-001
   0.336673E+001   0.100000E+001  -0.354263E-001  -0.965856E-001
   0.344689E+001   0.100000E+001  -0.336439E-001  -0.109804E+000
   0.352705E+001   0.100000E+001  -0.314626E-001  -0.122309E+000
   0.360721E+001   0.100000E+001  -0.288389E-001  -0.133926E+000
   0.368737E+001   0.100000E+001  -0.257261E-001  -0.144465E+000
   0.376754E+001   0.100000E+001  -0.220760E-001  -0.153709E+000
   0.384770E+001   0.100000E+001  -0.178408E-001  -0.161415E+000
   0.392786E+001   0.100000E+001  -0.129764E-001  -0.167314E+000
   0.400802E+001   0.100000E+001  -0.744846E-002  -0.171113E+000
   0.408818E+001   0.100000E+001  -0.124233E-002  -0.172499E+000
   0.416834E+001   0.100000E+001   0.562324E-002  -0.171144E+000
   0.424850E+001   0.100000E+001   0.130776E-001  -0.166723E+000
   0.432866E+001   0.100000E+001   0.209779E-001  -0.158923E+000
   0.440882E+001   0.100000E+001   0.290893E-001  -0.147479E+000
   0.448898E+001   0.100000E+001   0.370722E-001  -0.132216E+000
   0.456914E+001   0.100000E+001   0.444850E-001  -0.113121E+000
   0.464930E+001   0.100000E+001   0.508109E-001  -0.904297E-001
   0.472946E+001   0.100000E+001   0.555171E-001  -0.647087E-001
   0.480962E+001   0.100000E+001   0.581445E-001  -0.368846E-001
   0.488978E+001   0.100000E+001   0.584056E-001  -0.818144E-002
   0.496994E+001   0.100000E+001   0.562561E-001   0.200422E-001
   0.505010E+001   0.100000E+001   0.519060E-001   0.465069E-001
   0.513026E+001   0.100000E+001   0.457652E-001   0.701954E-001
   0.521042E+001   0.100000E+001   0.383513E-001   0.904422E-001
   0.529058E+001   0.100000E+001   0.301956E-001   0.106925E+000
   0.537074E+001   0.100000E+001   0.217716E-001   0.119594E+000
   0.545090E+001   0.100000E+001   0.134563E-001   0.128587E+000
   0.553106E+001   0.100000E+001   0.552198E-002   0.134158E+000
   0.561122E+001   0.100000E+001  -0.185407E-002   0.136619E+000
   0.569138E+001   0.100000E+001  -0.857023E-002   0.136312E+000
   0.577154E+001   0.100000E+001  -0.145812E-001   0.133577E+000
   0.585170E+001   0.100000E+001  -0.198818E-001   0.128740E+000
   0.593186E+001   0.100000E+001  -0.244927E-001   0.122103E+000
   0.601202E+001   0.100000E+001  -0.284518E-001   0.113938E+000
   0.609218E+001   0.100000E+001  -0.318074E-001   0.104484E+000
   0.617234E+001   0.100000E+001  -0.346123E-001   0.939558E-001
   0.625251E+001   0.100000E+001  -0.369211E-001   0.825394E-001
   0.633267E+001   0.100000E+001  -0.387857E-001   0.704028E-001
   0.641283E+001   0.100000E+001  -0.402525E-001   0.576977E-001
   0.649299E+001   0.100000E+001  -0.413609E-001   0.445628E-001
   0.657315E+001   0.100000E+001  -0.421422E-001   0.311264E-001
   0.665331E+001   0.100000E+001  -0.426178E-001   0.175079E-001
   0.673347E+001   0.100000E+001  -0.427965E-001   0.381741E-002
   0.681363E+001   0.100000E+001  -0.426785E-001  -0.984259E-002
   0.689379E+001   0.100000E+001  -0.422614E-001  -0.233726E-001
   0.697395E+001   0.100000E+001  -0.415375E-001  -0.366719E-001
   0.705411E+001   0.100000E+001  -0.404938E-001  -0.496358E-001
   0.713427E+001   0.100000E+001  -0.391119E-001  -0.621487E-001
   0.721443E+001   0.100000E+001  -0.373715E-001  -0.740768E-001
   0.729459E+001   0.100000E+001  -0.352424E-001  -0.852683E-001
   0.737475E+001   0.100000E+001  -0.326738E-001  -0.955568E-001
   0.745491E+001   0.100000E+001  -0.296065E-001  -0.104753E+000
   0.753507E+001   0.100000E+001  -0.259972E-001  -0.112636E+000
   0.761523E+001   0.100000E+001  -0.218074E-001  -0.118965E+000
   0.769539E+001   0.100000E+001  -0.169802E-001  -0.123491E+000
   0.777555E+001   0.100000E+001  -0.115085E-001  -0.125946E+000
   0.785571E+001   0.100000E+001  -0.541057E-002  -0.126046E+000
   0.793587E+001   0.100000E+001   0.127363E-002  -0.123503E+000
   0.801603E+001   0.100000E+001   0.843042E-002  -0.118034E+000
   0.809619E+001   0.100000E+001   0.158823E-001  -0.109386E+000
   0.817635E+001   0.100000E+001   0.234390E-001  -0.973859E-001
   0.825651E+001   0.100000E+001   0.308238E-001  -0.819606E-001
   0.833667E+001   0.100000E+001   0.377212E-001  -0.631669E-001
   0.841683E+001   0.100000E+001   0.438036E-001  -0.412296E-001
   0.849699E+001   0.100000E+001   0.486671E-001  -0.165608E-001
   0.857715E+001   0.100000E+001   0.519572E-001   0.102105E-001
   0.865731E+001   0.100000E+001   0.533595E-001   0.382474E-001
   0.873747E+001   0.100000E+001   0.526046E-001   0.665424E-001
   0.881764E+001   0.100000E+001   0.495760E-001   0.939776E-001
   0.889780E+001   0.100000E+001   0.444583E-001   0.119440E+000
   0.897796E+001   0.100000E+001   0.377561E-001   0.141980E+000
   0.905812E+001   0.100000E+001   0.300658E-001   0.160968E+000
   0.913828E+001   0.100000E+001   0.218670E-001   0.176136E+000
   0.921844E+001   0.100000E+001   0.135613E-001   0.187513E+000
   0.929860E+001   0.100000E+001   0.546241E-002   0.195305E+000
   0.937876E+001   0.100000E+001  -0.222310E-002   0.199797E+000
   0.945892E+001   0.100000E+001  -0.930482E-002   0.201294E+000
   0.953908E+001   0.100000E+001  -0.157000E-001   0.200106E+000
   0.961924E+001   0.100000E+001  -0.213815E-001   0.196544E+000
   0.969940E+001   0.100000E+001  -0.263374E-001   0.190916E+000
   0.977956E+001   0.100000E+001  -0.305589E-001   0.183528E+000
   0.985972E+001   0.100000E+001  -0.340497E-001   0.174680E+000
   0.993988E+001   0.100000E+001  -0.368252E-001   0.164666E+000
   0.100200E+002   0.100000E+001  -0.389381E-001   0.153766E+000
   0.101002E+002   0.100000E+001  -0.404659E-001   0.142236E+000
   0.101804E+002   0.100000E+001  -0.415048E-001   0.130293E+000
   0.102605E+002   0.100000E+001  -0.421518E-001   0.118108E+000
   0.103407E+002   0.100000E+001  -0.424842E-001   0.105806E+000
   0.104208E+002   0.100000E+001  -0.425601E-001   0.934675E-001
   0.105010E+002   0.100000E+001  -0.423979E-001   0.811517E-001
   0.105812E+002   0.100000E+001  -0.419864E-001   0.689092E-001
   0.106613E+002   0.100000E+001  -0.413117E-001   0.568010E-001
   0.107415E+002   0.100000E+001  -0.403662E-001   0.449073E-001
   0.108216E+002   0.100000E+001  -0.391447E-001   0.333268E-001
   0.109018E+002   0.100000E+001  -0.376449E-001   0.221704E-001
   0.109820E+002   0.100000E+001  -0.358641E-001   0.115540E-001
   0.110621E+002   0.100000E+001  -0.337702E-001   0.159165E-002
   0.111423E+002   0.100000E+001  -0.313149E-001  -0.760163E-002
   0.112224E+002   0.100000E+001  -0.284689E-001  -0.159034E-001
   0.113026E+002   0.100000E+001  -0.252260E-001  -0.231785E-001
   0.113828E+002   0.100000E+001  -0.215689E-001  -0.292750E-001
   0.114629E+002   0.100000E+001  -0.174376E-001  -0.340210E-001
   0.115431E+002   0.100000E+001  -0.127779E-001  -0.372141E-001
   0.116232E+002   0.100000E+001  -0.752738E-002  -0.386155E-001
   0.117034E+002   0.100000E+001  -0.163555E-002  -0.379475E-001
   0.117836E+002   0.100000E+001   0.487240E-002  -0.348982E-001
   0.118637E+002   0.100000E+001   0.119257E-001  -0.291453E-001
   0.119439E+002   0.100000E+001   0.193828E-001  -0.203834E-001
   0.120240E+002   0.100000E+001   0.271007E-001  -0.836535E-002
   0.121042E+002   0.100000E+001   0.348414E-001   0.705764E-002
   0.121844E+002   0.100000E+001   0.421364E-001   0.258880E-001
   0.122645E+002   0.100000E+001   0.484387E-001   0.479036E-001
   0.123447E+002   0.100000E+001   0.531415E-001   0.726001E-001
   0.124248E+002   0.100000E+001   0.556489E-001   0.991588E-001
   0.125050E+002   0.100000E+001   0.556039E-001   0.126466E+000
   0.125852E+002   0.100000E+001   0.529492E-001   0.153217E+000
   0.126653E+002   0.100000E+001   0.479511E-001   0.178074E+000
   0.127455E+002   0.100000E+001   0.411095E-001   0.199867E+000
   0.128257E+002   0.100000E+001   0.330560E-001   0.217773E+000
   0.129058E+002   0.100000E+001   0.244763E-001   0.231404E+000
   0.129860E+002   0.100000E+001   0.159061E-001   0.240814E+000
   0.130661E+002   0.100000E+001   0.774414E-002   0.246379E+000
   0.131463E+002   0.100000E+001   0.254532E-003   0.248631E+000
   0.132265E+002   0.100000E+001  -0.643875E-002   0.248118E+000
   0.133066E+002   0.100000E+001  -0.122682E-001   0.245312E+000
   0.133868E+002   0.100000E+001  -0.172408E-001   0.240585E+000
   0.134669E+002   0.100000E+001  -0.214427E-001   0.234235E+000
   0.135471E+002   0.100000E+001  -0.249608E-001   0.226504E+000
   0.136273E+002   0.100000E+001  -0.278909E-001   0.217606E+000
   0.137074E+002   0.100000E+001  -0.303132E-001   0.207729E+000
   0.137876E+002   0.100000E+001  -0.322966E-001   0.197043E+000
   0.138677E+002   0.100000E+001  -0.338814E-001   0.185695E+000
   0.139479E+002   0.100000E+001  -0.351024E-001   0.173815E+000
   0.140281E+002   0.100000E+001  -0.360011E-001   0.161516E+000
   0.141082E+002   0.100000E+001  -0.366224E-001   0.148896E+000
   0.141884E+002   0.100000E+001  -0.370040E-001   0.136038E+000
   0.142685E+002   0.100000E+001  -0.371724E-001   0.123010E+000
   0.143487E+002   0.100000E+001  -0.371452E-001   0.109869E+000
   0.144289E+002   0.100000E+001  -0.369260E-001   0.966700E-001
   0.145090E+002   0.100000E+001  -0.364985E-001   0.834717E-001
   0.145892E+002   0.100000E+001  -0.358477E-001   0.703517E-001
   0.146693E+002   0.100000E+001  -0.349555E-001   0.574108E-001
   0.147495E+002   0.100000E+001  -0.337869E-001   0.447730E-001
   0.148297E+002   0.100000E+001  -0.323027E-001   0.325826E-001
   0.149098E+002   0.100000E+001  -0.304418E-001   0.209987E-001
   0.149900E+002   0.100000E+001  -0.281152E-001   0.101928E-001
   0.150701E+002   0.100000E+001  -0.252377E-001   0.354335E-003
   0.151503E+002   0.100000E+001  -0.217471E-001  -0.830247E-002
   0.152305E+002   0.100000E+001  -0.175961E-001  -0.155389E-001
   0.153106E+002   0.100000E+001  -0.127982E-001  -0.210902E-001
   0.153908E+002   0.100000E+001  -0.734582E-002  -0.246766E-001
   0.154709E+002   0.100000E+001  -0.122884E-002  -0.260088E-001
   0.155511E+002   0.100000E+001   0.551534E-002  -0.247905E-001
   0.156313E+002   0.100000E+001   0.127857E-001  -0.207276E-001
   0.157114E+002   0.100000E+001   0.204565E-001  -0.135526E-001
   0.157916E+002   0.100000E+001   0.282692E-001  -0.305100E-002
   0.158717E+002   0.100000E+001   0.358993E-001   0.108846E-001
   0.159519E+002   0.100000E+001   0.429636E-001   0.281941E-001
   0.160321E+002   0.100000E+001   0.489583E-001   0.485961E-001
   0.161122E+002   0.100000E+001   0.533171E-001   0.715437E-001
   0.161924E+002   0.100000E+001   0.556503E-001   0.962117E-001
   0.162725E+002   0.100000E+001   0.557407E-001   0.121551E+000
   0.163527E+002   0.100000E+001   0.535478E-001   0.146400E+000
   0.164329E+002   0.100000E+001   0.492890E-001   0.169619E+000
   0.165130E+002   0.100000E+001   0.434186E-001   0.190242E+000
   0.165932E+002   0.100000E+001   0.364336E-001   0.207591E+000
   0.166733E+002   0.100000E+001   0.288286E-001   0.221321E+000
   0.167535E+002   0.100000E+001   0.210903E-001   0.231389E+000
   0.168337E+002   0.100000E+001   0.135435E-001   0.237977E+000
   0.169138E+002   0.100000E+001   0.635850E-002   0.241391E+000
   0.169940E+002   0.100000E+001  -0.307675E-003   0.241964E+000
   0.170741E+002   0.100000E+001  -0.633374E-002   0.240013E+000
   0.171543E+002   0.100000E+001  -0.116922E-001   0.235834E+000
   0.172345E+002   0.100000E+001  -0.163889E-001   0.229709E+000
   0.173146E+002   0.100000E+001  -0.204753E-001   0.221910E+000
   0.173948E+002   0.100000E+001  -0.240154E-001   0.212698E+000
   0.174749E+002   0.100000E+001  -0.270456E-001   0.202311E+000
   0.175551E+002   0.100000E+001  -0.295640E-001   0.190951E+000
   0.176353E+002   0.100000E+001  -0.315721E-001   0.178789E+000
   0.177154E+002   0.100000E+001  -0.331063E-001   0.165972E+000
   0.177956E+002   0.100000E+001  -0.342370E-001   0.152631E+000
   0.178758E+002   0.100000E+001  -0.350268E-001   0.138883E+000
   0.179559E+002   0.100000E+001  -0.355412E-001   0.124832E+000
   0.180361E+002   0.100000E+001  -0.358031E-001   0.110570E+000
   0.181162E+002   0.100000E+001  -0.357846E-001   0.961753E-001
   0.181964E+002   0.100000E+001  -0.354742E-001   0.817269E-001
   0.182766E+002   0.100000E+001  -0.348809E-001   0.673138E-001
   0.183567E+002   0.100000E+001  -0.339999E-001   0.530375E-001
   0.184369E+002   0.100000E+001  -0.328427E-001   0.390144E-001
   0.185170E+002   0.100000E+001  -0.314419E-001   0.253690E-001
   0.185972E+002   0.100000E+001  -0.298052E-001   0.122249E-001
   0.186774E+002   0.100000E+001  -0.278794E-001  -0.298851E-003
   0.187575E+002   0.100000E+001  -0.255934E-001  -0.120781E-001
   0.188377E+002   0.100000E+001  -0.228698E-001  -0.229667E-001
   0.189178E+002   0.100000E+001  -0.196186E-001  -0.327816E-001
   0.189980E+002   0.100000E+001  -0.157899E-001  -0.412919E-001
   0.190782E+002   0.100000E+001  -0.113752E-001  -0.482220E-001
   0.191583E+002   0.100000E+001  -0.635685E-002  -0.532693E-001
   0.192385E+002   0.100000E+001  -0.723198E-003  -0.561182E-001
   0.193186E+002   0.100000E+001   0.552093E-002  -0.564545E-001
   0.193988E+002   0.100000E+001   0.123234E-001  -0.539741E-001
   0.194790E+002   0.100000E+001   0.195943E-001  -0.483921E-001
   0.195591E+002   0.100000E+001   0.271980E-001  -0.394598E-001
   0.196393E+002   0.100000E+001   0.348779E-001  -0.269926E-001
   0.197194E+002   0.100000E+001   0.422526E-001  -0.109271E-001
   0.197996E+002   0.100000E+001   0.488019E-001   0.859804E-002
   0.198798E+002   0.100000E+001   0.539092E-001   0.311552E-001
   0.199599E+002   0.100000E+001   0.569912E-001   0.559668E-001
   0.200401E+002   0.100000E+001   0.576125E-001   0.819149E-001
   0.201202E+002   0.100000E+001   0.556450E-001   0.107644E+000
   0.202004E+002   0.100000E+001   0.513289E-001   0.131756E+000
   0.202806E+002   0.100000E+001   0.451687E-001   0.153042E+000
   0.203607E+002   0.100000E+001   0.378495E-001   0.170677E+000
   0.204409E+002   0.100000E+001   0.300313E-001   0.184314E+000
   0.205210E+002   0.100000E+001   0.222159E-001   0.194036E+000
   0.206012E+002   0.100000E+001   0.147445E-001   0.200203E+000
   0.206814E+002   0.100000E+001   0.779569E-002   0.203281E+000
   0.207615E+002   0.100000E+001   0.145798E-002   0.203697E+000
   0.208417E+002   0.100000E+001  -0.423434E-002   0.201795E+000
   0.209218E+002   0.100000E+001  -0.931415E-002   0.197843E+000
   0.210020E+002   0.100000E+001  -0.138040E-001   0.192064E+000
   0.210822E+002   0.100000E+001  -0.177440E-001   0.184668E+000
   0.211623E+002   0.100000E+001  -0.211860E-001   0.175859E+000
   0.212425E+002   0.100000E+001  -0.241736E-001   0.165831E+000
   0.213226E+002   0.100000E+001  -0.267642E-001   0.154755E+000
   0.214028E+002   0.100000E+001  -0.290034E-001   0.142779E+000
   0.214830E+002   0.100000E+001  -0.309203E-001   0.130024E+000
   0.215631E+002   0.100000E+001  -0.325293E-001   0.116601E+000
   0.216433E+002   0.100000E+001  -0.338246E-001   0.102618E+000
   0.217234E+002   0.100000E+001  -0.347986E-001   0.881897E-001
   0.218036E+002   0.100000E+001  -0.354390E-001   0.734410E-001
   0.218838E+002   0.100000E+001  -0.357323E-001   0.585084E-001
   0.219639E+002   0.100000E+001  -0.356584E-001   0.435360E-001
   0.220441E+002   0.100000E+001  -0.351971E-001   0.286736E-001
   0.221242E+002   0.100000E+001  -0.343315E-001   0.140780E-001
   0.222044E+002   0.100000E+001  -0.330511E-001  -0.887777E-004
   0.222846E+002   0.100000E+001  -0.313525E-001  -0.136582E-001
   0.223647E+002   0.100000E+001  -0.292274E-001  -0.264599E-001
   0.224449E+002   0.100000E+001  -0.266689E-001  -0.383188E-001
   0.225251E+002   0.100000E+001  -0.236588E-001  -0.490598E-001
   0.226052E+002   0.100000E+001  -0.202003E-001  -0.584995E-001
   0.226854E+002   0.100000E+001  -0.163004E-001  -0.664521E-001
   0.227655E+002   0.100000E+001  -0.119379E-001  -0.727347E-001
   0.228457E+002   0.100000E+001  -0.709359E-002  -0.771625E-001
   0.229259E+002   0.100000E+001  -0.179079E-002  -0.795406E-001
   0.230060E+002   0.100000E+001   0.396651E-002  -0.796804E-001
   0.230862E+002   0.100000E+001   0.101431E-001  -0.773964E-001
   0.231663E+002   0.100000E+001   0.166561E-001  -0.724981E-001
   0.232465E+002   0.100000E+001   0.233770E-001  -0.647877E-001
   0.233267E+002   0.100000E+001   0.301127E-001  -0.540966E-001
   0.234068E+002   0.100000E+001   0.365784E-001  -0.403548E-001
   0.234870E+002   0.100000E+001   0.424040E-001  -0.236630E-001
   0.235671E+002   0.100000E+001   0.471911E-001  -0.434124E-002
   0.236473E+002   0.100000E+001   0.505793E-001   0.170613E-001
   0.237275E+002   0.100000E+001   0.522877E-001   0.397874E-001
   0.238076E+002   0.100000E+001   0.521424E-001   0.629208E-001
   0.238878E+002   0.100000E+001   0.501139E-001   0.854693E-001
   0.239679E+002   0.100000E+001   0.463390E-001   0.106480E+000
   0.240481E+002   0.100000E+001   0.410945E-001   0.125150E+000
   0.241283E+002   0.100000E+001   0.347412E-001   0.140886E+000
   0.242084E+002   0.100000E+001   0.276823E-001   0.153331E+000
   0.242886E+002   0.100000E+001   0.203313E-001   0.162360E+000
   0.243687E+002   0.100000E+001   0.130660E-001   0.168057E+000
   0.244489E+002   0.100000E+001   0.617785E-002   0.170661E+000
   0.245291E+002   0.100000E+001  -0.147735E-003   0.170494E+000
   0.246092E+002   0.100000E+001  -0.581716E-002   0.167903E+000
   0.246894E+002   0.100000E+001  -0.108064E-001   0.163231E+000
   0.247695E+002   0.100000E+001  -0.151437E-001   0.156789E+000
   0.248497E+002   0.100000E+001  -0.188916E-001   0.148849E+000
   0.249299E+002   0.100000E+001  -0.221250E-001   0.139631E+000
   0.250100E+002   0.100000E+001  -0.249097E-001   0.129316E+000
   0.250902E+002   0.100000E+001  -0.272913E-001   0.118057E+000
   0.251703E+002   0.100000E+001  -0.292967E-001   0.105998E+000
   0.252505E+002   0.100000E+001  -0.309456E-001   0.932801E-001
   0.253307E+002   0.100000E+001  -0.322621E-001   0.800396E-001
   0.254108E+002   0.100000E+001  -0.332789E-001   0.664019E-001
   0.254910E+002   0.100000E+001  -0.340328E-001   0.524722E-001
   0.255711E+002   0.100000E+001  -0.345547E-001   0.383337E-001
   0.256513E+002   0.100000E+001  -0.348586E-001   0.240533E-001
   0.257315E+002   0.100000E+001  -0.349345E-001   0.969255E-002
   0.258116E+002   0.100000E+001  -0.347456E-001  -0.467669E-002
   0.258918E+002   0.100000E+001  -0.342314E-001  -0.189581E-001
   0.259719E+002   0.100000E+001  -0.333165E-001  -0.330191E-001
   0.260521E+002   0.100000E+001  -0.319224E-001  -0.466856E-001
   0.261323E+002   0.100000E+001  -0.299820E-001  -0.597445E-001
   0.262124E+002   0.100000E+001  -0.274506E-001  -0.719539E-001
   0.262926E+002   0.100000E+001  -0.243105E-001  -0.830580E-001
   0.263727E+002   0.100000E+001  -0.205688E-001  -0.928018E-001
   0.264529E+002   0.100000E+001  -0.162483E-001  -0.100942E+000
   0.265331E+002   0.100000E+001  -0.113782E-001  -0.107249E+000
   0.266132E+002   0.100000E+001  -0.598849E-002  -0.111505E+000
   0.266934E+002   0.100000E+001  -0.112727E-003  -0.113494E+000
   0.267735E+002   0.100000E+001   0.619892E-002  -0.112999E+000
   0.268537E+002   0.100000E+001   0.128590E-001  -0.109805E+000
   0.269339E+002   0.100000E+001   0.197193E-001  -0.103720E+000
   0.270140E+002   0.100000E+001   0.265557E-001  -0.946149E-001
   0.270942E+002   0.100000E+001   0.330734E-001  -0.824763E-001
   0.271743E+002   0.100000E+001   0.389441E-001  -0.674593E-001
   0.272545E+002   0.100000E+001   0.438653E-001  -0.499057E-001
   0.273347E+002   0.100000E+001   0.476120E-001  -0.303145E-001
   0.274148E+002   0.100000E+001   0.500480E-001  -0.927690E-002
   0.274950E+002   0.100000E+001   0.510923E-001   0.125772E-001
   0.275752E+002   0.100000E+001   0.506799E-001   0.345902E-001
   0.276553E+002   0.100000E+001   0.487601E-001   0.560606E-001
   0.277355E+002   0.100000E+001   0.453400E-001   0.762474E-001
   0.278156E+002   0.100000E+001   0.405376E-001   0.944271E-001
   0.278958E+002   0.100000E+001   0.346009E-001   0.109988E+000
   0.279760E+002   0.100000E+001   0.278753E-001   0.122512E+000
   0.280561E+002   0.100000E+001   0.207346E-001   0.131806E+000
   0.281363E+002   0.100000E+001   0.135132E-001   0.137871E+000
   0.282164E+002   0.100000E+001   0.646641E-002   0.140844E+000
   0.282966E+002   0.100000E+001  -0.231386E-003   0.140932E+000
   0.283768E+002   0.100000E+001  -0.646513E-002   0.138372E+000
   0.284569E+002   0.100000E+001  -0.121525E-001   0.133419E+000
   0.285371E+002   0.100000E+001  -0.172270E-001   0.126341E+000
   0.286172E+002   0.100000E+001  -0.216338E-001   0.117424E+000
   0.286974E+002   0.100000E+001  -0.253343E-001   0.106971E+000
   0.287776E+002   0.100000E+001  -0.283132E-001   0.952957E-001
   0.288577E+002   0.100000E+001  -0.305825E-001   0.827106E-001
   0.289379E+002   0.100000E+001  -0.321800E-001   0.695128E-001
   0.290180E+002   0.100000E+001  -0.331636E-001   0.559731E-001
   0.290982E+002   0.100000E+001  -0.336018E-001   0.423286E-001
   0.291784E+002   0.100000E+001  -0.335642E-001   0.287800E-001
   0.292585E+002   0.100000E+001  -0.331134E-001   0.154942E-001
   0.293387E+002   0.100000E+001  -0.322992E-001   0.261068E-002
   0.294188E+002   0.100000E+001  -0.311578E-001  -0.975117E-002
   0.294990E+002   0.100000E+001  -0.297133E-001  -0.214841E-001
   0.295792E+002   0.100000E+001  -0.279819E-001  -0.324880E-001
   0.296593E+002   0.100000E+001  -0.259762E-001  -0.426678E-001
   0.297395E+002   0.100000E+001  -0.237080E-001  -0.519337E-001
   0.298196E+002   0.100000E+001  -0.211886E-001  -0.602017E-001
   0.298998E+002   0.100000E+001  -0.184259E-001  -0.673942E-001
   0.299800E+002   0.100000E+001  -0.154213E-001  -0.734360E-001
   0.300601E+002   0.100000E+001  -0.121671E-001  -0.782473E-001
   0.301403E+002   0.100000E+001  -0.864995E-002  -0.817337E-001
   0.302204E+002   0.100000E+001  -0.486171E-002  -0.837779E-001
   0.303006E+002   0.100000E+001  -0.820355E-003  -0.842385E-001
   0.303808E+002   0.100000E+001   0.340200E-002  -0.829647E-001
   0.304609E+002   0.100000E+001   0.765121E-002  -0.798317E-001
   0.305411E+002   0.100000E+001   0.116780E-001  -0.748018E-001
   0.306212E+002   0.100000E+001   0.151585E-001  -0.679966E-001
   0.307014E+002   0.100000E+001   0.177605E-001  -0.597507E-001
   0.307816E+002   0.100000E+001   0.192393E-001  -0.506048E-001
   0.308617E+002   0.100000E+001   0.195211E-001  -0.412170E-001
   0.309419E+002   0.100000E+001   0.187239E-001  -0.322220E-001
   0.310220E+002   0.100000E+001   0.171053E-001  -0.241083E-001
   0.311022E+002   0.100000E+001   0.149754E-001  -0.171629E-001
   0.311824E+002   0.100000E+001   0.126225E-001  -0.114858E-001
   0.312625E+002   0.100000E+001   0.102740E-001  -0.703946E-002
   0.313427E+002   0.100000E+001   0.808682E-002  -0.370137E-002
   0.314228E+002   0.100000E+001   0.615314E-002  -0.130762E-002
   0.315030E+002   0.100000E+001   0.451432E-002   0.316636E-003
   0.315832E+002   0.100000E+001   0.317554E-002   0.133839E-002
   0.316633E+002   0.100000E+001   0.211869E-002   0.190664E-002
   0.317435E+002   0.100000E+001   0.131224E-002   0.214786E-002
   0.318236E+002   0.100000E+001   0.718627E-003   0.216502E-002
   0.319038E+002   0.100000E+001   0.299332E-003   0.203889E-002
   0.319840E+002   0.100000E+001   0.180485E-004   0.183050E-002
   0.320641E+002   0.100000E+001  -0.157582E-003   0.158418E-002
   0.321443E+002   0.100000E+001  -0.255196E-003   0.133060E-002
   0.322244E+002   0.100000E+001  -0.297579E-003   0.108962E-002
   0.323046E+002   0.100000E+001  -0.302916E-003   0.872829E-003
   0.323848E+002   0.100000E+001  -0.285225E-003   0.685727E-003
   0.324649E+002   0.100000E+001  -0.254878E-003   0.529543E-003
   0.325451E+002   0.100000E+001  -0.219179E-003   0.402742E-003
   0.326253E+002   0.100000E+001  -0.182950E-003   0.302197E-003
   0.327054E+002   0.100000E+001  -0.149105E-003   0.224068E-003
   0.327856E+002   0.100000E+001  -0.119161E-003   0.164407E-003
   0.328657E+002   0.100000E+001  -0.936881E-004   0.119526E-003
   0.329459E+002   0.100000E+001  -0.726541E-004   0.861970E-004
   0.330261E+002   0.100000E+001  -0.556878E-004   0.617207E-004
   0.331062E+002   0.100000E+001  -0.422585E-004   0.439177E-004
   0.331864E+002   0.100000E+001  -0.317921E-004   0.310761E-004
   0.332665E+002   0.100000E+001  -0.237392E-004   0.218801E-004
   0.333467E+002   0.100000E+001  -0.176103E-004   0.153367E-004
   0.334269E+002   0.100000E+001  -0.129884E-004   0.107068E-004
   0.335070E+002   0.100000E+001  -0.953071E-005   0.744721E-005
   0.335872E+002   0.100000E+001  -0.696170E-005   0.516269E-005
   0.336673E+002   0.100000E+001  -0.506449E-005   0.356805E-005
   0.337475E+002   0.100000E+001  -0.367086E-005   0.245905E-005
   0.338277E+002   0.100000E+001  -0.265197E-005   0.169040E-005
   0.339078E+002   0.100000E+001  -0.191019E-005   0.115926E-005
   0.339880E+002   0.100000E+001  -0.137220E-005   0.793295E-006
   0.340681E+002   0.100000E+001  -0.983332E-006   0.541780E-006
   0.341483E+002   0.100000E+001  -0.703114E-006   0.369334E-006
   0.342285E+002   0.100000E+001  -0.501745E-006   0.251355E-006
   0.343086E+002   0.100000E+001  -0.357400E-006   0.170802E-006
   0.343888E+002   0.100000E+001  -0.254162E-006   0.115901E-006
   0.344689E+002   0.100000E+001  -0.180476E-006   0.785461E-007
   0.345491E+002   0.100000E+001  -0.127980E-006   0.531680E-007
   0.346293E+002   0.100000E+001  -0.906419E-007   0.359507E-007
   0.347094E+002   0.100000E+001  -0.641255E-007   0.242847E-007
   0.347896E+002   0.100000E+001  -0.453202E-007   0.163893E-007
   0.348697E+002   0.100000E+001  -0.320000E-007   0.110515E-007
   0.349499E+002   0.100000E+001  -0.225757E-007   0.744626E-008
   0.350301E+002   0.100000E+001  -0.159146E-007   0.501347E-008
   0.351102E+002   0.100000E+001  -0.112110E-007   0.337318E-008
   0.351904E+002   0.100000E+001  -0.789236E-008   0.226808E-008
   0.352705E+002   0.100000E+001  -0.555276E-008   0.152408E-008
   0.353507E+002   0.100000E+001  -0.390453E-008   0.102353E-008
   0.354309E+002   0.100000E+001  -0.274412E-008   0.686977E-009
   0.355110E+002   0.100000E+001  -0.192764E-008   0.460832E-009
   0.355912E+002   0.100000E+001  -0.135347E-008   0.308961E-009
   0.356713E+002   0.100000E+001  -0.949910E-009   0.207028E-009
   0.357515E+002   0.100000E+001  -0.666402E-009   0.138650E-009
   0.358317E+002   0.100000E+001  -0.467322E-009   0.928050E-010
   0.359118E+002   0.100000E+001  -0.327587E-009   0.620844E-010
   0.359920E+002   0.100000E+001  -0.229548E-009   0.415095E-010
   0.360721E+002   0.100000E+001  -0.160789E-009   0.277371E-010
   0.361523E+002   0.100000E+001  -0.112585E-009   0.185230E-010
   0.362325E+002   0.100000E+001  -0.788024E-010   0.123621E-010
   0.363126E+002   0.100000E+001  -0.551361E-010   0.824493E-011
   0.363928E+002   0.100000E+001  -0.385625E-010   0.549522E-011
   0.364729E+002   0.100000E+001  -0.269602E-010   0.365992E-011
   0.365531E+002   0.100000E+001  -0.188411E-010   0.243572E-011
   0.366333E+002   0.100000E+001  -0.131615E-010   0.161969E-011
   0.367134E+002   0.100000E+001  -0.918998E-011   0.107614E-011
   0.367936E+002   0.100000E+001  -0.641392E-011   0.714343E-012
   0.368737E+002   0.100000E+001  -0.447427E-011   0.473725E-012
   0.369539E+002   0.100000E+001  -0.311960E-011   0.313832E-012
   0.370341E+002   0.100000E+001  -0.217390E-011   0.207677E-012
   0.371142E+002   0.100000E+001  -0.151402E-011   0.137267E-012
   0.371944E+002   0.100000E+001  -0.105379E-011   0.906133E-013
   0.372745E+002   0.100000E+001  -0.732984E-012   0.597348E-013
   0.373547E+002   0.100000E+001  -0.509482E-012   0.393214E-013
   0.374349E+002   0.100000E+001  -0.353863E-012   0.258432E-013
   0.375150E+002   0.100000E+001  -0.245578E-012   0.169562E-013
   0.375952E+002   0.100000E+001  -0.170280E-012   0.111050E-013
   0.376754E+002   0.100000E+001  -0.117958E-012   0.725852E-014
   0.377555E+002   0.100000E+001  -0.816297E-013   0.473424E-014
   0.378357E+002   0.100000E+001  -0.564270E-013   0.308068E-014
   0.379158E+002   0.100000E+001  -0.389585E-013   0.199964E-014
   0.379960E+002   0.100000E+001  -0.268625E-013   0.129439E-014
   0.380762E+002   0.100000E+001  -0.184956E-013   0.835376E-015
   0.381563E+002   0.100000E+001  -0.127148E-013   0.537378E-015
   0.382365E+002   0.100000E+001  -0.872563E-014   0.344445E-015
   0.383166E+002   0.100000E+001  -0.597666E-014   0.219911E-015
   0.383968E+002   0.100000E+001  -0.408513E-014   0.139792E-015
   0.384770E+002   0.100000E+001  -0.278571E-014   0.884341E-016
   0.385571E+002   0.100000E+001  -0.189466E-014   0.556443E-016
   0.386373E+002   0.100000E+001  -0.128486E-014   0.348022E-016
   0.387174E+002   0.100000E+001  -0.868453E-015   0.216197E-016
   0.387976E+002   0.100000E+001  -0.584806E-015   0.133279E-016
   0.388778E+002   0.100000E+001  -0.392124E-015   0.814468E-017
   0.389579E+002   0.100000E+001  -0.261641E-015   0.492744E-017
   0.390381E+002   0.100000E+001  -0.173590E-015   0.294653E-017
   0.391182E+002   0.100000E+001  -0.114413E-015   0.173814E-017
   0.391984E+002   0.100000E+001  -0.748275E-016   0.100894E-017
   0.392786E+002   0.100000E+001  -0.484922E-016   0.574480E-018
   0.393587E+002   0.100000E+001  -0.310859E-016   0.319550E-018
   0.394389E+002   0.100000E+001  -0.196707E-016   0.172699E-018
   0.395190E+002   0.100000E+001  -0.122546E-016   0.900055E-019
   0.395992E+002   0.100000E+001  -0.749013E-017   0.447380E-019
   0.396794E+002   0.100000E+001  -0.446674E-017   0.208259E-019
   0.397595E+002   0.100000E+001  -0.256845E-017   0.876551E-020
   0.398397E+002   0.100000E+001  -0.137506E-017   0.306513E-020
   0.399198E+002   0.100000E+001  -0.590788E-018   0.640837E-021
   0.400000E+002   0.100000E+001  -0.000000E+000   0.000000E+000
   0.400802E+002   0.100000E+001  -0.275134E-017   0.497580E-021

