  -0.801603E-001   0.100000E+001   0.682214E-001  -0.855287E-001
   0.000000E+000   0.100000E+001   0.270956E-001  -0.133640E+000
   0.801603E-001   0.100000E+001   0.353382E-001  -0.122503E+000
   0.160321E+000   0.100000E+001   0.433446E-001  -0.107523E+000
   0.240481E+000   0.100000E+001   0.505802E-001  -0.887598E-001
   0.320641E+000   0.100000E+001   0.565344E-001  -0.666038E-001
   0.400802E+000   0.100000E+001   0.606516E-001  -0.417288E-001
   0.480962E+000   0.100000E+001   0.625291E-001  -0.152003E-001
   0.561122E+000   0.100000E+001   0.619650E-001   0.116933E-001
   0.641283E+000   0.100000E+001   0.590195E-001   0.376054E-001
   0.721443E+000   0.100000E+001   0.540009E-001   0.613362E-001
   0.801603E+000   0.100000E+001   0.473844E-001   0.819861E-001
   0.881764E+000   0.100000E+001   0.397099E-001   0.990095E-001
   0.961924E+000   0.100000E+001   0.314927E-001   0.112183E+000
   0.104208E+001   0.100000E+001   0.231688E-001   0.121531E+000
   0.112224E+001   0.100000E+001   0.150718E-001   0.127242E+000
   0.120240E+001   0.100000E+001   0.743397E-002   0.129599E+000
   0.128257E+001   0.100000E+001   0.399049E-003   0.128927E+000
   0.136273E+001   0.100000E+001  -0.596099E-002   0.125566E+000
   0.144289E+001   0.100000E+001  -0.116286E-001   0.119849E+000
   0.152305E+001   0.100000E+001  -0.166232E-001   0.112098E+000
   0.160321E+001   0.100000E+001  -0.209820E-001   0.102618E+000
   0.168337E+001   0.100000E+001  -0.247424E-001   0.916944E-001
   0.176353E+001   0.100000E+001  -0.279319E-001   0.795747E-001
   0.184369E+001   0.100000E+001  -0.305729E-001   0.664642E-001
   0.192385E+001   0.100000E+001  -0.326947E-001   0.525253E-001
   0.200401E+001   0.100000E+001  -0.343404E-001   0.378926E-001
   0.208417E+001   0.100000E+001  -0.355635E-001   0.226895E-001
   0.216433E+001   0.100000E+001  -0.364182E-001   0.703969E-002
   0.224449E+001   0.100000E+001  -0.369514E-001  -0.892868E-002
   0.232465E+001   0.100000E+001  -0.371977E-001  -0.250824E-001
   0.240481E+001   0.100000E+001  -0.371764E-001  -0.412853E-001
   0.248497E+001   0.100000E+001  -0.368921E-001  -0.574023E-001
   0.256513E+001   0.100000E+001  -0.363373E-001  -0.733035E-001
   0.264529E+001   0.100000E+001  -0.354965E-001  -0.888657E-001
   0.272545E+001   0.100000E+001  -0.343485E-001  -0.103969E+000
   0.280561E+001   0.100000E+001  -0.328662E-001  -0.118492E+000
   0.288577E+001   0.100000E+001  -0.310145E-001  -0.132303E+000
   0.296593E+001   0.100000E+001  -0.287492E-001  -0.145255E+000
   0.304609E+001   0.100000E+001  -0.260179E-001  -0.157181E+000
   0.312625E+001   0.100000E+001  -0.227635E-001  -0.167894E+000
   0.320641E+001   0.100000E+001  -0.189280E-001  -0.177186E+000
   0.328657E+001   0.100000E+001  -0.144580E-001  -0.184823E+000
   0.336673E+001   0.100000E+001  -0.931009E-002  -0.190550E+000
   0.344689E+001   0.100000E+001  -0.346039E-002  -0.194083E+000
   0.352705E+001   0.100000E+001   0.308664E-002  -0.195117E+000
   0.360721E+001   0.100000E+001   0.102876E-001  -0.193324E+000
   0.368737E+001   0.100000E+001   0.180461E-001  -0.188368E+000
   0.376754E+001   0.100000E+001   0.261942E-001  -0.179929E+000
   0.384770E+001   0.100000E+001   0.344691E-001  -0.167742E+000
   0.392786E+001   0.100000E+001   0.424963E-001  -0.151669E+000
   0.400802E+001   0.100000E+001   0.497908E-001  -0.131777E+000
   0.408818E+001   0.100000E+001   0.557933E-001  -0.108438E+000
   0.416834E+001   0.100000E+001   0.599505E-001  -0.823874E-001
   0.424850E+001   0.100000E+001   0.618285E-001  -0.547180E-001
   0.432866E+001   0.100000E+001   0.612240E-001  -0.267663E-001
   0.440882E+001   0.100000E+001   0.582201E-001   0.830245E-004
   0.448898E+001   0.100000E+001   0.531590E-001   0.246132E-001
   0.456914E+001   0.100000E+001   0.465437E-001   0.459283E-001
   0.464930E+001   0.100000E+001   0.389240E-001   0.635010E-001
   0.472946E+001   0.100000E+001   0.308106E-001   0.771330E-001
   0.480962E+001   0.100000E+001   0.226306E-001   0.868763E-001
   0.488978E+001   0.100000E+001   0.147126E-001   0.929499E-001
   0.496994E+001   0.100000E+001   0.728625E-002   0.956693E-001
   0.505010E+001   0.100000E+001   0.491951E-003   0.953914E-001
   0.513026E+001   0.100000E+001  -0.560312E-002   0.924770E-001
   0.521042E+001   0.100000E+001  -0.109862E-001   0.872691E-001
   0.529058E+001   0.100000E+001  -0.156810E-001   0.800834E-001
   0.537074E+001   0.100000E+001  -0.197334E-001   0.712038E-001
   0.545090E+001   0.100000E+001  -0.231992E-001   0.608828E-001
   0.553106E+001   0.100000E+001  -0.261364E-001   0.493431E-001
   0.561122E+001   0.100000E+001  -0.285997E-001   0.367811E-001
   0.569138E+001   0.100000E+001  -0.306379E-001   0.233702E-001
   0.577154E+001   0.100000E+001  -0.322933E-001   0.926487E-002
   0.585170E+001   0.100000E+001  -0.336024E-001  -0.539569E-002
   0.593186E+001   0.100000E+001  -0.345973E-001  -0.204845E-001
   0.601202E+001   0.100000E+001  -0.353051E-001  -0.358845E-001
   0.609218E+001   0.100000E+001  -0.357468E-001  -0.514850E-001
   0.617234E+001   0.100000E+001  -0.359345E-001  -0.671803E-001
   0.625251E+001   0.100000E+001  -0.358693E-001  -0.828678E-001
   0.633267E+001   0.100000E+001  -0.355396E-001  -0.984459E-001
   0.641283E+001   0.100000E+001  -0.349221E-001  -0.113807E+000
   0.649299E+001   0.100000E+001  -0.339826E-001  -0.128830E+000
   0.657315E+001   0.100000E+001  -0.326804E-001  -0.143379E+000
   0.665331E+001   0.100000E+001  -0.309716E-001  -0.157305E+000
   0.673347E+001   0.100000E+001  -0.288090E-001  -0.170440E+000
   0.681363E+001   0.100000E+001  -0.261470E-001  -0.182593E+000
   0.689379E+001   0.100000E+001  -0.229412E-001  -0.193547E+000
   0.697395E+001   0.100000E+001  -0.191509E-001  -0.203073E+000
   0.705411E+001   0.100000E+001  -0.147330E-001  -0.210931E+000
   0.713427E+001   0.100000E+001  -0.964955E-002  -0.216866E+000
   0.721443E+001   0.100000E+001  -0.388748E-002  -0.220605E+000
   0.729459E+001   0.100000E+001   0.254669E-002  -0.221864E+000
   0.737475E+001   0.100000E+001   0.958064E-002  -0.220350E+000
   0.745491E+001   0.100000E+001   0.170924E-001  -0.215779E+000
   0.753507E+001   0.100000E+001   0.249163E-001  -0.207903E+000
   0.761523E+001   0.100000E+001   0.327849E-001  -0.196534E+000
   0.769539E+001   0.100000E+001   0.403388E-001  -0.181610E+000
   0.777555E+001   0.100000E+001   0.472208E-001  -0.163259E+000
   0.785571E+001   0.100000E+001   0.530297E-001  -0.141837E+000
   0.793587E+001   0.100000E+001   0.573616E-001  -0.117935E+000
   0.801603E+001   0.100000E+001   0.599455E-001  -0.923716E-001
   0.809619E+001   0.100000E+001   0.606048E-001  -0.661092E-001
   0.817635E+001   0.100000E+001   0.592817E-001  -0.401646E-001
   0.825651E+001   0.100000E+001   0.560402E-001  -0.155192E-001
   0.833667E+001   0.100000E+001   0.510933E-001   0.695590E-002
   0.841683E+001   0.100000E+001   0.448100E-001   0.265703E-001
   0.849699E+001   0.100000E+001   0.376286E-001   0.428662E-001
   0.857715E+001   0.100000E+001   0.299421E-001   0.556269E-001
   0.865731E+001   0.100000E+001   0.221475E-001   0.648373E-001
   0.873747E+001   0.100000E+001   0.145563E-001   0.706361E-001
   0.881764E+001   0.100000E+001   0.736889E-002   0.732578E-001
   0.889780E+001   0.100000E+001   0.731806E-003   0.729845E-001
   0.897796E+001   0.100000E+001  -0.527644E-002   0.701123E-001
   0.905812E+001   0.100000E+001  -0.106251E-001   0.649340E-001
   0.913828E+001   0.100000E+001  -0.153318E-001   0.577349E-001
   0.921844E+001   0.100000E+001  -0.194371E-001   0.487843E-001
   0.929860E+001   0.100000E+001  -0.229767E-001   0.383288E-001
   0.937876E+001   0.100000E+001  -0.259857E-001   0.265961E-001
   0.945892E+001   0.100000E+001  -0.285009E-001   0.137974E-001
   0.953908E+001   0.100000E+001  -0.305303E-001   0.132989E-003
   0.961924E+001   0.100000E+001  -0.320811E-001  -0.141982E-001
   0.969940E+001   0.100000E+001  -0.331589E-001  -0.289968E-001
   0.977956E+001   0.100000E+001  -0.337842E-001  -0.440613E-001
   0.985972E+001   0.100000E+001  -0.340108E-001  -0.591949E-001
   0.993988E+001   0.100000E+001  -0.339108E-001  -0.742175E-001
   0.100200E+002   0.100000E+001  -0.335560E-001  -0.889763E-001
   0.101002E+002   0.100000E+001  -0.329926E-001  -0.103352E+000
   0.101804E+002   0.100000E+001  -0.322303E-001  -0.117253E+000
   0.102605E+002   0.100000E+001  -0.312480E-001  -0.130606E+000
   0.103407E+002   0.100000E+001  -0.300115E-001  -0.143336E+000
   0.104208E+002   0.100000E+001  -0.284890E-001  -0.155355E+000
   0.105010E+002   0.100000E+001  -0.266491E-001  -0.166553E+000
   0.105812E+002   0.100000E+001  -0.244645E-001  -0.176798E+000
   0.106613E+002   0.100000E+001  -0.219027E-001  -0.185942E+000
   0.107415E+002   0.100000E+001  -0.189296E-001  -0.193819E+000
   0.108216E+002   0.100000E+001  -0.155193E-001  -0.200257E+000
   0.109018E+002   0.100000E+001  -0.116530E-001  -0.205074E+000
   0.109820E+002   0.100000E+001  -0.732807E-002  -0.208086E+000
   0.110621E+002   0.100000E+001  -0.254297E-002  -0.209107E+000
   0.111423E+002   0.100000E+001   0.272732E-002  -0.207949E+000
   0.112224E+002   0.100000E+001   0.849499E-002  -0.204421E+000
   0.113026E+002   0.100000E+001   0.147808E-001  -0.198329E+000
   0.113828E+002   0.100000E+001   0.215567E-001  -0.189474E+000
   0.114629E+002   0.100000E+001   0.287493E-001  -0.177663E+000
   0.115431E+002   0.100000E+001   0.361967E-001  -0.162734E+000
   0.116232E+002   0.100000E+001   0.435553E-001  -0.144596E+000
   0.117034E+002   0.100000E+001   0.503570E-001  -0.123304E+000
   0.117836E+002   0.100000E+001   0.560823E-001  -0.991257E-001
   0.118637E+002   0.100000E+001   0.601907E-001  -0.725958E-001
   0.119439E+002   0.100000E+001   0.622818E-001  -0.445239E-001
   0.120240E+002   0.100000E+001   0.621062E-001  -0.159372E-001
   0.121042E+002   0.100000E+001   0.596511E-001   0.120258E-001
   0.121844E+002   0.100000E+001   0.551778E-001   0.382557E-001
   0.122645E+002   0.100000E+001   0.490901E-001   0.618184E-001
   0.123447E+002   0.100000E+001   0.418556E-001   0.820561E-001
   0.124248E+002   0.100000E+001   0.339296E-001   0.986264E-001
   0.125050E+002   0.100000E+001   0.257096E-001   0.111474E+000
   0.125852E+002   0.100000E+001   0.175762E-001   0.120753E+000
   0.126653E+002   0.100000E+001   0.986568E-002   0.126752E+000
   0.127455E+002   0.100000E+001   0.288008E-002   0.129823E+000
   0.128257E+002   0.100000E+001  -0.321871E-002   0.130343E+000
   0.129058E+002   0.100000E+001  -0.847049E-002   0.128685E+000
   0.129860E+002   0.100000E+001  -0.129521E-001   0.125189E+000
   0.130661E+002   0.100000E+001  -0.167379E-001   0.120141E+000
   0.131463E+002   0.100000E+001  -0.199191E-001   0.113775E+000
   0.132265E+002   0.100000E+001  -0.225548E-001   0.106280E+000
   0.133066E+002   0.100000E+001  -0.246985E-001   0.978170E-001
   0.133868E+002   0.100000E+001  -0.264231E-001   0.885374E-001
   0.134669E+002   0.100000E+001  -0.278097E-001   0.785926E-001
   0.135471E+002   0.100000E+001  -0.289236E-001   0.681329E-001
   0.136273E+002   0.100000E+001  -0.298048E-001   0.573008E-001
   0.137074E+002   0.100000E+001  -0.304696E-001   0.462256E-001
   0.137876E+002   0.100000E+001  -0.309019E-001   0.350194E-001
   0.138677E+002   0.100000E+001  -0.310729E-001   0.237801E-001
   0.139479E+002   0.100000E+001  -0.309873E-001   0.125985E-001
   0.140281E+002   0.100000E+001  -0.306551E-001   0.156101E-002
   0.141082E+002   0.100000E+001  -0.300727E-001  -0.924684E-002
   0.141884E+002   0.100000E+001  -0.292271E-001  -0.197369E-001
   0.142685E+002   0.100000E+001  -0.280936E-001  -0.298137E-001
   0.143487E+002   0.100000E+001  -0.266425E-001  -0.393701E-001
   0.144289E+002   0.100000E+001  -0.248615E-001  -0.482846E-001
   0.145090E+002   0.100000E+001  -0.227433E-001  -0.564234E-001
   0.145892E+002   0.100000E+001  -0.202566E-001  -0.636447E-001
   0.146693E+002   0.100000E+001  -0.173421E-001  -0.698009E-001
   0.147495E+002   0.100000E+001  -0.139422E-001  -0.747348E-001
   0.148297E+002   0.100000E+001  -0.999120E-002  -0.782748E-001
   0.149098E+002   0.100000E+001  -0.540619E-002  -0.802271E-001
   0.149900E+002   0.100000E+001  -0.126069E-003  -0.803672E-001
   0.150701E+002   0.100000E+001   0.582313E-002  -0.784367E-001
   0.151503E+002   0.100000E+001   0.123777E-001  -0.741566E-001
   0.152305E+002   0.100000E+001   0.194633E-001  -0.672469E-001
   0.153106E+002   0.100000E+001   0.269419E-001  -0.574498E-001
   0.153908E+002   0.100000E+001   0.346624E-001  -0.445609E-001
   0.154709E+002   0.100000E+001   0.424082E-001  -0.284632E-001
   0.155511E+002   0.100000E+001   0.497484E-001  -0.916891E-002
   0.156313E+002   0.100000E+001   0.560736E-001   0.131186E-001
   0.157114E+002   0.100000E+001   0.607913E-001   0.379438E-001
   0.157916E+002   0.100000E+001   0.634301E-001   0.645706E-001
   0.158717E+002   0.100000E+001   0.636307E-001   0.920116E-001
   0.159519E+002   0.100000E+001   0.612302E-001   0.119110E+000
   0.160321E+002   0.100000E+001   0.564329E-001   0.144659E+000
   0.161122E+002   0.100000E+001   0.497205E-001   0.167568E+000
   0.161924E+002   0.100000E+001   0.417525E-001   0.187012E+000
   0.162725E+002   0.100000E+001   0.332643E-001   0.202530E+000
   0.163527E+002   0.100000E+001   0.248386E-001   0.214053E+000
   0.164329E+002   0.100000E+001   0.167666E-001   0.221826E+000
   0.165130E+002   0.100000E+001   0.919414E-002   0.226277E+000
   0.165932E+002   0.100000E+001   0.228562E-002   0.227871E+000
   0.166733E+002   0.100000E+001  -0.380964E-002   0.227035E+000
   0.167535E+002   0.100000E+001  -0.907413E-002   0.224128E+000
   0.168337E+002   0.100000E+001  -0.135637E-001   0.219443E+000
   0.169138E+002   0.100000E+001  -0.173588E-001   0.213228E+000
   0.169940E+002   0.100000E+001  -0.205705E-001   0.205697E+000
   0.170741E+002   0.100000E+001  -0.232795E-001   0.197043E+000
   0.171543E+002   0.100000E+001  -0.255021E-001   0.187443E+000
   0.172345E+002   0.100000E+001  -0.272852E-001   0.177066E+000
   0.173146E+002   0.100000E+001  -0.287177E-001   0.166078E+000
   0.173948E+002   0.100000E+001  -0.298373E-001   0.154635E+000
   0.174749E+002   0.100000E+001  -0.306603E-001   0.142886E+000
   0.175551E+002   0.100000E+001  -0.312300E-001   0.130968E+000
   0.176353E+002   0.100000E+001  -0.315512E-001   0.118999E+000
   0.177154E+002   0.100000E+001  -0.315992E-001   0.107074E+000
   0.177956E+002   0.100000E+001  -0.313857E-001   0.952632E-001
   0.178758E+002   0.100000E+001  -0.309135E-001   0.836070E-001
   0.179559E+002   0.100000E+001  -0.301403E-001   0.721237E-001
   0.180361E+002   0.100000E+001  -0.290290E-001   0.608195E-001
   0.181162E+002   0.100000E+001  -0.275998E-001   0.497039E-001
   0.181964E+002   0.100000E+001  -0.258670E-001   0.387968E-001
   0.182766E+002   0.100000E+001  -0.238109E-001   0.281353E-001
   0.183567E+002   0.100000E+001  -0.213920E-001   0.177843E-001
   0.184369E+002   0.100000E+001  -0.185476E-001   0.785058E-002
   0.185170E+002   0.100000E+001  -0.151747E-001  -0.150237E-002
   0.185972E+002   0.100000E+001  -0.112033E-001  -0.100386E-001
   0.186774E+002   0.100000E+001  -0.664134E-002  -0.174498E-001
   0.187575E+002   0.100000E+001  -0.153983E-002  -0.233740E-001
   0.188377E+002   0.100000E+001   0.407104E-002  -0.274250E-001
   0.189178E+002   0.100000E+001   0.101771E-001  -0.292175E-001
   0.189980E+002   0.100000E+001   0.167314E-001  -0.283775E-001
   0.190782E+002   0.100000E+001   0.237398E-001  -0.245505E-001
   0.191583E+002   0.100000E+001   0.312084E-001  -0.174052E-001
   0.192385E+002   0.100000E+001   0.388752E-001  -0.664251E-002
   0.193186E+002   0.100000E+001   0.462937E-001   0.794003E-002
   0.193988E+002   0.100000E+001   0.529775E-001   0.263512E-001
   0.194790E+002   0.100000E+001   0.583423E-001   0.483054E-001
   0.195591E+002   0.100000E+001   0.616764E-001   0.731331E-001
   0.196393E+002   0.100000E+001   0.622752E-001   0.997353E-001
   0.197194E+002   0.100000E+001   0.597516E-001   0.126622E+000
   0.197996E+002   0.100000E+001   0.542798E-001   0.152081E+000
   0.198798E+002   0.100000E+001   0.465914E-001   0.174471E+000
   0.199599E+002   0.100000E+001   0.378081E-001   0.192554E+000
   0.200401E+002   0.100000E+001   0.289151E-001   0.205757E+000
   0.201202E+002   0.100000E+001   0.204462E-001   0.214202E+000
   0.202004E+002   0.100000E+001   0.126060E-001   0.218510E+000
   0.202806E+002   0.100000E+001   0.548027E-002   0.219490E+000
   0.203607E+002   0.100000E+001  -0.839901E-003   0.217878E+000
   0.204409E+002   0.100000E+001  -0.628938E-002   0.214218E+000
   0.205210E+002   0.100000E+001  -0.109227E-001   0.208874E+000
   0.206012E+002   0.100000E+001  -0.148154E-001   0.202085E+000
   0.206814E+002   0.100000E+001  -0.180716E-001   0.194041E+000
   0.207615E+002   0.100000E+001  -0.208169E-001   0.184912E+000
   0.208417E+002   0.100000E+001  -0.231685E-001   0.174853E+000
   0.209218E+002   0.100000E+001  -0.252279E-001   0.163993E+000
   0.210020E+002   0.100000E+001  -0.270750E-001   0.152422E+000
   0.210822E+002   0.100000E+001  -0.287570E-001   0.140195E+000
   0.211623E+002   0.100000E+001  -0.302890E-001   0.127342E+000
   0.212425E+002   0.100000E+001  -0.316511E-001   0.113897E+000
   0.213226E+002   0.100000E+001  -0.327986E-001   0.999097E-001
   0.214028E+002   0.100000E+001  -0.336678E-001   0.854670E-001
   0.214830E+002   0.100000E+001  -0.341937E-001   0.706941E-001
   0.215631E+002   0.100000E+001  -0.343056E-001   0.557533E-001
   0.216433E+002   0.100000E+001  -0.339481E-001   0.408374E-001
   0.217234E+002   0.100000E+001  -0.330779E-001   0.261610E-001
   0.218036E+002   0.100000E+001  -0.316646E-001   0.119540E-001
   0.218838E+002   0.100000E+001  -0.296909E-001  -0.154646E-002
   0.219639E+002   0.100000E+001  -0.271316E-001  -0.140990E-001
   0.220441E+002   0.100000E+001  -0.239743E-001  -0.254598E-001
   0.221242E+002   0.100000E+001  -0.202210E-001  -0.353859E-001
   0.222044E+002   0.100000E+001  -0.158887E-001  -0.436363E-001
   0.222846E+002   0.100000E+001  -0.110001E-001  -0.499824E-001
   0.223647E+002   0.100000E+001  -0.561348E-002  -0.542019E-001
   0.224449E+002   0.100000E+001   0.224308E-003  -0.560918E-001
   0.225251E+002   0.100000E+001   0.644335E-002  -0.554718E-001
   0.226052E+002   0.100000E+001   0.129261E-001  -0.521805E-001
   0.226854E+002   0.100000E+001   0.195334E-001  -0.461011E-001
   0.227655E+002   0.100000E+001   0.261148E-001  -0.371790E-001
   0.228457E+002   0.100000E+001   0.324545E-001  -0.254151E-001
   0.229259E+002   0.100000E+001   0.382973E-001  -0.108979E-001
   0.230060E+002   0.100000E+001   0.433656E-001   0.618937E-002
   0.230862E+002   0.100000E+001   0.473734E-001   0.255312E-001
   0.231663E+002   0.100000E+001   0.500923E-001   0.465928E-001
   0.232465E+002   0.100000E+001   0.513330E-001   0.686490E-001
   0.233267E+002   0.100000E+001   0.509859E-001   0.909108E-001
   0.234068E+002   0.100000E+001   0.490502E-001   0.112596E+000
   0.234870E+002   0.100000E+001   0.456030E-001   0.132935E+000
   0.235671E+002   0.100000E+001   0.407912E-001   0.151202E+000
   0.236473E+002   0.100000E+001   0.348610E-001   0.166795E+000
   0.237275E+002   0.100000E+001   0.281473E-001   0.179298E+000
   0.238076E+002   0.100000E+001   0.210115E-001   0.188501E+000
   0.238878E+002   0.100000E+001   0.137903E-001   0.194380E+000
   0.239679E+002   0.100000E+001   0.677358E-002   0.197064E+000
   0.240481E+002   0.100000E+001   0.182575E-003   0.196789E+000
   0.241283E+002   0.100000E+001  -0.584371E-002   0.193852E+000
   0.242084E+002   0.100000E+001  -0.112366E-001   0.188564E+000
   0.242886E+002   0.100000E+001  -0.159713E-001   0.181231E+000
   0.243687E+002   0.100000E+001  -0.200474E-001   0.172148E+000
   0.244489E+002   0.100000E+001  -0.234798E-001   0.161597E+000
   0.245291E+002   0.100000E+001  -0.262951E-001   0.149846E+000
   0.246092E+002   0.100000E+001  -0.285302E-001   0.137152E+000
   0.246894E+002   0.100000E+001  -0.302309E-001   0.123749E+000
   0.247695E+002   0.100000E+001  -0.314509E-001   0.109852E+000
   0.248497E+002   0.100000E+001  -0.322490E-001   0.956509E-001
   0.249299E+002   0.100000E+001  -0.326863E-001   0.813068E-001
   0.250100E+002   0.100000E+001  -0.328220E-001   0.669514E-001
   0.250902E+002   0.100000E+001  -0.327069E-001   0.526875E-001
   0.251703E+002   0.100000E+001  -0.323776E-001   0.385949E-001
   0.252505E+002   0.100000E+001  -0.318518E-001   0.247380E-001
   0.253307E+002   0.100000E+001  -0.311277E-001   0.111767E-001
   0.254108E+002   0.100000E+001  -0.301859E-001  -0.202454E-002
   0.254910E+002   0.100000E+001  -0.289932E-001  -0.147887E-001
   0.255711E+002   0.100000E+001  -0.275070E-001  -0.270221E-001
   0.256513E+002   0.100000E+001  -0.256772E-001  -0.386116E-001
   0.257315E+002   0.100000E+001  -0.234485E-001  -0.494225E-001
   0.258116E+002   0.100000E+001  -0.207602E-001  -0.592967E-001
   0.258918E+002   0.100000E+001  -0.175471E-001  -0.680493E-001
   0.259719E+002   0.100000E+001  -0.137417E-001  -0.754649E-001
   0.260521E+002   0.100000E+001  -0.927941E-002  -0.812922E-001
   0.261323E+002   0.100000E+001  -0.410929E-002  -0.852413E-001
   0.262124E+002   0.100000E+001   0.178873E-002  -0.869843E-001
   0.262926E+002   0.100000E+001   0.838136E-002  -0.861644E-001
   0.263727E+002   0.100000E+001   0.155563E-001  -0.824183E-001
   0.264529E+002   0.100000E+001   0.230990E-001  -0.754161E-001
   0.265331E+002   0.100000E+001   0.306808E-001  -0.649217E-001
   0.266132E+002   0.100000E+001   0.378682E-001  -0.508712E-001
   0.266934E+002   0.100000E+001   0.441621E-001  -0.334526E-001
   0.267735E+002   0.100000E+001   0.490670E-001  -0.131614E-001
   0.268537E+002   0.100000E+001   0.521730E-001   0.919946E-002
   0.269339E+002   0.100000E+001   0.532289E-001   0.325904E-001
   0.270140E+002   0.100000E+001   0.521846E-001   0.558636E-001
   0.270942E+002   0.100000E+001   0.491953E-001   0.779152E-001
   0.271743E+002   0.100000E+001   0.445905E-001   0.978246E-001
   0.272545E+002   0.100000E+001   0.388122E-001   0.114947E+000
   0.273347E+002   0.100000E+001   0.323354E-001   0.128942E+000
   0.274148E+002   0.100000E+001   0.255899E-001   0.139734E+000
   0.274950E+002   0.100000E+001   0.189093E-001   0.147439E+000
   0.275752E+002   0.100000E+001   0.125135E-001   0.152280E+000
   0.276553E+002   0.100000E+001   0.652072E-002   0.154519E+000
   0.277355E+002   0.100000E+001   0.973882E-003   0.154409E+000
   0.278156E+002   0.100000E+001  -0.412858E-002   0.152181E+000
   0.278958E+002   0.100000E+001  -0.880600E-002   0.148031E+000
   0.279760E+002   0.100000E+001  -0.130777E-001   0.142135E+000
   0.280561E+002   0.100000E+001  -0.169550E-001   0.134654E+000
   0.281363E+002   0.100000E+001  -0.204421E-001   0.125744E+000
   0.282164E+002   0.100000E+001  -0.235394E-001   0.115564E+000
   0.282966E+002   0.100000E+001  -0.262480E-001   0.104273E+000
   0.283768E+002   0.100000E+001  -0.285712E-001   0.920293E-001
   0.284569E+002   0.100000E+001  -0.305130E-001   0.789892E-001
   0.285371E+002   0.100000E+001  -0.320742E-001   0.653049E-001
   0.286172E+002   0.100000E+001  -0.332495E-001   0.511280E-001
   0.286974E+002   0.100000E+001  -0.340250E-001   0.366136E-001
   0.287776E+002   0.100000E+001  -0.343786E-001   0.219249E-001
   0.288577E+002   0.100000E+001  -0.342836E-001   0.723720E-002
   0.289379E+002   0.100000E+001  -0.337135E-001  -0.726064E-002
   0.290180E+002   0.100000E+001  -0.326478E-001  -0.213681E-001
   0.290982E+002   0.100000E+001  -0.310769E-001  -0.348774E-001
   0.291784E+002   0.100000E+001  -0.290046E-001  -0.475805E-001
   0.292585E+002   0.100000E+001  -0.264485E-001  -0.592762E-001
   0.293387E+002   0.100000E+001  -0.234375E-001  -0.697767E-001
   0.294188E+002   0.100000E+001  -0.200080E-001  -0.789115E-001
   0.294990E+002   0.100000E+001  -0.161994E-001  -0.865280E-001
   0.295792E+002   0.100000E+001  -0.120524E-001  -0.924892E-001
   0.296593E+002   0.100000E+001  -0.761104E-002  -0.966694E-001
   0.297395E+002   0.100000E+001  -0.293008E-002  -0.989525E-001
   0.298196E+002   0.100000E+001   0.191442E-002  -0.992351E-001
   0.298998E+002   0.100000E+001   0.681392E-002  -0.974373E-001
   0.299800E+002   0.100000E+001   0.116192E-001  -0.935222E-001
   0.300601E+002   0.100000E+001   0.161369E-001  -0.875212E-001
   0.301403E+002   0.100000E+001   0.201324E-001  -0.795658E-001
   0.302204E+002   0.100000E+001   0.233420E-001  -0.699215E-001
   0.303006E+002   0.100000E+001   0.255060E-001  -0.590151E-001
   0.303808E+002   0.100000E+001   0.264250E-001  -0.474333E-001
   0.304609E+002   0.100000E+001   0.260293E-001  -0.358681E-001
   0.305411E+002   0.100000E+001   0.244235E-001  -0.250057E-001
   0.306212E+002   0.100000E+001   0.218728E-001  -0.154000E-001
   0.307014E+002   0.100000E+001   0.187322E-001  -0.738891E-002
   0.307816E+002   0.100000E+001   0.153571E-001  -0.108526E-002
   0.308617E+002   0.100000E+001   0.120402E-001   0.357596E-002
   0.309419E+002   0.100000E+001   0.898714E-002   0.677158E-002
   0.310220E+002   0.100000E+001   0.632020E-002   0.873351E-002
   0.311022E+002   0.100000E+001   0.409345E-002   0.970822E-002
   0.311824E+002   0.100000E+001   0.231112E-002   0.993111E-002
   0.312625E+002   0.100000E+001   0.944818E-003   0.961235E-002
   0.313427E+002   0.100000E+001  -0.527858E-004   0.893048E-002
   0.314228E+002   0.100000E+001  -0.737976E-003   0.803088E-002
   0.315030E+002   0.100000E+001  -0.116897E-002   0.702697E-002
   0.315832E+002   0.100000E+001  -0.140116E-002   0.600322E-002
   0.316633E+002   0.100000E+001  -0.148431E-002   0.501913E-002
   0.317435E+002   0.100000E+001  -0.146114E-002   0.411354E-002
   0.318236E+002   0.100000E+001  -0.136702E-002   0.330884E-002
   0.319038E+002   0.100000E+001  -0.123021E-002   0.261482E-002
   0.319840E+002   0.100000E+001  -0.107255E-002   0.203197E-002
   0.320641E+002   0.100000E+001  -0.910249E-003   0.155426E-002
   0.321443E+002   0.100000E+001  -0.754589E-003   0.117147E-002
   0.322244E+002   0.100000E+001  -0.612758E-003   0.871079E-003
   0.323046E+002   0.100000E+001  -0.488598E-003   0.639845E-003
   0.323848E+002   0.100000E+001  -0.383405E-003   0.464917E-003
   0.324649E+002   0.100000E+001  -0.296679E-003   0.334620E-003
   0.325451E+002   0.100000E+001  -0.226802E-003   0.238877E-003
   0.326253E+002   0.100000E+001  -0.171581E-003   0.169345E-003
   0.327054E+002   0.100000E+001  -0.128648E-003   0.119347E-003
   0.327856E+002   0.100000E+001  -0.957224E-004   0.836950E-004
   0.328657E+002   0.100000E+001  -0.707605E-004   0.584487E-004
   0.329459E+002   0.100000E+001  -0.520167E-004   0.406735E-004
   0.330261E+002   0.100000E+001  -0.380550E-004   0.282182E-004
   0.331062E+002   0.100000E+001  -0.277256E-004   0.195254E-004
   0.331864E+002   0.100000E+001  -0.201270E-004   0.134788E-004
   0.332665E+002   0.100000E+001  -0.145645E-004   0.928516E-005
   0.333467E+002   0.100000E+001  -0.105097E-004   0.638400E-005
   0.334269E+002   0.100000E+001  -0.756465E-005   0.438154E-005
   0.335070E+002   0.100000E+001  -0.543255E-005   0.300226E-005
   0.335872E+002   0.100000E+001  -0.389339E-005   0.205402E-005
   0.336673E+002   0.100000E+001  -0.278512E-005   0.140327E-005
   0.337475E+002   0.100000E+001  -0.198895E-005   0.957421E-006
   0.338277E+002   0.100000E+001  -0.141818E-005   0.652427E-006
   0.339078E+002   0.100000E+001  -0.100978E-005   0.444088E-006
   0.339880E+002   0.100000E+001  -0.718070E-006   0.301964E-006
   0.340681E+002   0.100000E+001  -0.510030E-006   0.205129E-006
   0.341483E+002   0.100000E+001  -0.361876E-006   0.139228E-006
   0.342285E+002   0.100000E+001  -0.256507E-006   0.944237E-007
   0.343086E+002   0.100000E+001  -0.181658E-006   0.639923E-007
   0.343888E+002   0.100000E+001  -0.128545E-006   0.433406E-007
   0.344689E+002   0.100000E+001  -0.908936E-007   0.293365E-007
   0.345491E+002   0.100000E+001  -0.642269E-007   0.198468E-007
   0.346293E+002   0.100000E+001  -0.453555E-007   0.134203E-007
   0.347094E+002   0.100000E+001  -0.320106E-007   0.907069E-008
   0.347896E+002   0.100000E+001  -0.225802E-007   0.612827E-008
   0.348697E+002   0.100000E+001  -0.159202E-007   0.413872E-008
   0.349499E+002   0.100000E+001  -0.112194E-007   0.279403E-008
   0.350301E+002   0.100000E+001  -0.790328E-008   0.188556E-008
   0.351102E+002   0.100000E+001  -0.556503E-008   0.127202E-008
   0.351904E+002   0.100000E+001  -0.391707E-008   0.857814E-009
   0.352705E+002   0.100000E+001  -0.275611E-008   0.578278E-009
   0.353507E+002   0.100000E+001  -0.193855E-008   0.389691E-009
   0.354309E+002   0.100000E+001  -0.136304E-008   0.262506E-009
   0.355110E+002   0.100000E+001  -0.958067E-009   0.176761E-009
   0.355912E+002   0.100000E+001  -0.673193E-009   0.118974E-009
   0.356713E+002   0.100000E+001  -0.472870E-009   0.800436E-010
   0.357515E+002   0.100000E+001  -0.332049E-009   0.538269E-010
   0.358317E+002   0.100000E+001  -0.233089E-009   0.361792E-010
   0.359118E+002   0.100000E+001  -0.163567E-009   0.243047E-010
   0.359920E+002   0.100000E+001  -0.114743E-009   0.163185E-010
   0.360721E+002   0.100000E+001  -0.804651E-010   0.109500E-010
   0.361523E+002   0.100000E+001  -0.564075E-010   0.734301E-011
   0.362325E+002   0.100000E+001  -0.395284E-010   0.492089E-011
   0.363126E+002   0.100000E+001  -0.276898E-010   0.329537E-011
   0.363928E+002   0.100000E+001  -0.193893E-010   0.220515E-011
   0.364729E+002   0.100000E+001  -0.135716E-010   0.147442E-011
   0.365531E+002   0.100000E+001  -0.949549E-011   0.984998E-012
   0.366333E+002   0.100000E+001  -0.664068E-011   0.657440E-012
   0.367134E+002   0.100000E+001  -0.464202E-011   0.438388E-012
   0.367936E+002   0.100000E+001  -0.324333E-011   0.292024E-012
   0.368737E+002   0.100000E+001  -0.226493E-011   0.194315E-012
   0.369539E+002   0.100000E+001  -0.158082E-011   0.129150E-012
   0.370341E+002   0.100000E+001  -0.110271E-011   0.857333E-013
   0.371142E+002   0.100000E+001  -0.768732E-012   0.568378E-013
   0.371944E+002   0.100000E+001  -0.535561E-012   0.376289E-013
   0.372745E+002   0.100000E+001  -0.372859E-012   0.248750E-013
   0.373547E+002   0.100000E+001  -0.259394E-012   0.164179E-013
   0.374349E+002   0.100000E+001  -0.180316E-012   0.108177E-013
   0.375150E+002   0.100000E+001  -0.125240E-012   0.711492E-014
   0.375952E+002   0.100000E+001  -0.869076E-013   0.467047E-014
   0.376754E+002   0.100000E+001  -0.602490E-013   0.305948E-014
   0.377555E+002   0.100000E+001  -0.417239E-013   0.199968E-014
   0.378357E+002   0.100000E+001  -0.288619E-013   0.130384E-014
   0.379158E+002   0.100000E+001  -0.199403E-013   0.847913E-015
   0.379960E+002   0.100000E+001  -0.137580E-013   0.549858E-015
   0.380762E+002   0.100000E+001  -0.947860E-014   0.355480E-015
   0.381563E+002   0.100000E+001  -0.651989E-014   0.229046E-015
   0.382365E+002   0.100000E+001  -0.447689E-014   0.147042E-015
   0.383166E+002   0.100000E+001  -0.306814E-014   0.940189E-016
   0.383968E+002   0.100000E+001  -0.209822E-014   0.598503E-016
   0.384770E+002   0.100000E+001  -0.143153E-014   0.379134E-016
   0.385571E+002   0.100000E+001  -0.974108E-015   0.238867E-016
   0.386373E+002   0.100000E+001  -0.660898E-015   0.149583E-016
   0.387174E+002   0.100000E+001  -0.446911E-015   0.930343E-017
   0.387976E+002   0.100000E+001  -0.301076E-015   0.574185E-017
   0.388778E+002   0.100000E+001  -0.201962E-015   0.351272E-017
   0.389579E+002   0.100000E+001  -0.134812E-015   0.212742E-017
   0.390381E+002   0.100000E+001  -0.894785E-016   0.127347E-017
   0.391182E+002   0.100000E+001  -0.589975E-016   0.751962E-018
   0.391984E+002   0.100000E+001  -0.385991E-016   0.436913E-018
   0.392786E+002   0.100000E+001  -0.250231E-016   0.249008E-018
   0.393587E+002   0.100000E+001  -0.160464E-016   0.138635E-018
   0.394389E+002   0.100000E+001  -0.101572E-016   0.749911E-019
   0.395190E+002   0.100000E+001  -0.632974E-017   0.391166E-019
   0.395992E+002   0.100000E+001  -0.386987E-017   0.194594E-019
   0.396794E+002   0.100000E+001  -0.230837E-017   0.906569E-020
   0.397595E+002   0.100000E+001  -0.132763E-017   0.381856E-020
   0.398397E+002   0.100000E+001  -0.710896E-018   0.133620E-020
   0.399198E+002   0.100000E+001  -0.305483E-018   0.279564E-021
   0.400000E+002   0.100000E+001  -0.000000E+000   0.000000E+000
   0.400802E+002   0.100000E+001  -0.142286E-017   0.217586E-021

